450
1 3
64.08289380805276 91.90438765788893
46.442733364611 43.3991609973605
2.1514099707987455 35.95339836591276
2.5904313390036515 15.049565213951311
18.321262674035864 50.69993372632471
40.85045972789503 20.21073908291262
4.1907981180902 2.498058751380161
28.225737977366848 50.11149545824907
95.6180185040595 13.04199898372389
65.82017667155809 36.32295908304979
92.95609069137898 36.02382599075122
57.09474603861979 15.133734469766447
94.60079633826312 74.39951534351015
91.16996831510566 82.73296605613683
36.80938277641701 69.91336593361979
79.9007209145589 18.434901925921565
23.897682705156665 47.34053020703561
84.01357250693262 56.97289205208054
64.08462303081319 33.07887021996913
7.80370943379598 45.40218449230065
85.64560567430584 87.95631893845679
95.89472217679113 73.16968354853972
24.175277554164754 99.9035292237233
32.30046687811661 37.05446752241765
53.73662638337014 98.52324226144124
0.9627605353739188 19.6454084256519
48.15213971456951 18.95198430268181
58.92188876859705 53.911092681509906
63.069764449334784 8.009416272546432
22.51098047561615 18.66290734436502
63.41281630617017 6.053709971026167
97.11158930509687 52.10551903611602
47.03070798732307 54.104820753985614
48.81226209030274 28.431023760100626
80.58454531634854 95.40648674502366
81.05796811359936 83.40212577721088
1.1638081941752532 59.860396269165946
47.51969933059528 99.5505297656208
53.111730940214905 7.315943187439555
12.29305679150061 14.844877394027778
80.82152587149068 34.28727068769541
25.134832218958138 96.5929970936765
32.054346086199345 13.076870162141008
3.1221699594787378 41.173859434053185
42.81852006754332 37.60637919183072
20.266406121574242 28.66403708387397
91.07692920878749 94.27844253723319
2.348293327072204 21.765853080993637
76.76323488661826 91.1837565627914
18.61164665262138 32.19248407112896
36.53042974203331 5.110101498437514
57.71273813254145 70.31881421001509
5.10058934551334 66.94321363625942
71.89868027316253 28.490007519329772
92.1313381514147 54.31783074706074
36.08632700703404 83.3524383431471
94.67421745019489 45.91602824476577
44.394154264376475 49.803700493597766
20.2786854144259 10.258669458878632
12.960085808492883 39.80949587145921
56.03405967424395 36.64705962246331
11.42651947699822 1.7428937193939786
11.01652053537785 43.35212120611769
69.78764788489951 79.08995504398581
35.566125095625 49.12930161975411
42.42753115362443 13.692910307060991
96.5877394913381 96.11207904806784
45.66932752954826 46.29533124915166
58.543682484948434 76.96313812607099
46.99389063738308 49.42214354370791
90.48349370184165 35.18315789125659
45.912088257080796 39.79334890426287
30.967792642602653 56.124362384192764
89.71171414771828 65.52148155736006
43.04134275460125 95.79932402174296
92.03610792836785 82.23640860040197
83.98144613562792 82.65955979910035
69.83509288469708 83.95431891523735
41.32509605553978 91.62742648915965
58.24693467114584 15.110242248796467
15.203498885041288 29.327912690227564
95.36250493894774 21.7404253118572
89.22011305344932 23.908957588080646
95.63167270779498 49.643038554132744
65.14760012185876 39.53603357838465
74.38524973833465 21.20499640276101
94.11586144770696 23.82017365807578
33.90426689351549 21.030600063185712
72.11492802796941 79.09843465781172
64.87682026391259 18.572541416240675
70.01480997689802 19.28047348463049
42.15542403441497 16.8396624527507
79.81858185451097 32.83177644759363
3.4434417160726927 11.3801652533583
1.8955675667476468 45.64802344970522
30.993463915250373 35.72719334117795
4.995233909771235 1.4120853815896561
8.657893008863283 24.515552882516054
74.73741476348481 44.85410211251369
75.81712355655374 45.92645043857657
98.19198185766271 63.22850250960768
7.135126001005299 87.79830685986403
90.7416240597382 54.664755395943644
71.07649471171268 82.10018006527766
16.052891565986393 25.87619243275252
43.233398003784075 3.9396894932985482
5.305696119991432 69.42021644700237
13.402047790430593 49.21992999605651
40.3900846871579 29.905407642726512
21.682321945939975 74.63597931551391
4.056518429245948 96.93349291376845
18.677846396234354 4.848123170242435
89.16528837685252 36.08519897262852
16.834580881744856 7.652482480157952
36.79389274765721 3.2282615812590176
74.71837603852288 65.91988000092135
80.09070931678686 23.238754497331083
75.35799414680437 3.091029173725146
8.259275296697922 50.97223954033056
34.65653094951868 64.0997402680652
75.64155981069422 44.13129379770786
9.200418535608467 35.790879190440265
99.68891865697518 37.62614928346342
96.29950303357305 37.291580825800175
16.82466789633621 6.106627670168807
35.33222260769089 38.86786257990846
56.085461540640026 3.9758640203299
7.8582482696337275 47.92348580734254
74.14513526747535 19.810542282004473
28.815270619163957 36.53384041313319
34.297345158534085 21.34730569776757
67.50710577577676 93.27650061284685
38.92008667134559 82.8094015442711
32.58255574626241 16.570938462316633
94.40155597861816 11.62416202142258
36.62931149805022 52.60455891282134
24.05191744385138 80.7652738006674
65.79496998892454 79.73209711329771
72.18867595292002 13.58826233420858
1.04188184905738 72.51417332823034
25.86978711548904 77.2782537713441
85.57313058217275 81.85899364477093
69.37734977193746 86.14506439460796
42.540744307070625 26.66610508919447
77.06492941217726 58.42424600856197
38.90718941472486 15.166064015044967
33.426175517565795 90.2649699983997
63.80236239652015 49.18460326053431
42.144635849257206 71.00356443572475
12.051064574744208 56.380199930026365
13.742598690575925 30.23784754008765
59.784149635280556 94.46068462021515
59.06344512690451 90.10052470155732
95.25974385674736 33.894464371174735
29.830420620307542 64.54569266861283
24.959496392274218 77.56405085369687
99.66574328437703 27.332796870866005
58.26295969458351 78.29306153519016
72.32591392393115 71.31760961993234
38.592198057820596 48.64757064312077
62.46545624729669 34.80742877757652
19.218140661531624 93.46768392473479
57.30405480213656 11.428380156571327
1.1505005335443519 63.158097068881915
34.5521532300596 53.83858899034626
33.03751004187363 65.898708403422
16.664910267040156 85.8800188616429
16.883265945632566 69.06452624670729
19.019342062963606 59.70805794780427
82.85720228885265 5.824596763166645
48.26324573931966 43.381793008638226
70.51044442783055 73.08202713412497
65.51404423953322 11.306915096788938
9.554516762515641 41.05633343349611
47.343745617282494 54.79269547267451
73.23531174461499 40.702815715438454
9.049980108225974 99.64190558462462
62.42311709882513 17.205375777485354
48.25667320228928 96.68500534365472
54.35319567896401 86.47554451015695
21.93100955269951 94.43141426332664
37.814931075654656 76.4044804246962
82.63749867658576 31.354218007552138
16.077233031346296 91.36265225501734
23.100439201167 90.34783761141563
76.266315124718 92.2888905865731
26.641443532147502 54.09818135474445
39.277255989790795 80.91246607052291
26.577013188512222 89.15805042747078
39.00878156629144 22.332392950555736
21.05551536252259 76.53139993492815
86.74544360357666 32.532682757511154
6.032104663409887 13.132687531765885
71.80980096504767 45.98470811660924
76.17961095498083 35.10882424718431
21.78161639107239 76.11993124853387
25.007297200279165 31.73603383292971
91.92139763690147 59.40329905097465
75.69112354664715 0.2445330734093698
87.00598301368998 5.183800699878671
22.498609647947433 15.756250402907291
7.208048737667827 76.91145414886853
82.15875383887364 5.405579693466134
62.81608666702427 39.73135949646207
58.00596287825868 74.26634334901645
26.94554119574304 79.75211585889805
25.51534981316348 67.31232260247693
91.18836349706005 18.472836382633705
40.16400169164977 7.378150894105473
96.57906174739716 1.0658122947218684
30.76245234153663 53.73954257793876
5.451118106064112 38.109182377665476
31.80501059437224 9.026395449216507
65.34472914223757 24.729473061620077
76.12094169466734 6.4252397733125965
95.78624981961252 40.986715962851235
11.366955471331796 50.80155661899748
12.87552237185321 85.4421405035628
5.040931118203051 36.636600994489314
6.663326673096881 12.066154872388314
17.12365608140287 85.18833133878145
63.62150315373791 81.97331391023698
99.59536755637556 22.87178929450029
46.834684087414516 83.62055350077758
66.13977167707792 69.04541125099088
75.26749256955895 98.72584887301134
84.56094548403898 5.437542491813807
38.06998318405099 30.15472020086538
16.439760114020153 47.3616943622261
55.94062563900548 19.619951112155
62.20085471526487 82.10870007026915
17.227707366809696 30.18428487526361
14.44005990965942 67.87499481162116
48.34945967381172 72.23688079304529
29.18831655572811 71.78689689941204
32.93492088052239 83.13036460161769
98.21923831058896 50.130362315166074
38.83051841857568 38.77695225882629
75.49247973651636 85.5175139629762
85.24116309508447 25.45699833966635
50.3023620140908 76.77056241931619
37.997647969907256 79.14256654628112
25.294124485272196 2.751316875936327
0.15225546466162143 6.8264924141383965
54.61941590767054 99.07874378540373
60.255344598022845 17.142483059946677
44.79042475555042 97.48737263892899
34.09171237404467 39.47905493412978
25.608304234434453 52.35065492482458
7.623776650043657 52.11308843974884
79.90652899238478 45.408620366211984
33.39318992318467 6.834876449066418
53.36999439836592 83.1982337735708
52.591115079060245 85.56386556878026
13.115183977643818 2.007372958699505
64.80164182417825 50.213805811121446
38.45962200704134 32.167616018120796
76.53717810802287 92.52896012388716
38.097963303445724 17.839981570990826
91.27089422817338 4.5703317870610105
99.57493393934713 56.425836572587464
44.536970627652586 97.70954695946992
37.513444014075034 25.7921218615079
83.46930011175111 62.2839247324521
98.04186084496524 45.01244659521058
22.88733097455338 65.33307907963177
70.80666854849215 28.723233086787236
6.853001108406631 94.08788470876559
87.67143139155415 94.11949026871827
3.477378990211588 44.1563406291092
58.556728819289084 95.20449679792256
42.61623487041702 71.06462386152653
45.52642069987192 15.13616870501977
33.89350149329151 50.41279292760661
67.73400093212318 12.239180609012813
95.5644665395363 55.95578946862352
20.18199376551506 26.772267287583773
91.11688282424679 95.14292420855182
28.877098980491844 36.89595587883656
82.63601732273975 64.9879648378199
61.69703150705883 5.4104747865643565
5.291638054869741 40.86440114554648
21.255245041391134 87.6174207863348
76.61954821472436 55.29826099781361
74.42626218756163 5.881171583222411
75.93465284827836 26.724649248952925
31.48707819217247 56.67131207736147
93.07964786889833 46.14229436490695
34.952042531688974 56.934001043978654
40.625811785979124 64.64032617710605
93.68410839805628 85.08955752692009
40.59299013581084 38.599685611665805
21.82697500781401 77.4171483197943
33.07941010484712 61.61240358673474
77.38177445462782 79.09876245765015
37.63614096848038 56.31404898176275
95.18915807710535 58.14932968331776
31.04808354236246 84.06677688234319
26.924724944707012 87.04679904159649
85.08548462576151 75.07132707297748
71.69416388190461 4.828319508796164
73.69296223742943 48.18221128013516
23.36215965011832 21.724926780789346
60.9975707493156 95.26462797596422
44.95307887168667 10.72728876609692
59.84839513633966 40.51054889289232
59.689349873690055 47.575442906792716
54.4307543120419 70.08907675893124
61.75377836022806 49.70931656052113
27.722116975965005 9.95793255477686
83.64051210198767 16.2528645132644
46.824552254372655 53.920440641167254
76.25750343667322 90.09947046034192
1.3547963278575992 24.84338395250656
14.500268663553161 43.696983208525154
30.543372610152208 8.309986242531409
99.91401395872698 42.25960531994968
92.73261742279743 61.93673567962694
4.2817925257673695 3.6636375503166674
50.976412783005244 64.37579184263397
14.692522026405431 21.228485617783143
35.57524849370579 77.72815799340285
81.07080099331611 99.38750699971446
3.4497243165665825 59.99235443178641
86.74238416306113 4.695151028754663
93.49445839391531 83.78831807626123
94.8214719838864 99.35031636206087
2.845983738675839 20.695681018761203
76.54545318530236 73.49326049112426
0.573310407125649 82.95656505871185
48.88788079426887 95.66082625274528
41.36594853602678 11.123125675820322
61.68822809839853 56.150878979747645
11.307408907343607 45.62841983461967
51.471944849735564 91.83965557365626
96.2741184533837 28.163841962175606
29.122436858469513 5.46829419610666
61.59641450879829 32.60456930060987
59.07865644452228 36.63286961738357
28.882261992683222 81.80301095432748
57.136423329202614 1.4209076449076319
6.193966087099434 3.161421335157888
17.46763193681535 48.29226513431459
28.072133433014514 83.47622616837565
41.400822757704645 28.317243430185513
75.52849318584221 69.5641805418296
71.08470641354413 5.466945634650422
73.05664427432579 20.95556742882758
17.680792077342677 74.05417976804361
77.13035737138996 6.65953247284139
41.10174669582882 81.32667516222116
2.3801985476390453 98.06987852857354
49.2006655890479 84.83970453864056
43.68951607560723 73.84832300806875
68.46284635614799 14.176727956476709
2.5648981050207187 22.78103780792207
62.00557935211246 66.35416466877737
80.19139591487712 30.685860160530098
22.69971423042452 74.17439444835561
73.06109687297126 2.902715958907165
64.78695908960349 19.581732602340086
13.869256523066142 49.40965003370912
91.30781411896214 44.560143614693295
84.94664815019286 34.929330548718895
36.35612010257982 16.082484988179257
54.99694790874512 78.27026731123263
16.76770320472414 99.5678887113755
13.766856636921986 22.979053353802147
3.2410847598480785 66.84779823297168
61.393183602821885 53.72340497007004
91.93908110789415 72.8866490705002
66.36817438394252 22.454347374173533
60.70799143123098 17.897221999000614
41.74746804685263 34.954640636010105
44.81111524992478 65.22636155411479
74.81505440202486 87.97636995995728
60.77613775506199 68.80743094016223
48.34785850243417 12.350681723579715
59.45264407722994 24.52620225361919
7.226670376601363 40.869061183402344
72.19832482830087 7.844530869635724
73.24904865911135 24.01615828855601
60.578143229738316 11.37302110768088
31.813916347480653 39.22028737567873
57.036267847704394 81.05167658711882
51.776817105249286 41.07504397072286
86.54210253613972 96.5141448394458
93.15357732171543 25.845608649955377
18.001216774131514 77.78941127046033
70.73655548883747 65.45307330659912
45.33818734259116 21.01895345014895
37.29260595662345 46.070884580750196
46.98505995156832 75.21094601314806
30.586182624691418 65.99332675371008
60.251487314913454 53.995260366506145
88.34701053611637 69.00403327380916
64.82901054010104 0.7315838464768021
27.901002923435648 36.826069424653255
75.52665267569995 35.5161372948817
80.11378211829954 57.447293034244204
66.7024418684315 53.58489726672222
7.5627074706865915 52.549310898367054
81.6131468916721 94.38852740348665
82.70549155278275 93.67975323978031
6.789301865456099 30.96751084829372
76.60645510465368 15.014594492950216
31.762223662309186 68.52037175814614
58.09529180757265 68.23916648930795
14.195984765828884 11.67568542112345
26.36016469983837 51.885504400413176
11.900725570182601 79.8911468985007
13.721782199247535 84.54629709784886
85.79440317354161 6.408466756805042
59.87314977582676 18.039968684965157
34.1152226158695 44.43768590626511
0.5261121495217402 85.89276616746577
44.39122437359262 80.93238318581923
37.693061358813026 19.48826196697253
96.60538832583121 70.82156817381644
9.847025986677039 34.4622321659313
54.8859913366446 62.6411307284861
17.133463690091567 43.68507440587233
10.059112594796327 4.494351689912679
33.961298238887764 39.862637686320255
2.0611573261407834 37.92115661229105
80.10488070269169 36.602761541674546
41.319385010684286 12.805401972312037
15.289112556038752 52.83965057787046
88.07892743782027 75.84828242341592
39.541173951195894 34.19651264344494
84.26768675268852 53.769919429650436
45.134225944756956 62.25944018666964
57.00825399669214 75.27954248163238
94.4676758321466 78.96335344209172
89.13372406219769 87.85641690968613
52.73088296046924 86.29916105911019
30.504481287313112 90.25457931708014
97.080974776221 27.453318583973818
48.52959488986179 69.66478402639413
13.32855010168268 22.80610571728925
43.75372793107448 32.60047427668602
22.768423059404697 13.175660341499551
97.05188350106707 96.03324510585112
44.995820559792186 53.44562260401518
89.06457105718066 10.50495868192558
17.244760559880888 99.11254718600905
32.355590298568 83.49658328109942
47.87291467500228 70.90265126528863
25.791630815837664 58.793607398257386
48.456683825879246 40.369894352927794
