710
1 3
73.27783607683772 1.5359527181668664
44.38037166358264 86.31788029078548
92.59449333139985 29.141900859557502
58.623016324563906 18.947395291110315
97.54581886402134 58.06866577941629
72.49897426486649 95.36993812206613
55.70495803586928 90.95659456790861
32.32314738108095 36.219587054360794
99.22061683177373 7.682436958257055
16.108838581180574 72.24981136336952
45.272216644436504 98.06049604042808
53.567683640965534 77.03029033653081
33.75243448815104 36.0990860162776
77.13600110906009 47.271554714921436
34.86150169198916 1.6012969061910853
67.67933003765665 10.255375342915851
15.254609447597423 23.988595710905503
1.2879797664000492 51.844040037114446
6.56106753939365 60.32830094032284
92.44576085797502 57.933238854690615
72.17616922558017 70.39812235511592
64.0271760539837 11.589940084582228
73.20440328552648 13.5127229002598
68.64303288739397 64.96854116987518
91.31689753687814 58.53016017819805
34.215270673557626 58.09463487286093
44.54349350737059 6.632115597372934
16.16381376242193 19.667197278391235
62.30973519358065 45.398389171936614
83.0530625133707 7.535963146983904
2.2119818923493018 81.0232176794639
55.41567966528063 74.1797733961943
67.93709216548196 99.65720974488856
25.51418316813898 50.6881395505975
1.0399106833647087 69.69382429745457
19.500654149655873 98.81179647921611
93.1751032073147 71.25421728517742
43.70561482093704 41.63931612801495
5.860479291691134 82.00298516087656
16.738920129452527 65.93063830430563
33.75251282066709 90.20171118643898
96.59255065699679 56.31912082041386
64.8560364179455 18.499068544468212
65.14894428385955 13.365761365315532
51.468321492104586 8.687827930018234
90.76288033065256 26.62209903176782
51.83312237963995 32.80994252202447
1.6465111593083837 53.93506390712189
91.35772550953251 16.75660937015917
90.3199237079603 98.65622410818986
40.545228458346074 61.681774394962275
69.2253111957991 4.645138206926758
79.4600601951661 13.068528619357567
41.82699214892829 53.26977128497434
30.124626249187124 25.255530183677433
55.01597460391932 15.231135571253617
20.47035969515538 11.771467824295478
91.09955089507058 38.83118647129174
98.09411440773947 67.0387075959932
68.43567152464185 14.455475253466755
69.70511743865988 48.45856905088672
82.19321860892794 19.48752091310302
50.52442236539483 97.21949008467334
43.84024954885517 92.28641278467633
54.825071922031434 47.420492162128625
40.349416338910494 0.46536101165584043
76.02041791796346 57.73360407388741
41.48097082622009 87.26958165338242
71.28273552348993 69.07297303832213
16.347045464872046 56.04197043748398
53.91527737013324 87.94337256712765
17.91513458744265 50.76819797241732
52.16209732576944 76.2185447205244
39.70221907982827 11.757445230733033
15.62298784095859 99.10879162015225
70.23862010260302 2.703752743657395
45.17460663749531 5.556135048459532
94.99472430737951 96.93576075204695
84.81966963042274 42.64647741013856
54.355603670382635 46.46459056899326
51.7281049588757 98.55615963652656
80.73968398246909 2.9388025303511034
1.361210449213024 8.027665987346321
93.0121954807793 1.0212764603303892
24.916601543717597 35.29791584323685
67.16036751845897 89.18233945162612
43.85173314263253 42.4117675039275
23.929360994397175 69.95116519033296
12.50367948918405 27.442554127850194
86.35086174648971 75.03277905072727
59.92533592925935 40.38673360240801
71.28888952713565 87.2393384409639
87.84508450384895 65.14302265308585
90.61024807720415 71.375924547277
90.06940281140953 19.548862478274252
32.07874346908688 92.09508429892605
62.46821573216437 19.751496565164818
40.72494977928365 79.5848203836494
52.776468498187356 91.92033508923238
89.38178497458125 96.60185033417747
48.76532413502084 46.103880113635775
4.017633061989545 25.56288049934419
97.25610256676369 89.20041579211528
86.61478227636808 78.60974081444385
97.38716672078016 12.093054893353417
91.82817259672879 16.95417972430775
72.9945634732879 25.94353702502159
32.331496272503955 74.68027967701265
82.78106871402697 81.24625755580419
85.5654206768248 31.359677529226527
38.76982886952942 17.197356243878794
76.0214722309192 62.04912114599801
33.152031527423766 79.56730817332533
38.398396806095626 32.66246043372223
16.647166084526166 10.175915679670911
82.97810717510916 20.02410482898633
97.05486737252144 18.200146500042578
27.581194373293716 37.7495044106638
21.83876413004928 83.51100091881294
13.943581039963027 56.124905046403285
10.138781282589981 35.80986413865481
90.49704055258094 49.77298914030035
92.26418971386441 99.4541346581424
11.608540296273118 73.47245104277886
45.20894630871561 57.23479271060374
9.212108976084155 68.9031717636121
23.40691842817528 2.0344847619940154
87.74182369412075 24.630493534313146
37.60260894546879 17.54141284341224
85.67622759520732 39.50673885162745
17.996688093628332 62.5696269493444
84.71814846413861 74.6600837403617
14.947561632104446 17.400662163021142
76.92310947504785 54.702308733590414
63.16901346135779 36.47639659179382
55.43538710240134 80.20403731156456
32.40478662488246 88.40043598762803
94.84647405890603 63.402418361893396
84.58191826599877 68.78574307320507
95.75568896162035 7.575563048340528
34.17482783909123 65.07439427746185
62.54085251372694 46.91032600963294
3.5936312406614768 95.34091867207022
83.48426831022049 89.83187751261738
89.47226245009763 48.72549620663897
59.59083332252595 32.29379535589527
36.11619531459258 86.74037768109508
65.16629424123015 89.92061807484015
30.812260082150477 54.58078614164701
17.753391749950143 91.27309574741463
30.147221218092746 40.76990654129497
94.57780953897048 55.48486472946663
71.50227165989726 69.36220842834085
92.12141817316177 55.84405688517131
8.762162269275219 57.34637066531252
93.87243427674277 48.77112062811384
25.525648281009204 19.840354974493877
88.41018660899809 62.098280295029525
50.35071255843293 35.73311390954472
41.11105364576317 1.1839466649660624
99.67283489819405 26.079340645215442
54.44078373182209 54.780652527222195
22.895766753841684 28.028117121185183
75.46475802932666 66.48098127197974
48.713119641982594 51.24129636355579
59.82594945641784 75.15533627367634
64.85906635444985 52.16186527434701
57.09178337532364 94.04817189917787
98.52148600523591 95.57699265725006
9.539905813137818 13.342816349125442
18.736216723567445 60.71917984250879
98.3033528077932 85.72383301997668
69.39799872378185 96.56615724703047
15.298803284701389 12.181073295733658
70.9739075126309 59.514108672915825
88.31524996889215 3.147639790880996
53.9912065861651 82.37333063692269
29.070391253998572 58.9503725040881
25.702183950897208 79.725955916976
83.0989622324966 50.83817359725708
59.78942453823222 15.292797631880184
83.67995514985742 43.03295485836656
85.6318841835201 91.64879322221655
56.42233394791205 85.02707947347159
26.085934245589115 40.056865987998826
90.67915235729413 80.62477728367732
59.655227988995804 13.409005116398621
89.39302575423125 72.71350284151707
96.41012632501156 45.2247258665017
30.820702497850803 69.29564213572654
20.28477861839164 57.439353747699485
81.80962775888503 70.46105542219325
18.78824288570815 55.29536747055408
89.02256496204018 43.31486937911067
1.4873013344046004 66.48411921047315
57.07941137948038 47.81339641502378
9.727491710659253 68.73634704667317
15.898070290372157 65.64019556285568
22.121668994132705 6.9540092847078405
24.192537648828406 99.94022496053034
9.702290391724343 16.104392155864588
34.681075543052685 54.81097014175238
89.9531934631421 66.65793382458575
83.03020905271697 46.351806327772096
92.4176603078737 19.71609582613201
17.21819055745768 0.1413640183665743
16.84692335775304 42.94717003718087
57.97885083106296 70.17535675893598
29.065632379052264 55.07052506727179
74.88978247104126 91.69314573833769
55.667445438036545 32.048276656584676
99.6330643273163 67.1350432158017
17.959008085241845 55.87263617059834
27.42179702361909 18.8591839905796
59.95976519190218 18.680758500298666
28.620776115109404 11.423197925217332
42.511643986517434 87.19854466591596
33.116198744898085 28.8133067807999
80.40934680860845 97.79183323227699
33.63497098583794 94.4778195179205
28.404968537012753 39.438442140809386
22.72388772801024 99.58737307186334
11.739204649029379 80.60309080462731
86.61349099940307 41.77733193389721
94.82265425342227 90.24406981323519
13.816593770759255 90.20001771231956
90.98738355349394 30.56822147432017
68.30295506222723 35.97215850007027
9.920692558495281 62.80653332774764
99.46599173270339 32.88290603316986
31.692283366059115 83.39707891056653
82.02819475873231 13.84124244833953
47.84353466411888 86.30530206952216
33.68136617503188 87.34050619510656
85.83053951790896 87.5949321091361
15.512393502322652 43.064072288765985
31.59694399572246 45.88910873319916
42.86272556711823 57.49824857271424
60.13068812661497 83.2683454404027
43.136107421172134 46.514722717002435
99.82288386944302 24.458421061304826
0.9801181587267394 62.31582671671872
10.462501185385321 91.76040421128391
29.99037519053862 8.042437317741946
15.71814179207356 64.62202129779551
67.21612073247252 44.320526072982645
57.79255288227696 98.48226770039494
70.26556963534063 29.07362289688551
95.621699244037 34.59552727052888
19.138793200716165 38.69571122379918
23.61244339855384 84.22526343385792
70.97258895291985 67.4290485167022
7.846574362699288 56.07090992242307
38.32974871141308 34.3752575641719
39.25060852215629 62.42351737105582
45.402690390857046 45.11516760830811
10.718650455512723 36.39182913884071
25.418168418113197 53.668087048681976
84.52128004704949 83.11257704874681
92.65610731544913 27.06746568346581
37.5135837808531 89.93627296189386
75.41004833874139 11.301034807494581
85.48078346039354 20.399002572203308
36.58627104593543 0.16608982447436915
43.45608438603803 32.27827802983669
51.39082679893858 93.2959147878621
42.4803892885961 96.6761098902418
35.038165284696255 86.1984039787574
90.41417602184403 76.63951491089011
99.19895482354035 9.595328282298631
2.134157695987171 29.703181244234834
73.90605053184494 41.64031198913871
31.08709771564049 91.44084001109383
49.22519243671215 36.610152364934564
37.422806784857144 15.592383454349989
7.362980320349788 92.3724736457464
43.576327788496314 30.0824242837908
0.6456500411695654 22.07601755936228
78.02447015236086 55.47698137527999
18.946128266223504 43.55046806186098
63.7545278441094 48.711497172075966
25.854807161965375 85.29971171359878
44.08718980391095 52.246899070655495
27.35492746793817 6.22808232308294
2.745388488792 92.88848544762203
44.48436684896151 95.6526964949472
32.263778118012844 30.61310883932924
26.906634270273223 64.3764535852882
84.97022181131872 90.49496777461388
18.761782471580357 37.25492511341437
59.294704917876516 93.43241868499732
54.85601281173829 34.96474011793082
22.083704476659193 39.81267468951497
63.229435040626946 2.0535250381068737
71.94011121363376 59.08333885719308
49.91802116353854 85.778958500161
97.53292079169364 20.126605152010658
36.93443535869159 65.11574952399064
83.5463464080068 84.80744531998279
49.852618552738925 51.90037306423103
76.23747241141048 51.958909261119814
75.19034374688864 48.71418708493649
32.34893710540949 44.46812413150627
87.3117763103161 65.29630780788848
77.8410157863517 19.39780186790898
61.7830080150604 98.87832490979697
88.43670151583743 22.726558868801327
30.361286022126045 42.45245199887642
53.380008454329975 41.07792671855932
52.35696396430427 82.08795526171816
76.60950560153424 46.900281944946485
98.18034222980532 29.434021575757853
39.364667468374904 48.893394313970376
52.651218008013736 54.074509652434834
20.333321873742616 79.12458602807419
31.012791515161318 71.99901837481872
10.272404862753026 67.5567315240788
1.9336954001835993 68.31095791463302
36.52831813907955 92.47876249229212
41.98114929536363 86.56855451592243
83.90834984156031 24.383856348495712
49.106072062237494 18.488261215971093
32.248663489652365 1.8406746918190553
7.921325822223535 65.77639795954234
85.06265917487059 12.309524382041758
24.133264538379294 55.50478082550967
97.8179040382994 80.71654736071959
61.425267542018624 14.13744479318295
73.06427679900374 91.15239507208676
75.74131623247253 23.742615586550663
0.2780581226988321 38.759666301709395
60.42878535423253 99.74438706673976
12.52566203216643 87.43805586326758
13.343213949638312 50.18280646354698
24.447681105444108 84.50503731762879
90.2568546049928 80.17652573269383
40.54612980245758 90.22529240418268
88.49922491030824 81.40261274882619
88.50416798886214 87.06412861995834
88.90005962951213 11.813956811109882
15.71397683957323 56.20146623778821
50.93723468966773 62.65720539919026
4.503888778693121 60.99151028197911
97.7243869259766 5.109723159765722
77.53801508293255 15.921734567397783
61.96425946850408 38.524114369283666
56.13270139309397 39.154739872648705
71.13293655351909 72.24773762724695
21.776789071544368 26.929095655727785
3.2066540643200137 83.44111821098326
31.85632386358921 32.69556668066189
81.76093690535045 46.977006775576946
11.178712025382742 38.73453604519068
54.57692832598864 57.8831455730934
71.47881751886185 75.86096622248333
12.290758064882667 35.17435400880733
68.01715348434227 5.251684871794371
85.57035201417251 41.291377873293264
16.43899305917158 47.76612625969725
46.99477049934433 87.49594135516034
93.17491631045401 23.760074360509222
90.16879162509551 75.9035009254051
52.47888099350071 78.31685192463165
77.29923601663984 77.41320906718879
60.90885624141891 1.5886658429199008
80.8920333091262 66.03245512767705
51.791883700040174 3.7896653400853353
20.40559034659857 53.899135495808494
18.34850699590067 58.634546021307685
55.826998562520224 31.507273435499506
90.98248083714044 46.89587915148869
75.15288352784924 34.660720897157304
6.0073472532320205 89.23366492209901
84.30251632919963 63.63951115190856
62.33738811021878 85.36553495664833
57.113151388714066 2.893396250455771
62.96313305022287 82.54492836119474
0.20069456681970355 37.30127391316835
6.3155576100507815 95.64174729292017
14.781923534968522 47.01455001333888
49.10140434297028 50.30260240460558
71.65120204446094 12.560019116292098
29.353675579673965 68.76412460209723
95.04684412419226 20.967961220207965
13.082976727572992 61.38534181326363
15.570358155655128 38.19750664029413
30.75437888179866 67.84083399042271
34.84281717958191 97.67137498530734
1.5868431730905463 61.40567499812748
69.97305422113928 50.60571085829175
37.952041250027825 45.32388112083805
91.17808259924959 55.045000653541855
30.552985949304134 66.30073460313372
80.72521668260096 58.652646153404774
26.924243128687376 0.539705686480052
62.03419402813144 55.598850906182996
98.2904396443717 9.864232156176534
39.69746790596964 42.413557374011845
63.920285540473465 77.49510468217503
99.66682562694491 82.91016231542527
65.97860994138551 75.02142096681385
90.48505263076869 45.013017389169406
64.45748592155884 24.14633034849356
76.3362950444324 45.715036868066726
65.07685434713511 93.58540340561431
0.26603169726018283 64.73157136418872
70.07589671592316 69.60971391535486
76.08437779746258 18.126493187595294
60.63775345420643 3.302566395999751
77.10533609386472 85.50255089921073
81.23629642360805 94.03816609889387
28.69544123374972 78.46352691616349
89.57175716636567 71.34954972701193
83.83097739550978 39.68423101123641
0.5893340382715051 35.73491590861184
15.95487383299412 26.478845321034306
67.63473137765628 69.9570773358036
19.12786415762211 31.379802323894566
80.77961689895862 6.281202807273623
66.68771763395927 23.82260745400111
82.99136573463355 2.55777275731508
91.0384422681579 29.968537728645718
70.16073149651857 81.00314869712699
72.05940887973061 7.08130741495443
28.49164890577729 70.07013482230487
17.86071421790907 52.74510140339004
37.176166317967564 83.22855249162285
60.48768884862872 96.22541510164022
26.39143145401639 61.03275102308019
46.590484193339535 47.492058804595196
41.13368685776055 7.601244806052976
12.303129378063682 9.631104190799356
4.86844503743693 30.814204711951064
73.24784723949077 97.2076206383497
81.60562565103398 37.50712823606972
66.53666653023242 40.11755750477264
23.189984539696006 87.18642626555528
36.0190615791178 28.52791908288488
77.25589027676124 20.382639152729134
55.4455251840575 2.3260931866326384
59.20347227598513 51.500410666812904
61.75090643518632 83.57270063756879
22.193422888298574 73.4416230949865
76.92058596990042 39.65008508407415
25.71015617504735 69.37336856025436
10.567838897716374 68.74835368788412
95.80712951275603 45.22218813617289
46.12765615742747 68.38367578811801
60.590019884951296 46.34773663754761
19.57639818934782 70.58645462293576
55.170797420924075 67.2725550235139
15.882320959068807 33.111533085903865
34.109064092715435 62.810777069464606
81.16862156893757 12.89390816296594
81.0919037105126 25.905899768109574
38.976529784652826 7.456248688877087
58.280106643090114 61.74237817151875
70.0179728782208 18.903663168093487
74.77174005878413 56.900809808449296
78.20762127975591 43.99710633032934
98.64529705628252 1.1470706415900533
28.580215247642826 51.08612568333628
47.488592764825846 72.3776457001566
40.97351375575453 53.529944224171324
69.02147074386815 58.56938444250544
27.398012031395847 72.44228094890602
4.592674689126075 66.65226070121429
19.784590163473137 75.9036971882436
17.188748067315117 83.45349735083443
56.12594563539606 7.384146528436197
11.882152091376952 37.55209352639892
10.806520952366894 46.95607067648779
51.8574472832763 3.648527159437198
50.28455796445264 87.89976710770897
1.4164803824409544 31.743168789524546
41.569991068543246 82.7418057305624
37.24176761933351 87.57675244221497
71.2416877980705 74.11297364869456
88.14327301153399 51.456615183380094
41.316091377946805 80.2747266421483
62.75932846368304 93.30395719669826
40.3076116296315 39.66247746550064
86.44307303602636 44.39408610608806
68.45847476112219 81.0502541202039
20.132241784326823 34.539418600522296
15.176918021837427 98.87791520290752
7.252199902214618 59.01309521669109
33.264448308221304 3.2031394834433735
72.28537950593488 29.18180652929545
29.861803540955666 39.563223454582854
77.93620097860806 14.472204055215766
81.56278932712009 95.43321634873827
75.31655617495096 72.29413148697543
88.34259453588515 5.296737559965958
18.437126382721814 21.98040420521985
33.388923550798275 68.12930489944877
18.770298442241074 71.6722903756597
23.682547526552987 31.857214261781806
79.86517516864569 30.63238511428754
76.83469046209504 80.90522370886382
71.48566809036335 52.244088769512295
7.619001551616478 53.8273699514219
49.205266626103494 58.46003269393278
91.33948649335541 75.91013653910244
1.6747285819187496 43.97510915880494
32.68256363524471 62.44807238798291
98.94138149866339 86.39541449543873
77.01731197442352 46.099837337440896
69.5435205559819 46.727293534317106
31.669569104035222 68.93454311768863
57.9168538525509 43.71758954568972
47.18037330488873 69.19739557193938
33.97881892550589 93.3839579558019
57.331034988352215 4.992014073847395
28.315219932222547 58.361827997916585
73.10302173600816 96.75508183537715
47.686125016715785 72.51668318148248
47.00492519862449 74.07302529891003
71.42820434868942 52.38652502795007
16.854653805804553 28.265401815662173
33.2282892908577 99.69591221499337
4.781531658748994 52.573007747155366
22.06468677920208 32.34390869335573
26.26860569250482 94.00735915235332
38.58713248634062 24.507470034506373
92.43689299058981 76.30301348186946
34.510304438661656 42.390544031130915
49.20740540073707 16.385988716419742
87.70154768718908 35.17406936575922
95.64419522812193 9.54405905184641
62.942623627126146 68.24689162503203
39.462402994219616 79.14556411049998
12.595450161979716 93.79628515155194
19.53393415357605 73.57247303409002
47.84704872992138 51.35157680477924
82.4725825873735 90.62654057299247
5.6764340484973586 40.734444494735534
62.18933246392275 75.59686001022416
58.63539764099288 51.51631560754411
51.65286407698557 59.85517465332404
17.07763270546878 46.88617674829298
94.98559355890002 38.79615149313507
82.75401015357839 61.893505543521
37.95472268286433 60.07055609833609
87.40811683581849 62.862071756860225
78.5216681610942 53.192235935518674
59.82214244786259 28.72737920017945
54.8703136684984 15.923966932710588
37.983970276393265 95.60372428331067
62.47384376842204 62.568405105913946
22.120798248592145 50.35838746685801
45.9599732200735 25.8292590747643
62.63589886454899 19.81431386777528
10.203446706642794 41.12169398622492
48.292673305008016 79.97693273200287
25.674300669615 31.663652976031244
75.53683942204377 54.883564041424535
38.03638274848533 79.52569303273418
41.10989210664038 89.84668847937482
17.026796730896333 17.70659825645089
29.315123121673594 57.862089419824045
72.89846372925565 48.56309464708597
58.93970211912225 5.550402637465579
45.45782591464098 2.682599429782151
7.023920183281573 99.75910774091896
59.33186831239294 85.80273811221049
92.78438649236529 7.5127552287825194
82.99402738369024 8.708756725381605
40.18541188607099 20.436359368458024
35.9007127803159 49.084307910416044
49.128885831468395 38.52105253414611
71.85889601122848 86.5261557846432
16.52306018506242 45.54803569482091
7.858598717668808 46.38153736740167
51.59436305504299 32.4795662655476
5.884019709585853 53.91144252296742
35.98110706764397 13.922343891776357
10.278730066724462 19.126939812350585
54.87802860915962 23.88091634018954
72.07066230261188 60.986924431909316
95.13145530308171 70.56079808971938
77.05584530191814 14.010455372619933
13.955807560283361 37.959669453097945
0.7768227477875866 41.496584533573966
82.92601979954009 57.0768526862631
90.14588544045499 76.92162970280398
65.1267367413076 15.470280417514903
76.80711420743418 32.6891640029493
39.78964498243296 35.46576467717486
70.87850297265828 37.91310342328656
34.58814349244537 57.270137814629486
13.500826323411541 88.91120982241681
39.08525288015199 62.30092431414085
96.38382340910674 42.84076019827392
30.353776919365117 42.32816085179378
91.19467835830557 49.02442532938727
30.678294719561006 59.54599782429948
81.07914190756551 29.953140694037405
43.9063797498219 52.643754719063665
45.0310967201254 89.00746821983067
86.11076700267408 68.12051704266071
39.79605347043804 76.24302935545626
32.31838797571069 37.36134003601814
76.33730457370913 66.4797973461749
74.06432499074378 24.98612693109323
14.273431056882945 64.6478771214644
99.03013329623576 86.02558730940808
81.95561702344101 28.17356600511145
6.328415091001682 26.488282493428827
19.055803159733408 15.371855020197266
48.83974202206514 6.5264995885146115
72.54443558255575 22.43534976889152
40.9896136485101 27.414397909679078
84.59237041125816 80.64184314479913
64.45792719932186 31.19591094308385
24.878667753687967 87.89289555769638
80.46260509350599 69.61020156317142
54.752225122872545 56.34312965367465
37.34413925845783 56.523329026712645
53.767688052558825 43.424191777064244
72.19342783573472 65.21760871075737
81.77929624820572 58.466507260748116
36.75646733970221 83.381601332648
3.1961908782607296 77.69360023236467
46.66883809539082 8.758918335120903
40.45724266985988 16.998039587088453
30.9336471700242 34.624573394223205
24.893306384908055 82.42661091044899
10.527522652638165 71.98286286257276
68.288482113053 82.7483997535456
48.612419178252296 6.220676752482479
71.03113603937365 64.49121310935877
13.7592221392153 83.88737443569674
37.209986418048004 49.21443956608513
1.0296639681433684 78.07426262003827
57.305366357198025 99.16440798838215
9.801676547818271 63.32024130423737
78.86464301376859 58.04280420363137
77.57596346507216 79.95953221497376
2.125752720126406 37.684845772320294
8.94926036180097 13.737532227352345
81.66393763188337 26.067666291802304
5.526470448480314 20.492490972804255
33.425013474746756 69.43729817074065
47.232593618553274 40.473837516516966
21.46338536453063 3.6465918965604027
15.312661407075279 95.18958792348693
61.1125673340372 97.10206317965542
75.19319131515086 8.82971151267322
1.624706811481036 32.625247969865526
47.28630568859962 66.21994105294056
5.001654609965422 68.82294821951555
86.24025996644578 82.43478277909936
22.333329339609055 47.56353864461433
27.0129735701627 24.443294013760486
12.951357853390855 40.46229947547069
5.80683785987377 92.09182730696762
96.14160822676541 88.09555422948397
85.43106196299026 40.05300635845286
59.331908887915354 57.97623838559473
32.224727218436946 53.81569143904923
88.46127326610218 86.90781412163024
95.0992834099579 3.583256137171009
26.058465555631937 73.13300735552191
14.61223985451323 6.221183008493569
17.14802788107579 77.84861896068658
16.935920914854897 53.377918895317464
29.169604198689612 2.2792551267525774
97.30706375779374 34.89913321468132
91.42552980089683 83.1395003490379
78.15820207817336 20.565504821115653
42.27789405907947 30.598967720011274
7.787080644569722 46.16289687663464
61.36097245487715 8.817519210542102
85.08299520887093 86.81303913962482
92.55625022764488 43.19576439630548
74.44042242796485 24.473037275840824
76.64108126890237 77.100202848986
9.71685549110557 47.80251945240277
44.24531050452498 73.88165903608785
4.072603889242377 64.91346783000749
61.07239887005625 89.4199819457975
70.36919481189474 83.40046041126898
25.417064391279354 69.98222389876238
27.40513716991646 78.37409110370078
93.87038736678575 61.414897762690465
63.792571502276395 35.898762026136396
0.25310122873807295 49.27299500977658
83.99412240429005 12.018826211570355
75.93592721571794 74.04710913248844
16.811635770744495 10.199327734671403
32.6984284333973 60.59165957995882
81.17122369522183 98.40131470684265
70.72988660839523 42.10274429460705
31.38574851905538 10.152591428178571
2.208708811079485 92.80861100443212
71.15747938547447 86.8122840705541
14.013685212767912 60.64957371660083
33.87016395111013 97.72034919791375
54.505441427945044 47.623157840775995
46.58358122254553 88.16339113737288
82.52120400559578 46.931073386244314
93.40908741915403 59.64700564099037
35.345594366681496 87.33786167262761
10.902043840712828 7.11787168603315
20.575629553166273 4.969829088822331
3.343752099232744 18.285106193146206
27.443145829324944 50.51233213196005
54.484157268022756 0.04910512462397154
82.28287668498527 91.5922871565856
