1000
1 3
33.35331158190131 83.86217477136275
44.63935440365956 24.16300214642011
1.3202989831160972 71.51687734148322
58.296485743461446 63.38111444246466
82.94701506095264 70.36789933759412
52.050638932952054 7.081854662377984
37.37331559434549 42.74444960276298
30.25156784380174 12.930941782136586
43.86163742679388 79.20598192293629
37.91995935100125 63.65261217401728
74.54636934989718 16.040321043934537
92.44178289972315 65.40471922376996
49.54202682201376 23.385042653833523
13.831281985490884 89.45851289369189
55.966117525773676 23.466451483249486
53.738347258924854 58.77629653288392
60.14810985303332 65.08973896698826
13.630578214098875 3.9233400531056173
65.61755126252899 34.693136127888316
70.36803776959222 60.546288127859896
93.95193280590807 5.006870741133884
5.249873491352486 54.60367204733314
51.60670246051746 1.2350096815008094
14.059275105059488 49.47823884510323
72.44083376214627 57.77076159565666
90.73927125314003 52.64018807625679
81.69778923025983 52.63806156814677
4.51015315340868 59.73013099581006
5.1719911386232775 64.82814096082743
96.58347071404378 0.5614688062261619
81.96576067968569 86.69330512380151
98.7826846721465 16.281357702159703
5.235987979853296 70.69961891406487
25.375437994163306 38.49488992908401
80.20077491829242 76.56314328276397
71.77116402323958 73.08826793077918
42.693728110629394 58.49805979591798
70.75296540621376 95.2719219312463
3.881682529138941 69.9390822737511
1.2881015854345979 97.8445924929072
0.6502376612184113 21.51749157682936
10.263662563244026 16.286869716437803
74.90706069167106 84.05895439412832
99.40564320815648 26.050909087817864
68.44076033160167 6.838577317472017
11.645926459498245 22.72153518861588
16.063657626650006 28.83741719844297
8.563114137409865 63.16321971464478
93.22129818721734 28.76143618094611
71.8820850024887 44.632160163426725
17.492935073659478 99.05209495483902
24.774810378508615 92.3409835078914
9.23073355855626 91.17077114084103
40.3316476465452 73.51837494938151
20.445759321741374 51.8909635372997
92.27659375772934 83.33209858841451
2.56842498922345 33.516558169017244
98.74714644319118 39.40208084955612
56.5853643399516 80.21097540035062
22.533579101599877 86.63445337048353
10.899268889235358 44.25001116160161
12.001561965437823 29.01051963576502
28.946581868280894 73.94103020270954
90.59720854411668 41.80574509346715
97.71946775091116 1.828107734092188
8.815023361790896 53.33082465367824
44.82432896726216 26.74159643978853
14.37052401422585 43.28217688884306
20.2602651438335 20.91896860384159
98.20268112502362 1.8634261367807436
2.636055956579253 3.2060538661197846
98.64660018919855 29.281963955182434
87.05424842407396 27.36213954524529
36.84829972946493 32.44239476734987
82.43368689987938 29.427676096173137
9.79871610256371 79.1486058567163
95.51544066346385 96.65020418334589
1.9854777751802555 33.77871391550269
41.647659829109095 96.61145244931592
8.325735872322348 77.26251454886027
64.69785275044435 58.96304247906221
60.053070956974764 18.498555038611087
45.176492888948715 27.23815881579812
9.003311686928829 53.170896256176256
41.77391269397938 74.69025208263712
54.165872422226435 84.13657815409682
36.61271571551019 54.65407026114959
36.38683056103302 62.78010160413512
48.99405191670243 13.97669813345843
1.7199489023856263 18.929999403774154
32.198284511383314 52.376158684342556
19.82211987897131 87.3713646079891
52.74593305701494 64.78352993799359
40.64549286444694 16.552319807556827
56.958776401961074 27.818742550003694
49.800412390316936 57.630483906929044
41.75906344680431 7.964381541325438
89.10526219907482 33.85371754471744
39.331404966648485 50.02600461571907
15.372766083226308 1.8392181599606428
58.634263408326404 83.60259047183993
29.60710296243432 55.96659426003945
25.121681656604977 34.94037591376509
48.60432810387536 50.167397533442994
24.342642873341447 47.0542056365167
47.306743867303446 76.43811946551247
7.794163463710424 5.17769716054568
60.91110549768906 40.18211535645899
17.68576514428759 0.9011361328068013
58.23221633605509 15.15616408629812
44.941097533295604 78.14963672486157
59.32811487055623 60.404494063839785
63.720079571848665 77.5893857597524
77.638125066729 57.62951238056577
14.234726980966684 11.671829533837453
76.00248659463693 71.73137215416348
44.144627113569854 3.1470977992777316
69.66978481383879 41.400471874970734
23.332360186369637 28.432908390575797
44.98709219682466 25.551542375820535
27.09314359653492 6.142048768920416
30.791042814220383 20.368081009556537
66.73860420978686 62.49058376965107
94.68429901967576 79.11821707106985
31.02620319616902 50.943052508302976
58.27359775483703 70.39956213468518
56.59122858766166 95.95351860448073
54.75713450503172 46.92557602050782
33.774880700511204 59.79305009503004
90.77075970959999 99.7905951975682
85.10951106275893 22.70721447079589
95.59073965140665 39.790533636547764
22.2934055678746 21.58319177737691
76.9714137943907 77.37496627802942
47.82123703148149 46.95131760338565
81.68333015890458 97.3760642499025
76.58880110573021 51.56927176800903
75.30449889782933 64.88816616273627
8.20381020512051 65.15962573265948
90.26953376460307 12.664781183372087
7.441157173117885 80.2811139159574
70.19739596817725 39.56391532109726
85.99720526571886 38.19038361023077
61.175932441832195 1.3271635478070642
64.91860221207682 6.05917095090196
2.5154389375675823 4.600231632972429
73.18365034231307 59.30722324097799
88.89613826011183 75.60964711479316
15.870116554479408 64.7646989445213
74.6158473864384 62.4095116451936
72.42207476127427 43.30631657684447
67.55760964814041 12.446992612070161
38.56873043930709 58.67010272735833
99.6762563550547 36.58359352845597
81.89773344236393 38.48045272128486
59.70076056105227 41.66587621822353
24.432302013170393 73.27304986882999
9.983979201230442 28.543290477104044
37.30599172387878 2.396108987281287
65.72201803988766 40.053090698105365
3.0629070318343388 8.239416450108482
58.50621508452463 43.36187172461283
1.812121592567073 0.6578199525691719
88.01366531492702 44.68923486657261
94.22254179237319 51.20795298898091
94.53050504859657 7.0292800928637655
78.78131843104434 63.87954930000475
41.11192682630074 1.4083135479897813
72.89255452987898 59.18384213923555
99.13964442730136 18.76421219601616
58.20411241024581 9.877798687843509
0.5673921131149173 64.35681370580548
7.788591701501302 68.74404830258052
22.814205523699638 86.49063755035729
63.7753883309867 18.389917277586697
35.039877358778895 56.062053042135965
66.24560901729748 15.110611855127654
25.360782947635595 72.43323313446159
74.65172782847047 19.033350999523122
2.704597288895094 75.0392398442774
16.271234302413262 53.68225681626042
53.4355948464387 40.98237088286771
49.37538360399554 51.180252284742636
84.17704619375516 33.537157609588554
11.554616311475652 64.94879705045793
75.27105541785815 48.02968682609308
7.367574215827877 2.4065709834705906
53.24300679572056 92.01619851262977
50.513999927373845 84.23703516697326
72.71144099302647 55.2455743853634
66.64970272243235 75.0315674516921
66.44100296283159 95.68653289887017
22.01474389595195 93.48012375095549
44.731392924272726 30.29107327716567
78.32565757735506 55.11089077635021
32.123365541396694 91.86472905474345
70.44702991801081 44.5619119374282
71.5868458334185 34.07424829824022
23.98661297981457 54.8013647487098
31.525488049706563 85.90236572968399
78.2265495266844 29.509079979869025
67.6701556397138 62.897564056635844
36.993744935176665 62.506858355703756
21.760734799760773 1.7894877092671457
63.724681680417895 61.70180319324685
37.900307186202475 90.06756677643781
27.513719401574697 61.488814528984314
84.67859535895299 64.22242229810571
56.735185522881416 91.15663897533493
65.78000048569959 0.06543581853182268
77.84217590856784 69.12110025626639
1.7884458648084411 37.16966539886024
69.02970269658427 55.886888707231776
30.518409515589884 34.85888621257083
30.57643473567908 42.49001425870984
96.84508310710962 93.55667818697049
8.959941557134265 73.89262675819342
13.503799316011467 74.07158048497702
29.21463621783207 61.65544495288411
15.591010610932265 50.42480436457386
46.58862002926423 52.52411979815177
62.373461509966454 14.275893231244897
70.31370036074765 44.00553486018066
30.39765916810484 16.547935957597804
77.62095733934609 23.921961567093742
89.09207593070028 22.8910732199894
90.11916683082542 96.7306990502333
99.65312597642948 34.27794838475051
12.43124147415764 96.54405615373585
32.99899814662821 73.60018692092495
26.209766884760533 47.01021627653215
80.54424923177561 68.97500332200137
88.79236354035294 40.52110111655502
12.756041195500089 2.0159034418822497
41.7104806716027 48.458889993414964
15.362752226028341 64.11410708538948
26.472505961367588 90.0511077612109
79.5902435601862 29.535636778049735
78.35354953937434 77.41884048404708
1.9767855839352366 20.805567452074804
74.18060409633873 60.82263049125276
80.05743494240365 32.991186116268544
21.10223489082619 53.45723107276845
30.645917677334534 7.803113638998882
75.24797551425195 80.0789853282408
91.30774902458067 3.9982793659727234
36.18060089732851 77.42319179683452
79.59039717924283 82.78166656051972
39.2130268007361 68.49076203908024
31.07666711485937 97.08259632309053
57.018992118533696 83.73777510872648
80.17236986369099 85.96950377501733
35.720175787706324 57.15957036287729
52.14766790500136 37.45116281654563
58.18828304416284 46.43397955766717
18.06349626111723 36.96280917869077
48.05316033665174 24.0863445392103
79.46672440148193 30.783179237785884
8.659289367792367 15.381532293109634
50.82064351662241 84.07155554300152
27.855246368621334 26.016703107293004
64.4371121995767 93.57268544669475
28.57057222319048 26.341977863360388
2.0704342611415516 38.034665318352936
76.2864252143534 30.605366332434514
28.153699892100125 31.8492127333011
3.988740170537408 21.797606564714968
49.7327684189728 56.205661742115524
83.58240136251453 73.32672683602101
5.2626948815866825 42.26330964517408
2.905335826559452 25.906521176551855
28.846155518130125 90.64785627879401
62.0983732249885 96.0153844873594
3.7264190603558234 61.563592991551296
81.11199156018705 65.99071204345715
7.8827837732926564 60.26219568938065
87.37098307634076 39.87627711821129
23.54680087947112 54.90866705035016
8.807199981753989 98.74381462011776
87.54291794756274 44.87481089803327
0.37527029051502847 11.853377830395019
81.65012992748 12.265277147506715
33.80812465423399 42.724014123793744
52.74249472357786 33.923849438012034
84.5828042832852 89.5748932430032
77.03011969395655 22.883108547239694
62.30181388899059 9.27689919291954
89.73687188954838 24.86618581477562
12.120569272324499 56.982863069650634
5.658176333553722 17.39307946051223
2.788178897250271 36.25845820856206
75.70291864911667 2.4424889081863688
28.465680417519934 8.797316529971667
67.87846505459676 43.556038560178756
95.89637229323857 93.11552098251713
22.883280323335352 37.20801310808539
60.92477259996964 99.66375500566917
84.54527877868377 0.2944086955981362
32.22033018465829 6.497657619308028
72.71335664932688 46.01673747102966
38.706371266585315 42.46664482249365
74.19447017474097 50.862623397349125
32.67199766216407 46.20969157470829
37.66057341825477 31.102965611662615
57.36994206614347 85.32554384743524
67.92111730323273 79.84760670410134
47.718092747839826 2.8791691093572602
86.90404596515997 27.755859470093913
17.984654734475725 0.8552800501408386
84.00446001151991 19.664935290494846
10.873207652073159 28.783063549562414
51.01880707321218 28.78595146009364
18.15596834363451 81.03022994976372
41.87872036516387 61.80112879578188
1.146587228248408 30.60043333312905
45.86498378934849 74.17599846821055
50.412617592443155 5.117079786003043
29.864380267729974 63.10204381681308
8.67989995847196 17.132348698036836
73.04363806507104 31.260588369895494
23.951956707595667 30.413777223165116
40.55066244046268 47.551303242238305
23.41058255005224 16.769915961767868
30.59171634309148 11.854550663235287
60.75955562835333 98.00268413293753
96.7767859260225 30.99415332062472
11.028945441986714 35.25885099874948
18.601621811587087 18.292768273949235
45.83385658218442 53.58574115778634
13.069752582601746 11.8858633844672
94.2791226196583 72.14884186559787
90.48053290192821 28.86382996576984
73.78381892685142 37.640662415450606
89.91071157930773 17.9592427621458
0.14996508086704274 65.7579946784581
63.818290421633165 83.14113044111397
35.8706126944534 61.14485817061628
33.51729646221004 14.520357025322927
76.01383506309367 56.16068938557919
43.99167275000031 42.993492855225355
3.4267322324529115 65.79019763134815
10.046275155980911 21.752607351180096
80.56639162417791 11.456045021457228
65.59704693323954 9.981171679381573
23.747861135028604 63.61032860712568
11.16934290451721 99.01394471221192
29.05428214750012 66.8848272110767
20.315160656562004 75.36064741143751
45.97932558004905 15.827890457131222
82.88702462852984 17.35574815179486
91.03490412314224 40.19152732083118
74.96106531922831 45.856847969406786
2.3336774749832756 34.660230709308706
3.6325426399683947 10.951767115985888
56.48942025519441 55.66021098579994
11.064622987579288 93.49989258567174
52.09655409072236 87.14001437956054
17.471713936759127 87.49134471631336
2.584483964138462 81.62241966507658
22.55417576212919 42.79256392233104
3.806438518580002 1.850104435674882
24.19191811170338 65.27311430191656
37.8268148950325 72.56972737594367
88.36292964837904 90.44096648312072
17.597387460250392 29.226961319709122
69.42165237018058 96.21748242230971
56.21126793744651 91.95120350930574
84.02074363545158 70.5434901626226
0.3388833481214437 78.9513281097785
71.68754378144713 97.96095687833382
82.42307596186487 18.435115021401316
19.392707492625384 25.506972310855215
22.518746858553907 97.8052405036299
94.70271500342149 72.18003865854759
68.16036604035705 38.947795815511824
5.655589749626722 0.37769229861399634
66.51758484228361 30.691119188909923
81.42444293061011 63.97040416080666
1.35303463655998 93.47864249248212
1.5642379783608495 18.787235288105375
66.15881644293805 73.25610546932697
36.53459107087724 55.98934117758081
87.28299281566554 27.45061352895206
95.34201512956125 32.56673853178018
91.03043512813318 0.06433145575175381
26.15019205179394 70.5357684275199
37.38579548756431 41.34876365520594
25.476906629795536 94.89594313643812
66.52267957454572 72.28424863707939
19.424824171399745 24.651733885008564
46.81724900074271 28.040596632197822
7.705421492056597 35.66163571546692
89.52449655054005 72.59330839677907
48.89401167478964 9.790765912940568
48.22217426238651 52.90287770517112
70.6321814724981 99.379819959756
42.277745338325666 86.5327838515258
58.36941270826659 5.722575872627211
16.159642942858365 73.11652369464217
79.69723617967317 55.05593550115635
65.93895972351169 31.669987506434794
21.435027875316102 14.046783309884582
77.98089880887136 51.931354746193634
71.35609501997928 56.41037883434643
42.677294038838845 13.470425989954249
45.1837476343508 30.931217915291832
28.715315549984012 19.367100288400962
95.91718703402503 97.70574289414982
92.23737224893445 28.80444139231706
10.351259418020975 10.788336265735632
26.406042315189904 7.062985668196098
32.188132771029565 31.163162522645372
93.14349288982982 27.16688758941137
93.84861518735315 4.539555708389709
2.502592051799679 33.762619338952106
48.490892066140304 47.868265936216005
73.98514698220231 14.124916624397809
39.35738496315891 21.43806302037654
66.81718215232738 45.667161179969206
78.74994551938646 92.51809695874115
37.36021612909654 55.845961294745905
55.57286745098875 33.34665006768307
2.1422910245977977 19.729287881994885
75.27735952346684 34.74776621836184
58.283823896467645 37.281192021924085
22.220149887635632 74.51166794881223
32.97924782167399 31.291272348515808
33.498987203879494 9.24428789625602
31.215012022728207 39.74061884228717
47.3595618445696 84.47148584094761
74.82207062398945 35.8833081096322
82.95823693728335 29.388401937839003
17.275255736344185 46.52564145068878
62.816122104893644 53.630596633726604
94.169378811968 31.911856500726344
1.9595356403954378 28.859693314447377
18.164288637796176 21.958828450849467
77.15411745597393 36.77843811616401
24.80708972652408 25.85770134411407
54.44265700935584 34.42127271107607
2.70821502098908 44.56998354535813
5.173402912078107 34.74806497223963
48.43878629553642 23.65405662370559
50.90251485707034 32.71502234700683
6.671816875384828 52.88567357510241
11.89093188680992 32.104883521119845
26.75461982145526 14.786277488419476
76.81361484181637 82.65147122142973
93.87589776090961 52.21661836083082
17.942938732088365 72.01012399254529
9.046945212631075 23.71804198877241
49.108963471566035 42.56301124244406
70.18266394332058 89.09671026814566
29.93615352057222 53.82975799634886
25.10155868177748 25.82516392015075
14.32744853474377 86.17475046700672
76.07531150378095 62.74439110550669
20.889740136759507 6.985454534499547
77.53462807695246 1.7369096750189161
2.792010660487332 83.96749678818252
85.75998589269996 15.900524439070107
41.03965937060809 27.49965843358182
83.38488497029843 44.19660763890987
2.5202923112163766 81.60849330344992
96.27855305785206 45.70206560526626
23.615514978537977 78.20128230378339
30.20671885951174 95.16338230628354
48.41074795827891 89.61561402479106
10.137684732936037 17.607815602800425
16.665783013554925 49.68228735219464
6.758754879326778 22.971125266514257
50.62402189011288 71.02083932006431
92.44161651955585 43.21035869106466
6.132897948591731 49.43611177760383
26.607337674285382 52.20309172538602
28.33553428358533 24.442971118948044
83.03707319619136 5.617258944580716
58.70408472046256 45.5122781318986
4.532932872647977 92.00751114886494
76.79979798878753 19.961405072425677
31.77040013744461 88.72764996499755
7.715749624005985 92.01434009800957
14.353149476774618 78.60258084939056
4.891993553157814 84.18063525341155
84.25460648106038 15.669527125113847
97.7179358992861 55.29300612939061
63.56939551521818 59.44440002828728
70.77191310148785 77.48016246929743
44.54487332792589 65.25328471507072
67.78778698521899 83.33115784474113
95.06993090763652 10.048287940307432
39.89083467158734 51.03375910001877
1.3520735075664092 7.543705141750334
60.907182392272375 85.69717911966734
21.398765319875412 6.0339763389431145
91.24962328464012 88.20896936200866
43.033421287578655 16.845795677343254
72.33180834700393 4.237437221599105
23.26191602738179 82.61750046207548
64.89965675042293 42.33336797519074
82.34898346384011 7.223652882058973
66.67046420907658 38.5988777621747
54.31340290729389 93.99641558530398
20.85287928170345 96.28965300224914
67.39170201565989 79.51007875203457
62.37937826313393 9.056802725066216
45.90841919288526 49.80533535142615
52.25271428238758 42.14776506616131
68.8912065325253 43.524871953793046
36.26976996384646 67.09351913327242
93.12035796260669 8.306729659057543
54.89459970670103 82.84930674790259
68.72583144190922 89.33447326213104
51.01451090833456 90.15559710081004
67.32714285502384 41.748592028404104
3.2004830046801214 44.03770660392161
33.301336293003494 45.14223390137364
33.72932308798684 70.92281889489745
70.60294838964411 17.50385863402919
93.07970445039669 89.03712131394812
1.775485366774543 99.073482891026
31.075618364166367 48.07789388996086
34.16148391789087 14.108074330732379
1.6300650102964553 78.1485411077685
21.06855518994426 28.371374544044038
27.081003479052555 36.66191438581281
52.91285021423189 42.13363142588056
0.007233142052376351 13.622223292650283
31.38531599862151 73.45278376020816
87.26751368226167 13.378395291403633
19.68645166096983 54.05910392930045
24.56499437708586 66.8495763810937
85.04504586191052 88.52253488314454
20.91352135548974 24.961220281565932
28.00251593811611 65.51739200474309
78.33126512123502 58.05756067063794
87.00175296660228 54.00545532129577
10.639580543116335 96.20866973716981
17.767950613352678 72.60503254958056
85.7924456155393 44.10554194846947
9.85994094453726 97.02290068302817
87.86704066382323 0.8870108227782225
45.805141610480064 34.102682975291884
21.550119320175586 8.06430416375541
47.2370234438805 52.18819185412538
2.325609617360924 8.913080493835901
45.50443096866053 44.21304170823892
2.6005939974643733 36.13648658965496
95.83297390027639 23.665703551119478
66.51316292143059 28.89161486821039
79.60113195157726 84.51231093157519
1.2344572714954039 73.81173498942547
49.98490147627959 49.65303471717937
9.956568216063344 49.036565193808926
16.669256686635414 66.29288044290512
13.02836092784001 52.72480294746033
12.883806206826653 80.72031049727045
89.68022483354036 14.703082532499167
68.49425133073974 89.67921161940806
43.63482431084549 57.81676048904936
90.01889869512551 61.11588351164197
23.20160157074436 75.83645338138527
83.91972073154379 96.43058846797987
89.93012768679863 80.34451207665263
54.660092290634665 84.22596637674987
77.87797696873552 56.540926657833346
12.000236337047653 71.22408198085553
55.25005071550368 0.8852223551562455
94.95135337371363 1.6614281339484505
11.981301591834548 54.4482911353676
23.727276104648176 20.79974771598627
88.34000229353146 76.9822762009142
69.12809419573117 76.40960731451362
95.33008628409412 27.3384009729851
28.63361023835043 6.560301464972795
99.06083390198626 31.202776774244633
33.89430179645985 71.80550390467879
42.32160801815246 98.597281737854
60.62538603429448 45.61427450957578
43.712156834921224 26.861011457003592
56.073157654746076 68.01763496089607
6.358498176320815 87.87744341592803
29.56496344059545 29.660133219102303
27.898562887078636 1.7851914418844483
46.33352106797037 72.10868669277055
66.05978556380285 48.99220139137594
29.898470778978602 31.79588053797073
89.54119729014171 50.146477593259455
96.60666513361737 2.0923115498129308
86.27258556132793 85.63088844280615
1.1185025954387307 87.31334171126221
28.620027988732467 70.71567037927262
15.153674155275132 9.8377922265791
7.5990197253162695 76.03313286976656
37.824019551836116 30.25310772415004
97.54849946468964 56.15071050963883
76.4246748523234 11.288295891908295
52.03867407267604 58.6431927653887
98.58180011887019 50.07528761393263
26.87018206410943 48.63927914595574
21.95863511549856 73.61997135963519
48.14484877387362 2.536945231024612
89.97479747333277 52.43412968265804
94.05875344752994 55.86171275245879
50.371055011451475 28.811993314907003
39.54413846712461 77.71896292347105
36.5080901834616 97.21426497192635
20.034813076589742 6.128911956870309
22.103566015627862 32.51598026259583
20.10262233071336 98.92708930542933
79.21674837238739 25.69259521917264
50.82874414153482 68.85842352601739
97.6762338926708 67.70144219485044
5.082155796314858 66.84281259747276
37.29435765227147 24.002440002558025
78.57671978516012 69.62775596659053
45.9660577463942 5.716829788364297
35.65579947559494 65.75488238430371
29.212036726206804 23.094643881424794
43.381936941578346 86.76665731617597
42.76386307936397 52.69404889035747
77.74887241852211 20.76730651643981
78.7375317022848 9.100591753604071
25.634028190823543 34.16526892404013
49.89265586003402 37.21564416215415
53.06188615861473 29.983386515023767
8.74506423238297 89.06857574664866
15.597375855606433 76.1385508554182
97.50519757996099 65.97772891017321
61.68304842590402 51.80002565306208
12.061273201844847 97.68148324997041
40.983808888569094 34.22660974011902
12.650734815154397 3.144395144131762
39.85960217655284 59.80808655236791
3.518955307092697 79.33872479708836
38.02551506849818 61.17418845045077
49.35356784406915 1.9826428032448717
28.84128778476873 38.54512508925443
96.51500022110453 84.19275840999386
12.64097188492257 89.68078381351793
86.36217519231262 62.28362572919841
25.718544405673114 37.57925563949922
79.28576191985933 99.59387137228394
32.792180477973965 32.195539888250416
85.6081519615502 42.430135007259096
28.55705302493874 60.95093347255987
96.8948779672342 72.40889677076898
40.150852448919025 0.3344949196290692
50.59042456752605 99.15592705312255
98.06885323345047 15.259815212961826
19.740792069844602 67.2833536307436
78.2424287585061 62.61109193851482
3.7249668483168907 71.05148323231913
0.6594379304110332 67.81485023468574
72.52862053121557 52.7690998788209
77.7365480874991 18.69556422189018
34.43509439465862 83.03518221012291
14.642079279134833 69.82269042599494
82.2831511228971 46.02221188098812
41.696024684786124 10.179938426463075
16.717671708337868 91.96484587106161
61.982452386026885 70.02869193859891
33.3150073701169 28.83978796902369
70.61175029373503 31.87275467488555
35.34654741599077 8.04608260975661
78.86312994346392 67.62580045518136
95.76651559643264 12.145829053321044
28.64814043147541 61.08580252789011
61.766277850241224 4.5960982599730915
41.635672912240906 49.53096482114552
41.346091141937904 74.24954888728715
65.75591424661826 3.3050526052737172
5.269696258619594 7.047904510207581
27.07723285663517 91.28342258819416
39.387583144068294 31.244119650477153
47.97321312198859 93.59450315364069
8.539750238427057 72.14739511254935
6.856457850154607 19.018629898093863
22.15058329171715 36.55516587029754
69.15408625045023 79.16074711660484
49.56177720545274 80.65035361784732
45.26523602070236 97.77497450395546
1.4258772471595238 22.17381421387654
52.484025092142275 52.702207424470224
11.323675166666503 69.35810171458272
92.25716308701621 89.39561944381407
37.12217682610706 38.85871079173009
45.289493128357684 62.94033157131507
61.50947261331523 99.55401408150041
41.00748053356955 55.74243618418633
21.25942044202327 67.99612390241951
39.412034547769935 92.23225635204489
8.49645914568351 59.85505703925993
92.70053792507294 82.703875681661
57.10530041545676 22.098922341462558
47.122529923995174 52.19766499780112
92.11601544573134 56.307103837422524
70.04422403895016 68.2084295734227
15.96970594155611 6.673123153611438
71.05517066450591 75.83717865154311
89.43073353794617 59.458896159715756
27.52290922752787 16.10924450365041
67.28100664605674 89.78543561055277
62.33810613802093 59.59761900862188
80.62517020766629 47.00913057395895
12.76638961422336 81.3746399916219
66.16851763794236 29.652204913074364
43.99868509605227 86.22077235073039
91.56456141080054 19.981043560641453
90.45823415589673 82.08105872008646
6.650957851032735 6.239101269170577
27.94820271485774 84.52913743773173
10.427848397920148 5.022917013577577
53.70484307653156 59.656649739339464
95.53308101487154 59.55982375752489
39.8224554110735 60.257013497259116
5.163732401969079 5.527947678363443
19.351162996064897 29.128936952136698
39.638963603377775 71.10041489169305
42.02730921148379 7.7445224548087
60.79075772752132 6.057453781173749
36.05506090344062 18.06961115493153
97.12113393955623 47.28848716460847
89.83231378712951 27.1920175433247
62.8729529074461 21.598823440648253
80.19296334155514 96.95083187654868
58.97379648335712 20.225114287595993
49.87303963601979 55.0239372373605
51.432772793848855 83.64328287217756
22.53663781230064 8.605760848211874
50.98847360544756 32.956862662037544
9.342034695477363 61.227017107608475
30.35398422882567 11.691592721580468
66.01164602608324 25.893142084460163
6.564614108920908 93.12121680653662
8.333714376505807 70.24946870632785
87.39855224424153 72.58819263544689
6.824721902757358 28.976329180315762
13.61037434590262 89.20446352456482
50.33265951874555 13.017990921438582
45.31953358269196 57.748342849379775
54.99480619994277 63.17592681502757
2.376393487961015 72.82138104542568
1.8432273638086638 43.17993806420013
37.16841118283645 76.81567531368295
85.00595929897139 78.48050262547328
58.568972892048876 62.773583849353145
16.553432719061245 94.99506542130433
0.8427804824277851 30.16127289380668
48.14975967389772 16.930406097413055
94.39943306028376 9.130622770792751
40.977440313777215 78.94735163381237
93.18417577184259 76.84390920347471
3.3737190185807453 51.293399906339474
89.36035199265405 59.54677553330043
77.20050653875985 71.07916772670295
28.726365093169793 45.663434173880766
40.3118654607755 96.22591914277227
45.915276761620085 37.36734620449964
24.64729953189608 82.34755918503286
4.807492864115948 0.7968223872753422
75.99468583445139 89.42550122819826
62.52809428536157 99.79813210135508
18.52068024389302 30.101738131673027
35.39727681878131 65.75657022121364
87.76355300709244 33.39181067802433
0.9696202723292524 38.73729495518512
98.59415913742617 72.88080886317863
94.55222076497574 57.06829237473512
22.49828142813419 48.80797704024835
64.99770892822461 22.884406578343096
67.4896287659373 56.67774224529647
92.93232026277522 98.97583910092793
86.70998357873214 27.47678469661561
79.41277759021821 66.951048726127
13.653433062399056 53.067462097639215
30.085653198686213 7.234417296393403
65.44557097168196 83.80598451414556
2.1019990002489886 1.0631947531724695
31.114698384851593 42.15690578030746
22.585729665593135 57.18210715733814
9.791267386774694 34.199482121090185
3.967833334116677 46.27646608875471
68.90329097577398 3.802897193906607
84.58354269856866 42.592286600274946
69.4221922651248 80.20838646121744
24.042098705307048 19.12189203489396
17.089645831657375 94.68816747486521
79.47862571111797 60.50303442491132
86.31706550676167 68.68228646963782
6.253960351904753 37.51608621906526
24.02262833400739 53.464828484403796
96.76263952553464 9.621284460439284
19.785286983325378 73.31759575475176
12.000187484754509 23.40980859735393
48.0856855416034 12.002414543624695
25.77046883098393 73.86596401848257
71.41634079748746 62.749973200599115
96.1096716898759 49.87612723875334
27.771510313159563 25.04251625121765
40.20357462855253 60.29482320419366
72.04298299143326 50.477420892023694
39.480463965236744 5.664389636206235
87.52510933515032 87.60756800767679
19.979254896495014 54.59224252134129
1.668565264013111 39.54078466257349
57.80830767565506 47.76321371628451
51.94991576256156 52.15031968488497
16.792706356947296 61.29526382439474
91.83491945533002 95.58734126527652
44.56639726252689 45.001478256392936
28.825719762969992 49.964877677006015
80.23715488817069 38.07654805666098
55.81067124296839 19.803590383550752
87.83579984975802 99.02749577095724
61.285737292688715 50.34575313610574
51.23474609700243 48.4088053744844
57.8768549701254 27.75046172007776
32.50186533470543 14.757228476274054
70.65354832148319 76.47652830553145
13.602582315157207 17.693621811800007
19.11558287280315 73.68592571813144
30.400531683997635 71.95928460215359
22.728218708202053 48.98054598726422
21.784424520228217 85.1667128799133
58.679501483320195 83.23653493704751
17.965962626225473 45.47229675457884
51.26485250158122 58.05057211754283
59.95943465961122 88.66935136394541
71.267120083839 46.925521094145495
58.86324833662082 68.64139290153577
86.73797851190838 30.439983973412478
47.253260090902 30.15006400457343
66.32138281700828 84.33657850082238
62.75015452930219 91.20936111538269
89.78162195389811 96.43436659033773
64.68993364562697 99.62753038840428
53.0662285119772 68.85690600561148
71.25960346054995 70.1470748681405
81.95225424764612 50.3808627012347
8.125552255758528 76.04781605236184
47.647458134346074 29.49301778260567
63.97061349510356 22.26832946350099
22.416427275025864 5.530136860574264
66.29901979743242 94.79391097260712
0.10290295922783521 0.3410002564824266
31.155703090053176 90.06648572658109
71.1890320326378 44.42413423047984
64.8164308501318 22.36958907795654
4.989362074733483 77.69593871735958
82.22535994872703 72.58158832453287
20.451318927402575 19.791408807888565
0.3639127591917646 14.266451793661128
21.098058354919978 72.0847997863783
47.29315827326681 42.45159325408983
67.32434262836622 74.98996207854887
98.46418849286115 45.70934334773451
75.94834908340063 10.689623924014269
96.57618839203003 93.39385895964598
34.94411339056411 53.54436692652864
71.0632927925831 43.6766289193186
54.66399429145936 91.47459390156763
82.18572177966344 31.40737274539882
70.18583756087935 68.33380798549042
30.653894294570215 15.63420190972038
58.58601662505498 6.736338497072469
8.37194332246549 6.923604198810751
63.30595837821333 57.81304178343378
65.52190409292444 17.894508827548016
65.17230100952615 22.789850398430133
63.97777473178559 49.68761190176774
38.14163356024957 46.57528951016297
67.9594460629091 19.208241241353452
44.47371794315094 97.37404661382014
9.87443245231605 51.64660577325524
17.317852458237937 83.84909293647209
95.90198956710046 34.27756952279142
18.65291758903218 37.333347526548536
14.606914161470685 7.08695757616542
26.28131676121408 14.650818758610251
70.9237455337868 0.30092297831496584
59.24959987726493 54.14037714315012
75.22730259548199 9.290872633710666
20.463320167487996 55.72804014985173
71.44575660083576 26.349776896797383
64.35962918164006 70.7664286084054
4.921478667460688 12.105725314942761
95.06432402152367 60.62105649079297
69.8671798633243 59.65764558210181
81.57746105240706 71.61248843041325
25.1871375579277 75.31091972382933
51.19533671922185 88.02837337604947
45.2525819598258 33.54630863586632
23.409595929364535 28.62408789836053
21.08577423481879 48.456440910013065
11.210029843261914 2.9065511857465864
70.32842084218065 40.26792114710067
35.6449286742623 21.285023163912342
76.54491737128217 74.03494311191474
71.84355335461319 18.446095058177093
19.165487612434994 12.928585457899988
93.00883503337643 9.803280314262896
53.17861591704334 65.74384268703315
18.27951405135615 86.53551995884625
54.75721899332342 94.27923689761164
30.441453654215643 63.871585740049255
72.42387939136927 6.466954422748139
44.78314855854953 67.4363674667533
16.948187194804554 5.626247683200503
24.854038604442486 84.3201172003892
65.01754632422995 33.75457088523201
11.919212254743972 54.75314406375769
46.096462713139054 39.763081002481826
29.468448174294814 88.83890763669879
84.5749463000804 52.52056492969073
78.26859683066839 73.25482220212254
42.088278542155464 97.12227267941964
62.425784387064766 85.3597620696257
42.6895187563207 31.54651463673308
68.01947430328374 79.93083076038619
68.4253090065573 88.81817296603079
31.712551308428605 47.53578628142265
57.74480636386061 35.27528505691584
97.84727787638184 3.5966433747554483
68.33609969976355 23.38175861736813
75.31899267070348 65.2558959687823
76.04505993619397 24.645175331869893
93.99967462444818 50.43464681338712
27.608447726025798 1.255812149618163
21.068852815182847 2.553305847860954
20.42462630136983 3.670796147531208
80.29509189500492 54.90215854864171
50.555369615485276 36.52295474013396
8.65346743090678 42.095177706742824
95.19602261317932 25.397279178066757
44.81739285173221 24.46400042947845
31.436171243540876 31.583891310153955
58.406618802026486 72.88589126402331
9.977897958885574 65.55961517904059
55.826430098597825 59.39346206847751
23.569121435400152 88.34273158588492
97.53356407535114 32.59147264348145
31.744429014784338 54.863020180023184
86.0342829159207 69.71673895009927
10.558347752214093 63.751141978952816
9.56920036043769 1.790840831194207
45.60466720461876 59.62795402442973
43.0431384040046 92.11265681826781
75.35174326444509 12.365094114100739
36.732660076904125 24.931371555895197
51.92237176247192 2.103773250089769
62.18308898664595 49.635296168245866
54.38994386475522 28.341884064558066
1.5108178742060607 99.05507871447526
0.011046511262957637 99.92011833342931
88.74283822582656 54.51810460315492
92.64159485866475 86.15723749719986
51.50040706961825 37.66193922862382
47.22958695238682 74.82085343656983
83.61126718483017 19.68165128191417
70.07427056995586 35.2177109296445
17.442340883787754 52.22650643686742
39.86531910730409 13.964540228487676
7.925442737986432 11.528245097390965
97.35289976708734 95.77021711013882
92.91519694757613 19.458216393923422
95.38913110727503 89.3558204389202
90.10073472897828 22.38235037632519
48.591841964424496 82.7631210280138
83.53975074532104 35.47335736705013
32.33994601335852 41.90419593930221
41.898774286211335 46.09820725712963
32.774319397912045 39.037157659593014
23.883027061436437 15.738022778267258
31.22341005997631 44.155621855040316
26.40782347538515 44.94451892181963
45.25263811841786 40.79606351323921
27.525401402599158 33.23348151072418
82.25654575534804 26.212450128050648
84.29915367549516 16.967489773292833
14.865194530274684 14.754802877442819
40.47283206449177 30.779266650470237
47.131654888432365 27.598758400304256
45.771665085092735 55.201676946510524
12.201526811032014 19.7589500775154
45.60222080244402 81.51063429817134
66.65957341781672 48.221613318380285
69.17200891997979 42.23537114953504
78.66615159335844 58.09975034324728
59.11926766803859 7.963827908877663
27.068003924772132 77.83254344097514
86.55529155274422 39.96062884937972
30.247398061643427 27.42986303431334
55.42958564736891 13.536452459075266
93.28825612576716 66.2399360195942
14.21345650785284 59.795220177342465
5.168338451837173 40.608134494765565
23.327579940677712 52.24279697178653
94.47171243777994 95.03468159662967
65.98940710868528 64.88629525763001
