490
1 3
6.457804081543439 98.90643296783175
5.5187131395549205 12.456798728556029
68.14394515040465 2.242720708479773
64.56123229669734 60.02027066452729
14.587050639401312 13.746189161663857
75.26657158329795 73.54967897536993
75.09812369306425 52.04319326303091
82.85076303184648 12.754976100913407
96.45530614101583 69.76884424941332
75.26881862897636 71.33289481274434
56.97110420433105 72.85476599726555
29.191586611754893 22.263986364725707
47.44883447738029 31.970672972942715
69.54191811539314 45.335303870038324
78.03263998014616 92.14486657091123
97.08555038045094 77.11282204783973
68.89516408970495 12.26189616486819
7.957693386032894 5.816403774271661
59.12483448005861 46.24285723361707
58.94026692491736 27.165536549945514
28.980374904707972 2.3371140910666277
37.480191181583386 12.07014294572193
45.4855323657189 52.612109523528886
68.15641655425664 23.891402170762245
39.304243762999434 75.82022510754489
42.82660282934585 22.823199333333257
90.36552855036587 8.499475993620397
30.195783248778408 44.08176594862812
82.09472894520451 83.13993080985773
18.367238847067124 82.8337962181557
22.841087754769163 31.114061527015057
45.11081557626157 62.40784181828665
51.09163391829079 13.313877591914247
97.056082426819 23.493602473785135
14.931361039935464 37.63756864442767
11.273930022556144 13.588158746407842
23.885361602072443 0.37132618240243165
74.52803142898226 2.202544170087961
89.60342666317807 85.79970917305488
76.83618238218568 29.68216458321862
43.73859510727809 37.7325370978248
15.526935179210287 1.543964697577449
97.78658639907462 81.31973651893128
78.3132042012524 13.6790318584443
68.28309301693231 83.83318998358406
54.5895353269251 31.43864477305618
62.734245170051636 50.13080667910308
2.716160347056218 22.089985306170057
44.540612185085536 57.33925795811041
12.1479441672127 41.06111354508879
4.849312066996125 64.6709590261846
56.19038357952455 55.44590715377722
49.563781669220596 69.53092479515641
4.448932641488579 86.42466707911308
48.68906828735711 29.295752573232292
82.76704285470488 46.59036486090431
32.79182821547728 49.471272811322194
4.755478787608003 8.833833612990949
82.01360065939707 58.13758152099828
87.11601961036463 22.04145178582899
7.140219003829706 25.631225059690866
20.15282551091886 18.076318105425848
62.26172286121161 44.99304507796038
16.188935497634183 55.448821371757994
33.34413797225204 98.42720717577322
87.38972813574033 75.16877614319841
29.259583975160286 15.243691686945326
18.28556254429079 89.62028821700663
72.12086337977723 1.6898276630313847
92.10028749025008 98.92744731778775
78.44088520453916 37.51660381984936
97.78878336750203 89.37550481211525
62.667874296278335 67.23994133041393
82.88540708979264 76.3391536479497
34.24287314186705 55.38144721579816
94.60989481605728 92.15284115889257
46.15228391908941 24.257541059197596
74.63065468264054 15.368178596726278
65.42131190700084 44.94988570856246
82.66498926668268 60.277291884993204
94.71693048799182 38.22390479730417
8.893609697996752 71.0883780253069
62.430877203891846 25.00876346825638
91.6263256871616 77.3781861097018
41.10442881129923 67.15289481290615
24.88834063583736 45.854457140928595
23.803609387204226 70.42876212192782
65.81159807615305 48.60658454232003
27.554010108899774 46.46770162593275
17.809930901894866 87.82793195569035
84.63144440504257 69.30661398123597
24.8131961789821 57.94222166120206
79.19181238676676 25.3425223505376
44.48583585581578 19.531027546966072
68.08443880577548 9.590181902420536
60.87153500407369 8.572159818566561
77.63836881719908 47.17648105071943
77.44016598534007 17.8595592809357
90.98717513136761 77.16375189871422
89.87340921328737 31.658663956353152
14.242975561363513 63.730443061682315
23.634280733072146 69.59707442163861
34.324399290073714 53.19763226632395
10.83437337122508 81.78477154302837
80.53224437759283 38.837240450921385
68.15704155134527 93.71093067569063
9.361768378581692 51.90462085746932
6.89229157005955 49.995249516306494
17.55624871767756 18.27537406598616
93.48919619896472 24.159766213695733
50.62185978560532 38.91290017138904
14.119129063314073 20.08067432560705
80.9379977024039 8.799813429969916
55.99321786175167 61.69140895109202
43.65992578054314 35.73927208549219
68.95939126700978 81.74145873749062
0.006700467333953242 97.77410621653068
3.581664766894188 44.91803927509288
70.45385944838374 75.01049017332151
42.655839516235375 56.26551291772519
97.37632373542422 29.852673638089257
79.09078518581498 1.4525719752682686
36.82781165807371 81.7029902813749
95.70835619733329 56.60926830841648
54.936711901282244 83.88594853190232
2.0774407218178803 84.65136160202151
38.01805773586211 6.16795808869437
41.78417296575001 93.97925679892877
93.85964205464845 67.28488295727189
73.16098976018446 23.369091774865304
59.52157060755003 36.43513909042604
40.48740236180222 14.180842906305301
17.359352282721474 58.18235168854573
80.16162262453636 26.2754205752066
61.09204777002033 82.14549119045564
53.188571323420696 72.45418921766247
4.048695998042406 98.10555355051598
48.557585248970625 39.967214040431934
96.755477704148 90.31913156768232
82.14526733980377 97.34324775385141
88.53439794432228 24.02356239776804
97.51395483391055 36.268186660639955
26.86200497203357 48.548350406242506
81.64648831065944 46.82832630095872
34.6875387612954 75.81959684435256
58.18865050958952 55.12644344007609
4.89178099907619 11.906940901858064
49.6527833597312 9.141221315879733
51.358568126673056 80.62198134628768
32.353269470202875 67.14825015117813
96.67917482839465 80.52691255701323
92.24026640569801 96.03432957279863
12.21673094880189 73.5984779060306
79.65450161760792 13.955468737897615
38.670068879964184 11.916873066699862
45.06111631407816 63.62962417210274
45.12747407888098 97.48232036567434
94.68827913896854 19.362170095317843
75.14303920180616 64.72273872228016
44.96726003848028 0.3694659378388643
38.07947895711015 79.34591064371742
31.7043221643875 31.745446811550913
57.460652014035254 40.02690697118667
13.447628100580555 16.786971569537478
68.39171488436719 15.016875627625081
5.468323056680857 67.9698682104726
30.332156837713107 31.757351400332023
96.63510431661624 19.583815107587665
91.75841847165063 3.127358183610185
37.112046044473914 89.46138017234813
70.07188779558975 50.73175795360374
52.759297241413236 96.83798486355019
91.00444336835898 92.89551313061015
38.067396187472305 63.908640301823795
78.72007062712231 20.999669349825712
23.705239779003783 86.34917176997075
18.738618618321844 55.2577616067306
51.28370122290453 79.7849118544916
10.903809492868266 29.157728181522558
43.739797361002374 94.22689706989851
54.14341587021405 66.14855692219177
66.18821503682608 96.81779375219335
23.779235895347473 97.0488329911535
72.87464341688697 31.40713374087818
21.63606904233939 21.6665476281354
4.230633429261443 14.638691033594409
92.76883133883298 52.125514133398895
86.154329290715 98.33350434891663
87.63841656321598 35.45685009817525
84.55552159770458 97.00446904403586
91.11557922297438 26.7011450220477
94.41545744067295 48.25420466516657
30.225456781748438 70.39946523073222
30.505967567192105 44.91244725905952
49.99506166378487 8.555223368809205
46.01466172863409 1.295330447817844
40.28692474199378 65.46319955690252
52.31034513835225 91.04943116469168
77.77683655661016 80.4754158879914
13.4228144141588 97.50103587148308
60.341349093698746 30.885625413836415
99.33871249101587 27.392207304552475
43.281929052316 75.85499981344088
38.66171477283724 15.778321243016503
66.03782503483116 17.694091179391958
75.78454757980782 33.29119364163988
80.76536961925216 23.648711029904113
35.99130928369354 17.395793731265343
2.625819225232706 15.835562116036028
41.54555507136062 54.57284217586387
2.2209871111583235 10.57053163105033
72.77857907134424 12.334126093167663
71.93546199662781 4.309919714759913
20.123628377911885 67.4909409892785
94.61829977054794 46.77083535375524
48.379669379421756 96.20730291754151
47.506178628452325 28.603270466534457
96.84992251198949 18.287928878284987
26.30467164503949 52.69203733766861
82.74513201661138 58.192208679918345
9.522943048277854 62.086516207915544
76.15179174461406 86.2735855107689
47.453663837087575 98.9951820171546
72.21065014521028 84.29821685979057
64.3862953840126 76.53565130890163
45.81208687286724 11.368373133686882
47.95494995705389 61.5025370320204
73.13972093980583 69.6484516761454
12.93452574468279 80.77376546416173
54.79883924913689 60.16736800783371
76.64944923670521 39.3163826211701
68.08681437258596 50.132402201682446
7.677461582331957 8.151725338054261
42.20748084599006 48.57433555469384
5.012309420486449 67.16969302924811
20.235652532266425 16.444365998520993
48.59369404359488 61.03660548560794
51.42956142612973 19.28568761386149
3.474167122236227 54.48990276529892
58.46511094746716 59.13958423364025
33.58087077313034 99.53787597744017
75.93298578778465 3.7209328241429196
12.057675342047002 32.7194038587606
5.111942235236366 48.02007666772139
57.81709779441897 74.61143741797952
7.780063633243928 86.55932869389775
44.11748012830121 72.73571675912851
58.88533202708277 43.636163715151866
41.27057865559123 75.54937617475757
68.51151456739977 82.54000714269576
73.98966922365062 18.144217643381054
45.54939774685338 34.21196997021887
61.528478958896926 35.996788583361486
52.34143118170154 88.85120106804516
41.72396552155122 20.96960113053814
29.05291168497477 28.558563376889467
1.1666240351670965 50.96968355389666
70.4482627302091 66.52541906544067
34.52767313795866 25.27415900193859
49.037839581757204 83.45982781763223
40.5137329490437 16.346758758827875
92.7233416882704 10.452035940007764
40.56700790315484 57.72044425562548
78.03156065730681 15.05257469631136
93.54812970458883 86.8740761003836
1.9730810933662468 12.41783891846946
53.61244550721804 83.3869275615834
2.019614256092983 12.600150283157108
11.76578776616919 25.664886024997546
28.939105891086015 84.76635472727072
69.95929341825844 49.148065868559684
37.85804742999546 93.55793431617461
19.43745774944492 31.91826689713533
48.6555534975643 1.5552234360121098
80.95047770726818 86.5416036174639
9.547082324073708 2.5905249647951045
94.10531048280993 49.26655607728894
8.35804873562942 82.55440332955833
65.85197295154532 56.7458934889979
77.62972363495946 63.072234478409484
36.967875413684894 21.496706815066613
44.624270371332805 94.08016721516867
82.82052487089678 40.49775886962985
45.77919194874862 15.312520945433272
6.1789353277134085 69.89378041218335
65.55576259755824 61.953968715832694
6.078397709309913 48.944509037496054
12.927534791770556 42.04367567381644
91.16170118970896 60.88898291062299
61.985478636971216 9.775556042109312
68.14672780312698 97.31840118548136
87.33945260430235 76.31310724493787
94.4200547162374 53.483787950421835
25.0192638085166 21.018162103508065
71.33567403925312 16.110787561309238
56.273139934750695 57.51668931668459
53.189882400107734 58.46623419666661
76.94027311684013 99.42260865819887
11.781587870440614 59.42920350849579
69.25532043388245 88.6282987536949
50.00877007526998 2.6925848338444247
89.07711437276227 36.93576957239018
37.41552647230459 3.915900431815378
47.869743250959985 55.64752247157288
79.18746370581151 51.35751174742453
31.007032325146167 48.64013397105707
40.53466154490359 60.7493150883569
72.76490494524828 92.76102620841206
14.045935955396406 78.11897321195784
45.82866645726591 97.39978296768095
31.397924160139535 96.95237426116495
34.38365952508431 79.59358937111689
12.71649128068939 48.05467744951844
14.810408880671822 25.705955030707628
0.9511540359239623 88.29703654793157
67.8188693374312 72.20149724514107
17.96133847174588 15.297710427408951
30.867952531985978 63.80853451809551
66.97118741395687 66.24432520211307
32.80254127687559 14.416866849848331
37.09935344936288 45.8068749642961
38.15020137286709 67.90579101779299
27.708131447282568 45.10819043680241
90.62662719310453 60.087811217351785
42.18190952723964 17.85651579916272
32.590015765693735 76.37010862168174
72.44209867731186 19.5262750622369
41.6894702997987 15.296765230232555
96.94799224112103 30.36166613757061
16.001195711368112 61.445941589039286
46.177467687830465 57.905060678972056
19.77571777385192 91.89008381942844
34.01535286755335 4.385539303688968
33.4120529203576 99.2958079088584
73.10387858194711 60.02082250212148
51.6039959951595 57.03462789189058
42.9272253751827 1.3344257148303562
29.4725120415678 23.566448205687873
15.244936134462517 44.882687493078734
40.49645159867694 11.115677955064074
88.04315761264661 5.456352040342027
83.74394587556317 3.1901417488402917
16.942394701313667 25.05331015924932
87.9687714394174 84.55748424433148
35.85273851354125 51.68696730604609
15.653198465654249 58.612395334488674
16.13143552272236 60.11626877943959
53.40893491881624 92.346813969544
86.17292272340953 27.646587589486128
53.41983822781104 10.180768000806516
74.62438668926106 67.73117354568832
17.93415872063264 4.198831199616437
61.130362966069484 62.65925227625944
13.966299261776328 69.19530733372676
70.18209391709513 61.79392624091577
70.88623848161693 11.906350856724647
61.0224718724989 47.644307528234364
34.27728254962816 85.51370169341143
17.0805851405466 8.984077810817471
23.939043302814866 93.0401438698749
33.16939174992628 9.915094025511184
88.91079175091228 20.00607395242955
12.857354667449904 61.478066382320115
99.28387186794781 13.7184659907573
10.50821223451539 50.042759202984975
9.989189356288675 97.8087459667608
37.02299642490292 60.36469787834386
68.37418294969473 42.58280724534937
18.34381554669402 54.340678732249174
86.88137118386632 93.1078905932529
28.125015125565934 50.815038421550504
52.084973780708935 43.47575582496144
64.54573722681883 23.712477068985184
56.75376598094641 2.628781369413824
46.55050528224416 37.33138214163698
89.810571845864 85.98351952025116
68.84643870516626 91.36401665000062
52.63364710666305 71.87382299195598
89.2617022219288 34.22158374807187
51.084298722439556 18.300880284540668
72.61908134782789 14.98870564578485
80.14328715799802 26.405663419698545
18.121124748256847 6.644335707810622
41.04035098689693 45.549020895561675
72.64859982960535 50.49640598463678
20.257579323220675 90.85598240441595
96.04094823095437 35.57151259884357
14.413009493012275 46.02751299012906
95.85284577643259 63.16877960987299
77.79214591692896 77.46395803608581
91.08206874220839 7.094858119284386
87.1581170752631 30.529585783953262
16.19500265159697 41.74250272138953
66.39905209937203 81.71773765126385
55.14812657380537 82.40098187069978
83.99054278597895 77.60863084721595
85.8218173971455 40.09542419216281
22.538626172035414 46.22364468067832
6.680532941491979 84.46967485731982
40.26890438057895 28.8817256195693
53.60601199135666 87.88517763461829
85.26996714548906 45.8837287684972
20.798465871135143 82.86492672777099
93.48560141812652 92.99928045023151
17.68114249447892 9.469429625232383
88.36293857386562 71.02053800031747
99.67065918588291 10.37468325711275
57.935202825221154 90.81169220484169
10.486606393808673 9.196282090846864
12.626656854083883 35.30144210649344
65.03106228792899 12.379067309792813
34.085449830429184 39.72901379064597
21.931562266542983 57.34276696724541
41.68741385583217 82.20047631839435
33.966735365758204 27.057827700865445
90.00505750669151 69.57016060716141
6.791338214965537 60.251636770681614
49.775854658589495 17.730274281170043
14.379486503861493 77.00987306864879
21.150987551933053 25.094784036244143
40.12209095121917 96.60524417676343
69.64765868360678 44.70232109231791
81.13227385637269 36.40296715796345
88.36933251714343 29.65736639571852
38.67041360654824 97.80712152072219
12.8647766395936 66.67654058933866
35.59559124220391 32.11183643112228
73.51667544438718 39.28798717709028
5.5684577216796205 82.26444706310684
37.07751136467196 63.79647858535564
58.58640088575182 12.508457008308472
69.17554748810375 37.936374273384786
52.67859008995297 62.00808443140695
25.700917046760807 64.96683307338212
12.599495279971418 14.057232181108414
25.347981411827124 43.27259797901868
0.05736281709949331 53.60922908041328
93.75329711588722 52.0095559073414
96.00119880364488 47.555729881094955
0.8968725715882142 21.3571873244228
55.371914802458086 3.464600635611692
51.661060332926546 95.37708487887875
52.44297466925638 91.7626959836007
15.183778020457495 56.95083637852767
68.36540489039851 55.96738456044068
70.05277482117506 97.37001677223141
93.72648410579984 90.06558509658728
86.65268611190339 2.663924458302036
23.761096623025637 48.686728666576975
78.86573889061432 40.139253724241854
11.213306551641233 29.266854950632904
64.31631672532355 84.2113387125026
5.929337354091424 1.5053274034257047
67.64979083582739 25.204843958170464
66.93356132070392 98.89801170810675
33.632474436269774 76.64039163316654
87.4024865317354 88.42141520412719
15.651169113397723 27.927409676174065
18.853453110393147 43.43271867713692
91.6360411245677 16.52388773018958
40.14564906855051 89.33309248896364
92.97066091046919 19.689279733285225
29.428416342809662 61.12662436031309
21.858383850564024 45.341213492937136
59.414684917500416 35.04155335097503
41.596444552971754 2.2816521404686485
88.43760843226612 43.02998284734139
96.86478623152146 21.157913940600693
66.91942764582193 70.0038548504097
74.1776945578846 91.85982885678334
37.34577360903899 31.891389859240626
37.04076018047886 71.62377917941573
14.724778185500975 52.456632065564904
97.61514549961738 85.4595855871263
84.36999015825293 39.896627198909364
51.10419633475816 28.047941079419946
0.2750025820184909 90.61030013313902
54.07020191444154 97.68549464833178
44.24959265973103 78.84676543811256
90.78252302802403 39.798436503486116
50.17945653308953 70.61572226731903
27.982168757111502 87.15632012670214
35.92310249768671 59.35728350139537
77.80349853915476 66.43630385827603
32.4285414813301 79.16277485150009
85.68813446763212 46.39575637442795
56.32054762983736 4.113089370975698
94.34239360533678 86.45600527089583
23.206654418957463 28.90262548507716
96.50997880665322 19.785174910395376
