920
1 3
37.87745110051759 64.99608209495653
96.80330390112 75.27688771840977
85.64852630356306 11.38455134165044
13.25227725526048 64.35186165029361
27.06667312122186 29.38657890618075
3.6146197163561933 95.94206946081087
37.82940372418282 4.261412199983106
26.381670526808087 16.326093164560774
17.471938768449903 70.68323910771433
43.792190936466355 42.277015955276084
97.93666548983249 1.9538339858367504
97.381351025232 26.897905395098377
80.13368408098864 87.22686192187514
45.56235097956578 88.81770891710845
58.15681927549965 78.00112391239067
38.10597339671058 93.61639571695957
49.273409336337814 34.89390829743107
27.704267433185702 24.316469142353526
78.08534137313794 1.9400469466736903
52.75686006115108 21.905151585078443
45.80432875376328 3.1305351732566544
49.83607452128811 60.99232638003544
26.092418331358292 28.48493836346464
99.84217425006578 1.4233468610395983
10.705830737077715 30.267992625896234
31.671554930562728 8.15326730595669
61.40194820470999 34.00312299566941
32.519958966902294 26.633476600163554
85.14453176713405 5.883082883170254
82.55655905175811 12.109502383549575
50.01947658223271 54.1610216821647
6.952556702250856 45.92364091204604
87.46686652813422 76.24855628718343
98.82866107527603 83.81975194167511
29.56857410378051 33.05080627081296
37.326082679858445 59.15902188738398
28.87912893067952 79.09776939690431
99.14061977308968 94.18117174965046
79.88921772250066 52.26004259432084
68.08951997254724 85.81652050681001
3.09998300684442 75.69062575921348
76.65356572951494 0.7972673739354841
30.11570489876345 4.251415159085048
89.8546663064048 31.114862521884955
40.816476456381004 12.590380210563335
54.50860988569757 80.96537516003737
58.559987132626155 48.914493302167216
15.728721718945948 56.39400631113436
38.89306083844013 58.24592246517606
13.052715591618625 5.035997135025627
73.46276998410495 23.681330688841086
85.57478459782568 89.39276592927021
29.245350638216983 48.93558434784009
83.9985712945209 7.74885899170441
90.89301193245254 61.05659030394279
73.99932116439285 42.08909941567691
39.98400126458242 97.98886478040608
48.910178946700356 91.59669710092373
30.986508990665087 8.990392697269844
34.76583909127542 24.18568644125887
10.936335143532583 83.39502883359641
97.52744289925408 26.313190847931956
94.67473791400714 59.73308535128583
18.304708845180627 75.62469767840608
96.4663862710104 80.80855148186295
89.38868769605965 3.9907706137995325
34.32654171583693 17.202303588586364
6.148107850357598 45.119405175782966
73.07258056698551 85.46421907311066
96.80203027938825 74.56038615272442
52.19717256959484 92.83423145562944
3.281362689051792 32.51937218931795
56.245449607011324 30.707682619069153
62.0184567932331 81.48609345261013
6.341975058870575 20.525047015067656
60.48867038953056 48.452727719502334
85.28961159840647 39.70962518655903
98.23926193047754 24.14420616672297
95.20177529680403 38.649513007715065
24.97784042070501 81.27420389958142
68.81677730822047 64.69225429088397
8.70863960953081 82.779975139079
90.29926785336914 72.1386238188342
17.406962153285875 2.7899518486547814
33.23594744742222 80.59059524479973
25.674468588366018 77.68078170068142
55.71206424479074 57.94830359524155
79.22918790799223 16.05691620328489
75.53663000413184 7.956884468193692
52.75015038929083 10.28319258117294
59.756089925123845 65.72456005026743
52.90352125506463 47.42561872062829
74.88970047695906 86.79235427052913
67.11924279746613 61.937530723602485
55.27715297493501 55.77249843257383
73.9256046203509 12.567540959165413
86.85195933059009 82.75831469556711
65.2525091481089 46.612635253261914
67.84323183238166 22.249980760877385
10.830588509633587 27.04376653020497
41.54580539567776 27.872399649528965
37.21312188182411 36.57752767252851
72.94097749623285 47.63256125158757
40.741203223371826 50.456496508121276
57.855144937821514 98.78338321531675
27.58855055134426 29.721969906651992
55.017813625959256 42.1905246334765
85.596395277027 71.8601075407348
98.17814425352718 14.164720959298238
57.938673444881125 44.89660261895878
91.817415122097 30.81653709069363
66.19953530225311 77.27716132064329
43.674736948934424 28.542076308177865
88.11006962926686 0.26086607633670766
51.96593575370674 48.71575017205778
54.44952436318924 93.81257579973763
55.8346772381412 21.222999773457254
91.24119714611581 66.9641216406512
5.929726549574599 5.508980922574969
15.09793563304389 14.143640545271307
7.482541539909371 19.557010510317284
45.417562157746374 24.221941085492183
8.177166637912281 5.054430927544562
79.46649985658259 41.386430993653576
54.83811525250497 56.235939178855965
40.194508204356836 57.66996454487001
53.5776458558231 53.84965335735161
77.75489898522324 95.6262902484737
92.2268243805402 67.94334725516164
57.540880338083646 46.10294009649285
23.7022276351192 99.88557539243222
0.9503770242184073 1.7888183042203742
54.20068936431812 98.45313262446243
59.25637225546709 7.996457460157802
61.76510825223585 39.58157490517633
72.31950980647626 39.291760281117384
70.66701066147783 57.94088007090474
68.45088277746574 77.93244865349389
49.05978868808343 39.58149869009235
95.32237209870182 65.24202727255314
1.4706061394428538 75.45812472889178
12.070537000843284 62.89555266746494
50.34317881101216 76.67468080816984
27.67445613730366 6.550008235070681
66.50837706376107 9.009164149833548
39.48875954113855 81.73118981699443
52.1122734140095 75.37438127227996
48.305014745411576 0.256733036615886
78.66056409835936 88.47059247497391
72.89173917652991 64.06726439287186
43.49251179449401 16.797785114999144
90.42705776688642 70.69198664167598
60.87010160246744 12.489653603170115
54.46914529935587 56.19843030811224
27.55089898081218 98.53804578894254
29.279380666402723 29.973811331510515
19.11160946374626 11.655323703882448
32.33913561304003 90.18785377015766
99.27916288613349 37.29002770360532
17.47928059607309 42.15587759207653
59.58587858843778 81.31895999329038
70.47993259775205 60.23177396399164
43.61007175510403 10.255987829412327
94.45224557519487 61.066267680492814
4.337143192805071 25.43724684913422
71.42319428124826 67.28724004042677
74.11003865733834 73.34416994312811
4.483582280451137 70.61929200223351
97.30675982906143 43.896304213375274
73.75716106201871 37.296302475644815
31.405090198223217 63.59907077320066
68.79709550553692 22.309423536662454
1.0516596714455817 27.20676696425992
26.71857959073831 84.03906985298981
31.353384740153167 47.74412885487585
60.961347430172566 92.54237057331069
17.309254541427222 56.4945995855195
60.42961360512895 58.50482956902279
76.30854616331237 35.62625077772979
7.626812564918906 85.72060877794159
46.4271839190439 62.77295927630537
46.188626613397886 63.713147059908046
80.85623078329898 11.609879606813411
21.486221398943762 81.23160625309134
6.781372748196346 87.21227703019692
24.81205374570361 89.51289024727285
32.65070186005434 85.5983043019392
70.3731562955125 77.90728752019133
88.42215517955756 66.70359027558021
99.91611721835018 0.11199412909079776
89.31444356589526 69.78499967279068
18.08920854305127 69.28462885537601
19.558228674561406 31.104690048101034
57.82777696307282 48.938200901104054
86.34800754975238 30.486486921177946
45.298661763410934 55.30040544134289
10.855306497567074 12.89185934980759
81.52845866410539 47.04578288085264
92.69037998311029 45.5496053818365
45.822703013657275 31.061770517945874
41.8186360173133 7.9214746171063055
92.2508332711653 52.36567203365339
16.978284043590165 10.486029747381288
25.897732863096333 24.78244411929602
42.164776160005026 63.228598799204995
18.334887221594485 99.65275249869985
90.3883945202247 83.19517640259045
49.60053007363594 47.48552955110288
75.67454289258582 75.17278192722682
94.25165252243197 19.816431450114024
99.75211155726096 73.30593620039107
74.66695229730449 51.98478937384572
9.605403596594297 57.53780240763502
11.97671035605441 91.84576854610205
28.7839578051188 73.59130100465747
89.77270194209808 52.84422608157298
91.45562794035868 81.51406422671093
57.182424436403046 69.41510854464141
3.6859093523302855 50.57574436258741
3.1619906005598164 34.85576679920992
79.51832778887189 26.403927217113466
93.03139292888143 47.0023655388613
85.37199669567886 85.3493503254758
54.3291019467319 35.676758368546515
70.80269627955107 51.69348005400967
8.77721947859933 36.59504969344318
42.34553161681767 8.31717725272414
7.290245675009044 87.62203289300379
39.00427034056 31.383104807172522
70.22552141211793 33.73195136810641
58.33795780707738 71.61806102585888
60.030770479054965 0.13860447751348204
99.40249735236235 32.0792652734184
46.23625719443163 48.16159256563732
84.09745235587849 21.694495570627815
90.15849975409922 98.57061511871717
98.43253554943226 85.01683615964062
12.813533843128045 95.22663009645346
48.94855580690369 14.540548788565989
57.42752207021893 76.56741947870944
83.60248642145538 40.252508934183325
30.041605112802962 6.105654267030447
9.904771732494533 3.1956115158909393
49.573944080610424 39.69841554156981
63.68684880783624 16.388514091368855
56.56779417003561 80.9947124112214
88.09824222616507 64.15980337443055
60.89966774073518 6.8479816484738665
79.75257841342507 78.28096408362966
40.82927951156152 46.42721952961671
47.620871254194476 64.83972368135333
42.479307870158856 71.65650810590174
6.597871040207504 20.179698104665245
36.742877331560386 13.445313297538375
18.157088071442672 62.66125612850577
5.251725770318338 62.866520424904216
32.443777392733544 64.34458838396473
19.413638784538033 0.6470411129824383
36.43979930138448 72.7273464045682
58.60569670068152 3.114187522546241
34.37443311985577 30.97153224917959
41.15426715487227 53.560545191825646
70.20953226467688 4.644767305581676
56.57519810234226 64.226260061793
70.37682084658792 87.69866281268304
43.4556566276189 21.73711562542142
6.728397848669632 2.812740483477305
9.67304785519596 9.957356833231913
96.57288328285622 39.87976644560756
49.135094055765705 9.914267391321241
45.36591101250664 58.1123820873573
90.02220701253141 25.07285615846144
50.00794221313838 79.50318578909898
33.63072618851373 90.6263529489423
41.223769370269835 24.73088051002574
4.6265038544562875 58.55112687051835
67.69339095016767 59.00636316887646
36.55547934216465 18.172664812602
60.72813829852839 87.15529775763713
19.539878512015953 91.72602394865746
73.36064113749691 73.0120279338463
40.62935520288961 3.052959507005948
83.51254077740316 79.78709991321283
8.480609119370763 3.918351697887368
68.10160198428541 95.55625212303893
8.686653101867048 92.28213993044163
74.96450338269756 21.9911615084462
27.325704059057433 21.07819087430989
12.966656191494197 74.5896369134672
50.10491330523297 45.319938631231516
34.278321484472094 90.94554503168509
70.97046920876384 82.15199522405226
35.30869988168679 41.94906587604936
97.02851870721334 0.04125923361013584
62.710530744700456 68.59497658641398
38.872871049599375 45.458639495958984
50.85799984288959 62.77745418941425
66.71836363688422 92.08056071333736
60.0395496994524 53.135295126789
16.218503644157913 48.4767769658921
31.050135903770236 72.08103111611692
81.88190579919501 84.60155402690054
38.88809836891154 30.661282952366076
85.3050345665001 65.99994096253926
46.96284555562799 52.64283809911174
98.47717542962502 12.82046823638363
61.01004748058714 55.613898332923696
37.41839512112322 33.553072693043084
45.868299390285316 84.4237326014427
77.88830142030938 75.49037974072843
32.02541517560753 82.14168091399073
80.87817986714494 2.1476006875786657
68.9543987744483 46.09940257580616
89.21595123270549 61.53364718540957
71.79665628883653 29.46404680371284
38.55564297532239 14.295499819393797
40.381823271791895 60.3437929476059
38.95671771959637 36.17424224968555
81.86699999548613 44.35986002966346
42.305690108111094 4.091227056196067
87.10085924223175 95.84245847710326
70.5317704424072 72.77355544043861
66.99727077916474 65.11587252777996
85.94748691571978 3.25845779526881
90.0437203034281 38.05532454605007
49.08284786129107 23.46612900450513
74.74920524324237 54.62815694825811
45.45428066684203 31.28039167134764
90.59011822861942 35.97828619098169
7.406065142123253 7.169670240494952
2.9179069037095884 77.17625985348275
29.46711895417593 84.8185746976325
91.5038816250636 91.62706344069149
88.7592053925718 0.3838654452535506
65.88458496000229 58.45866007794878
62.06483349935097 54.8877780452262
72.97215674612157 29.220963476919714
15.012696260542867 47.8502833215031
33.843703239644185 47.17366772288785
44.97116998619719 14.936454464631366
61.59446221269891 19.260820141301195
78.71994251187553 47.077103451110915
38.993714145779144 57.79717947706404
59.60438422933869 84.5892281134838
7.780574437430343 7.925165985154181
10.966127333726284 2.6569221433352164
35.48881253634426 59.40901952016213
37.89413514161966 42.498756626901326
82.53347414881273 83.20063586022029
95.22452413341071 99.81590224860315
21.182202123144034 98.8403922540376
39.32330013628253 70.59747708082185
2.555725223153904 45.09620158873497
60.81547646545824 82.90663092965909
16.762659711576045 57.64968004382338
67.37641442002524 87.20690989325202
1.4707581159643546 66.92526201206283
69.3890125422727 96.80972616174823
87.21000463977562 70.92005151326724
70.08144384662145 24.303633634485067
87.27946220570387 36.754984517978784
8.675359799241654 27.057941116016828
72.16887909137559 92.3714103907358
5.401017995059609 37.43403886795473
10.792244743249157 18.12087987872786
65.07113141845866 42.50719121912978
52.16668874648245 5.913944701658935
39.03261335681027 83.46229269766687
39.51142402989729 89.33888717531518
39.30778030796402 58.969683006741214
42.06850275406286 90.5799559447392
2.561000724336293 42.82102887392101
89.97898080663596 69.7201422522355
66.2092232062552 85.0364693501646
17.940150547540902 43.052439746877845
29.234197297169295 98.76296311340317
95.23716801210395 72.1694553698303
4.693116796744601 39.91452137697855
93.13119699659886 6.685238759224754
49.62258268242326 31.8056017890028
95.61300039470235 48.429413334344474
82.7820411981678 69.4624812227773
15.911133978275437 66.09358055675143
58.110232841693275 51.70902180795367
85.16501422467704 21.88358218125217
88.39444519795671 54.320010618383364
80.28495042922543 83.80446924815178
42.69432586985389 70.1976476987875
67.9028152741867 96.59425687960538
83.2016941143085 65.4955211025071
55.46614454134404 21.742247615777654
16.378567631267572 93.99982122209745
53.63743985692133 88.83462750928291
10.016429211699784 69.27463392283121
14.67151645450333 91.73707321586579
42.13930544985529 32.069879551470514
99.74054379790252 81.84739889660702
28.532109273287844 84.54792686625132
95.63109407060165 13.136099584335748
56.91832274193842 28.706149628423194
81.5440993368546 40.343923795303425
34.986199249048596 65.69253130574036
31.673492014253846 78.04432172560823
73.1075606203826 27.258082550753638
29.140992731952807 27.15055676330016
58.71455810616628 28.296165104631
89.7790589302275 50.604595463471604
49.21233573609065 37.40176013194865
33.02650331686561 75.9651230785174
90.40105729814651 88.81376422036857
77.62663100297426 14.088711940883636
45.322972427447475 96.59054298325074
26.26746658775978 35.60487281669402
30.199267367301232 73.43602070882842
92.14776875289603 1.0341943178948876
44.23444780497485 38.71754534165612
59.987916565132274 48.47034569568749
3.3143382921869025 74.15907806306679
5.8453609946323315 85.03570589789456
5.227276937750025 12.492083421113144
84.35899157990714 59.06529375614096
57.33032921490933 15.161342148221536
44.668493584554625 89.94135697076106
50.11276027363864 68.28469622242694
88.9112464209656 24.88333844615507
53.07108031532655 50.51846968594149
93.80289218023887 16.41353951898905
30.20351167454216 15.202305269353978
47.31832204452324 64.72133350803438
32.70970446454735 81.72043320332838
30.6839583066445 0.013345750213145102
11.042714501020768 54.24235525584766
51.92535237867351 47.83350692848476
99.17367374565724 11.50130602615167
23.077337352505324 91.58725895069797
60.126583604859604 12.806313230317269
25.504519848966957 12.472625856360864
44.55526945103016 83.45263650522882
10.544984399539882 50.42618956539682
67.88710133792411 59.874190538233705
73.9461881328799 26.598530866863168
30.174362557620583 58.766851646090636
22.230696334334276 49.01268516909263
43.40371989060496 36.81282787761209
59.245006772302375 0.6949402808316796
70.88654307186737 16.184283244235488
76.0889265821812 41.63726337841316
66.75355802552538 18.95840621860556
69.9017374574977 35.119640099159646
59.72447545406745 19.329407360951258
56.90043922944801 99.22252215230047
3.4997825238395786 47.198934340494915
9.374426838902373 81.7597992887314
93.73527142042022 74.6272997324677
98.8415511677353 39.57273353479109
30.499390659250736 9.626902942563365
41.034280090243904 48.955683022328245
98.16631605268917 57.86488730265225
10.551710440263552 60.01080977690138
55.11768877631069 46.41411047235451
2.5567487063098415 61.699139546963536
23.704395715081404 5.899931767633815
5.1603154147467745 30.809193120984556
57.40235416625941 2.191304450201881
0.9100489355490016 6.38547794830413
91.05709108746174 26.146626503908553
90.54286364014585 46.76580059636479
47.32364884745088 61.466275415155906
12.473598519805694 22.60823930961704
86.24066682751625 32.39167169898949
10.053592655798482 59.80786830576634
98.6960952771216 1.465554680307113
60.11313651000152 82.9351417151224
40.873028502478846 58.06804346083083
19.56878388600971 25.662628741765857
69.74764592704905 83.84926743484023
33.59398544124292 16.34666190863838
7.461156378519163 66.0490907443806
88.84023784694656 37.82307387449764
36.174296387330806 72.15032265722895
37.994657507891375 61.00623620521715
78.9458548498516 38.82929756922786
70.6469129334303 23.562592950286778
28.952842783191144 65.2407179061147
33.85482417503645 1.6307715193289996
42.34877739215162 72.84809626574872
71.9071977162394 57.71353841529814
28.867596874406253 18.651580282981506
13.281413076628334 11.606246956319332
70.36641238611136 59.78900797371147
12.64377762542146 76.61863950364611
25.721737269255108 85.99738729495358
48.087733746866476 48.45747158740388
48.81547679605585 52.4028641564547
58.02497661258996 50.810940131530735
56.96291753377112 57.948744652194684
64.78968722915485 70.2391471546183
66.49754832835926 84.4665652598475
9.523297212080028 82.82768432411092
49.733181370394796 96.61801192444213
21.13865965063768 38.08657821248278
42.21706306160877 69.5043871436672
62.5893539791508 36.22457260848013
39.51956068818012 94.34655501298697
4.726692741785299 46.43692205919883
7.305645731003363 5.127062461151555
38.90278747423086 41.001508993145855
98.89219049795052 4.47296829566779
87.07317370327085 81.54992037908977
84.28207482766624 27.68267496184795
98.38934629873033 99.2419174597217
45.37240397971058 3.995434929424202
58.831321867994404 55.08981675360156
23.860277080175372 18.610283292124997
77.26012211203997 58.32231276885758
2.4563366581427326 30.666465146092946
11.124817724599033 41.20998412834829
12.692633955094523 30.14504900974575
27.294183973935127 34.43752495942116
0.3414696306612397 71.77592208926494
48.303508715463714 46.59346360611809
10.1128643835533 23.977453717532526
49.79046184545351 49.308563383462726
60.96766195118764 95.08343768458283
10.185310555230377 61.75949828344389
20.678226315051383 15.297250984740153
51.073167768420745 59.34739343340454
35.542386710302964 11.87187439807651
41.17687590351573 33.65431750208852
39.394419436086324 93.09253824379707
64.42740113909178 67.33052570525643
21.017082179638468 3.8984590256760043
28.128791172296207 9.572091571728137
28.411510021846652 25.7743777009821
52.09247169985369 63.52869078005649
15.037966959322047 24.82958487535747
65.26300835057106 59.40956114014653
71.45471475559589 37.83615627122992
44.12463610209685 84.47702991810557
81.48801767284341 35.46221159072629
34.45575908556393 48.651808828786834
0.40871508149098457 58.59710775648932
11.842748943851579 13.20700787661664
76.6895803428785 76.67602550722651
78.99002143033884 25.010886722796478
92.03218611021171 68.6138812585535
37.66447104773869 25.546599803640223
23.868493127668057 55.00778327887774
44.66969833590464 31.829897251148754
44.94718395372808 75.33098754610074
19.528227046315894 42.25214260647678
7.265423011095784 86.02640996600772
60.22175556029617 82.78942371030989
93.28416904767633 23.125037034816565
87.05944917819795 8.771323406934739
99.04669767520619 10.878041802943006
55.08617159454437 79.95216645092668
71.97127382593675 3.850835194701996
34.673967629462446 70.95242356149356
8.826412302196784 69.09122200266447
66.89355739979526 21.846558639415203
33.095113603636285 62.90962306921701
35.32935947100226 91.28910338403932
29.50906821906283 85.32870127359138
82.228603873913 29.81191400276948
88.82516511485017 64.01595584049842
14.995825825303143 10.597728074262069
13.932576657461615 45.70944242870323
24.54293731278321 91.82728375013372
20.704153638803604 28.561465076624426
67.52010756866282 29.958576924718816
17.982233714071192 7.58548843945217
63.05504641084452 46.17198166868766
65.97202892189502 94.08676574807954
44.76530601391393 63.12838026049003
98.9420062551887 14.212050954982036
41.86138219007203 11.009745348537736
0.48919106893436926 59.143745742127976
59.863783042514676 6.393640517121102
52.97455785572114 94.47950645006414
12.778661699289383 0.44074765995891774
43.635036660209934 11.470950293362225
20.26380316249179 77.42028067036895
8.474289935709578 95.3820709379406
82.84639882249604 27.368682599328785
42.82238287017768 30.3904409708988
38.31435518800988 26.55533688248497
36.206120925588856 24.95302248488438
0.07787464673585376 96.63093693243223
83.45162278148098 75.26254806974148
13.41417404308407 8.449134480913356
22.44945722134961 94.09916312864975
98.08461269120836 29.573209153591073
29.95972125076456 4.498543372438557
67.7453533199692 2.9380246432628487
23.395881514037242 69.29269391693057
45.78743237081115 40.158471732461855
71.1882292047454 99.53707563709526
51.822745191361854 58.84415886182062
33.06594282955413 30.206979000150767
8.47247763624428 81.78076342057008
85.45167636159113 94.84034083234334
70.94367949688976 56.81376131220568
18.681719540035612 65.6080239949391
69.97694341567772 8.05299985017811
46.14025590641759 19.251732843876045
98.13231243164937 17.95493965331165
59.49518683289325 28.68001319430946
48.86691270382995 77.32910911709494
8.693510542737348 54.25992788601333
98.47296171028019 60.042560680819655
68.53136725373201 26.9185698729393
61.715873039391035 16.660237028894187
78.75092932145984 13.527320793707442
52.89741874905265 28.25145934335631
43.84745741186502 27.916451660831633
8.316545871282965 71.91535290641326
89.50883610455062 61.438013842651905
61.27004682482704 62.11304172367982
68.45553836887255 22.51670308076601
42.33271481942589 70.06877783587642
12.181068865639988 6.70877393386311
64.23299760936929 83.02535911190152
64.6057718808795 6.911464396666411
68.80121789955507 38.43017566859257
27.894590977683855 65.44497989089857
81.41732012733715 58.46710769519257
41.41953408881462 18.47508686970649
65.31302206171519 76.50301027567056
96.43256840666493 36.749947949793935
84.94727254059597 42.90149165836154
39.15360156114849 26.159845976040774
75.8774439106715 10.323242345867566
53.28407000230666 30.910604928635422
63.64546755284688 86.64940662950318
21.124173997787345 29.14697846627863
50.28251675415029 66.46511595620493
12.974942924515819 91.23984173082592
30.160667613698067 48.59568904184035
49.490743751771824 38.06869108009094
11.470234749411844 89.92239507588258
52.94312629855371 26.58314709601004
82.73825267160126 69.06418050955463
1.1463624967076314 51.2819766082057
3.6976349682999565 4.345951924599345
46.05111113024161 21.465944251896808
85.03135103912005 31.106442661654988
38.41309009710865 93.67615411947294
89.45922780320285 72.51227322076934
73.86993070365506 41.977770702356665
32.31129076118107 49.27350991518298
81.70869509571006 72.17075107994081
30.414866416334686 56.29550164376798
97.75403510012384 6.692308244422573
14.283741940068474 21.676954275849592
96.95632918307962 24.340338140618446
92.47582747981306 58.089516066875376
89.58452323134463 3.4913488161249173
45.15207095138434 13.844986296076955
52.07622537875485 38.72221706290122
35.317563779588035 93.81857219041517
36.48065110987009 39.56419138272365
77.0037712538757 73.2527359053415
25.82532630544989 38.71196932702308
38.88824270682858 46.23526379285274
12.267058728357094 42.77312728669329
47.4070999150149 89.70835302925462
16.006518167372818 47.08742415005123
93.50915382392384 95.52877426217603
2.5417864282783587 55.205066047458715
86.1161949203135 13.818623649565653
70.07371383968892 17.341170466344025
82.99610395411905 56.36570914340966
9.440984325146395 18.40035373895086
79.12198967127007 72.6988657537867
56.120624741778144 69.0038605075824
77.37755685244416 43.056938235870405
56.67436291320702 50.971864782236075
5.082558809071025 7.5728714386485985
5.626687169821887 63.672712178167636
6.553321604435536 28.238556432088437
17.0602819436106 10.101862286247476
5.170184299561775 14.8794902864384
55.79302696170048 9.67174735021783
35.170662888482454 47.67942522079649
20.429466916618154 28.121568871337963
26.132817639629913 15.960003831428082
94.86255463694222 91.94793608405196
54.03191954134117 76.44067459971812
77.85917139791194 87.45287210105224
38.06920132426599 77.88550503470202
33.35648626184076 99.78983107246506
15.486986071394583 4.686767385936075
84.82496113575057 14.857977447226078
25.6102500042241 60.34349392735743
93.67158850312629 7.72962800807524
52.291815042696356 31.189933423095304
43.354550436545125 72.36613020353344
77.0755654162018 0.2455153284008249
98.14808764619187 63.625992772428155
82.33037915906291 35.1578905720876
91.89055000891938 18.481405660086956
55.57664161409433 77.69790367867027
42.824194282432 99.77252543759847
5.839009883736246 90.9844472656685
44.15309453959351 7.384849698536122
6.313945568823187 59.81453149598461
54.85722106711282 77.74654230908055
4.362001328998177 70.41190371618507
93.52868675793822 13.131834711209379
38.16924584992598 70.36443640359349
25.36244836868258 40.054697623251975
28.44648570901873 90.54535087422961
51.47922120827406 23.021744405644327
21.539797003331174 46.90206931626098
46.641898745627095 31.83475685713968
24.273780996227543 58.65704722773144
61.155385386961704 29.301060907524402
62.846969542117904 48.14717201524634
80.30208296642039 93.910694732438
95.64858423539427 30.931514416508186
32.17799629371385 29.231587190200827
17.305700384926492 56.68094971405904
30.91790702979269 55.962115255769596
8.259705587393128 6.308576067219751
54.2321027266887 23.58554642330266
71.8879707238204 95.37860222049324
83.22661837913093 20.634942594524563
95.33905764090515 57.3893514508796
48.31724861412332 84.5933311573968
78.14548139281344 83.94776559752913
44.363249829818876 74.6480227135649
26.47644886736491 88.77945741404059
1.5886414290469775 68.99215156612027
66.61196537602878 86.04051314072537
54.49951354898115 24.85303268035168
28.658320760793043 25.551527969620523
16.88069693121559 9.029322185438971
5.118363050778507 65.37491115839596
61.80793523587009 9.2033790106401
71.57434535168245 17.265787289275323
86.09094550092556 69.03287858403327
52.375797086919306 10.463280209278537
94.97611907688919 26.504649178616635
42.82833358657023 30.350006964064114
52.592522955918916 77.9061899177712
20.68226449891053 30.269920977576902
8.386252083236556 68.92192286651344
39.26653991495428 84.82321312489107
59.326425421368945 16.021891865195602
25.51985514360322 12.522978160165854
51.38203768444527 20.205526003986996
28.69975650266263 44.57271933053599
53.1162501688832 46.59645607332652
53.09408649371248 2.35224012785058
99.23471477508832 32.99480085664275
79.02038978253705 22.834030324648637
59.862270970065026 15.88090225427834
60.112804964207214 58.356422574461696
98.8223341797692 44.22953145690172
98.52231763875265 62.93226755942052
55.085403151140696 57.3808175787377
94.7850168861778 93.30700914736738
0.26227985839519796 49.964132554613094
68.53552540964272 6.226453807302756
70.19922743987756 90.181882933112
97.89677870131344 89.41220897263507
46.31677807079417 44.361823382741285
87.14323452514108 5.2494773500905145
73.91465691300638 87.748109630008
37.798542735773324 33.67219714119476
10.585562580002893 10.115963862222067
59.86964252384021 42.58137112880651
12.162183758500777 97.34543382225087
4.831022540633101 43.19285616266561
23.638114343386984 53.60161513786223
19.228732565180785 10.161429032361568
29.550593042023987 71.6289438290935
50.402772699010924 72.50167935015999
29.565528442746935 33.667406005489894
48.173182003666604 65.97203376800084
38.22399788416937 1.4967530020545627
74.33962971212932 88.81301904797019
25.51179595483881 58.228742804481605
15.482544228800332 56.21059621525792
77.55925894453806 68.68457824677256
78.88379494784799 53.708715024933504
0.8981319094287787 44.41642741463407
55.66557553059 91.23242318489244
59.27139759793041 68.05946008836005
98.04388394182648 69.9747523666309
56.339750053035445 6.872845681916795
77.14064225202668 60.83499311493532
5.772660663728657 40.14916864504829
41.37876032859671 71.87208890465399
75.5756624917534 80.99869352187837
76.26319358803538 5.44207968871806
89.43613365847965 98.0633196043808
51.85184613409732 75.94874492856955
34.24284190416711 99.26406044718337
70.37924305517382 28.265204527383613
96.20970166968807 45.19024749194664
24.406601365385548 84.76165700026624
49.36216198703194 72.0923475917664
50.356525378428096 6.012958807380353
86.11506164945595 13.967470305124706
3.5668324235379023 80.58624284887787
73.14915969325924 26.958105617985282
68.72356618844032 70.00194122669173
24.29931573965991 93.4059881493285
48.379999608666544 74.76007695970578
59.996250086482725 85.70978627085985
33.19596019590703 37.079367396656096
53.182151606040875 32.594708490994236
76.76187325340793 47.275378769842405
56.05853219795583 53.99977771731699
22.448270320345042 90.15861216045916
27.576295257252713 14.953702919575584
35.51124315033145 31.84716831620338
27.169975029599524 23.85377777294162
5.533969753998558 97.55217951917588
11.14107902467718 54.70246329612279
14.547077386838225 78.37814931358815
44.11345176903261 71.55652382744238
63.264149127636045 79.39473858608545
30.90968876184359 76.69390217985818
84.24585958560138 6.236773563282316
81.11769153148556 99.94356913985709
87.9067006851886 17.87600532271818
77.58878393830418 35.34211018737332
35.3586606286217 53.918537230186914
21.158244808741443 34.92919287342184
25.44171019650927 10.877321479509261
56.715802564263655 83.64355303586224
82.78571221563979 79.84265803975008
12.976043045687558 26.62885760897007
49.95963958791045 48.83546363069031
33.79216875638369 47.89814173755458
31.396828096059014 14.693878537861615
76.68953685936695 17.771011059681907
11.965826016075297 59.24932078639817
41.05014044505173 38.58225691468993
36.05263856954144 45.53121912114828
87.49497604866234 49.88314890033494
29.001629465977217 29.160491066449268
70.12947984404829 78.67727009488823
36.98969392305636 88.83218114000503
0.6819376767343233 39.956374899531966
22.71165475436472 37.467055772323896
99.1585410427704 70.27477223863468
83.09913100220638 9.018543289603166
48.09581171761401 15.22721449490001
67.96083080635636 11.721894456037107
82.40899937916592 92.55073232221507
76.34547850157473 5.163066209560396
40.83127086138709 92.62390001387556
83.4281801631415 40.34437839507004
38.635089628405964 54.05999249738358
46.02903261048525 23.843110659192025
49.1197337117907 3.5561676196118386
95.24494817982165 33.692166028118265
41.698386051866954 0.6773766205841802
88.96837774044198 89.50904770166599
96.80455650353463 71.97796531815683
47.599367427513386 88.89189959049295
12.835703551711376 77.51464226529818
70.32952408353535 12.831476245690897
36.40891967173945 36.72750943848258
16.13311460426139 56.65561592151771
24.832054939519498 71.84511707344221
88.03953099942487 27.806269690208385
96.1696283744967 77.23763688087834
83.67737634987576 22.167304091207306
3.326403123275923 96.95010132481778
32.00866569754584 28.873000926917758
86.0905612111287 36.29207434365136
7.5744705958497915 44.47468068105791
68.51978094126734 62.45998854580637
4.870388998415476 2.5791767141863264
34.117467283164004 16.519491146492783
37.7105749315918 55.637406113160836
74.24358502311537 37.26167331128178
75.2427966691194 45.20106945262117
41.14985027257594 55.73371512794169
85.10157855460125 36.60003264758773
53.605285655573944 11.714321486587886
22.857525611215124 85.18318374006364
95.96345811428975 67.3470132588346
41.01635862703363 24.938929569848646
55.32119084600913 28.654785810452665
79.07268784424531 21.816807504904467
42.42834346855957 17.757045367777422
43.75645478316677 57.837747779888346
42.26254529958817 33.346731428989074
83.50589460477806 45.94377331317274
78.01953449560048 7.1710261018120836
63.35125707249969 55.63612646473543
10.5656419066535 57.53503547532392
67.3145839756314 74.5064147953497
18.161763506003936 14.384068696345187
18.859866619378018 0.4501633531312166
69.43994368844781 81.29302620078916
44.28650284733537 42.65160201841989
92.77327361959789 23.76382574781486
18.10632474030831 70.74212246240282
74.86130808667201 77.57195288859747
7.109417065158818 25.49024207613215
46.30659203816781 5.643061568037089
82.29865754506321 43.70470080563973
0.062007672625807864 99.7502713495351
3.630105316874288 9.528750590000401
33.44916864473151 92.12122493716663
63.71021333638982 38.45303020575306
96.6098270467137 20.48352760900174
20.74010249278677 63.255799872677684
67.37655530072087 95.32668989851307
77.34341357071857 59.51596949791331
43.309970375948595 26.050761785461685
25.23544809354994 47.75869102066961
1.4205342178902125 1.6506589580995934
