610
1 3
71.07471610488818 50.83841720392333
58.77468832435473 49.54929744935581
90.45908336620279 46.34607226800382
42.980348561550215 53.140584995016525
4.804929894895338 63.40926808207854
46.571923795584105 18.895055137369667
63.887134671166294 90.47574207048648
85.73029144590554 33.45256023895591
84.0449652165188 0.417027996029673
14.152025085762364 51.16157258950338
33.153918650165636 72.8524936628101
67.47965482926102 19.732516396137978
88.23659042706684 23.29199601920251
3.7814452072265636 90.76359768037851
68.75813439548534 75.43022954446579
77.39311287425654 64.63120768183586
69.84491550016394 43.396336488194095
57.84310108118029 25.924942821473106
94.52063844412189 39.857563467365864
43.8151460741663 32.20571720876335
55.84654812899945 10.091906429313212
36.994895198373044 1.4610088042352976
39.16824562279493 96.93703592388874
77.11799156422046 37.461735382831066
86.91009156334353 58.328617751448334
8.593977350027027 89.67215679866536
88.93140224268595 27.036764794716504
14.262186300080737 97.54477564158985
37.63892753506908 6.771742191256824
37.94497092190119 77.21355627583351
53.53774790142221 32.972818607581274
84.23741138039513 16.011576938959294
63.23824714640367 73.80718355439816
21.221187372630634 94.89588650504663
53.492873027235774 64.30413633976084
87.52741179943348 30.347201350936647
35.5575551827191 74.56747276158262
54.46363625570778 43.25035050743726
46.34308214888632 86.51101801422094
57.54959109367705 72.14468770965318
21.52291319715165 9.392717109911874
99.62671213491087 82.8882672217234
46.65524861108467 85.98693525121624
14.40988330239441 76.7309041409818
75.56177855623314 22.61658153884745
0.06907374874871586 30.33834219941869
68.45170032390082 39.82294691425254
72.65440248157063 29.02632898974147
58.28890131447517 29.521118868199324
27.191489047059502 82.35764275964034
13.196801096131017 41.38723236647501
12.337472243929115 14.01847276580559
97.06155611858587 81.10432372418366
23.069202384276988 22.113910335952003
38.948567601651085 12.445156598187811
13.215657028049455 82.31377441738034
87.50948637782948 65.8931316161711
25.24498175413845 33.06500667365842
11.526092749337558 99.09036147206453
91.04854766722188 50.23456921155607
74.63727811626923 57.329290807790635
7.009282992896737 88.51028630348077
33.82034347137968 76.4154164722376
8.55429700434469 12.276443319837306
3.102308174577084 81.25217450267176
75.92225743772376 85.25712556827418
48.08255764683791 50.23049010186333
85.75360384043165 32.28764786418641
98.85503498120852 46.78111499799951
19.99533014689503 79.05872781580318
9.515889375558073 78.1686736239026
60.986559555756095 37.872712503626985
35.056890541357944 77.16628777625694
59.688945179942074 29.93119215673159
89.77780741559991 52.472833640515894
8.204219468715323 60.38499790598431
11.37783683294289 14.76051872428561
78.37233423102516 5.51707635963774
92.62547617236896 45.2029107907163
74.79770289186757 28.4260302297356
31.754559091174883 23.2397749526428
20.27375418610877 69.00395624208375
82.46481958625556 54.85488905856517
15.903373533837417 12.844293454564081
49.0243878180959 39.77155682856448
42.01369511549324 57.00824592971225
68.0997254126618 75.5714098456711
12.871034949400828 45.81344137133554
56.15750347762825 79.89157149301269
84.0988643698693 94.41812585484803
89.23654137671176 75.26102723836507
67.16969193563769 74.22440562732828
36.24909326119157 65.56782534915504
93.84173733931655 24.371309989822578
85.33524772723673 68.60300403837695
58.53143658899733 80.67916945807202
94.0143655070228 82.51745372871117
97.19128586018458 68.20821766750196
59.26750238003831 52.07132981251268
80.23294109579673 22.097214088359674
29.695234001017766 28.868689420927574
33.491657968571495 11.22301349987509
69.7964697031129 92.3619132738456
94.54389247236045 78.85338695649054
51.85386178193383 14.762888926757366
53.53594963819512 29.133110124097872
53.50307720814138 80.22965228073929
65.74027406070148 34.305913833729385
94.9841518522029 8.858011575552416
7.292435683445286 93.27317097454755
96.08472519965024 4.438006580834464
65.10302867079064 27.05062962596387
73.36797851354468 61.60041461857517
86.322726933687 90.48482958192434
62.43281845867703 97.9516350314577
22.351319668892454 54.48001189104787
70.13691479317295 97.62940254968689
42.71472677481442 96.64599572063135
44.39635432482461 85.04217656970958
46.76778537059943 16.805573734823987
34.0155620723739 32.20882098166997
59.20918684476235 30.187086610839376
15.942222962849861 23.972109261667683
0.7880697489678123 54.74104299600331
49.568871482944864 83.16967375517757
17.289934003832563 49.34489359868972
93.23613559021815 33.7952819152765
27.426801933713495 97.44908674347712
63.71805309337175 67.23337808515066
42.837112687418966 18.84906476629167
37.27874975899572 46.282055364578945
93.3883308038598 88.57679370274258
91.8663982568207 44.74880158035823
4.862069987019124 64.32634448696466
48.30569050542961 88.64839671722713
25.549610407624755 1.519035228751231
10.824259545841318 48.78552459202232
40.370643184536135 58.685585021875994
27.22185634433627 38.3300661191796
85.40438887797994 42.81797250643504
84.98148963436236 49.25199684110832
34.44924488401271 42.552725888908014
82.9148546350916 85.73694606017426
62.470643587285245 34.83892658549941
72.06265883804765 68.63462357887641
69.1078986755252 24.474961037781128
35.1802363650461 44.900914600510376
88.98280115030732 64.77990346966106
37.74824666979224 31.988218971848713
20.61902115654386 13.681079167115273
32.1238178821043 32.78392141649063
17.48436143759522 70.66657734079772
37.032997544783285 96.02906296063163
30.404816349778564 75.83965358048195
16.09965680398635 2.8560857315002686
16.576409216888788 40.431079146170745
25.13760933389857 96.407555665259
63.468815094637286 58.83615245960976
5.363845283610114 25.454729589719594
63.29074344392536 90.1404294667518
80.69224730207453 6.637120804668828
78.95701960038282 63.406858332051556
19.48617003467841 97.21858342042744
27.955059416027737 16.08888483739639
61.19957403562797 53.52741860996917
79.39178346236093 1.8936954726677113
64.66193933760755 62.89893399413924
73.68274949979052 93.44853358434891
54.79506404522998 22.65267838941847
5.906594433993972 33.6858866237268
90.43559241854113 40.83191331043985
47.641932195788584 91.41986854700276
79.07715855951834 29.561138963528744
85.89961987425305 88.99556920454856
15.999746519892465 36.75860494416596
2.433444368659532 26.01736200635214
17.33757865247425 21.75861324628685
65.3664000706607 16.05348487186753
23.035804629394075 87.98756197928124
10.059701962806944 44.55313647560231
10.78334662696605 46.311516686388934
66.29831553521686 10.213148502667991
16.16682309163535 92.75902502126112
66.1918174518826 65.94819181559647
24.913462260125584 86.97179988624455
56.593793831868936 45.2491060342338
81.89980156361199 16.596538409588458
46.90827140448508 99.37516282732655
89.6828593775046 97.41931085411028
30.338366495371048 99.56832199767554
13.358175872056343 29.33895485875484
7.077815337200599 80.64303822291568
35.38644976183352 61.9275095640917
50.64897131433654 44.759960085112425
46.05670507458341 21.020593693959455
11.413259551074884 16.75087874178638
92.23697973190647 15.725658124296471
93.24340722936633 50.20731628497903
53.618595836357756 97.76043540368443
99.3667144865116 27.72588109572318
16.836546737532633 87.07113251747171
81.87350851393084 86.44304437451021
16.580255944405287 28.46550535718164
90.38327817183713 99.58176758942396
64.62156315115897 31.508986531402662
87.3010333936352 25.873336340416664
25.236528629475472 4.3539063028757985
41.45859490102539 71.46573037286421
88.62287661493585 16.69525027190568
90.26166778112992 24.1854300860717
23.803363900617924 74.42169033723836
87.48222407919724 53.13883207940364
88.66134356214897 44.67557216738114
17.196713792549122 26.81906205999509
51.524837087411335 2.0355994219050766
49.696173982516534 64.76458412757229
27.252271958486407 89.53157456629306
14.323845563232185 65.9610463854306
94.76906609712397 46.088592837973884
1.2628966094699656 1.940316890622551
2.787507984561133 36.15323303421793
85.3620788090045 62.821513381852355
56.44494969280054 59.06308924580319
71.32267220861827 66.31204918332263
15.714532406431058 16.167160570856055
70.41999420360752 34.094622432889054
83.50661493418184 20.962936948995115
62.23218050934125 78.08907902896438
24.458521483773676 26.409979952192074
46.045933151760735 41.090992336755285
11.82129186500427 59.54777709506713
30.97309266492121 69.8802780096911
43.85551873247431 98.93644267797961
56.01401161522228 44.08222210778953
20.129172654556783 54.58415712585709
96.58334135262218 12.427874875682686
45.08837473465634 15.93067950310334
78.50140753896999 66.19397220248831
27.315097230679775 56.95306908232354
91.89421192247464 29.450891892825524
2.852168810322553 25.42900760980944
3.8472146488204073 46.37151561123667
13.17118049460344 20.691612536757553
91.55582979648507 94.0767830874915
68.68168810549733 66.67372268411063
0.3468800888071888 94.05564608884525
86.98991498000663 34.88717572853677
15.134041879837179 56.48752125745149
26.008839630193247 14.461811711113892
7.826569320101018 61.6238476286322
1.9695183657967297 68.82356938422487
8.598818968682354 4.407685423528496
13.405177222345731 51.54970187673178
64.13621920347697 4.339909454180746
4.5986165477396534 84.45478306064429
87.73467347555015 89.81252872660528
48.05362931194115 29.4377561239614
92.01878441278627 10.219273792643113
70.46306818994242 7.613263259440806
38.88102077801583 55.45766587461587
21.15096103736438 63.3778455838506
14.751812597781777 18.381136942359543
70.08721533047839 95.58881999906257
69.21682374273843 65.62754645002504
79.88887887119202 48.42249291539184
53.05178400721087 99.39413712754919
23.659140689753432 62.58424114571564
22.352429287747235 11.62049049202507
39.2133451817853 40.5971355458818
40.790964911698445 72.35572884393902
48.5908821743501 55.49243363136156
0.411990305200427 2.4179005292963573
18.989518359167512 47.8632111138767
3.43934127290626 61.4584605018921
12.981296690006005 58.76512098893987
62.5391830140775 26.173249637261755
71.52341500076295 0.29714572577859144
33.75732849172775 12.819057747590467
86.11558049554714 26.884043000311774
8.376402205390043 68.39903272786066
80.93679450326519 15.64746179171912
74.69718672563819 19.54035580281719
16.86960438970546 87.46922973851683
35.27525808814851 50.25634663212386
47.251036955706425 53.682296577266
12.950789887852409 47.98190039779553
43.43442700870983 41.46574362955513
22.921629693659074 46.17026468573921
64.80314664239022 27.484718334734914
88.97395929660014 32.11260820353312
16.72279681696509 49.37565407709037
53.85799177994572 82.43606194653094
15.306730969595407 3.84383411040663
62.00262370572951 10.811770608255866
4.154958000160125 79.76688837068355
69.82538278302661 9.395704352313295
18.405799013498747 15.45662304047366
59.53242755933539 22.21088620551923
12.21204019668425 13.688648367593492
91.34898575444255 99.77755767409198
9.085963345517122 51.21414863074803
71.12375263920529 16.53940885401375
65.70478417170283 87.02405971433029
70.59270706195026 56.159569661704566
73.29518748335957 77.75121160976737
0.152853742146708 61.999331082882804
51.480150338257324 15.143758731571722
79.99457848974578 53.61711262356425
14.74539965385433 82.56718734886834
29.920538263668426 56.12719928111769
39.22849975386802 80.35217527871576
50.03556872824815 61.63740506969098
50.98912945194605 70.56190265475057
54.1067014535767 30.717565844931972
62.58597598563884 72.51778255563603
72.28585615937102 98.93494567968679
76.77844322201244 60.4853468783545
87.91119461753796 45.96264960685921
95.4041806558885 94.43271111543099
40.76211470136813 68.37819305442481
21.60034039467511 50.83495407856742
5.9585060639418375 9.67302828871539
93.73176398959171 37.46178828517295
61.83105060599176 6.33890929281109
77.62311361997705 35.573664637751804
14.716931987095471 55.121091003605
25.415046800607733 82.05576315985627
84.9394389411979 52.7289218294468
92.5624631533031 48.58414719030715
83.34600762955604 38.9775455790329
39.42975106621951 77.45829186867381
50.52440078058762 52.4251985031257
79.35857427195619 59.335642667721174
70.5589445332699 63.87428966206148
0.07540461819421918 7.161210665718243
53.5056138601933 38.05874697498757
27.95221387637472 53.103598979020504
37.20659150899648 91.21945041311348
58.10059164373848 51.719915049137335
78.62433789659889 61.324302205756375
54.400789177883 38.69182911198581
60.29666555932689 20.417057703287522
53.3676028150037 88.83842825528208
2.107992885579879 48.30188985126098
37.103466646138216 11.046901502217544
11.883276947751087 3.0966695965526814
93.74160018560713 31.2265694052847
64.03640117512165 1.1754202526614632
69.95523846048468 44.357936343534
99.73137050965394 44.22673295426138
86.11783424963333 31.153481228716352
24.86430444253369 58.4384886882144
99.75941748563638 35.847828870177764
71.96872429347493 30.70538040950417
20.108831677530013 29.202331058279697
55.391718745778995 51.82984609772456
37.89088916477721 18.282237666621427
1.2991783680340374 67.9579501356263
95.4973681639393 19.708885802986863
98.85878741313428 14.689702245198987
0.7083098587019387 12.131637802805217
20.535899392820014 27.584880335680182
29.40290108245549 48.78547612733417
92.95378132701234 11.333503867974425
29.266686300242206 50.17008709780273
70.55716414854733 50.30514044127965
54.63590599717849 51.24165312268725
73.6720302223746 72.27414877437232
28.091162642020716 48.188725699713444
41.519308974473624 44.821743848405696
57.015862417539594 10.90465902634168
15.715523893333593 69.86114378709263
79.33712106877499 79.75090829414806
38.87418230112547 55.34700248788589
44.65413872608164 95.49896442721612
30.03131400959107 60.86028007159363
50.28994886824143 75.43409513834159
64.17205765923653 72.08784539583502
52.80176559848515 24.770379709635073
56.82914024233177 93.96551954120598
5.258201984034883 21.325706841266644
65.93163469819466 38.00565881985241
5.93507047412174 82.47700315780153
56.07677090432552 18.762501610754057
82.31170886710923 31.72485861398917
53.655413846545756 14.101989991401487
69.5024645573752 64.97134063621277
29.06913814603882 26.38073917473138
17.92268960299268 49.33108786409155
52.586921111148285 6.1674769487709336
58.007739128768335 89.76566175916648
47.40517340565089 42.38439541461303
52.83476512156133 44.2781811613395
40.481694624734764 67.21300345124415
53.79602048591883 92.34921416399654
0.49208908879794233 8.553129844491725
12.381807804908052 12.434517477861728
16.09497554259991 22.070123418325593
74.11389486381854 2.6887941571021923
45.69223334125381 65.3761708803632
43.53306367544354 84.64904981284138
32.17590835198823 44.10275608228351
28.157084521071617 26.4666622806484
5.743181748302351 1.9335779531784114
7.055850640703354 6.413353183759796
89.35880154696187 35.09412143523423
25.343695307082914 65.66133724621801
14.362748838890859 30.151889036922654
11.955837462431473 33.445990947429415
83.70567159712694 63.43324341603864
69.11644512326347 47.24429024658085
94.57555249424637 67.15509378468715
13.617338820248893 22.428008639943563
37.86955840077637 99.93166715819474
97.10433409389816 96.36099945524576
18.898518310777156 25.790716455678453
92.73271545931824 37.163274423083315
94.72717738755216 77.14046644851544
38.75798860820101 90.83733961706382
65.372136613755 83.99510674023884
19.04404459199174 20.323446085444697
88.93098793047002 29.434790369147912
97.465739897391 41.0218201696632
2.5633326697973136 7.818776071329059
42.87181468780741 46.313369363292644
45.016004005934995 83.68163690694072
10.48934790424505 22.782184853347776
30.621141297831265 93.1452481670486
52.76835185580819 16.580680036332197
81.64241667059673 73.8692088216818
66.79647454312692 82.26292199527103
85.30185337364418 11.436829052521592
97.70440931497906 54.69093463800818
80.49362310244514 85.87310055934871
82.04893049112397 82.6432959367758
85.47575649296529 80.96895292863613
55.96520052113356 72.61593643671385
25.73397550199019 25.955988947864196
47.06729163201027 85.10008562330049
92.63897637088496 41.99841095575496
82.15035877171502 89.35385046377593
61.314981119977816 88.06495442243063
5.0183808066069036 3.610197619816402
2.9571612253540547 19.262819758200187
5.613817937272714 6.9182131137143
21.978654256230623 86.04442859349331
15.535147395034699 0.23238777484062556
70.75796834532353 80.5636409622186
71.49215005103544 42.180241867429324
45.057601365719876 21.697931509328615
1.5355730081131336 92.74169949851387
66.99501496710532 6.130456078703017
21.161085313128638 12.9801373284399
88.29772358663878 86.87131254566347
42.78040433440622 81.10860660629618
30.260033005063434 84.77180558791804
72.30186310476971 34.43240967911656
9.893706875345165 67.56482966073472
17.549422385863256 94.15936368683242
76.44535951441101 73.11065784046158
74.82819218272381 59.20939261359963
85.45698431500759 12.423617964717447
47.048944367938894 87.13965491879448
1.7379802497058394 44.6018352080104
40.799621285258205 86.23668121107602
18.164917100785228 30.535630314092455
66.64937970349314 2.1025397980763083
76.42039731731049 96.70777606470477
99.91678721334264 31.29897917112916
26.769904823225165 46.87268126104944
4.095027521287364 69.0161845460566
89.09834107270808 42.157249027576846
72.03858633114547 70.73160996086658
28.312128882968235 59.29252744172855
69.05943415255138 9.93131493365087
55.91042299519242 46.37848335813533
91.55913482217592 76.11125376829678
75.97764373407475 96.00694771444618
23.813884108233797 95.50098640202268
85.39578777304561 30.061388623051588
74.25435971706924 25.09803934755248
10.351030623992274 57.78895562125768
28.916547906539748 2.376400255374067
30.997980748249155 19.37572804115357
19.764680146673474 93.46375875613096
4.0089056103332465 86.2649805832971
55.86281453035868 20.46521694627501
2.6101258884881684 45.808969164085035
49.83865488501482 89.43183786217762
35.22099687076965 3.476099902093388
11.195866154837475 59.99343081895236
82.56817560592809 92.90659152239317
2.0922494708085493 93.23069146447347
58.86416041533895 93.30881180029291
11.66219814156464 46.75825722182141
41.3189079273788 95.52471949283947
57.39728229846273 89.8937064026939
40.6323183780482 22.118897826384696
8.060965354950532 45.045172364369535
36.98302156166739 27.452006311975442
38.513287261547106 62.29515935040708
23.977992108275824 36.31817833041715
92.0739840085071 51.396713495395055
79.40865778291295 52.32357319723133
25.21582314671327 99.41589046501038
12.385204279697248 68.91344103459576
73.72070507472502 80.32064182274286
94.82099390697707 52.315292930050575
40.83258904606806 17.323078763811917
16.028425613162355 47.89912197439985
3.6561346561918784 6.23978672187584
37.92742067548702 17.646725034325783
39.70746883259106 89.58782668791665
22.84131473384592 97.9155030383571
49.26785967925716 40.9896470705083
21.00706761339739 61.12838656761137
39.0548052137883 69.99124096939049
89.69060442802146 94.19014454816102
55.389620201794074 13.974318180761426
4.104489444637793 56.497991984437434
57.74972735785897 74.2283683004521
24.44357914740969 18.666539282923765
68.47916834134328 64.27786836376437
0.042470676978112465 9.546099219083715
6.158741985078708 67.8017862983654
80.22258382160116 34.0312674977576
9.74995018535445 17.90412079007131
75.50265706090522 33.266697901157194
58.9178286402823 39.63234521908498
56.23638309846679 77.44645032633206
71.5639166682551 9.938295461483527
20.976099221802237 7.291427880031476
15.472090971818119 56.03761392583158
87.42602300603923 51.42204832329726
19.01511872731114 86.95679406718504
57.6666935393531 12.551792232326608
16.16285325276776 46.59933575891484
98.70755570180796 4.08320427242741
46.098289941928414 36.702501856982565
75.05252078321907 58.51347367895406
52.741171000258014 38.60835405822627
84.88210163487098 32.19827449629231
21.780308019076955 65.38593988842025
36.74698631618887 37.50280740903455
31.935051680990668 15.666985412257528
99.30149297952664 27.673120116692452
47.93568308322131 19.194146807921754
65.47167650752993 18.51229007386712
50.627905701950596 97.62250276829508
13.130883063993991 60.0196111314449
17.342416426036287 14.577623874432355
74.46978749282935 63.5309079268979
84.91039538358325 4.335290973342754
11.79682364257979 39.643008343649576
61.4232350331769 16.80064285434355
94.58351697587118 8.86960824553855
73.26787079977359 72.1160719814827
69.08053019947822 70.43309767699708
14.80605731476221 81.38356592522472
69.69154497685454 64.68592652261995
52.035004861951876 49.75429534347584
32.75543595537069 77.23541464050938
59.430376730159516 24.096489835347423
49.72451380509344 44.10708779720449
47.762330225372466 22.394539588242868
44.00072390388039 6.433209659787531
46.783195035077505 74.19723646469375
35.072873831206785 95.4319279336852
46.882342210945026 59.63886678878821
47.57781623709665 30.158212142302077
26.287727875028043 23.576795473284395
64.40922523967416 48.21905603426953
7.973178000256165 65.406852494897
20.552026049294337 68.02068305772721
88.82114466443771 74.82915172287296
66.60189509563645 69.85315014164028
65.16150618335854 87.18780870985223
24.88250796656959 82.27721190904451
14.21450567637943 48.28834058016884
57.767173418941084 63.81067656513224
44.80099526964523 40.599491042332694
9.167239130066406 50.43917498984551
90.06710364189601 36.26834262266361
81.12857438595806 8.130355339838502
4.488536421012879 34.01390329702083
28.25985471218364 70.74834640255936
79.35139318100735 59.13206134306235
18.11401303768685 98.25019320807307
3.6476497116266993 48.20987338377418
42.194475270402144 15.323297916971468
52.508197096411344 29.240744384771755
70.14115416841318 32.76256558837605
49.02905122144012 20.80248811795775
77.1303240087209 7.795306068268726
69.37177267971076 67.98348926831403
29.26921153099451 67.21893643375137
57.02199351332398 10.142320915915182
22.33800753158488 38.117656751350125
50.80267602506334 98.8886568197471
54.476896303129216 3.4346323390162414
5.587198070641675 51.0147407258841
24.34704342371632 32.92483144524332
21.591564953890916 72.57794898972698
68.56601929485495 98.12271858122732
71.03748499412465 52.20385338140636
78.05315589305806 69.3819922432013
35.21910197069127 12.06851163725493
88.89140502144406 57.11573102213494
28.560036903825914 65.4991444348396
90.7059876866098 44.202954307053524
