230
1 3
52.17823416497607 71.95118475635876
10.43855210332083 32.207436574081825
32.93382379029628 57.963429579597815
28.15528119433319 14.472427170476632
89.5763109130274 9.374927078221162
33.70139974003396 45.53911841436942
24.42734634776191 61.422708727565166
58.714568886364994 57.07684005421933
34.20911744562647 38.28436884719173
81.93903310596072 64.10357120593642
32.738554393526506 64.03848676294734
26.62819553451561 85.38506901809994
91.10665447807271 17.620813605611964
20.11313236707657 26.897556128198307
86.89556744556268 58.638860997964514
43.48606816169143 13.546907022430666
25.905926473925756 77.9636807354815
60.3206030936964 83.55153989755337
29.166779795977593 98.8605375369419
47.54965781347773 4.574291422258936
25.799761044085102 68.8292581737502
14.757465480794574 71.1304406147717
26.571991639975877 11.334979085117446
29.114424863269207 14.57926338113731
20.520093199137545 65.59911282824169
11.488015669969332 34.89701265017355
8.28620516302221 56.971738991248635
87.21024297927906 61.195183915202136
74.2833607586566 27.122085282453035
98.0139183926376 11.594629865488848
63.633613686320146 64.16844799191463
47.27487532501329 92.92734238672335
81.04351518867465 93.86267738556795
48.01532985403183 30.482048272045503
33.29624843147283 85.46434471617998
0.2147256929611263 17.26982410700193
78.51967273931726 9.110026359889023
92.00854020805787 22.414785159306216
95.73995376595845 89.77612257313908
0.12778978173650923 80.49532905441947
97.95814401114673 11.534462162226955
32.82851388144958 54.10148936370662
77.36291049604425 12.944913441932249
4.046258189944418 32.32307801247576
37.98823231867752 21.190197589186678
12.175692005384487 96.62962692120777
16.173677688268008 91.35451727487019
64.64928390728484 95.00888093902651
63.43482733139909 18.799781371627546
42.546136626296004 9.688614813354747
25.15530660301941 89.7154170060698
8.657702313262394 26.864603936690855
36.9022371130338 78.80273722137296
27.325889200293595 51.58743886315938
44.96751838299575 48.07434438166565
57.60526693247818 93.72570014542137
93.54759505096189 61.2631344664619
9.38970596125841 91.08578598486159
60.53233437099508 75.64730334412918
55.760836753347974 56.65973416430106
85.57328994498936 26.191367375754048
55.55570197924897 49.13887609662855
38.667204820587784 82.40192004057346
43.4717672033007 34.93338676650153
85.72174321384314 94.98758656456845
37.921350294872 82.66271642824977
62.47514229030653 26.1769004421325
62.43109849990862 0.5870089703441161
84.57508465321801 26.95916058641896
30.275101125776203 66.49545112802467
36.57619030871153 63.73344677601338
25.037446551623322 42.56396561962277
45.744233072486054 49.214277459468605
49.59021087854176 15.596370440525575
51.61464833360334 41.38833809711855
76.90514928771597 34.459423224058995
29.56395677471906 70.72137503557425
6.481163334394524 18.46716395390706
20.02784646650284 99.46483793053535
99.51978744058631 38.97279039443937
71.06570824459575 39.32338647269786
47.91095410924315 66.25991926353143
54.01129575351944 14.432881860209012
66.73414320850371 40.075729924893054
69.18256329116079 77.73706607515629
94.95111566763812 31.901478743804155
14.640596411949414 76.89187235449847
81.79801049303819 87.7695984731209
38.57161646012845 86.4800809823415
44.57595501677174 91.2152811016861
43.94769525052931 41.37013288836731
11.466164586151795 44.77330850271714
58.88961313426479 46.521788889868866
89.34354812165704 53.52218718556261
76.80050448052388 97.62866265463126
29.3564571476961 80.96396656824648
92.8190850949407 72.09028804475244
19.35970531630058 62.45983118150789
19.453340620730074 99.18476752555499
87.45777895432323 26.243642818918044
64.15338558522686 57.09445415973469
86.21737108383198 30.832355549661926
99.08122777059731 89.7048836338546
97.2070448472939 31.671108571562414
35.641597206614684 23.51081954938938
89.04457520641775 83.24608723615319
16.396536202987622 63.93203115549069
99.25863154581505 24.13363201992538
14.123080075774496 43.600546006931154
64.06843120019987 10.31841372222444
93.88055799599289 21.900570425876296
17.351151946025656 65.11001763310114
6.317150620916534 47.121202360003814
97.10284599528379 74.01639039556673
31.402016299950255 42.50090034093874
85.40848785426158 45.61425838170139
16.005760285739655 27.590513805349804
72.7410778491352 67.58338115964371
97.73373728195128 8.025608410789964
70.77446405565236 8.872240961526456
21.66855391771292 93.38921198988956
80.75131374004516 0.43302916914318423
5.003806362029262 86.24727884882766
99.84817881306098 21.326566188813324
52.89844862078943 48.37539113642708
55.35842627985226 81.13247364494967
86.16043511753595 69.92873343180024
32.53884075683915 22.40682917793013
96.09574367913191 6.219712887622664
51.80370797076943 80.33309665352091
68.6019492318928 78.34076001379786
31.752770109036277 65.45855509137925
30.12050286638881 48.340680855826164
82.93873118390277 96.46253699243807
54.83225034527368 37.67349140276322
99.89917967122366 12.388442235155717
4.260078896780639 56.589924237678616
65.21860813381318 68.71938795380889
25.010823346149436 58.05628033841141
6.766202891263351 77.78022482914623
17.224843792471912 21.514860168139617
8.935209784509812 62.414896442447045
4.544632930647929 27.80793133293471
45.693636384669325 89.82827774133419
4.078186931391592 77.92794121612339
29.800012408521837 65.05863443599351
51.50035361981426 60.55623987393199
18.805559910158177 30.504063000494106
62.73348364708029 47.204313543693054
50.07035661667065 19.007294373083838
40.05995134078053 75.04245239062635
87.2435567631639 42.69968342633248
78.54434089135198 73.19189515450499
34.28749072365178 53.44834399865033
66.93588704181049 6.345548101447607
70.45022597694657 45.47663482335773
53.28997341362947 26.875991933248212
91.88260589345374 57.225219117017545
88.50976381650509 70.83154550986583
66.4233034964513 7.5828252443824296
31.14134769600565 17.117524212125378
37.021259907709904 7.830729468228004
86.59547438979953 62.2437641536308
64.28285125244591 56.402537323007415
49.98807048686849 3.9619951916286755
91.795734804235 83.84237073432563
54.55411440923741 19.298068490263276
47.8405283017066 19.20187905749955
90.28449929141367 24.777733800067292
91.2639862599363 73.38730954009547
3.4389835924328427 3.06662512284952
87.66072169810477 24.420992270549924
86.1490728561074 71.6002392795616
43.76799042655202 37.06604364008372
79.28235281459789 63.3714754353407
26.052227230815216 9.916431861919373
52.006814423019044 54.87148979379069
54.740496961729804 80.25329728347288
33.505858364689445 90.95523232596427
30.436171660978452 5.938323604587614
72.82250300822513 5.722871705669763
58.76946863784453 46.6312264070841
86.78773361976317 38.019585856687655
52.18605017896025 26.991181881611894
99.61789654129831 1.4543720295372653
2.3652843539687662 61.97857880751654
13.410552456268476 28.650845302157556
35.93088360036203 72.98802801751016
54.35084427402066 29.046303893764993
50.038683676049445 41.464814745272015
12.48317519335349 2.4986859365020653
55.84562747293147 31.753082319520786
21.15187700241028 78.2890995250533
73.64749938357235 49.61810004233307
9.51297097733197 51.671786935049454
76.29726914620424 46.307665376064676
66.71279398168457 75.06467110248323
8.141484544587584 4.941142286806155
65.48268873268587 68.25505434424184
78.45543130071037 98.9579831115811
98.54598756560999 71.15991615344998
48.98103388892137 73.95214473488119
53.38431652441547 67.46163320477143
93.22448678745997 80.92867961252006
90.5857503588003 26.738710699262125
90.59539761321638 37.8904209576389
96.1000707529304 63.27959615581602
92.79544305756254 39.221174741987696
98.56401377967248 55.148283272395474
93.67527062057421 31.793060776388348
33.30661874241629 9.06450272584889
94.8585476766093 63.37762128154185
2.0606482738226406 17.95889044255492
21.133250808355996 89.3527208454276
32.02296164651122 78.5428624051262
72.20226555268789 6.51033382096311
42.35661339992471 14.129670283237328
90.86190350036567 61.785495434178664
36.74269346208059 22.08515840081613
25.216018144957175 84.63257527242365
54.96161155221464 46.56369820956989
37.70114195067953 46.695784171785434
78.57938871353474 65.78136862912878
90.02283820356732 81.64317863452165
13.53404180985951 16.70499084426167
90.45156100070639 38.45586210431513
36.36706118064716 44.22933601050411
76.47230775674502 74.73964592451057
11.306597316271482 7.595147123925305
45.910440521375186 27.75084230831122
