560
1 3
8.473347136641095 4.66654605360044
7.020012728890634 12.808916624039824
58.44575984856202 17.621629151386454
57.345999651021984 38.43192558837667
80.66294102474491 87.81762233572333
91.78237628321017 97.67689719824892
12.556871701761096 43.77963988249554
55.11233614592568 85.7267983807862
16.849603963573266 10.786065925991206
50.457490956817864 49.163445878348824
84.11995838581308 36.68410309132548
18.03401311292603 70.66118811160615
61.57708767170893 97.37185291908943
23.523724238388645 68.75663628866666
12.727660504105431 16.924028779804658
28.625932329132908 82.65671367615148
35.99736454192484 33.050719443010344
7.378218271906922 54.186090710703596
44.31151367508426 42.91959864099113
71.55149802780176 50.25464598059326
27.94804457114295 22.38643481696865
6.143419602348943 87.94850358397215
59.679175525460295 83.27911303493258
74.15688065161032 44.98889533940522
24.068414648470338 32.8133718127235
30.787460492324257 89.08217900175224
95.86837791199673 24.8414654661282
77.61097680160907 5.904836295427063
37.26194394753715 70.79249463413089
61.49086346788091 47.276244679680524
30.733163205704518 98.23261909758844
6.872849568176909 76.89452813406616
26.94249148505503 25.676560273456662
34.994724913989984 47.33450455696207
74.07355803995475 56.859546685658
41.70823958626606 46.53776140968222
24.710963079817194 71.36345185715433
50.69986862808871 0.38852503163695484
7.216601255664745 29.339902920236206
86.60646054940713 44.63293933505324
89.03012940156468 25.339231391589756
92.71778506600042 19.43691317595695
37.40342625056323 75.58792825157884
90.24784106860125 48.63643758134655
7.750217792293079 58.99733017724429
7.154110400580005 41.342860687775975
26.539902386294866 46.31746334559408
16.441399501899557 90.07666991763013
71.74922043171084 37.04193662706632
75.17591013743 68.13578077426476
51.368859718466894 51.382768622933874
86.97136702516882 53.79188661344108
14.974152326374067 43.30639386117241
10.795077901857674 1.8880350296569093
93.85284042710384 6.809433505357587
74.32404985235692 31.05451820190659
13.013857133646844 36.28868667121061
6.917041397167889 29.55156895382258
1.5856175102641812 22.96160329947863
57.35871565219233 46.509051298168735
46.649112258548264 97.02774339338683
94.74023613980995 44.592600152281946
54.00095688248645 21.219712429874637
38.2733119645031 43.199687272464175
10.105109599181915 58.349049190798596
43.15834840071846 28.544190487501787
8.948931975036945 76.11619903644215
79.98435841182159 56.1153592681821
83.89377770522948 81.25247435727336
39.50120192667337 86.84864773171108
70.61554383136385 51.486962395641456
2.3492326566578514 30.03436321153117
32.14271676565499 53.371871857387454
85.1064802726091 6.230995115518012
62.85686418508547 38.01991412656345
76.3439320975151 29.896392269835893
89.82554125661714 94.77666723977278
14.14733966168551 79.33405523088464
77.21535119748833 69.65574386769731
2.3595998082972747 82.46377812090337
4.876290512579784 20.861609906935286
99.39576504223066 12.050814280484513
8.297960997125253 2.0405240131138536
83.18329879358251 39.76689085149856
66.77759014611273 22.97350276584822
33.42408275733775 84.47729965563306
82.31277881905 88.08840418468178
47.343090499121196 85.40983844437548
50.280035742889154 14.130339648346911
87.51083970178277 46.885148702406234
30.82370996057604 65.29727923424926
68.22476095997428 23.248198040166645
90.19752942525159 72.55950261841227
60.64213524782305 89.52164857803156
60.46698897304583 1.4424405692295528
93.53427997347 84.74976411902642
53.195172064994665 54.806851292453
78.65597777206474 42.53455239088546
59.564019450314774 19.78776933991375
18.978501169850183 51.29963501669677
24.89488087402776 70.23857682989659
8.132433505259185 21.799296445050587
88.36172454566548 34.51224579537629
89.90229009259436 96.02194052048145
3.2140495568058425 21.114745603119612
97.47430348719406 35.81382491145047
92.33965912723374 70.95041390182627
63.96116812167125 56.10460055232747
15.503432437788401 69.45774564672193
69.20950777042647 80.49353695794956
94.82364269491912 78.84355648490076
6.925023019017096 99.16001521322148
61.46442307926399 66.64610624462868
49.58560555619758 14.194752345705064
84.08233988003164 42.20537171919514
97.52963131320804 18.83728526087811
97.31282218372237 83.01783061822714
89.396405724399 68.77238331723
5.358443163674109 72.98542402102326
21.20692724909581 49.33512122223775
48.52506666942145 57.54631438681912
88.59503812712906 16.137514307860634
99.6314837316637 93.01519993121008
47.166232606595074 34.8378313648714
26.693261223910845 41.82064099884884
58.68054785063046 17.214943099718138
46.522370853848784 61.0105949977942
19.36534204348859 33.34714238228176
55.29904154649188 75.7280551915563
46.42085372174813 84.86697176935141
9.706447941616926 32.87633049046257
73.4642420363504 24.44824931240497
35.1125183803247 96.11258898080051
16.57509131485253 25.7233303106744
66.27052704500156 55.14043262286721
19.3811062474466 71.22143632752731
60.92035256498709 90.88029966206554
50.27659761207246 33.29952939617095
98.96657051637376 93.38930412497885
63.71120561528403 95.91824956467003
80.28775283766643 0.7142180207255322
99.04734510085915 41.52374012471618
66.43699789766985 30.513428962383028
80.24809273188063 34.64488512662249
4.193405440791609 80.10698177981361
37.677162358336666 0.1562294723391755
90.20505674923463 13.31083081947777
55.01912104364253 6.689057028745027
59.92646647155695 78.94728797330197
27.23471950703782 6.237624397860064
98.29268031740746 77.79259825269997
27.32124035857153 6.9511927419476205
15.476589690738685 82.71560621256857
41.47897909037277 34.52840393671253
56.74838306133228 68.77579143140326
22.247893956857535 39.322968981938345
81.62879154484554 7.238299712132346
74.67552410580302 57.912438957896974
39.0426166269797 53.873423907755225
43.00428060833763 46.148583322792966
42.4922864506206 90.11392312741387
93.49933271754864 95.14900385969163
42.602423762382436 96.91637461622953
20.6814827302394 31.84776018021358
90.13178099100246 25.035285083406734
16.992106637715377 53.446765619567095
69.53263292447704 42.628426770280136
78.58938391020611 11.048190614650967
41.99245181333298 0.4210658548672086
15.000611682769915 87.32825607273452
19.691187386792052 25.005318346284323
3.481875189003336 64.60950232800383
37.80172106455313 63.29398004828022
9.641514676469253 2.2423394396507756
78.47357901195102 74.54535804977613
5.333689265855512 67.08199343764277
61.61777997516693 1.1016334505977943
14.364971557041395 94.62248518699894
71.42053399202656 79.50390801139208
42.769150081409734 74.29482721326568
23.45318953807265 5.661606832193478
62.31218820795259 72.14600372664286
71.87322795620474 81.24776082115999
93.69629379015561 85.93718462235837
37.4264196976583 72.50405094956034
21.43498313383454 84.70127592427474
32.17144013623143 9.22960141100948
64.92445808548915 36.324238944058315
58.01097535264748 58.93539989849415
78.66380496040219 49.00414587073427
91.01721089813925 53.910163072390624
22.33056408119458 56.43522059127015
26.146604437066067 46.004307097165366
44.97578528599375 51.244774516611955
0.39963117898376144 27.002049337694967
75.60120180838581 23.90872928302683
58.15774613551159 38.19988555729657
36.12991092917217 24.134595434721717
51.42700641002733 88.66595927528232
63.35498835440485 82.36951155446532
77.30261107721965 71.44633193720486
46.57380483420332 84.51883739451236
1.7564577496304912 17.360909026168514
37.79650149775349 98.63848142059253
73.59488840725572 10.530887373424246
21.25059465121586 42.556184186832205
27.02671707811737 65.00884303934924
42.26568251816545 58.72015921990461
76.9688526987455 62.92605040574764
92.29419617597469 6.067166900596943
89.56259537497499 47.24066473164938
27.276077301319535 28.923639394397327
91.54748901105367 35.486449771796316
70.1847675301801 44.216788731926826
4.4790457733705935 87.29686368699751
98.82576781794347 3.126251028250482
77.33551081001453 63.85404282211311
52.12660005355556 31.304853605947148
23.511444183626608 49.1372118395168
87.10716154080312 65.2655965948004
31.729015750566948 54.159131494100656
74.522725512619 56.933752257085416
31.634150397328533 97.61305615614444
6.394217585892625 11.304196682471845
68.59449448413157 7.44040270855959
33.37984851748325 17.732425373523107
57.27058100896012 40.25536109048797
28.830152840842338 92.71454608225021
84.39467311901767 14.81199446887178
21.435178064883043 74.50219964852127
75.19518959577123 19.759213282137722
54.494505220300795 58.07759024204149
58.15055366483679 21.687856285679885
86.19825226115856 34.152411544703384
41.97158745188003 72.62831799953504
65.41576561198646 65.08264625644328
97.36747322020756 9.094889831590947
80.86362714559758 5.774170381801613
76.75443484316185 36.08946995209328
61.034048253472584 81.15849529231463
3.7866741262784664 21.316595952958984
23.52130515242927 37.03824540054834
30.31086247817445 85.17623694379289
60.89909018636508 83.69538793331135
31.194300299946697 97.52588435895106
80.13985311706593 34.843263270490986
66.41474552195936 71.49846033276881
45.89486123964017 95.42180252670205
68.75552688786226 32.412712094465434
26.52375450769444 97.58259516020354
40.231493353048805 85.22308155150928
88.68739510935004 28.563188125366466
84.73933443273374 79.41975881744948
38.642782747969086 9.80103483980792
6.182527333685095 22.318103299368786
5.511319503980627 34.89893702237741
20.48615179625206 21.617055820039234
76.22296474731137 77.19242977443666
52.801930585904856 59.87676455921927
5.729136105921007 16.01407035261211
79.09923834317935 7.578225368834635
69.34747476141108 55.66101340834291
53.145094592706776 94.64371266863863
81.93204745651454 66.89949375027184
79.13932840277687 5.37022362627626
65.87287382229287 92.20075670246656
97.04233386491332 87.79318355443326
93.84450711528022 48.13725339683717
8.261095737495094 6.042253611311654
50.76051267256532 63.542264160564834
20.163172033106335 29.765651804381953
10.446821322987955 82.58662224915672
23.95961977207042 84.60401238703797
5.503631804132603 8.025590065973542
3.200777187326631 9.70429150678751
54.88528974188696 41.12715024227058
27.064610963460623 86.54737133889219
22.2938842046843 80.10530170491465
61.64915411677463 3.810991671989372
20.676205141895988 51.82137316527064
6.649170358671874 62.72239881877382
44.30926810079383 68.52893621027982
89.52072279658097 84.90451940904534
28.728863381711566 91.65626387206389
98.91624840037852 16.485774646676134
97.94270285647903 37.8752621106893
78.68450863309874 83.35145323208219
45.29437000549736 98.79248581665038
85.64727002889332 89.129954625137
50.70643296667357 71.80484924182697
62.60624164532016 7.428219121593882
28.979979324017748 22.7312662637948
47.995894344353005 22.96582624996155
44.42458876782425 57.888136772597456
32.77011596170707 70.87482651896883
33.12142966166205 19.967852105877704
75.61581406275862 39.2870919380641
17.367083211749446 59.70969774351429
5.348520314311966 20.783617141794196
23.309571841380517 25.850656687729455
1.8225666873234347 95.18954892101219
38.76967895554555 88.75389200488608
39.58108337072726 48.44708017654402
55.51943623111413 15.728053261216512
65.02623065794218 50.44608269493991
99.32910944857798 79.90009864662613
21.010623905488245 19.80749157105066
61.36258538758719 85.75316715738998
4.2764823704257715 56.42974304721498
49.055779295321585 4.206592307966028
6.9078287176949305 57.11050494768934
1.3020366260240168 98.95885118432399
63.368868655733436 45.83004607773506
5.21549301165849 44.827854516751685
31.552307841401994 68.84150367788138
58.61925703423536 78.57385253147353
96.06526023078436 16.56208292943131
16.191328078851686 68.28867791100168
96.85875892750056 58.581528501417935
56.43372628167136 91.94619143875893
58.84528220076819 45.21583171400609
94.20390824928313 18.75701010586106
92.98670726630833 29.048854303985895
61.67609548175796 95.09075609497071
5.85146958743572 26.563307307422246
1.006128761556635 59.63609561644494
28.274763811264435 13.027129313944762
32.74921462838303 27.25884870410866
95.60033820645404 10.14327063813556
20.70566531389253 77.20511934850458
35.47066122033718 89.23713862490148
97.4896354684493 59.408629350948615
38.83228142739097 34.39132174944282
58.65620761885015 32.54252292834179
7.648351701753953 74.30214612789634
78.32812019393374 52.211080787285134
34.419951912548406 29.17222003850504
32.270144517355995 0.5664939214223175
61.78666691569934 57.52027193601423
61.06809770282056 19.759319043363412
22.219438218752828 4.912899048062136
90.46575223307283 45.56561658370195
43.69039654467615 1.1914030975382905
82.95366800477098 1.875927933113708
88.67582250991455 23.923910810684724
33.93535689896798 54.52570950194173
15.580849421265896 64.19512331728382
77.29836360400112 59.643644021088974
9.19766037245604 74.4074812844854
77.32070583390423 26.73603016883803
33.47055710439708 75.84998875444884
62.988235583751305 37.04741720945268
96.66929437296628 2.704470748380361
21.383073836714004 2.8706940287540172
94.77662762121344 24.38289216495637
90.8644649717617 15.526202077241669
56.5844220436845 9.688184992301064
23.39632084395282 1.614071972635145
9.638551292919573 92.09275955244168
4.689545105266424 53.98126962030736
19.246146947994582 82.11356796049454
14.266814030971142 69.21552427765916
7.847537323663367 65.91355807661807
26.08026368589249 64.00978375524853
51.390674049339744 68.69016836363117
50.65823053690237 12.842302762863223
76.79220178558425 49.32379834235472
9.912855316818248 28.407524588577427
42.01574416288349 69.47264916944131
32.453403852156896 95.39650479335687
62.11320982981845 33.241477953447564
73.3107897207246 87.43241554863495
66.00065067666354 29.3511955042135
26.265357049683647 30.47092897191488
53.0618977960738 54.243016644555354
14.002998515077847 50.53995749858802
42.96498751531224 91.84471180214513
19.384582833497998 38.463028500016435
14.946564908530323 58.77708168764097
73.91768188505266 38.38270253322034
9.117692703212343 51.14481301426383
5.718575796292047 98.9424024485928
84.56058814060441 89.27950541449879
69.56384637994174 6.6069324451881295
69.05027480885988 75.20129528588777
24.92328366960812 40.29519147171576
63.176955393904976 71.57724332091462
28.165744451839014 40.909584244089835
53.46307912503734 88.4373165405721
46.798280844487095 21.800622310948192
70.02151125339127 11.114782631237263
3.99638917144689 57.84358100488758
90.2740368369749 8.290313273848149
14.47020442055913 14.465257382239738
7.154427264847407 14.39243122636713
65.06424438687168 13.995198165975765
32.17179750580057 77.56034877561197
65.00496591333864 86.61895723571598
46.63740787402184 4.655120833446591
74.18252337692333 26.83112180418703
40.98680289327139 36.86228416264845
5.676561743840081 48.33570249957213
37.9229119347666 87.85900120750696
65.77186169497315 5.20143342049979
56.33112951971402 94.84997211564514
62.0886984944119 34.983420134651254
49.61022647777313 10.792210247671918
16.709910583598386 11.669564204691053
55.0358209523067 91.60300313681171
82.79107044284228 55.56530774468902
94.24360026878398 93.30309677335056
46.69265459907707 55.44808306886211
25.253944827883835 46.76734557170823
70.23959652591138 10.700227201475343
35.62523299413003 57.694428617881854
78.13184771691404 88.9024545803589
88.31280387212969 60.06847656636411
43.8246896481824 90.38009547368726
88.74712067366548 9.716834964256948
64.86690244539 7.762113316278563
10.417478436138762 61.025247191016675
13.54034610558752 68.6634897245034
28.967777182028964 84.5016692519815
12.09109018841701 31.901315492551817
61.7801079402587 90.9211817675614
5.274878453633636 50.35956506147934
92.8678539905281 52.97764184981166
47.949939992154 95.4958399911162
24.78998411522757 50.696898468121155
80.65144585798197 60.43362071536236
57.288592011987326 67.64227689715499
80.14774682236987 71.64431161903396
8.796012097135652 14.46431734773579
5.94083632740714 67.218192364802
36.569026747429724 21.36268615750996
67.77865042594213 45.36064880117785
53.676448956130194 20.638490896758597
16.981183913394226 34.230748381677124
1.1882868758379406 15.044892115583641
39.89863439448824 74.3055527478708
50.43108606011151 26.569521377349048
49.61959358695793 31.82244583812972
57.66635890113469 83.44481291613587
94.99493688757087 92.51156271571344
25.157520126046172 78.41759338622762
59.45236070134583 76.87407800693762
43.5406523616672 65.85864082646691
85.30232095434964 42.417744607660545
24.01637133804517 46.756648021636195
32.14404594074152 39.26197415784121
66.69935522932838 79.79891496222808
98.45403046668415 92.94812475715818
69.98207440185314 0.6109439961555774
87.82799418412206 18.161966047651944
35.44978578373615 42.4241293066306
19.44521978506377 72.69543877888556
46.88959644381732 97.0846671401955
62.4852677035961 40.86478614518463
43.47099937088031 73.3535172916761
10.211755170608505 66.92629080198091
7.301173169915431 82.49149764352201
61.25422624695598 94.34756760739478
57.654168159035365 41.56516514731432
45.52933177776508 28.892020372739747
12.979977835200064 76.49124999628623
36.89941872299829 68.71820966294102
39.824589698300784 66.12272644200254
61.028886020423556 56.176391636993884
47.268542480748856 24.22914268869427
69.53349177771575 15.019983610243015
28.563337409863987 9.950460995382905
39.04288891682939 54.3840355121941
7.929106469105429 91.27481928021177
93.52945447942325 54.48257274324217
71.20124869434055 33.31274836329685
14.783728390760942 52.41536233306326
46.39424072524243 4.5862070607574745
59.94803218038187 11.20499369716108
95.57547993419303 6.8211263790324494
47.080169749091304 73.89941226698748
1.2592473741132704 46.891947114622326
39.00940226338603 96.1665937109397
69.40695050799806 76.09004258450271
89.06545559083432 87.07591537489098
19.440834369267314 98.27837871004247
3.0028379644115644 27.288317706304355
92.10647046162266 8.683008091789034
27.86915645282424 71.74721434927456
15.23528485903558 33.84082478265824
28.03943590341149 38.65976693358275
7.165044161254763 31.170715654896284
20.845155906026292 53.8175875536101
23.35405158502082 50.898349610502834
54.48752157537082 31.487611668347192
9.066830053021357 86.38121021971695
9.021935808596648 75.9269756731746
66.85366816103284 16.102513564796283
21.519946576079406 76.19567816897828
61.317169043088796 74.14332793911169
20.246451381894403 6.756407874706616
46.51401062632925 19.32474259446051
72.45536785457725 23.21970208193347
63.47507395153298 30.165657953116742
40.728792599826335 2.7158778729491573
6.127479158801719 13.633402716577558
79.61774963771732 27.702672319542508
41.38699991551125 17.55011517342322
96.3854496237454 39.23801221010221
93.47524473992112 32.439890886471254
74.03479008199561 37.71503606328157
74.31806372322336 10.045652739334642
32.889963456926274 55.15631964588401
92.50913090363946 4.928132609490921
40.29021049593284 69.25231633675845
52.307699365014116 68.20197234467898
36.32085050349645 44.21533604590129
55.46925157959317 12.209835155123594
86.26254703913823 11.025812445388873
27.109533656300112 22.55652484798638
91.6035721025904 70.56404086366612
46.51104819294958 74.33019337543583
31.16885251667445 35.42293735974555
40.12548134546581 73.45724772525499
6.503590588387209 93.20772546002252
45.51873605116743 76.31918821154868
60.55748142221296 95.92678216954253
4.57278802878649 9.898067264802979
57.35033846955897 75.81124581807181
18.525699579767753 48.48941438219998
40.20368784046448 49.4295784847115
1.8292361333408946 85.7693655406275
77.63779486679377 74.55763878010802
53.601113248899935 66.3730594481801
30.13692793177927 35.69836549541279
79.86701060811836 41.97170218842399
23.182909837839503 9.361208849109115
68.16324489106343 36.60403736483633
10.895089842637585 80.06186989292152
42.33133468956063 75.96349389601184
42.09163730200609 68.62300529345708
22.55598038787141 62.72166992048791
17.112423278039813 43.1669006600117
95.48853231553312 16.153609913172208
9.65413974155278 60.07742566106615
66.65139577403198 19.746010350498857
27.84008336034729 82.98337965949356
50.418584402096236 22.307553164903247
15.279109009131275 13.52339768715478
67.56729959737216 48.17504195775888
12.546035762098384 19.96006559531658
73.42404757869166 79.93060888526375
24.079174373222223 1.5544970634133515
4.021766348548761 89.45540299398085
59.38732714555783 24.67095643085644
91.939586526089 86.99571306255713
9.870139060029004 62.4988807272407
68.18383761665119 14.59926071449158
60.234789343286636 98.55454811158569
18.880014345842454 39.19404562066031
28.66044269375305 70.02871576388614
