990
1 3
37.5191418780954 32.952960948029954
55.96241522826308 59.484405443763144
85.22250477858819 86.19386658542203
96.80028556534255 59.53536597450502
96.10639839310038 7.541639801690536
33.996966807027796 60.85535965192046
23.369055104431702 38.46592408225791
95.73071996564653 60.873809729798324
49.238715399509104 15.759404729746528
56.71065435587117 97.96135223329232
84.86499305237336 96.02289837264873
45.060027455965404 24.29134638474537
48.12326801993731 28.019458406105645
15.052066911997407 63.716804925343105
56.08169511975867 6.647280744144335
55.0149377903985 67.26213124648683
85.48807184446632 1.69474804287284
66.90101336017547 20.352285792657554
77.44574277101583 36.13975499766258
0.5102772763907693 75.5175549674458
14.046458225045155 54.93426796232983
0.28570742170985763 72.2615177112496
42.03462719705833 71.32945003994946
14.52777440792541 97.71496513657831
90.62153432776768 87.38223594456609
40.222178589022725 96.65688563305676
77.89164822334726 45.0550509697587
35.665444677720835 45.713122154232956
36.14505480633796 82.36584003950537
10.345801502326267 59.185947100978886
78.37974481014547 16.69221532517209
15.101731324874557 92.84609325231014
74.54858669213293 74.35990883300705
70.00128740429903 89.9870468765346
56.2160007990832 14.027874365228277
97.04771370144599 16.388527400628682
34.032157359315974 60.915171146794876
36.05840548024386 99.43608756690108
43.15174427290713 12.38676787730757
73.07235881511143 37.821415288109094
17.270325889550307 49.96556792918043
50.20271025964447 96.83667219844685
88.04002948572156 96.74031181085867
14.941000091908796 18.56560495830617
52.50269748651961 25.964595877686158
99.71739596064441 58.56457299791349
63.447417803631964 17.629953075403492
52.85597999658518 41.96725633582077
22.76846632677614 55.61665186115565
86.70016365725515 91.97886330456815
4.2439766886421815 98.92855051387959
66.7975971658412 62.86082085851585
96.45863838894466 96.27565026497955
20.59675857308223 88.3041313619124
93.4912810460739 44.47649306671442
0.7220330494849492 18.420514485603
70.37272676551916 67.14079223435763
12.844414384212822 28.669160872338708
31.86722877163366 56.36799738442284
95.80557962575375 26.49241139971201
64.4508527080981 95.98659751605898
80.67577162834621 39.21136749644085
3.7384983918777204 30.83755543694211
41.28382020364132 74.7792679678231
99.69700618009844 51.23466331028992
35.70217181237132 65.53499417786873
16.723362782244845 71.23214648263472
65.06004914165464 39.29908685203796
57.25042720717089 68.52829416111189
51.98404101559824 32.49038250601326
59.03826682011071 14.877741739455242
44.074318249446584 22.547426347233525
82.15136833775958 26.71703324744803
99.26722792356107 42.79140925088336
79.44548310474593 90.79633713702819
2.0734982373654898 17.144894006314715
40.7574266794255 5.308866732916195
8.1285844104511 2.7404861751273657
9.676123039505825 59.67116838823121
59.96863299359691 56.186410693466016
0.08268491135872136 18.537236240079814
11.31181182112817 90.46933484094477
36.385935581879615 88.50979637190977
62.88217211480389 24.513923529186687
50.607307352812825 67.42022646930947
47.96923754915498 41.91792092866811
49.8078672008637 3.365899533516936
48.666770870385534 0.8990823396376912
32.99693684923564 65.2747724403056
85.97440795149744 21.386915474769342
16.128356707526812 70.23926394015409
0.23088363662833178 59.56695529223164
90.37214576626312 9.431292758621579
49.78687538011894 79.06739518702022
44.61106267959387 52.79506037939281
11.706166542268992 71.2979585296186
42.965749274789644 21.885411541774236
94.15572430787573 29.425683773122422
45.693661659766605 16.707126793075332
13.02345456322751 90.3821378373026
52.23764046643549 18.933462444105388
55.12747499280297 63.213319930347446
2.2411559379750035 94.1973370114952
68.79340533858247 73.5317591743442
37.93722909200572 75.45006406804514
95.72899667909695 77.94353201723625
77.9379851879729 50.97199656027993
45.110588555390166 49.22294833706917
78.02102050349373 9.814518724435906
93.18471035666849 36.409888272918955
53.228177050370576 87.37657693209539
56.865692073321505 14.08167671038576
85.20926677047672 66.75284487505057
85.66819954137014 11.607827598720366
73.990675129252 92.82030111885872
32.95210499543848 7.998346441028059
6.469729218342257 91.13001397160699
99.87926382046346 72.25026134897273
55.248139654167126 9.76651082065354
42.760197825082116 21.648914074312554
78.21917244909704 46.22787356711579
81.87776964439139 66.02787073846498
82.18531819622225 24.520644297530005
23.10059145935226 11.265728676426923
34.05192271284201 69.48986627594236
16.261142389590244 24.18309152651501
47.79191356102932 18.29085608467771
9.439744291909168 65.14137394327832
32.999827461800635 96.14876692401846
95.1230227555023 88.43033802732995
24.091578205287377 47.9657029175175
32.77947825509262 74.27505503160994
13.422676777423149 75.7561607978705
12.502175412979422 99.44923321222217
59.955074531504415 14.309879838290374
18.458667346116208 82.58198994905644
69.85988745564553 93.96223536943475
60.34678084951801 95.15773066089477
83.38940061162445 29.238965447714406
1.8212062023116538 92.26421603671236
97.18504286539233 54.12120788654977
9.62777251176461 34.901256386244725
49.4608176742217 64.94402233658587
46.7725875457454 92.2967734398479
21.691093819490128 78.64768994332736
78.7587529983249 1.478695580343814
0.09227886199822954 11.039110391698625
4.945512935688212 54.29173677088204
2.2680345528270474 73.31878508411745
82.47635541488334 32.09276608002776
68.9656328882424 57.25135844105167
76.96228939810655 34.549303264830876
22.04489186546379 32.486192047433306
55.40029309071599 47.13017493206535
71.74186146735559 29.008414678866878
67.05906934813208 86.20125461687964
69.10088527416987 9.006508883799146
7.060842545172874 84.59109009448589
82.58831012933594 75.0605571962478
37.942942163221474 37.501280474299634
77.47687428556718 93.10032950298366
26.49834981472803 47.213283860396224
8.401031504975265 67.82447584688434
4.382789122800901 65.00175401208847
82.60449897422357 24.664353795526605
87.92846173457369 93.55310567884554
46.25983026715714 68.23604473396911
74.06604035137312 14.95329987013232
8.66929946901105 25.484117870466626
6.074360403277734 78.59001323759493
63.0317537988885 50.69379396667715
37.88776238486709 40.49779427329918
23.097357227476746 24.988242251807712
17.069972883473028 3.1622973736651128
79.79132715305187 40.97671518048844
81.50049659261931 85.87616963413127
29.11242215587524 67.87455540704829
8.964280247528533 42.90051662171304
7.470085657596548 26.53721437018779
24.00642608400645 69.76725153731589
66.75354563896127 82.23185161155119
67.2234591080281 8.868151439423965
91.46948261953666 82.62409903286655
25.908434623292642 65.00085205901318
18.935291196521774 63.36936169281575
11.275545344689174 66.47232418818285
85.12663667909175 17.55544777022644
76.76728799475947 1.2738223995510944
56.58661916874064 9.164161021250772
49.52250032971834 7.277275605406985
83.79373427923511 4.933502648881749
35.453955699662146 13.623016933232645
54.926826283200384 7.663434187802665
79.1826347409333 10.174346696799642
14.69338503684494 4.561831339893452
69.23296445551614 74.37264911954011
68.9199207299329 7.872806527650433
10.289106978055585 49.00658636696693
86.93467558452548 21.152931511207875
84.34003882910955 17.994954142512686
1.3998832001779649 31.602355033238428
64.73751410781594 26.34601454826717
77.97013046701757 4.574089755641397
59.79260185134911 8.85577220014715
30.361558087671714 18.54436964998074
67.27135523302957 63.400419212192595
8.548230410461333 71.98413992535619
13.637230407979306 20.866895592836343
89.16598194786793 11.192780801251612
37.10834473707385 77.35129079436436
92.99957356234923 49.58476857877807
87.31814281245272 10.115205796409033
68.06036511961892 51.555710701266676
75.32223895343736 66.16307455033864
61.11809365769307 23.35766382823321
17.043039240434823 82.40974312691702
89.11182410202242 72.02928327702489
32.50752426563803 11.201655536656595
93.93078082672571 10.115589116156931
65.2310119676103 21.652345732768552
56.20785780121611 44.2400309553677
89.55238767006367 85.53200094469486
72.35573581643806 17.77069916452636
66.6883474183269 47.38062570274146
67.16415465469558 99.48523672935063
47.973317486880006 0.04358698526585325
43.380380729291645 1.822099839903335
25.266543270548446 0.2225577234475029
52.43618628863713 30.38419297196957
23.63143769795095 97.01627587878325
56.79277867937533 60.30366347836511
90.66772762437385 33.11096711451089
14.049887532330207 33.751378002829455
62.08826019453157 35.59839162022149
18.89768012628432 80.68549963366883
54.45769812299084 99.66987021639495
68.73147582145039 93.64895465457425
29.288077419517645 89.9437394645386
24.169621236659022 55.075753913610995
74.05454203589414 48.11467297290333
94.69092035764817 78.4595336352554
11.154827874002082 79.99335694961738
39.381784387646526 85.55971830320699
19.92418839126293 35.82637946586998
62.548429495158395 18.945786418293874
16.41611702725081 40.97279537519374
19.2690488769377 16.70243713981312
63.3101549804848 64.79797122611635
39.45805621983991 75.26613881569746
1.3058160197580992 60.30446283384903
39.77478296661305 67.45477830173168
47.11226330170204 61.91801637530763
68.47170740314556 68.29511989754593
41.24166543673322 87.72532543658944
18.033457984407207 75.03053378317198
96.57306222431133 50.90795617234998
81.77471392203854 45.3389162215704
22.35030927060442 55.688401363543164
22.493632146435736 13.346562718813137
4.295213266119102 15.969867992466003
54.5677202200292 71.82707930775105
98.28922078176593 47.70090592740206
1.826457009010407 63.69620729665111
97.96859358812398 87.92408755266405
43.89918990118167 2.716084698825849
8.555002963141089 0.4116354854196036
50.53292459492575 39.8315677908617
44.29202190897066 11.8991443904084
92.81869515393602 57.623355061355674
76.22286633012898 87.22136901538786
14.013619095679353 21.25849269808604
79.16677578769927 61.51906720817204
17.65752705671162 47.17238065941829
55.190405578933245 59.03885676689671
38.77109450795893 5.8428968096335465
0.7427638723335628 52.906680631773085
96.46540486336394 5.490322131117331
71.38840564398228 35.554013399523484
67.70997132727376 39.104174391697825
98.61548708854441 24.465869978477038
20.121060206512208 73.59192026662707
10.104917639566334 31.81378142680169
52.712303578002626 95.27571317451708
42.88868096979399 85.38154404103136
91.89025112990778 43.32714031674889
73.13874265562981 38.71779399313861
49.694411834600615 32.542504312772145
94.3439789992787 61.2226158194392
29.972657042366755 65.565077207498
71.89027946545492 20.107541474842684
35.64392551897686 78.87875993897696
5.177739934469372 68.77887018355875
39.88122606882014 31.613777998484196
9.338623246034782 83.5214909612635
42.87760184616953 10.244281583937443
47.52253328954632 57.88724814206032
46.16373623641632 1.0686011030961673
79.34484260412971 14.580388696121393
61.295451019475244 65.71587638684404
60.18744417635029 66.70075848315093
66.24122322681146 36.492389521065945
15.115845219851455 37.62415164944415
60.49957009194922 98.53074818040469
28.02692676217262 63.07989428767837
86.32734431232645 40.57371013547599
40.386900733903495 11.478868543952547
59.463688985777075 59.50543002114412
14.924696824346984 59.448080833102225
54.974754579935656 95.06277485865407
4.882637479479723 17.811861856297707
73.71708610556777 85.94954887758684
23.412423138402062 20.11204235173132
64.41439783719613 69.08654208252092
77.75185523017636 24.002209886461866
93.08235734836433 82.22315565286425
74.9641946598091 62.01940084108468
42.372450516114846 33.07239878138479
18.03354974390674 34.745814080399875
95.74399593063323 98.15186045120892
88.55302901414565 94.69743838499407
33.949393573257545 62.435468017884645
98.32297591340003 56.54138396421633
6.281200034375156 55.73228686809721
96.32256121030305 47.19258202036589
36.68623085904592 20.0036152458269
46.794818869076124 93.15773735538586
75.4851839531813 30.096630940798352
33.97629082391618 2.0605259860087433
34.08902697040559 15.950850757569302
33.849665864938075 69.81710209975532
60.588232089477344 64.65823953587662
95.22591558481919 24.18222091163189
66.16523398230707 94.77844436044698
79.52873749387861 29.936668978714987
40.692489430058096 58.6990334499206
13.460770679432299 15.342928905127472
64.39421303611641 17.887882396434552
68.38359196718717 19.345983012502764
94.29489014945327 88.19827098331963
38.70477129890764 28.578627682538247
42.814265325159106 56.60570370010023
88.55394645885464 27.998708922993853
17.370138066098527 66.63883458349358
22.504276644501388 75.66447174993603
6.323452406282293 88.06965879625442
50.22083355330478 60.67030312846009
31.361676696169493 42.5279506844013
0.9617556085706358 13.23130661527725
27.56494951992956 36.95493732156401
46.15081582879963 23.532509961177173
46.534858150032335 9.292394818118698
59.020038317424195 74.4680493929773
22.665438432578778 56.13222712870265
14.45974572828308 26.435291885386093
24.222681053769477 76.6036006463495
88.90309990610714 99.89471330256447
64.52407547174946 78.07117363585854
0.1439248173630503 58.71834126401127
54.166863983608415 94.3276897725096
84.31172882211446 47.90663665979915
18.311558883402167 35.04756485117111
2.512681291157537 8.906285803439529
57.2396510698066 30.498553843859533
98.13836426955062 76.3010075275061
4.611946419574253 39.234880702032335
50.06827627569632 24.089247500258338
43.167021846908106 86.8135185332918
60.222979553131914 75.32006906724322
38.378662831145235 20.126793890433483
74.03142479707047 72.18065869965929
47.444988051380136 65.40550090969562
40.681426682162545 41.285376214166305
32.303243911826755 91.19378791871158
80.00558999363912 84.90569931910122
23.568145267331175 23.325522720214753
91.58366670038589 42.24266271294654
41.84929402802644 11.904148162546901
68.31874343375355 80.4498209245319
98.04615625711325 55.01404746943557
56.44153430627057 29.33393901732968
12.695416978183548 88.00941022657992
47.0133315086821 15.5006059790753
15.384114758388655 23.15292641293869
81.77002312813187 43.370722965894814
93.51393851372943 79.72053895521147
37.249684628400345 58.401457800222815
77.35378115148774 47.57173425957386
92.20935129985368 92.28603314297439
91.43223039656978 39.519778409544706
90.16925750551124 52.765791941783455
43.062795164416336 97.79757032130713
43.39929313554549 20.688563534902805
44.190522423939505 73.57933962850076
76.39102433441055 36.45132402466076
55.56496271288156 16.40309329609535
0.016270145550922877 65.5596616225938
7.969350319328261 98.41525154256856
44.69313442721645 84.16869566915426
76.92221742716059 61.557273090031295
15.326543346618715 21.242799375949396
53.317674553832475 71.31812978165419
67.5224197082296 33.78904994009342
52.84735608562718 18.958618794459237
1.9348094365289281 49.07688700921513
55.61426807334935 40.912520268468924
40.85078766378716 69.98825495043461
93.85730231954948 87.29811371467295
98.79530944285433 5.094864730235971
61.89063609313528 54.69300964306774
74.97544467208725 67.23220073901474
20.34733149171757 89.07790593130788
48.667192112955846 2.160807486921157
64.99238850812009 0.7553464174544722
94.20815950092528 15.357520768344358
86.36795972437679 24.311705704393383
29.80310801541841 28.077354556334775
30.985800126783403 40.57594679224621
16.081818139415695 64.79305696546227
42.0401838801216 77.24215377679667
59.89199340212201 22.101105417938747
16.984175718313367 88.49950982566297
43.5594976604142 25.034494527000597
45.207124890143334 57.19857496660434
55.058876975056336 4.123190873002258
64.30971053385439 77.77140490485725
67.37352530888342 97.98348219390398
95.23711372158073 97.78399388759186
80.81832997417581 0.028659084870708007
75.47277024023504 0.15842175550377924
22.647325461424206 36.5665163078861
96.23752873058544 20.038557853824067
19.68493957913642 21.18960434437218
8.641997853220417 47.31370181396277
65.05581361215059 83.96199120304047
76.5582432720873 25.341413561015912
69.77597106731083 67.83237520089808
71.67232646662742 18.722898258294983
81.87310869755309 97.44495986280239
79.60967042567624 71.3797134378707
62.89551938652846 53.72150989734477
56.239764206677535 31.06240996152494
74.74622115635678 69.62947987529932
98.17880704537852 72.07613485275756
66.80077451717563 34.3916546572111
83.90986617101713 42.80902860661524
75.42901151420116 45.876438567304476
9.348022070326323 80.02784552537514
82.2599892359641 11.227173186184425
63.7200126803847 43.67551918881807
69.75992469173642 7.359607524131295
2.9816418647813814 2.9434162174003298
38.28061044852233 62.208704949272175
25.059791818557684 0.6015972989869889
79.94195412171202 86.87059609513528
9.957397388101885 73.5086969020267
94.21117235588528 82.72032699562698
95.45063019119897 5.980723827339607
83.84638947305281 6.881290004302931
63.01886103393053 69.30340262525414
26.220211621836278 67.24470496675285
30.499355255655058 37.8390155609905
10.24175379509984 13.641986113259552
47.82443493875053 26.25902478814137
77.69183457783957 98.5011672259294
92.7178050042397 99.47793676723356
50.08904825215779 25.409783451560507
57.34001346954043 97.6321034362885
17.722926197836554 11.219777939656916
83.99203716441185 38.06296350365239
73.03884640496578 43.771542288802536
4.431661202267034 93.6740140459844
63.73060444170178 55.43604858441722
95.76156678287124 71.49335685649629
51.94423794044223 71.22539083683417
84.8685468903074 23.769348072261653
45.836546857436325 36.144000509801714
88.54949311399002 27.10749706453481
10.27082341685077 0.6092347862974856
25.1919397539875 69.35778146056431
84.71898539821696 47.39863843241812
60.16050213544168 93.49085262590148
13.873794075470203 4.0926403805490175
33.2923844806144 10.770288723351328
41.76023304143837 81.84813063713187
12.369956761265776 98.10497866767417
12.14105940829655 53.72285154485614
86.397749009986 20.360697203838683
96.35042064666746 72.55865903915462
78.84079532224493 8.381750800717992
88.34157595843666 67.96961790340015
93.08207673731685 59.36635362346947
13.874416262390454 65.87465961287175
71.8687558346387 68.71516196436616
74.48543300297077 56.74807218671993
44.3232168129752 98.2337645080593
41.66316010263331 77.32658066797282
79.71935734377797 5.612982078964857
61.22423634793173 31.03891473932372
39.68323767914648 88.20122874174939
10.437049898729 82.36332006904885
93.01438673175717 75.86519445476507
15.640424913899587 57.35941503254871
5.3340341708470795 47.3147928711461
28.242491865833653 1.3281486290248168
30.24133539005549 5.884588980901784
54.8981429019658 5.239123810850388
27.580948906516433 28.619212932525052
16.42514811228264 35.13390155345888
8.544686260728728 93.62122562405091
48.74376544446846 9.751864500389274
83.51547006193422 17.62347826713466
50.10014032652816 61.5363449365472
19.256767040644206 59.81557162044222
42.32069680538635 59.7954322397469
63.86775333477095 8.376404062191822
80.23380717115901 39.194837035862285
13.339564418161377 32.647270326201586
55.82816944421673 23.792960463895852
78.56009250548422 42.14638185140529
46.90603938860016 98.09191854518038
50.46281522199389 86.59835278820952
79.95716942551523 97.37584019991783
64.95951342068386 21.64442718115369
79.30930360238577 17.27922209377173
21.358470746325686 80.22475331049377
90.64164532479913 85.93625023148776
45.34529770041962 16.731927819629778
70.45975219123774 83.43641938059154
93.51616137701453 77.1484685781603
46.82646516710316 33.67916723700939
0.45601412017990395 77.63756837080369
95.35199267404741 21.57415175072419
25.663174288753154 7.3337942219809715
37.128373610795904 45.32467669389746
62.56505679462969 82.19139104592105
51.155712283977394 97.36611528607877
38.88738727287455 13.978926018050686
1.0081298752668832 46.480810935209774
17.798178489201245 78.95256974633587
65.94397063680839 61.8510045155219
49.34338879333371 28.061611977212998
86.02169831682222 99.6991287381841
35.079129946590925 34.83948853908119
11.603511117374744 63.45159457873548
8.650014072553747 83.06278869323451
68.3531091731822 60.07715243360205
24.93336664102579 89.16089583343498
12.382862845334852 46.08267942496618
50.82714489557567 50.19852273247862
55.77880856233528 97.74596884898767
69.75950615312927 41.34452105303916
35.094691773831265 17.213554876889205
90.37184207325706 34.348885782464066
75.22682441241746 12.738422202176114
23.964647632939283 12.784249660840509
97.98009516751458 96.84879459997786
68.4153749480325 63.39609222830238
93.75494713473442 19.257343294534614
25.84943964476114 32.597077673662355
11.791617024042855 56.79004554214413
95.89733950714003 72.022443711655
85.042729409058 95.52563082321419
2.460710245453579 2.338055010026663
65.96474726508839 8.489936778438057
82.09473897550654 85.92126431025306
63.58877921130106 7.69768082178488
15.717788945931899 32.86347750121561
76.01889594388042 16.673060251573446
95.8779773619824 73.66839656709627
71.1340828097329 33.905996954711945
37.182804899371604 38.416886540357154
87.25459643169353 3.3860708018012886
13.497128912795509 30.105158578228398
25.605883694771148 80.33012705574649
6.346723936854137 26.37494801750695
42.60301342419479 43.622433037681404
88.53488225172089 21.26561140576073
77.72458611918861 63.23938688943327
53.343818201337776 4.848162848033422
64.23256823218291 71.53403706660555
86.38987333483583 69.48953766692458
35.84707052534235 49.812972669919354
50.99601325013487 58.33498064318094
62.41090767991449 58.597830554789134
31.828843743882217 97.74072024263263
47.81189165411301 27.669564010211435
87.59026027754975 19.881977338848
88.75296334643679 96.80561087564834
98.46049929872191 0.03906490371192728
39.1588370035211 2.917764469238149
50.90713364948416 3.6730183222944524
16.21020402265647 32.23905922394301
87.29254544642696 63.5371967043171
61.579480205837726 35.15455535547849
46.1893550248452 22.722987626046432
41.92605485474405 60.157872319849595
95.6926336574343 0.34694547024669564
3.0433031768259067 92.20202301638064
74.61197163679707 9.761091299637714
87.96994681248096 70.99121129648755
15.737075703198 44.130803191444535
92.71399374709827 69.08074876560542
86.72185657587357 54.8053533846238
7.275376482668916 90.61623256051767
82.83033026672612 7.085102637768292
46.3089576123189 83.66381421555313
40.272877801421345 35.404671080750475
59.49954449541677 86.29654278610761
31.5251065760771 11.84029326711169
71.35568110747728 25.960158060254535
97.34549125327827 67.3261299519256
30.397401415221093 36.401472850684335
65.29362003629757 38.10044086850966
21.187426903393437 47.34356434303153
92.88700499193119 45.17793128002698
24.5708669256123 57.6689580493452
11.102477161477742 4.781152174322112
82.59864840670636 98.70717810832508
76.93101665552808 36.505486566609235
48.886074729187 27.504944723719625
36.488876809176496 30.321677964548165
37.93148663499699 26.188755030865263
17.260452278625337 69.84985262570065
0.16580171191644677 59.36742084815769
23.246706871544866 58.32940796980877
90.96882122515152 56.0152444541943
49.22199258545581 83.82640970322022
74.0227881432621 11.525492811814875
92.04274326787518 21.366102664704158
93.60414709690907 7.691539179881413
49.353028852850315 2.3532950704283406
29.881276751537666 38.798257433259224
2.5498514142529904 88.47594051936096
26.492688454214573 18.31689071011242
25.151519672756038 28.155972201434732
26.585305632021196 42.20416802723097
46.690363915282475 9.567498006380927
16.804377632312328 36.330974521067816
40.66335689683736 22.744037925080775
6.288890393851165 41.23384133614998
15.414681951964404 54.56110669887726
20.22834311655004 54.3297020707642
78.64837048863878 89.03063736717804
18.75061452504083 61.08797005385633
16.161019966814848 2.2129052994460885
62.793518666384514 82.45344445664942
47.89362348745212 12.2220767242601
61.54020921537848 9.310375774383871
76.26882824434556 36.37247448733461
66.64468547463795 64.79550515422694
5.535726388990447 29.875841838259596
99.22827957408731 88.33792424237976
17.846665472228462 51.34942795243474
73.14001288890228 75.39786745789807
20.9278485880958 41.34655897918489
32.39893392492645 32.033021937884996
4.1253492507902445 79.55010428127736
69.85282611052419 66.98458003715788
84.842826764485 72.2599227826213
47.705492776325386 69.81886235953962
65.14728243283497 86.29406597260243
47.83103954051337 61.15393707518446
63.49678266367784 12.21319949095474
25.531584096326565 12.777429083303971
16.78609394433954 89.87860185601082
90.61707367084482 46.26080704100304
64.93253090355202 42.343404851359104
83.93141138250999 16.595130568806326
44.025010792427885 6.628567252209416
82.96675385231325 2.2435770089016094
77.57294214767099 59.951853218086626
51.541327546568596 34.174894201814695
51.40791881857616 96.8519328229918
8.393989450452644 51.12374180806925
7.40008343198908 54.08672250468325
65.51099191761598 86.48652437902061
97.69426138539588 77.46843244997028
2.68639995973059 22.46441542475226
40.578026689118694 88.94931347784029
3.165254933804129 22.23910133877918
95.68602110463527 52.045612263041406
67.78233424653052 26.8987017578735
75.36220968185319 13.762878462159733
9.943737057752022 89.25285258097122
60.26012345561724 46.15631065039531
71.95703693492375 75.8981788756084
76.29811624642235 73.41269795635456
0.8960348564857279 54.10925395741639
48.40197799263717 51.27894865424163
20.034955884259297 89.61870628400774
16.347915067558972 13.299816907769713
9.723162436153366 42.58543874845029
95.02390696772895 42.628336697574284
75.6492551768851 95.16968417906759
54.97579302786375 12.97349162546575
1.230191598947017 74.87296941594408
64.4061615019639 8.598802559085804
78.54350072190772 53.07019156020281
44.00818906526449 54.051328905103716
36.755756706136026 1.8088131940744878
64.31126846869253 79.95456576106162
2.027198499235361 73.30926154945155
51.47111363164385 18.49220720845888
9.731534618937875 89.04578405341661
12.126104453925235 55.52687472790767
53.266464943415556 13.283980265443551
69.27790856468808 14.123621892799697
58.6083524122444 31.956867769612572
23.289262338617146 47.268566564139334
32.857474112251595 87.20825631142397
67.88998927720154 76.04891345208739
61.59422126622833 50.90464306041631
73.66070600537431 43.828389596633755
62.54451448178542 73.39023018831799
26.86464557032455 1.9588972732578869
4.653887351762442 5.541045314137882
17.718494192850855 18.90699897115542
98.42783183240937 19.56097966095829
45.5299760638562 86.52090243940161
6.393770871888704 39.837082983660956
64.35274936105837 79.5592790948068
93.28028727223807 7.944651661679281
39.01384162278014 86.84871384114798
25.291174606225763 17.122836664506647
70.19289282649568 12.077899201892816
46.84158559710012 74.73958499378841
44.551352204481496 38.15970553239689
46.79148971912306 33.995979373497185
65.13319430374047 7.358649579562804
52.32744987981797 18.565472626385215
26.576351545431965 41.51890769022957
18.43326715935607 25.831058679483988
59.43876357764566 3.698116972950083
29.757481867681236 90.97862599886327
15.231073043244425 84.00147184711722
13.233577864541468 72.67487162538086
77.05115766841799 80.71233085261673
92.39860043992107 99.25961993315104
87.82882677073903 46.90257611820361
14.178449855130193 60.55438416351584
85.34673976369922 29.97285746090881
86.91562997749263 12.112829728281426
95.96861992576264 7.84948701758561
21.618079545190525 89.84508190543082
90.44608131452601 40.24725392399549
52.54050542156985 94.50306061977581
82.57012093445412 24.554401216847886
70.16526513703825 31.122739530557087
57.05911329339639 43.57179033271586
15.908169758837243 12.082429197311729
85.72970788270797 76.97970783825781
63.78628983896994 84.06261202059102
53.34438502010881 48.722639845403215
49.60271185738332 73.35594223721016
7.81424366624941 70.31354042866265
93.11637487365898 70.06209704803656
72.6958214427514 39.901651919807655
84.22770321931972 31.517625446650488
6.910276032194429 49.38322323358775
10.447738262978024 67.96969314205982
17.777901224728797 95.35911451883922
88.1168720071091 63.92449739902559
13.73838270966312 99.1871595867628
56.502718270184296 22.914551817531216
73.80129048692683 56.155222029682974
74.4402812686874 52.4937666277383
67.47893680169965 23.047361170756474
32.50983961046785 19.525106244046754
87.36529816877598 79.08656164539552
67.14104502057754 30.16324525719245
43.70376688082376 67.73222722930853
43.7010039809975 90.57054600260554
20.356748352815824 68.81501724001986
98.27162086189844 63.91825133420825
85.30188102821563 12.244007392798384
16.840686346461652 30.65415334573771
48.7650434169145 46.36274261118136
69.27069928221161 78.31435560576783
98.67634582586187 10.676141495175152
83.3055819158969 18.54686628380684
51.73057384359707 50.60120551244438
26.16305848582787 70.05389828480486
64.54899809337016 87.03747235773389
61.18234062379362 58.94843284680853
83.67217133871262 23.273686313273533
61.420656653246255 30.160360883158678
73.3620712815306 89.86226053252871
26.448187752361175 73.90330115914226
55.37365684483247 92.10751097747927
99.65072124598899 31.803796588870537
59.48920898156997 5.910343847470245
32.03577287469535 5.897973305200921
25.133380023680974 11.177783041652
9.078914482504775 19.389844944135536
6.266276323247144 33.607706288453244
54.18769821063725 16.414171451388103
13.945001406446922 94.55639822293351
36.99372542318453 16.74890179194959
87.39084139441955 15.221607064902166
41.549784039731044 29.672726518483206
2.013656691719934 68.99969223688922
71.23561781692496 1.396251284993788
78.0255448677063 28.059610832531167
95.97932110114246 72.39878102299085
36.23108323225068 79.76437729449329
50.255966996241774 21.745071515633075
91.83775330658948 48.992557623204355
21.603500901695384 93.02956548685479
78.7895569647759 4.221587226759538
41.003436829017595 80.21646478449007
18.713058573711262 26.344330162658338
85.57792133827013 56.41681815632058
57.86508684308895 29.72106686823135
65.52687714858439 44.234794029828485
74.85955626803059 27.74542561151907
58.07426842623127 89.06121029547876
26.224871123490946 90.7738427268721
26.446104527723246 55.05257228566005
49.39082340642034 21.656319839405636
10.25485587575259 59.75773492989585
11.593164962877921 70.50551284442999
0.8055617045463759 27.823248313196626
15.431687239887303 7.467467061947253
41.38586312057324 46.18784440774179
47.7423941836594 50.16693082227472
21.29379521797643 73.26196207099463
88.36822553464889 61.48163457180216
29.07884132194003 21.135299456660817
30.92542143546804 97.16868893932649
83.90909128538773 74.83236754077743
32.11794761914606 85.18104543002755
92.9802187576545 71.13827706345883
38.37654614953146 65.05613720554378
75.1419142442367 38.055407772061976
58.81235943646739 69.49129062705615
73.12570040596293 84.71865602333332
53.681435789536366 21.43323200926508
5.368081604773711 79.2918320127594
56.0464066550342 61.257256825846355
0.6182048066597945 20.572193488402203
43.2878685254761 21.951945680932617
63.754036250379365 93.05794958456721
86.20107438855659 94.61504178356597
86.4853117821541 45.84122422631924
11.116139394945224 74.73718004677481
54.08958577062213 9.707340332342195
56.52534133013525 41.37244055320883
97.30644945700371 38.843967767329836
75.72013190410365 7.197294570327983
36.64582089948358 68.03176699573935
55.72924465755158 24.10574788095634
56.34687078867473 29.45986297063432
96.38619445964216 21.176460075960392
26.327732053016373 53.033321903661744
73.6448349940884 36.40179563753752
93.0682972411197 99.30701479139165
61.20536114776345 13.233717478790098
29.431628368460807 89.60934141595655
84.99127541355473 53.95899834328994
61.73709547041155 32.166444658240366
66.13377676936769 62.947059828796
4.544503291885449 63.06316504790557
46.62784160027882 4.890933572980227
64.93902140827646 94.65522515899123
51.50240255213569 48.005148450211955
78.42511743678813 30.24970174323216
53.82167972516694 68.80597356747992
9.716828442798686 18.06897666059708
78.7788758246619 91.937400906974
18.52842207652705 85.017502598888
53.30462500767319 48.67797322697464
83.03212204389246 50.10065111124198
58.846629257365656 14.811891957991975
78.52871537807948 90.74694656165785
72.41629325326593 74.38602574788142
72.98357029792659 20.503610092247747
91.05060825173447 85.35145048064612
40.53344403033638 51.465121093641386
37.09311839078706 35.981012728374616
70.1072201282426 55.930218431650516
10.200127276231985 79.9102179571594
96.3397971783128 97.20783855445599
44.32284583373842 93.6521159843588
20.886012295051472 73.94972448450439
16.008580994175258 25.932472319040258
30.200679189554624 63.69888833834811
36.90593059109002 98.14894054453771
55.31672765452449 83.40643733202184
6.126788661111959 31.57929041132299
30.77148988915608 69.3597790127481
50.3021323307913 19.195708333469575
45.18549942030992 22.211723654698858
77.79847479325947 19.727206709435507
32.08638288489829 96.41250421931018
16.7537016718299 95.01066535239751
89.47992483673953 73.680402659978
50.84670692179189 95.62828605390325
27.579872823177976 38.272175984590895
27.739928827488903 18.768068874364108
41.53639260191267 83.61663967264201
49.85339517825918 42.686148743640764
83.43257769696702 48.76332237454375
20.038117427850445 49.86178106241894
62.5770534140361 79.53620598278765
96.94691218933107 52.03629976195654
52.324377761610165 13.461124286341342
36.36517393896923 33.39669746804974
89.15304812474297 44.58013452226346
40.915280104098926 86.94485018220155
13.652213220776964 89.42205626498625
3.274401795294035 28.14520995292835
80.33474772363829 97.44853086493353
15.931822732887714 41.17509625141651
87.67345845040464 37.75967079037903
27.399932176041997 9.263995497408883
21.742191706498005 28.77626905632944
46.7869881054022 30.161130492611687
27.525303114896047 53.672299459962616
46.22885261823022 43.852241582944764
87.20223250044708 12.929987665041342
82.78362294708002 34.75879187205062
10.946009237920995 60.44582152142199
71.2748711943345 99.68601858363616
82.99840920374031 93.70934823737764
66.61662417845588 82.46863204266054
27.827037137747567 97.4060410234265
44.44385470427099 62.062737418780166
85.62199695086139 84.34853532557156
91.51991684861349 89.00903886202383
17.81549038671699 2.5606014005805866
71.07310802485243 62.90282255542499
74.12356554098302 38.74099126101485
11.829782993816739 65.45926206569668
3.216634175601163 99.28096703855238
99.71338073326007 40.357557424062485
62.92118919562473 74.9329889981992
18.524092078759114 79.94757494705193
10.64830329161721 94.70428350685778
3.6414755239629226 52.38109478471045
40.470044228625056 38.51190923521259
46.8134668081827 26.059065233370493
22.438855346754405 1.31580587072484
60.546105126356586 54.79119254209108
99.05453754898292 95.38648360446966
7.197818264463796 28.892423932321897
70.06264620150786 18.75582858282703
77.45137805826224 85.30614854685936
55.429849830670896 86.62805673382556
21.59238827115648 32.51411320396096
4.164665264424472 79.11454923728076
65.11374853542804 2.914672625441561
60.67801207316668 47.41650010077279
56.184874622508204 53.63495577268718
35.06354744582574 48.27250323175753
53.892166090053315 37.234372573951745
77.7553756604803 11.415240317748454
67.61299628185213 92.54625571181414
66.28124576919556 10.117644723931175
51.54839174857801 0.5315541619552278
76.1065787510666 25.338943783147272
48.255587055010984 26.806499564591178
88.62634211190974 34.12231439913405
76.44370807806725 10.13203631991435
45.05953815238506 2.898736492001275
17.16665369273862 82.4006239134263
61.67925271208459 78.05929003821895
88.80549552870443 11.555824304165663
47.656717406390456 68.33035349953
80.56549130805726 68.4481780990609
88.31037343825574 88.89788263827288
45.860968463182594 60.22751572043248
85.52991462654862 5.603332489711743
93.19077170156427 14.495324373126683
22.23240885088309 73.277406866105
69.28962814085769 48.70125257386009
43.22740471417761 2.123203841746557
83.54231689091054 4.325425404728778
78.23849661984015 93.66156455897365
9.787951532121353 23.906542053723733
67.06929670498742 66.77653388010067
92.52167673355653 76.79954340349386
8.888697635396014 24.935190318840284
71.0159959065362 17.245473630504215
37.791208685771636 68.42174482228613
43.92567964354364 50.79906064311499
39.90951536180995 34.83970002426806
43.59915614688117 95.06477453841498
57.31903731002244 19.173858197115013
77.01277557194489 1.634177307097584
29.326595984761063 83.49438315019005
