200
1 3
72.01351353618884 79.21257822431411
44.40831490213384 92.17981541720116
69.8938887829959 97.05349352573774
77.69561627657326 74.48555772240432
2.2416956018216583 20.540543276596466
18.727715315704874 44.0153989028522
83.67454633562818 4.7933992028415195
5.444067716151224 37.707120563248964
17.489151201618135 86.57660014522904
79.57642869438797 31.26498310700152
11.625977999106162 76.39853020961833
27.303586703816094 73.77561160195098
96.67302853866246 61.0256178340078
88.79961906576774 81.828773728738
10.634587031301045 86.64256219051738
84.56516292581205 8.628186078051115
40.24067303723815 16.450371506823558
63.79053842773854 58.082033715831315
54.79909978195743 80.02662716361752
27.833382221607184 82.08226243621878
48.18299398313639 52.55335235941081
28.442276488187158 47.65331375150736
86.26345617761379 43.56062685151383
11.925149844996263 98.81637790768869
82.04320563634401 50.48205449057783
62.704513506735005 75.38403586056788
53.55478486393457 75.35783129332782
94.13916438184746 49.12939491181503
18.205282748970465 48.915184607434824
6.1583310256605905 4.708951040091081
89.88908277962292 8.51095084416713
29.619175186800796 71.91656408866581
81.39150123157397 53.682790080738904
90.9118736593547 16.97446288593314
12.89025374336119 89.55453103868467
12.739218406132768 14.165837871056564
64.12346443909618 92.24259031250335
45.788614914207116 8.204395657218111
8.84192729897466 10.739602659044834
8.513016726396483 32.01600004697165
87.94728835756769 51.01995679937082
43.56014130224308 22.724096697517247
70.52055567028297 53.959413322481396
80.23008272425392 55.6113584715374
8.263648597749885 10.572445073704117
11.588600783591474 76.29961141527947
36.53961665605525 12.3225787078151
24.38361543711689 87.01949593304946
32.33049824103371 27.42741185982944
28.529114856905945 94.09280297136388
95.12748018264223 21.573911906225042
49.34889939443134 51.867635492758794
95.69052379838048 12.753762846045081
52.340571042108074 16.916522130405333
96.3445375628055 71.69215481029516
89.29662921196734 2.9711039451856047
37.05473145826914 38.96487611035839
15.57036062064947 32.936032857732215
48.045166646586424 58.057655978221234
55.217579075212676 86.250971780582
55.59708241147907 17.625000753137776
70.20605187883426 2.6396112247520698
70.69438999593234 84.73912277530064
98.56247527087234 43.058761435665915
74.25996177719448 4.310874010203136
37.95430478267618 27.24254621862803
22.693404631018232 81.2603274098877
38.93475694509927 25.144970431691192
44.49301572427875 50.46547611147179
28.468706498810192 4.439883366715103
33.00941640082038 52.03837478053164
11.768483365198112 64.06633965442015
99.56399897141779 14.874566161966607
63.47739676359816 9.488623414072483
78.43141409341436 26.88802512580466
92.20387733705837 15.705313506430363
6.703867326600754 81.34000056652388
8.175440611541628 89.68883135009182
88.5607792719469 7.991459009646951
60.19573958048006 7.051219568420319
0.116375497678467 96.94739903997018
34.16505541594621 61.615331464800896
59.83292304205141 95.85390275963084
16.949601832197338 64.48271428886683
30.277491777971164 72.51337574166388
6.928656638910691 62.835136172188456
6.21214654508937 38.20585193126613
1.7823517438064984 35.159729468318886
16.100966860662602 44.8934390420425
78.09647533271944 59.513477960525016
87.03619680398909 47.71135841399736
2.7163059906727405 19.434232457738254
77.19860920614497 84.24723190930006
89.37448211010579 70.10931383663517
70.50418227086269 98.10946993118046
91.05417859887899 2.9697658800920568
86.77511268280547 77.68864253251999
0.46480407064168894 37.42140562427689
53.24179284236328 99.11140469534287
45.76118150317452 90.66974141590207
98.4750121216781 93.19009127125844
60.86545821889502 77.91335257319858
71.16214368302529 68.95414211478229
15.627426178546088 49.34230915964275
19.93343077249523 8.03079273474825
10.332945860629517 0.21322489797666044
85.06624651969345 14.968342296574754
62.52489878328134 62.60416376218272
5.127026680417268 7.968024611642188
95.89478480379768 11.88969482466633
54.95018860780871 2.031376543977803
9.306331510299714 77.03731587426495
47.447755326806075 35.65021121915224
61.18110023607917 65.40424672674948
13.511135731493496 16.259677546129225
43.600950492385905 41.44782477826081
93.87323546526905 51.43262542388853
32.07226993772978 56.76881083819551
41.96868044590521 77.0720742156138
9.96284978390447 42.860468873582256
12.369383870291184 20.387546399058355
20.637142147963417 40.79665381705557
51.31917841984877 38.21110867779658
9.263928190049576 54.79941279793545
58.54310599054027 46.70456289045486
78.51415701462669 25.16021330642546
17.418002947521806 13.181698133395493
3.4805513228951757 94.24979612545961
56.086111260521164 70.09407204393972
25.470639643945315 32.63485189243396
72.96645559641028 83.50783190115595
0.6147974885121865 93.59683900522438
12.092967169733825 80.62731439979424
66.46191853460405 16.809240882730016
40.50101214479827 34.13248068366022
48.00222012516699 62.19957512318044
45.7179168645738 39.18428983712596
3.8343902813384956 34.25374635362779
6.184891236076706 81.67229767101811
31.057063929063155 27.29181596611827
58.68579268266101 6.744107622866213
51.39609815900461 47.190223874057935
77.32651958647492 58.62913613349843
17.391432911105476 9.405669016109197
97.98960182864123 48.40251120850265
69.20847288684766 23.901748050066885
73.86825700208128 26.838637702827285
76.94286538936117 46.10593630345037
25.003222232825916 58.284512760871785
47.96450964342491 39.399121493231746
57.42715693969367 83.91780313129118
28.09851622077968 12.36924490575937
0.8222878122738031 69.32635825735612
91.18937556949179 51.56736944049858
31.837476582455547 28.287806824794238
45.99074729277242 17.010638511387732
49.403110029607554 24.947640021992612
30.96328830180226 20.19250485889672
27.083566832386218 82.85055615335222
9.239444875495728 15.498743027248917
79.606916940248 80.19475775171581
29.385047603436565 63.15570094954492
51.941586444271515 36.33569230974669
65.71838270399472 88.29045734868242
13.722938451881417 70.74323798841252
69.11999177017982 4.596296898684327
39.45625303130922 22.19518315732443
48.04796869704555 33.16593482279588
20.97045543602125 77.87449358893261
22.170125893057246 80.49842192427148
45.057560748892534 43.66042825035124
66.72440429221977 85.28420527749067
17.17301494885406 38.66843599016065
90.52289348633167 53.569608274759204
75.57829515625886 73.63317515844649
70.36568474582059 19.33756874692825
31.647518866883793 47.78996766898571
1.2693140275890968 28.06791989260877
92.65472884989931 50.81100502411893
3.020138584996057 23.095273468936227
73.07366569304764 92.0068330213671
80.4332838755786 54.25844056023139
67.91690671612554 44.29291708979108
85.49533486817782 62.497118196951426
59.493312598301685 78.08463732304327
99.72600874536892 46.46982235545938
41.76970212349514 87.70617665139294
59.64722136301821 42.49253217326958
54.451399946168564 64.34103289596314
14.759772576290953 77.35851785311279
62.44734946884554 67.13428872397769
66.81090086685776 54.33637840060182
10.262358365580958 16.111298686415232
32.664683949329444 9.413668302549528
1.3769329149120324 88.90896568153235
19.07323253113258 31.299391801008692
39.189912894348346 45.910590358153925
1.2715295182651687 58.816040505146816
9.619471739800488 27.147187989411513
89.7580853261867 45.36579574069586
