160
1 3
48.09214919657716 7.1336100761145715
39.36324598099829 41.82751829972637
62.72694722180185 68.02830702518872
66.01128642635632 60.702231330116454
42.662194367309134 71.47748274432644
34.254469482942795 70.59943892964024
46.090874161802866 3.1675930046014766
7.236460388547039 27.18724022730905
79.52537650817337 58.540148787741295
36.38575286151982 67.72748236125136
57.69103168465573 38.51320932312008
85.54688554449143 19.572313640174286
62.101030205972485 30.056132385094703
18.150510030854573 46.6758216800466
76.16237787473928 80.55670989234042
84.88103446871979 3.9951712925517358
99.79341770384049 53.27378381477161
94.30696491555392 15.929139883225286
89.25922932452963 69.11650098316275
66.69642800804012 35.57568282283685
22.43482475321421 70.52978346151568
48.27881343647853 3.5241925580397515
51.72904344343052 19.38081732985428
34.35862630105577 84.23036601821865
71.85337630900325 70.78845408840806
2.270863530377021 47.659426157396354
60.50974341857596 1.9892393812685816
15.935002788021645 60.23138637835868
69.33373810611745 88.32179663719995
46.12771673608216 66.46512940142944
89.52462428654215 53.39300182579117
97.1239572005255 24.00629132806873
61.6147457333025 55.42385352272288
99.2168921143438 9.31578220718663
37.536354846843324 45.170884873552275
53.3557321107347 7.423386913171726
68.9976604322067 99.09215427974665
97.1185307955617 63.537279338001596
92.68657042212338 70.22296562509935
39.1734375612087 6.701751348344698
36.16176856179858 46.633585909515894
97.38217794979242 65.29305652795459
74.8800786484915 98.31514322978356
98.97928729766411 95.61963607294426
99.86010551303397 99.6210014623196
63.28663905072067 76.00345324893266
49.16193922272327 22.4520675842953
14.868843676310362 50.40755738906586
19.912345858025283 1.1238869403744634
94.57301625711881 39.492932259395985
10.66370472553151 58.31208917959061
98.38994865182688 69.56432460090373
33.285098487154954 69.96620632693964
58.91839792835722 3.02930011411624
98.6230583541743 43.43704495674024
47.247898293841395 73.43280970581138
2.256743892456825 68.97888320760765
46.21284736253442 88.67655681925153
66.13555630198714 31.079476723690757
85.33877002116176 41.10016852796119
19.22881424356109 16.985293785309885
98.72677493835478 4.663264817745616
40.745406599147756 22.068507020972294
14.919692707043053 87.22091838124638
11.708909741440966 27.130802638538952
89.57444352809927 45.99597619718283
88.91983336412375 32.65429822663491
47.28483487502295 34.57842101688713
35.96540512836754 43.822810813704336
28.700493912991497 14.63810838607673
5.499394753345221 80.23902191176877
37.528082669059806 22.997669157686772
21.61757054776283 2.012019304612611
94.55791248299374 87.14794204973211
67.9356490407788 35.56714978586781
49.32436162129128 86.44180061298528
4.547148107430998 59.311453241603054
33.850010097810014 19.165813602838355
61.29340626405961 82.44952857088623
73.69421398229655 15.86428405808855
57.97295865195835 33.30034382402296
95.08356033270782 10.952582709637815
83.83754620547931 98.73166597059755
3.556605863239115 56.79543422203126
48.70431734067713 56.4610081193484
33.509587193446876 13.012162512554815
61.74848988637751 15.16591048750142
16.752163791402495 3.352059048320677
99.27411670011459 99.2533938352364
62.478570864888326 51.53666326846631
23.56139604966001 55.89815599559784
82.29293043375618 52.05562469579086
50.24306071659339 32.83944652780584
49.272339250617556 44.858634229727286
63.787206882336214 70.09367209579077
78.85476041140068 61.23275917615254
89.44033349529474 41.692060806762754
65.37018627476444 7.375114081596146
48.862281635101176 4.753754698199408
45.13108496083564 10.837289607866651
37.57326651338371 58.144269227247534
21.578849939901268 48.89751890860319
88.91480445965081 74.94622855902921
3.613138419563078 41.80870448102778
32.191004281272974 13.732857270515764
79.71139430565084 96.25745466421718
0.47973709677364695 40.93613885126588
27.10577394029452 37.74391066917418
50.45115924212023 35.66386109954409
18.164568465813467 10.809647329491057
83.70696896595067 49.13402226138632
68.28815474408671 19.75634040600658
83.66008554690481 21.492638121795913
37.1727771536182 41.89220946064924
51.559544030843554 52.69873168963577
50.029217420051 91.98443769922791
18.618846170557536 38.29461118366267
61.5993378004267 94.96368011049789
52.72619049043736 61.33966109257347
98.81983217981396 80.34223530090946
8.589013416342283 4.631203862482169
13.267288412546186 71.652241000516
94.81884204060424 17.872629729369315
23.087468254862653 45.74085429863464
27.13603081307534 76.52219660226879
89.46374892014836 73.1785338490549
8.812102930832655 79.95810964172512
17.82216776228416 75.36486076850433
75.88518158593196 22.91107382710942
7.891849043966848 7.4823939709536935
73.2254322479833 59.87362288503035
61.51856173206816 70.0120764642052
96.96215456831179 71.73163056598688
70.29768796195393 97.07938239721958
55.862233666234864 13.337501854448153
41.021170477285175 78.56514939626847
19.44197483511838 89.69504158363158
14.167469411086909 55.36512606570487
45.43681933400692 95.30286969962735
71.52975987823034 58.916408670222495
93.96130412650669 45.611958070229576
74.20947034753709 36.53014457284765
60.440230550507245 38.722968923702595
8.409920333807896 80.77041184087447
84.30716012500537 38.70430588785663
62.52667786914869 1.9653911838793947
22.21592829077268 82.88339389642152
48.14977143489223 44.68001408331632
58.38192810238736 23.381614393932672
15.93888899033351 28.985626245032957
6.8570228315171455 88.02740825519831
39.437668399379724 17.104107125186772
15.781900662600613 16.401544402643676
79.87201467956379 95.29767896569226
45.87573254495818 13.66797768041863
42.905468275899786 96.46468373501418
77.30247702071121 23.070607340882
82.26419010719492 87.87348195431694
18.139770808154342 61.060455438005754
60.353881085887195 17.711213194807506
