800
1 3
49.932206361149255 67.40536872605625
79.26068627505846 47.20602222138706
65.11538033825511 6.739565341787723
82.14682794356871 34.1300621284863
45.381710385201714 51.299501360529234
15.700256959957958 56.270560746202555
94.58399710790657 34.983421694089124
3.3242834429708434 15.066907029210409
27.740949191309138 95.5399712832421
82.37323606528155 64.92911099459778
62.64866498496151 79.36976481475082
72.4614088826113 8.79852203330751
9.534754461946605 7.341976307154252
79.4679305452902 39.59772949009883
14.067095301903842 65.91301859210974
91.52381801684777 46.94348659642482
21.63957025239831 16.804124139959974
89.40663645630089 34.813239080007705
9.20138783505613 27.199032807610756
79.2541073761493 30.290530764672454
82.36736894343102 74.41929765530983
44.74061988530449 14.864471927189271
25.628030361848573 66.01442824264359
95.02836860125554 64.79885810338857
6.869055690337089 81.88400159337534
58.266828217202345 61.508775866868206
8.233250833348492 73.5026594891595
64.2929856654882 68.43802028887463
79.77623277514331 26.614343470373527
93.09051692382853 88.74982940124343
70.74881161623333 84.01569560602
56.02544242590597 93.66604359127734
51.101961526810015 5.774077725334936
98.73676906879977 88.99271574901712
35.244788735214414 99.6723713183836
59.32254944892883 58.537366424854696
91.9055778680145 87.03861161464954
45.30708541091637 52.44009629977817
78.79574211832714 8.03039464979516
34.00901011163877 17.845802957657032
4.588706053882263 57.594945685869135
80.28822053893725 32.99130133953678
57.67372468612897 39.67040666282633
86.76897523287393 9.35581046656302
82.24867954344128 60.59697612876895
48.853885560303326 84.71239864681735
75.21238871733247 6.448768644349645
0.470715232282215 39.78520187812442
29.406722008148 7.631862307784343
25.82540390119801 79.01948789558662
42.6087051831552 84.92611052440904
44.584313689000155 27.11055996595626
98.4567241088528 65.1759752892565
34.22291336072239 89.97571753291882
87.21261309681148 12.580813913971788
64.16643466221517 88.17897840397589
39.707974095831375 68.75613380376102
72.56060790329433 32.434277065967024
58.09740855324601 12.66641141314835
0.20349018336427438 88.11863156429764
41.98595795952733 9.53010221615489
54.206941811978716 30.59111368974239
77.95760223600081 24.038635221908788
64.85014813981942 6.3930644728387165
68.62786375406804 29.43255144706893
0.4934992884567446 15.331876325410088
28.557213875990172 57.21583186855437
70.60220477880172 29.677551800554692
94.59092186538491 30.706908739218818
94.99977580440626 20.180215318068196
6.956645121794214 15.913654846509173
79.04088006742325 14.56080454384705
46.559175926550566 13.609788768618758
75.88046044697248 72.67106957803067
76.8369401116636 26.88252909333224
43.74239767129382 41.591863026743006
22.64379447476914 0.24239135377737142
19.22228524977456 33.02014730724024
52.59446850971572 77.4599873674952
94.06528141960978 77.99708970323303
65.72021403181554 90.70937790820548
69.60251340305025 18.651333570846496
45.75303233169916 19.738075449967173
69.27671149495029 92.28110812657262
90.51356113355186 14.054256637469042
2.2093196948110627 27.890262046697977
49.82437260268671 16.40858450097207
59.389533011279006 99.77788866749351
88.97835622636012 27.836571293750325
32.095067951032874 63.61195945610798
66.92791740337276 44.25437470394839
99.15247642636973 91.6764561912442
3.424422488580192 13.640321931656295
35.06685243266956 12.17452666358485
5.976399686506095 36.666718987400834
70.49864897224711 90.46002244989222
2.588442463526164 1.4230470443096221
47.48910796983843 77.93499904660719
66.3160210907175 78.66271283075346
71.28180176451477 31.704995377325652
79.51887588501482 26.390876021914657
43.743826946903354 69.34615661985335
43.1983939646333 98.0326768476452
43.22427487016287 89.7275382178644
70.56466016268543 62.3756002212962
51.701095116520435 23.484212900792258
46.69064540725208 9.960180621237846
83.50178307370233 64.46667998653919
93.73623320450939 7.259406107257194
27.16331330328936 36.202041516793294
5.345374228552768 32.946099643069424
57.47313782367471 21.928892753440742
34.62187185148162 95.3863522644468
98.30543059767649 75.16283829262606
47.774214377549114 38.37491117368022
77.69794931115561 16.992885940823
32.76865126029027 75.66003032483925
60.83199522248668 91.2312071664064
11.015361001323875 30.968907419702198
84.36791883492765 20.41384281567449
23.197050263753848 79.04375476189212
41.872651340449906 75.37873850509851
23.488353985099163 18.056922602269943
50.83607123919363 37.75936155501605
15.477718011073826 87.79381634920878
56.28064380028162 36.9123795885264
51.72793572940706 93.09121635788725
44.40143406413417 95.73067251594425
1.0207122502515986 18.284160078044632
77.67169354523482 58.75145846000252
4.134465966759615 76.32234269085747
74.89254963695919 13.513701788640265
45.00372128150818 19.293965902348287
94.35261607267151 58.242068111073934
38.6868111161806 98.81191432083489
60.330491301539645 22.21031051864324
59.76895777266349 85.95668986234415
91.84814501586007 21.02028443781179
60.24541367168108 30.935119713749405
91.80411858917736 32.51087230333911
81.52646240701247 87.97167430106951
93.90491605716733 94.14592481874513
38.92929500410087 40.709077260688154
40.899987415310555 89.06152226037875
38.97239551586178 21.18868777059135
11.624258269863908 41.39644444940895
55.922323681978824 73.30234222426972
64.95686628049415 25.954590156552726
4.6219912223695925 55.39876147885383
87.8384875338388 41.223899024056585
18.884806526496355 35.47726398128561
29.28529689321946 3.7699208163162856
27.823813108141216 72.66865467513088
80.86432607368144 99.82610851266745
21.69060423697462 52.751703929404314
42.40905735057312 9.910988865534055
89.33756327003867 66.15735544214563
94.89337302114862 25.222498295108785
60.40837949457891 71.84630982585271
62.61551639161909 53.883333680950884
44.645367075671594 16.995797173548087
73.3272580611066 55.15114622827972
27.26090107742023 35.39891642546051
29.81841847487159 5.820500765091818
32.39059243057601 93.80824856251553
56.877638318839054 40.92233093914699
71.72109757460707 15.873857689038662
75.44546655573086 44.61881942587238
0.5623243230882702 12.133946574007503
59.984344765027075 40.57411976466649
18.267130535561193 85.89570582809421
88.04480977523899 4.747664710472765
48.52233275536035 7.684039857667857
66.42634771430312 46.61465117547272
47.23202883455606 57.16961539110008
36.663966044448635 4.169662852883982
88.16857896752146 36.815144068785074
56.199519682869806 90.70292089888734
26.987751866363 43.38503323861944
10.873088326765812 64.21673004019353
58.71456501384262 45.49425654243924
26.653689731200192 95.454873197881
90.95284543403068 13.770744670020264
69.57223188986407 29.63094281299652
7.252660984048864 99.8571226633728
52.80094620269511 88.68187214704011
33.33745041421376 75.82640547803867
88.50806029387431 68.38844956490821
39.566719333596325 48.54744355416456
24.06120915945491 1.8267046006546384
62.618597313310964 92.34735155275703
87.80819451600263 93.65029312051058
76.31040160984853 17.557866682412616
38.871845749563235 55.49174326836943
67.4890181846828 65.15364607423895
52.11632376197552 46.879549864253846
99.80593738531299 34.37090350366281
89.22185882802714 85.61158548321718
55.90851916830752 78.18645718630492
36.29766943948201 0.7848038637327193
20.882653923490402 10.5454475077428
56.951909756767584 58.09056190843742
12.182394672600072 12.816216511148681
77.42510711736332 45.050080921796145
9.681550990387944 38.93250190589808
76.44001684534913 58.447150109393654
15.249109541046657 34.25054425521854
42.885743682981456 39.83682361194292
9.966233521625977 21.217978563041797
86.50961120959852 95.32160157427904
38.46455806314984 90.50814078039335
74.97170552342492 31.98890607404241
68.4275075080345 22.74479680858137
43.06312877976386 92.0470813806274
79.06515526894955 21.440732117577088
84.07417212472859 13.940299866838245
28.56887747453687 1.0104004867410588
78.82943346653077 93.39462689819464
17.15860895093424 86.72271071853832
73.18026779182564 86.61215030525557
0.03651472302379499 18.227048080177234
18.008545326443958 94.58118419130554
81.41088403309426 7.098510160787064
29.756809097579872 80.27693620064018
90.48984903373724 42.48935773898832
33.31749321259893 52.655038407693965
9.762456494451577 44.611126680345436
49.18790041912644 80.328659296803
59.47230939626995 21.114948435968838
85.64618090313255 52.31950945919881
11.490650761970066 51.90087212808383
18.772629427223976 59.81693391227576
77.56525334389113 64.30665911493524
65.72337883815509 65.43137500172543
62.009967091977614 83.36698931043718
5.689087752393163 60.428519344942714
4.2069785134652316 54.82018059049001
87.68245771914151 56.41962009412056
7.920838420803067 88.3382956617265
43.46101238515943 52.57042686074775
94.82548026012208 16.30132222049614
27.74788144973148 65.57621022389188
69.58211133280135 98.15698956508534
89.15658245185469 78.87882482923136
99.99425212770359 45.11255267995147
42.27342546578245 92.23039159742754
2.5664627596031275 2.775426266546832
29.562206058711602 13.419485889246863
31.632326738693916 11.100037447558254
61.061233266207005 3.091090642065386
11.157102749673232 36.620605810721266
51.58368995536895 27.781408424075615
64.15937344105956 36.84619758196834
57.688900593695 67.31253757222579
11.193360963326683 27.910973899374135
18.45072078199688 78.42761853157319
92.8102004073005 80.05432309462395
53.98299219439722 70.49983378323861
68.32943177494006 9.869943713941298
12.870089199309852 72.1753153308423
20.392554071456548 38.14640347722707
93.13731986555231 64.80632217623076
69.41054836674788 19.210549449874904
94.45753077086876 0.670916260542409
15.863351537260684 73.95727932777905
55.260390183179986 94.06040907858014
27.76081277204494 41.18582726893525
30.507914727051343 95.3797413216924
70.0146898509006 33.84931955260675
99.42523707701739 70.54277602199805
51.01274559188425 54.24831717559271
3.5302312042862605 37.1262370285318
14.938423205633345 52.43953622389448
19.199549422460805 94.59539064808413
74.70353569727075 18.181966827821206
33.4965938157179 90.19985368709635
76.87320987775024 18.010257666619502
42.482195915241135 63.6464418787813
14.558282583284088 98.88998877493327
55.241727611640215 35.36551492691664
38.19070498273931 63.55326410551145
72.92046404072983 81.46796005464671
5.135742552250622 91.0854445833593
6.418749763453602 65.59580157973713
26.762837436243547 8.718969625197026
27.00201279889507 5.6612701965552015
50.155987854798646 85.8597413455055
52.582048160412256 98.21018440947138
58.77309135033357 56.36322096265622
19.532817690994264 38.95870600665141
46.75808449565053 55.9341998551707
38.009233492053475 98.65369746234502
30.157014739471034 60.15425805263204
40.610827147975726 5.310975829680342
72.31126020789111 7.7221047341389015
36.91109856208905 58.61128172524095
59.558833700882 64.5999931740458
0.19342515037883423 89.72790858404056
53.09611806553147 9.441628555056415
84.21410238522506 10.657439026459702
23.591255231333584 0.01708564410767277
42.64804543221301 98.3772174904778
57.63126139764394 90.91775255951508
74.81203808236081 66.6075400428998
2.9101506159522783 62.73272909380581
7.992422461161985 69.96313730649018
60.61611249120445 41.88749643404661
32.94941105182356 98.89243287139031
80.404247360893 61.743002682870916
20.701223354636046 98.36266423760338
31.458538600466103 55.32670393108905
24.039925184150015 33.27270871785808
75.10941888952438 11.108137631523984
98.03359462490147 26.51732027163407
28.967741780156352 82.64958395722448
34.7188067540523 97.86974891705698
93.483558337946 57.52995596917083
19.534774638557128 81.50672087066685
47.7326083227108 21.360857158846038
70.78451745003713 79.89415797329423
21.772777130958175 4.880878184335136
34.33219578034495 73.91151112106846
40.21509307868038 10.892347896354359
37.93507135806673 54.89053884789652
25.354780142789025 85.23947373506896
95.67262944812227 85.28633439288626
86.74259398712599 50.641470956798585
61.82327283605229 30.44548414702133
95.09056363819244 62.63078223303531
48.70153327498852 50.08532076197483
55.01728344258918 87.90765414182877
47.725596059566236 83.75888645817486
81.65087820725378 98.81018543137954
78.7948897557953 13.469024845525324
86.60712367208913 55.7254911168803
50.657199529750116 22.98908509244997
53.753376134860844 4.715480672957817
75.91126103811543 37.29266587324784
39.91376201187955 91.23743995129901
55.205960959921896 90.04795498467071
41.34206207336406 78.47369594580562
27.460446055315302 60.91696710624757
15.921705001844177 86.41881597393706
79.79620362724901 93.27897438174293
8.914195172578454 50.22529731594787
47.83523750026981 10.773681808614954
79.74104597201179 99.55993330886024
91.95768629438439 60.202306483447686
25.097390803567432 42.365180632578834
36.579948374731885 44.301618600364655
56.75528808986152 47.27800263744957
20.880538806025495 57.56550624926242
42.027540110518856 91.24949048940148
96.53879687401312 99.00186995649332
22.229276237459715 63.0110103438384
3.2732170297051777 28.420320098387197
24.297441940725427 17.834604177336466
74.6983734311601 79.77548350273331
48.51076371038769 94.1264257175466
39.360088681135984 94.14898195148365
5.10961121569784 12.12695224129714
94.53498775578579 78.10788744194868
94.99940539084494 84.03342010424797
67.95941075089857 65.47715736216806
88.31329005738793 24.857392901550757
4.024655130236554 68.68388097747804
53.11678091010481 75.20239528073549
3.990521268537006 82.13152192245552
42.36833990130282 21.32159911547591
83.36781928172552 71.1194866456044
98.6849287305587 54.76813239926219
25.773320116959674 77.15038267983117
94.22336623790703 78.11523277436187
63.522072496252676 75.5394464662917
81.51912942614032 73.38468898019497
14.330002463856783 6.981595265013962
47.49349539370813 82.28138339008284
9.143651022065423 39.876178734789036
17.836949970698846 26.672319865360716
95.61500155567558 58.27788514777274
16.74258672312248 68.46877256034946
83.77979991567761 15.247707366788777
21.594102056838583 45.672631499449935
99.84395946614994 77.86899643414228
50.89938825585649 22.81562380631872
78.78959938316189 18.321690639258968
39.00627888588395 79.53561691081256
39.24420762780612 67.77965631738638
70.49828447368934 98.73040270023638
90.80555041006586 75.72299371295313
63.54841622861878 91.43107775403021
68.4128263496793 53.8216979670582
12.4523795283344 43.31209026626166
83.8040905531791 52.40172483987866
98.26462705802219 21.64183940070925
29.65361143776626 38.73540326651677
38.65323271157865 52.74447818905137
20.08025937554667 7.129423945191116
34.7239091848853 29.549137620148038
17.085840349218362 11.345351314157238
80.2942887801124 64.111234834257
51.10451669471567 93.07166954331831
64.11030887272673 30.942082516429736
92.77749635863377 67.09162532697708
79.99404251988997 49.64521070503882
82.43724610503868 76.03720668922023
5.506295532457117 86.26844234498114
37.10831489436348 28.23641493780724
98.94636487104363 58.23885717962205
52.442721042915785 81.69397719778296
47.19983133009211 15.46859999182817
0.953569344551819 55.73571420942163
57.66669724943909 93.6535626435417
1.2850956021507542 70.35215387280245
48.080369578438976 88.5857907417706
35.08489094973084 7.362705312103834
32.73217600769176 11.08750138337744
82.98496441577142 91.08738695250065
4.321232888770488 86.597266591464
71.02702389410018 98.66751188083829
58.23237189031811 47.04250588313579
45.22459576638032 4.428412674855409
61.13703566940061 88.791297109421
2.9101301844402405 38.898672894727056
89.73089971540907 39.688364749476634
69.1026625008457 6.477810518969629
83.01959648736499 63.99442434393365
41.172845618801325 77.21479198758196
83.10832941424746 6.326877625586036
37.828396724629584 34.15690108063325
80.73389475493589 98.7069577377046
37.67714810102329 8.97619188440919
1.5516709390286598 84.6724829092097
91.69447118203713 2.7160471320321955
27.10962532127652 21.318678349558738
99.50661319443006 57.164632077544674
2.608666670917703 15.465008350032194
51.571509244219826 93.60971482168135
47.253655188382496 91.25836582462455
50.82863315808503 12.744478528840286
56.28274939570974 48.075392641126435
44.36369728609695 60.17470745857445
11.038344827212443 66.413933838139
87.17043010685073 19.14894519046202
74.59889841486991 97.78188360268385
70.30468757692961 7.96336648977658
60.353970268632565 55.175879174199885
85.63227292331206 91.04167239651335
74.33499629156897 12.089769028603325
3.448828497815959 41.058254028601084
66.10146538909159 90.19542906167398
75.3942327653861 37.192756588646894
20.727999562394885 56.05037267885089
42.951832835674054 37.208111074967576
67.41252994982881 75.94443178519634
24.4857617670462 86.05049847422393
15.215493482203545 18.454572854295193
5.5738322850588995 50.726787575637246
87.44275195326597 0.4450706491067713
63.62796147596275 83.39148885059173
76.3661041224121 72.04533621903522
27.14901778043415 15.077409482864358
55.98617688918179 32.04826129763936
64.5213156175904 29.751580573534287
18.982775671259013 98.38323822449641
78.90921364422128 35.70022137679103
8.993647026355234 41.78048289638674
49.997379037436 82.62618994974112
46.63068944075117 33.187601707555416
80.97005377221815 13.326007920713877
75.82419527654123 36.56320949190987
81.43243144910977 79.04268418190372
39.15114416086241 32.66921638550697
32.20168979454592 30.935451339396238
84.92571633670798 28.58523815588494
0.47646204396916136 77.11028987019137
98.07735410599487 70.5550157261023
52.86053067507817 62.531294698774765
80.47083802762987 61.70304047705297
22.290169467183162 77.64929780618846
70.11193409580936 0.6272666456752729
17.791776710939054 99.42148683984277
70.47100966548918 12.623019379616185
32.485967099497245 73.82522884551317
70.97569090536886 13.44943977509514
77.68646433189981 54.540475728058425
71.09704807843953 56.722188025792654
67.49475773628117 15.695942173002386
54.46918939151293 34.27042281386956
48.24557461334595 26.445006558983806
97.81834044006405 1.9708625142990766
73.5167264177827 20.47999666562761
23.323027931831717 35.44416325972559
25.803584701904803 0.08893344038314321
38.687749728340684 57.439793278816495
14.346327008603431 54.57899355360871
3.507410647106335 74.0219672746683
47.478163347284095 32.54835031634511
94.44664236187353 0.6552645497053478
73.91075006118335 92.1586560914524
58.0939868694049 75.13877285602089
77.87266911358277 92.93270767126786
30.385822466961866 49.4040222435151
56.22269697718647 83.21726374276078
3.1871437798058677 80.27222755306545
97.2306012909335 83.97436999404746
9.189767378505254 99.90789994186157
82.47003120610412 46.53974718097753
1.5921516707435135 95.54803370712604
22.860465801000252 22.090648789726597
55.28943081277558 80.34269518631234
71.92881746556361 66.15563143662348
59.52861379485304 38.2661825329978
7.74120056121963 20.177313868723836
26.495666874048005 67.96065969400568
2.3630298343299883 63.44830021554242
28.37536334629864 93.11051737118486
87.75152416935488 65.5369634927568
17.90967166185493 84.1006339257024
48.915544617068775 12.163292811831838
77.20752509694344 35.90368095000818
16.29599862672737 76.3513309488701
5.4011123202375 60.09310689500653
19.361830976046623 45.14205473226656
97.34738964540747 4.564536265379093
63.54199040005024 51.43998072219511
89.63565550393173 70.54512037143196
9.759840771465967 48.12491282919942
58.0157082417363 86.1264908056474
66.6497290827757 15.36943634139638
85.76954401682278 82.3427503803219
94.72251726898386 96.70566610551086
60.73246713076843 15.983281219609502
72.76385451677329 91.47932541585884
14.603988706026882 44.72352193201774
37.337647811745576 4.689331408214237
76.32179356860875 39.05223684745016
86.85365932818551 80.23898737701293
80.83093867963429 36.26505516180034
20.471608306750298 42.04858502533646
29.300024756864886 8.534664504858668
79.53201726080539 39.67610167433258
35.026096622008865 35.667342712090935
62.957412013967165 6.895269393923997
81.81851318551585 67.2697769402164
67.71523308833113 5.213338438104387
88.02726870908684 7.551725108865148
16.362580881938847 33.00068244453793
21.059558198178486 34.48617497637292
92.67061509375638 21.60410535824513
89.75779728367117 3.8821203496472334
46.09547575596389 35.643295769548146
86.37574012146358 83.52495142633047
74.84364493937161 10.727284747495824
76.40458797080818 12.229534404085719
26.79693641469818 81.02611659567212
42.853082456695255 66.19975044966529
17.69707884014251 41.64288338576845
95.06890645856679 9.177968003925209
19.97606295637564 24.582765580580745
61.15544534062876 37.887175781908034
33.85921196867416 67.43289707872404
24.846039836596034 92.81620987109606
11.313199222689207 77.00384593858058
62.82743695146391 68.28972436180307
15.960181217359427 80.6757211105954
40.61290729559097 30.158764213572752
16.556002610372424 80.36068008935422
49.10696034570401 52.177277458201374
27.68770960615199 94.06540637275585
3.1876517776724844 22.958022752967388
70.56503028929212 31.604436192725483
23.381515675645616 43.066340452718485
13.726308886973104 42.59566382234083
80.11691866573743 78.57579493443252
18.03483050167687 7.905355131400893
88.62104955081864 92.30958413842944
70.86992145960234 92.72344438125101
15.68943107645866 91.6621898611202
80.19334169411579 45.57544246105858
91.93233328413748 29.145123546489636
51.80788477922484 56.96084284816554
3.4381739233067865 20.260080045640414
19.853825006278857 40.602663198959156
24.685684344123302 76.75830026908858
13.67081616517558 14.272666297779946
16.402253023205105 45.988455926166694
21.202320998885682 51.056500627375925
40.88710621755478 23.734054793155558
30.196703269911108 88.78755216459675
85.36224435109128 57.136996332031266
22.601710193949764 55.1747680605118
46.40124496931537 23.81011007207181
97.03414133120202 85.7581769167312
75.57054399528285 17.15361456060989
96.51741992322546 30.729564549852117
82.75939356020343 60.68600285747174
27.674688651278913 76.53217195657875
5.740364941775145 97.86930634727926
15.77841076017219 81.51268848523254
44.70325245907188 26.540079727679576
59.480633282047734 11.646373694418987
27.36712989065677 11.216343358159753
57.23885271072879 63.52645460625321
78.71302403282066 69.01521138369733
15.680100717316247 81.86918381915282
44.42757658493397 34.19521929364839
91.09154508352965 7.1546493103543
10.204181189148542 0.3392427128315667
92.95817661518369 51.089176386361416
72.18167216909444 78.24446721106226
81.8939545813001 27.3530361730036
31.495526242751982 58.04096479773939
96.5613417804152 20.163537897900884
9.99692474243805 14.008580174868479
75.5606796708989 36.658983082012185
71.63609597227374 94.66505610534665
18.06961497280588 25.935793400248876
78.01011669454594 62.38343015294732
94.78597625615026 52.371956224795
85.22753733999212 71.31790074170998
31.35269687411848 43.55742482179863
87.98304639503934 74.2222820069734
39.0602692580174 67.05940986870513
4.811912801594276 63.32662606676385
2.413727971551949 99.95036508884168
84.68820093051501 49.2823256033049
34.495770462722184 38.180222886047254
92.70342052645675 11.457005422638344
34.81575521020703 53.90670476094994
24.45814006091769 50.36112843856888
44.618951232635375 82.79229157808383
6.8646671684440275 90.17350529557837
69.96404655620493 52.43062605245265
67.67012754407071 65.22959858734696
24.744349357897775 10.972602876289317
68.45473506579263 56.75600075017091
49.96507784062272 5.066285725647224
38.63828044108097 17.294072979017262
34.928660762533895 92.93227062492424
7.852884494972656 45.032068593346985
62.55184404857892 38.264382229363434
82.49682368499731 10.83019984495035
77.42037938015152 29.610201403886037
41.532658649733165 82.74787866589025
51.66477045987985 42.17016166255776
28.904747561706223 78.57349931483388
1.6860667415877328 15.938056790957367
18.288539227549585 19.922608528502384
60.04503948145852 70.06745380963334
60.75987188786605 68.27556720684083
94.24707698809591 49.10525576531259
26.03156157429829 91.0854664324205
98.32041533582571 71.50684254936574
72.70977932533506 52.495331098567036
73.76689771496534 52.22527483275592
47.19529219019927 79.13332032917823
55.762095386817045 9.415149549519452
83.57666436159003 79.24488773393779
52.86681637882611 25.450740857102105
84.3701558817191 27.58899139279263
80.76178829547496 5.700572899698875
85.26910754505433 79.22420069632783
9.88836292382489 17.42590058527169
99.5054621281009 66.30972656114156
14.982800739798297 85.12999273746674
94.85574025535364 78.46232694944362
40.39971748164699 79.38571741491852
5.580515946904452 54.80707627929151
75.65444818115614 59.25628604765467
43.945942724077234 71.10462507797821
57.33333904147258 63.49897278897467
57.69061129770168 11.850216537036506
18.166964755134817 10.616453223149502
43.71608829767402 79.95836626731403
78.37235356420875 20.62316654249845
51.42063949658573 51.08202803421524
41.05805112724254 54.073579815252224
35.91469671877638 41.18359814989469
76.33708641046067 11.042862906675598
41.75114628065857 76.2313446393898
22.586137805845908 30.865625992192804
24.190572461048433 26.209786368073672
35.5970602757657 58.72272158758578
31.840041622699843 60.57011725673449
23.519748529880367 0.28385524697251974
33.32676567044548 96.80690033121581
94.43302424918387 16.42587293954245
7.155515763670572 89.37665268210138
49.64344022776821 64.59834523068719
3.6778820126712297 93.00313696935285
67.80967866379567 98.05908977287898
76.97284811016259 41.80323511284143
67.33246533556452 45.994655471640144
10.150968430890718 66.96352647991102
88.93542791445796 77.46894804547229
35.235365984902025 87.15704166289429
62.892365075744515 12.584634120106685
36.48216953584087 89.34350388031524
70.0472315296879 51.70421328640258
42.9295772542994 85.5086758424659
64.6753835841847 90.17031709131673
79.832742730064 13.370730665127951
79.55912933514104 39.776423894642335
8.818201944545967 80.52518079496352
44.196268177183896 84.64866539732412
16.728210748969687 76.98958976346103
57.698408866351535 46.42966431300923
5.555628963180581 45.92935770873012
53.07183793962815 1.64579644953593
90.4659988411685 84.8272749031353
51.18367317401018 87.61182872725364
40.54759431604871 96.28574903561716
3.8830544319950144 94.18639828141926
86.74121738701575 63.2786480335437
78.45378482465355 42.77836924511229
89.77481096575058 63.908091057548376
77.34698036185705 98.33120382095608
0.18180381795813716 64.30571490520154
8.478292934468868 67.99639176496339
38.83516179299322 17.425008279164334
87.01647437105069 16.646934841689244
17.93507321468628 17.637199569324547
35.4345473878215 5.828658262101238
84.25268341961211 82.87671995967922
86.44814654657358 7.154482621578162
14.389989922410695 72.46263404096929
58.00138248577318 66.51431086711573
51.873849487808286 13.378096627750026
58.13667788000081 95.29259170188547
87.70679559062064 35.08982404329346
18.0032926341378 65.52043610674592
85.90080020049797 51.42430596117693
73.78951858984539 71.0061369666895
30.422523354623344 11.876634002396202
10.637140069066353 1.3370986686598973
90.38715842259131 91.56313300077537
44.890266209884814 89.95506083817801
90.75046418132145 19.81666826160884
84.88544141733247 36.63930315727608
13.452048801890637 40.56750183653388
8.94078410547503 56.777257494979175
41.40899891902696 33.35798752912034
31.64098338104293 32.69796751521028
36.372898514885435 28.225441038797182
59.111030334821656 29.51557342945115
33.358810593369114 64.09428777327236
75.38846857754994 43.56588125826282
48.38970703651248 98.60168201736224
74.41298520845838 5.651490715958718
49.76089288790604 15.856023960445786
54.36366388281708 98.33978416361633
13.907926417737526 54.27473750143073
23.05887471273418 80.25307245180741
51.146262194685036 67.38908795056577
80.59096660112333 74.43136327234984
3.941953581591351 9.585508377430108
25.875717284660027 23.234007144464996
78.90346913189927 39.4922769519269
16.764910750105955 48.25105098859452
93.85238560954924 99.71720695486313
46.257376221748835 55.86994752584151
23.89587637084347 31.773833468068922
80.60375280292065 13.516952883641164
64.08114518183939 39.63528803723195
75.23716079628433 22.735488151650806
37.634729643682995 41.004557829103305
24.442802987578837 31.753030011088732
80.10354631325094 17.455138167222884
16.488948227801803 93.48445595657977
14.424555273186268 18.09569359111485
95.48005190988304 74.51737603446298
76.78322589407189 76.59535227947852
74.25252759609182 74.61661514764995
50.93592506566746 74.69877848192641
89.35663831224889 66.1400992089933
3.3424428034041442 57.2840679715819
10.725222519530764 18.1761822375297
50.21480445846353 71.25945571210144
73.24004717551567 68.43709627700929
1.2353834693821009 34.00179582245932
64.98934796297824 52.912940713360214
27.687464051208256 5.723126761914421
49.56576757962103 79.79192619116473
75.5495060991945 98.63563059854528
30.17984839357617 28.78843155777031
37.62638830820093 76.73600072276994
84.8961403317725 70.27223754095012
99.3938384646226 25.940346153228177
49.85930958287055 46.43532682518325
30.669632757975627 34.26749259820443
48.90886179045029 19.97534826382101
89.21726985580862 3.0172497717768865
68.6961094859502 49.01718993806061
61.54603935073737 83.7608723346628
13.912109155735376 10.549124964123212
25.794416150213053 80.11046106250825
74.42603082047276 86.28682780873093
13.479892615633936 93.53094710275865
67.61293370961093 48.11745434222385
