670
1 3
67.83801324208282 75.5013396436988
87.99767483543187 86.93276948425388
74.25891435905191 68.74338857410658
87.55398727441714 96.93723027638381
5.528610820057445 63.072382057828236
45.94592354998341 87.37495897456797
77.48613322368372 17.068888738336916
81.30359742565774 19.557258945149727
85.57681268732196 38.505424564492245
90.48627620401474 32.18550652933481
58.494646863027874 35.479650005865125
78.17322616194724 10.504468095353792
59.73098154314081 8.854237172498824
38.27746613998193 12.748488686052028
99.8297392508543 83.53720349130616
77.16342677646222 26.80991292911412
86.17861469108131 47.139268467594064
37.02175524997369 68.64160587471524
1.871368503931925 96.5213883131916
25.218549693113946 77.06858594240633
87.08877933984016 10.858965718748692
1.2905381998757903 95.60263730051737
92.75895981090596 92.94036628154345
87.586522288647 16.5527131906815
69.65543151453726 30.6674817823412
78.29777723399599 64.78146738549084
68.88692471920395 24.726757940986598
97.15359549279748 69.13026778454667
37.7049442783217 18.636642082491782
20.801723237674707 44.837327813555625
50.19461859854515 51.3814651811179
54.75712236012793 7.552214905799026
33.62786877263797 12.718406943723881
85.27964437221004 63.059412256061734
78.0908853750992 98.44374826788422
29.957633167072895 99.61880087403965
6.522167325558126 1.1091103295359561
10.588837456796707 0.7628199350047105
21.87133009654405 9.672906035861416
52.495855530263235 39.46486186539453
84.47235299855377 64.81641623368193
89.1277899380894 26.094241849884625
25.225627758621826 63.85356893835328
40.98844372219628 53.08546244940266
44.518813141033206 74.15462944592686
67.77624649642806 67.05959602684801
93.25318964532588 76.71358718876019
39.3328388802515 18.999975901329535
29.081772688037265 77.85132036061052
86.39914034847884 93.24449099951259
86.08631641205949 13.549590949115764
48.93181949287189 94.79172985429929
2.2229786221339642 1.444203957988921
48.69382487196206 2.573020908762058
85.6020061371144 69.69803204367395
75.96613014036654 40.3150480636353
67.58625586724808 43.080982516466435
95.81890096012182 50.64814951552885
78.30827035379266 51.660614911023806
51.440505146583625 82.56327543948116
45.83915988028977 14.76047988122573
60.72080323091784 33.816565141923704
53.35713053196525 79.75662218715705
59.14093376015279 88.4562472817231
10.632993183694817 51.08607058099961
1.9830025224172543 51.37506930583879
50.17376149763475 3.1054834902522366
73.53620386162008 52.98439726302169
54.68157404014009 57.19207163411389
0.8313728797478381 84.85161022339412
44.45336669330673 40.976671239943954
31.60959213896657 95.7295082097708
34.80249327826341 58.19271127983805
17.698143766833784 64.05760801995251
43.68930577447961 80.58383841273591
18.95552692981135 75.41682363493796
92.5100823666723 7.0142516767753404
39.50438700777605 64.58354021440115
1.4204083403081214 48.05956130514977
8.20741283964388 14.986597996855068
38.47657611066286 36.534489334325194
96.68852772653209 75.13021758815673
28.721596316608576 0.26984201727187074
52.750949527577305 46.28481709877792
10.870551455773692 67.65028043515242
93.29100099197942 95.55828957820825
38.204862594462675 86.03126629600715
0.20691526440581587 92.71132213958512
86.2998723677133 55.20273916655183
74.07613962947528 31.509320754492954
6.151179022854092 75.07230430891092
29.445739186190334 3.326260154503191
8.070945788161076 56.20327423973119
20.314396172318162 97.36411457050286
85.02514360076967 45.69389529327308
39.73479505621085 17.869849858195753
73.09696959345456 68.1240043021518
77.5339387358319 24.287375737100714
99.12119524070484 95.22316663652126
22.387039660494203 4.562766362852755
22.86951062651077 31.537308455867418
62.97725073845639 25.8102678188866
21.384790182055347 51.1397775626939
3.633050101013535 94.57217009515074
68.74200459554902 13.472424277948193
49.56017437970115 7.239867624327334
35.608961488854064 98.53103986695963
18.14876266333465 61.15583452317155
63.776813790135954 10.820859919577197
11.337367447678659 28.80707770468196
97.78303381140407 62.64547713640325
30.559756041673314 29.564310657394955
21.968795323460988 34.764202886142925
97.53597910409361 77.60896881331729
26.851738772505396 44.816761572090755
88.38934852032175 53.42070319348957
63.37190590388397 33.410085202585485
85.75715746045611 36.94979390909654
91.80170086406387 82.90902456624156
98.82711765703935 49.32181820858281
26.653837100083088 48.52458330107348
2.584575616226803 22.800565970391617
76.56810974043206 1.2333215412278387
56.26806175880126 8.810650840086186
33.50978744855861 69.361114636091
19.602636696591482 43.44150973781782
21.746007468969573 38.404392746478756
50.659817228463446 17.55387357922542
26.086126469489646 42.58202235480218
92.36487218672458 20.02013086382941
15.752357538001949 95.57705959733028
37.012320605788986 11.958341655536774
41.52505748254889 14.118706208132338
26.670704145280055 27.756868174597482
7.722281612722215 79.85353377852786
55.07372495742491 16.39893153574277
66.35404683727577 67.00282316888433
47.00713559662544 62.46300384050589
40.69902106368515 61.998543139392325
72.82365518239615 49.27699605551481
75.26801563563748 0.18973113329381341
18.562896430524734 89.88403655391161
81.21362207598814 64.49800898275765
88.82413844166288 69.43722824906757
24.900871360723343 49.829770208446455
98.23986103041958 12.233621118913373
98.71874133264285 75.82631165260183
53.13207394295085 21.420736948257634
6.955504902355525 63.739461603396606
2.0626815964117196 20.569491018357787
29.08357440363092 4.234352172749789
38.98935262371952 76.10275589361024
38.8328710605017 79.7764463552024
84.82750069312397 63.909427085450574
52.27627567126984 30.455883257894744
29.31036199235082 77.1640347843425
30.34666513817359 68.83716190884365
77.70375811507029 50.31962153919001
68.7687182144684 83.15059490601548
0.7784470372790953 20.00233938664273
51.470656979153986 96.44206817123053
10.375686400418548 11.717008574196486
29.951362494904732 95.58686189288754
99.76030889686287 71.74041081301851
64.7168088281066 41.24025869823178
77.68807107540465 93.66007060627766
88.29137339696148 8.888342413821437
3.0411840181711947 79.3230889865046
86.65252496640016 52.759078936957636
21.04515649253502 53.95503409382181
41.919329365459305 50.46101872804909
81.18311104627631 12.076517009026787
4.27974981077246 94.0540373752827
81.48862541261362 95.46654867777768
46.86969654268833 45.111719842460786
79.75314008277188 26.14336074687442
28.539886572020823 99.50609503427637
11.769550398800366 6.1752673579734685
42.16283005652566 57.001211926904126
32.038764771461544 93.92422994322169
63.170214604295616 57.9336636566014
83.67751475255017 37.2032588026588
82.77456899563174 39.73114894258851
90.56704480476701 34.40590321869119
2.8132784767033847 22.33479874121189
4.762596047230039 54.47179814324148
75.92075602142503 58.33013093424289
55.17480738053324 99.94524163931156
0.04722938686763101 6.880676213823356
44.01054091326873 55.89140689366157
37.21669922507908 3.823918609070409
88.04065978690015 90.1740324704795
63.76971259178929 37.62921275060178
53.90481026334888 73.34045605190103
40.40713822789623 21.16928745010984
25.335940523913123 8.454362781614734
34.383225351004 37.12741799240802
55.7301874171739 54.19113419708184
90.72929005295765 61.398736783067555
21.863575060716034 39.32577366075467
15.115151963419748 98.37322651721372
17.833477556102807 41.04067529352573
14.09063079006505 98.26052437559807
18.336155870473636 14.504171395934895
55.22045803123892 31.41896162147255
43.52544240987846 77.6323678272073
23.013313582238347 33.668090902717275
35.71367857118195 25.42885723561239
4.141681279773035 78.09150798783999
86.70054991250326 49.86850525606916
15.537929542900141 65.32971109387277
61.791411583262246 57.509043061370946
27.548019337305707 18.90719364926481
82.7395408950935 94.4365686424843
22.086589667716705 41.94792229377933
52.39802418927122 23.70290407118989
78.38541806480757 38.86489700265749
38.043308008830934 48.90256208418984
52.388599893175744 61.54205719838208
71.87493290153908 4.4684629260232755
35.88089175637948 81.17133143944748
71.86743979917784 96.18068103045086
62.08000724291012 55.531667869144805
44.69039114749825 55.57004105613146
89.32690853777171 81.3922874594264
75.25185256228535 8.886168935269477
50.98133572486232 81.20083460803839
64.20171857951114 27.803770959649455
90.03878814864773 24.92614215306135
32.60424515530449 9.578178236669398
11.047123171474427 74.22105158796057
88.51723342887898 77.4294566444689
26.83553568639965 36.99732015039427
79.37204945123801 62.34505082850417
77.73488995150144 38.25749469952915
40.684277216071216 34.961135225591214
96.84997441091556 18.017553534333185
69.97380646057832 1.7428579558667945
29.958404533434457 13.058625026614191
13.535960328927189 95.2845034647613
11.473569738979016 43.447447006268256
76.21073833941783 40.52065063059147
38.67036313953778 22.04192931789568
4.124738624734281 24.520428722562592
11.398262767066548 82.20906965743919
98.60800580000648 54.200136321881146
51.95166336189736 81.95467850178666
7.490335057039821 39.46516203536241
48.781759887417245 17.127847937008767
89.58305464295407 69.7743697147098
76.44807514800898 53.994541257051765
19.916507430525243 42.163577902049035
70.2961556662247 73.0569095858686
2.6169669112753757 89.24163823709162
67.23247267289989 62.422269191581556
9.69239373078883 72.44595267544551
40.72830168057217 45.837280363480474
58.37960408754945 50.1214524704789
37.62199215165138 88.09752617455304
61.60902057155862 68.31554387650294
52.31657795041442 22.57475541343763
24.37208894734575 5.69762170963648
54.75057154890513 81.3408396541851
22.88004348777617 61.27617852608005
76.70904637944838 32.77878838173065
68.4403674809742 55.20909334860396
49.77619563896667 0.720383070024333
56.099361520588296 2.815478580495112
18.068182662044062 44.70945231940679
75.88667074506475 49.42413076265733
2.538762635608194 68.34260398277048
83.50582664688366 47.51804130253991
70.31977210474824 81.66742915445036
34.93582121832923 93.6892419190919
25.608815924277817 45.461296711271416
11.411331697512939 49.850794851404515
34.05754537240464 36.285894708858144
72.988863924389 39.503298480332624
59.57292018999054 81.53475040907432
87.93360361232887 4.657866783398323
61.31322360400635 5.133269943052099
42.20678262824193 43.590860958634515
9.639223968241705 33.52295072407428
88.31687448495707 12.660984654944919
20.58900985979022 44.52511417755032
54.580718802832685 81.19052544169539
58.30054205504616 0.3589411301470724
32.24353888134151 76.3732437754906
32.014635353531 83.73325731088124
29.507441892591935 93.59518198103088
0.3498196145750976 35.547382949629025
99.44531211437442 88.07404013877253
6.947331575108673 33.039579439843216
42.171384295543255 30.54412557470716
40.121371513165414 89.75222265855174
64.20463321620831 2.129837611509977
14.145485818603355 99.82197110990188
34.44737500087722 55.58831220149385
58.3621242349011 48.85110617673567
67.03255727035918 70.41963713200161
99.66757580985899 70.21656796139875
28.03321073588878 91.463748208754
39.77797027436605 63.48831891988911
42.82353510373067 47.96853381485562
53.703489679183235 33.984015453047675
5.813552126117272 88.82340360541194
98.20972063249074 99.16042692054236
11.221096676306995 59.36662526000356
84.44761912814135 5.1848603596679865
37.418562121787936 58.97152930245573
42.20448205084828 60.4564015915706
62.67874005017102 74.5087598994897
18.15605752643197 54.201980843128574
89.71272176355556 2.7230981516054964
87.60691681802093 69.8053363339332
76.90368965785449 86.7128913895007
77.85742864367673 54.068602359333994
92.97009263649511 31.755469500552657
31.963638769920834 33.27185236477863
70.0169667682226 86.52070460295045
15.436884978322652 66.17630867133964
12.802576535852728 79.35064762111033
9.68074891253725 73.43432899430755
97.88135879795166 35.38357801677701
61.85840846721939 36.59355165126228
81.99123163828801 3.792393289119955
67.23121350690523 27.796568706689296
64.93644923112853 24.44995556410703
47.15444245527636 33.62139404003166
82.86522578831249 6.936381976843653
18.409336939296338 37.538157250383385
89.08336293966745 11.141310844193587
25.60309608292024 54.442885483175594
93.43904591364559 55.86387381125717
5.308511040476693 96.9682678123773
21.761620034495934 8.548902990051065
32.71018574118083 88.80095490026865
10.197989264759478 75.1450130359067
93.12502972566834 92.3295391853727
83.01679431847333 29.745123747940873
50.76676999541023 96.91441765201392
13.63323491360271 12.461730801731319
38.29286643961098 69.66755357656673
3.9415129929718296 56.95681043721157
43.09231825094064 66.96876431687167
98.14942423141184 26.99953120181311
57.80841303540616 49.23792589564058
18.76406105773265 35.34024497231534
61.85911259452923 84.18036951500466
25.711797471963372 14.445781737790586
8.380748414318106 52.24637967581114
13.240233778264333 78.97811486881936
21.263287640040907 16.32793953784162
26.59741454862894 47.254086345212286
90.53317428283769 65.0896465314658
7.4156918869541455 69.76836707815104
68.9737788086437 60.21809919976129
85.92779982846169 85.822133439152
4.754578048194369 22.91271741194332
42.071709545983005 73.5703413608523
53.05169144016808 84.06265931371873
44.22218044810728 6.9123203248246945
20.886056785177697 9.777965543008449
32.752577889519685 26.507680032676273
90.05350399617046 25.345034624475392
97.72009070800043 63.26498840772656
15.99228735056304 40.00083965456349
71.48641419555213 82.33888600005453
15.850904011800715 25.36953276626166
61.419997416537406 18.901944560423445
46.0895633025445 74.23469073917126
4.430065270313821 44.50716351052775
34.325989775638696 15.472535007713063
16.643293531278246 80.5896322252894
17.920739442705845 22.968856884280875
60.86843795597483 76.23050476253037
91.15071023121266 96.9337145969502
63.79983996626435 69.62364770370661
43.10968639721469 11.24999841115053
43.13049273316529 22.064898170512535
85.97815302879926 94.27078372040812
5.108599666070046 32.06336407882888
73.06322170626545 71.64749692110604
5.142831977751916 15.055551906412855
4.578208308388088 81.80717713212502
2.7774102605506945 97.57529531331592
98.96370077123922 22.490070093327887
41.585350650433185 81.5988174564288
9.800612514461315 72.47728672117535
42.85477397371 0.5517723162064003
0.0011355505649124353 56.41658159638499
46.630505782843755 39.44089291533
94.43466896227297 10.373966293427506
99.57119528960632 22.46878952250235
86.86407207077215 33.38882077436365
45.73410429232781 84.64891579351207
78.49601140350863 44.37522409324946
92.75499266048226 41.23973109162138
41.28170898493166 89.0970701442575
28.39412734735638 58.612802611952965
76.62267599289653 68.87460015019968
18.075882582232584 91.46821650578678
93.73051166123012 42.88219353134841
54.276954070061436 5.43242676701341
58.824525409736864 49.70186154535858
15.814068610644384 23.194097693382233
88.66578736105144 36.225257943568366
14.209412250890052 84.87699539422555
12.484697717948578 96.67293821446722
23.78810415731978 34.909298393183555
20.793155686651744 16.0464777795168
63.51803669685274 94.61123508546491
53.55050968288326 74.43405363298479
90.9752470759946 34.22729304975203
61.90984330453306 34.043031870143366
51.38449840097914 94.58138921478287
15.94925029470784 41.41795273606335
67.53677310120563 52.809781490709874
95.13202862885306 60.40440851640096
40.73224175220762 70.24205443998216
42.623563123744205 73.0752884347512
27.35296210358966 76.17566768583018
10.654953709979509 87.80937445954358
40.65462586434094 73.2409983586108
40.27133114385295 21.470283367267307
45.15225831117693 29.134640590686757
54.020270274780934 65.46206869078146
94.92132835393046 18.88651338332088
19.8077481527841 65.2263795491329
68.98891153694076 83.21722055775244
62.459894925103484 91.75356146765577
11.976617747811025 63.45016282331859
89.69502871546628 75.69039968178213
52.13779238995946 49.1331838476671
58.791426558967316 3.7390302474993087
89.20650759920623 97.97963398976978
60.75386302635235 38.24775825022995
82.94535244656048 56.5238745740795
38.96329735698751 73.81781885839966
49.11549188720461 98.18135587263421
8.035898539852603 25.712551786558336
17.130128305164494 3.437469902185697
90.01355413813891 2.9523642089225977
84.70543261876948 24.099702959971214
91.63979832293654 69.09646153445304
83.01115548767623 67.03031214550667
73.21002963633434 84.57001734502221
29.157758934842228 84.7848413860796
24.780122202056234 47.90648292057782
36.597208802516334 46.919708725045965
44.64094089548081 49.67904804717011
3.0434739558296897 7.767405771089764
91.0106774897256 86.93963596631131
20.210030703065172 14.888609382578032
80.18419282173117 78.6076602418853
50.304030748247655 83.83689855493586
42.34468075986071 18.44821987723073
20.141218118528315 74.82397706069328
29.964004043645698 57.07769630117647
83.654370185497 40.98329166805832
71.19478617106027 52.44874545890572
53.27523831174612 18.142122561803586
40.65671102917656 97.27741998322486
98.64543014093525 3.6146116985249055
5.844860781883776 84.23475008530197
56.480276710421926 99.47576706299799
98.87105174441666 60.031579365317356
76.87757119755736 43.5834736066824
67.61327859586115 89.86172388753104
92.23070288056402 71.6445312248135
15.325864756041296 90.93660841255371
35.31242981831044 58.83338181082032
15.474827760301647 17.37339972761913
76.81078287581596 13.67251084803045
26.52686347701243 78.8008659168488
64.63997520744904 53.53934585521441
72.63180662499171 11.970698708030202
40.02512472624058 17.445480826927984
48.51459531276336 3.612007649785598
61.021907382491335 91.46112035864886
92.59377708611328 15.64294057046267
64.03594296854043 26.068220623906548
70.87981611398766 18.369083005321187
49.3968756831334 79.99077143158928
22.305712058844307 62.91079620660802
22.661470533571038 22.94648754441151
63.03675667369664 25.767678382301142
3.094969218063537 44.05384001112005
69.8299680170305 37.57927268897377
13.783017898863026 96.13593308818025
84.25730686594225 48.55413261293107
43.75766544885342 93.5154906860147
56.47421881488541 7.734721621439422
96.55836282549733 16.943022556731147
15.900934787472853 49.99516138047382
47.40844053002535 60.83774260831778
74.58195588659208 22.370143446243773
0.12227724620585967 16.848912996279243
38.16793780108561 37.848887894024564
48.915384352726264 13.273708508942384
74.34160927450048 71.70734057196755
39.104801137352396 20.584178101272176
6.6323873097347885 50.065489744543655
94.16549328283006 17.65579573311289
94.7950996372319 82.07124056644226
76.45435274005443 81.02118484882024
25.543705310814314 27.586690341547857
17.93296322958011 74.01207399658185
37.21630987833191 95.9687304374157
96.48715087409778 57.71961133219507
34.97244930328589 69.69230974722862
11.413537015195075 70.36527611015244
66.18685466724163 48.61895577586057
65.91345076388424 66.18110652736652
13.719415181120098 50.34450866777571
39.37972894837347 36.85741422522726
59.735701293568646 7.49396314698727
4.951018627335868 15.7554575827475
87.77300013905709 85.66680981123815
73.22555834185538 24.0607422080654
90.04814714619134 50.25113435619373
50.80911195494204 31.063829878424308
33.835416137634745 73.10666085739335
54.98102751623151 11.19320884086834
78.95832110963283 55.15851451643235
64.21992093801296 72.33393613882599
67.95904592217016 1.2316395812010272
39.36162936916603 9.652686896016682
80.64196036396638 80.9496787841467
75.63808654852417 13.693811661152333
38.23622441179542 86.21503536739942
75.23226033058994 25.44756739424856
80.53155615306228 68.345635320355
80.01038356122987 0.2503550015755307
19.323558517873664 39.31137431273803
32.78166454253313 95.00024699917246
25.19295169529081 59.96006237583522
46.921668158263486 0.7508118280724396
52.99245908544143 18.94277004469769
84.58089637208812 50.77544088267247
91.3050952354101 12.732242873558608
98.14022442208854 9.826195023279727
36.816580037354065 41.89145034538995
95.56873287929852 52.64967056988097
89.63637472874855 23.829434816607108
87.17729383591941 94.14442348826056
49.16776516958412 44.3059334542272
7.130427556403474 69.56692798433521
79.21859743729907 91.87383560846429
60.752445070159936 99.52850227185948
41.65129062601694 73.96796789226678
76.30893055144443 32.52162602433681
24.488324969863974 75.70017329650149
85.53052919635303 88.99548471526882
99.2791311168548 38.85566308025184
67.70324175729606 49.28314635400379
43.06832082431753 69.87283923541897
9.953320911053986 92.53742961459079
66.07320021421322 65.21142308258348
39.4283070519492 0.027467540841108473
31.454513068922928 55.170448986308116
90.10327731899064 20.517285612882507
56.30669096644989 68.32429620514058
32.57769858076669 44.488938663373446
9.938568897147038 36.73312809095424
29.822473828300144 55.57563536763388
63.932308145074536 58.077353538899445
50.50841631939322 53.81861714750444
64.0205036913028 65.48789782047868
11.447613439466654 56.153791081047785
93.22288585879774 82.55702253661221
51.23084430658751 36.225868796794394
39.956345512291705 48.94480922028226
81.1680801415727 71.8841970323006
20.441132091656343 96.53275831419516
47.90064504047498 58.609926929867974
89.58000403419145 66.51325911961914
37.15931411358668 1.6346346424477076
4.404502609229355 6.44420562105168
14.600987897963202 97.2676267840936
5.134172105540391 48.9943733630426
76.25161486058856 32.15547929553628
89.59734497487528 38.53767185568766
35.763686046245404 6.304649952723862
68.26058518189741 84.55942263515752
52.0737488961597 51.84539573639086
16.102519486600443 33.06356549592058
63.46082926878993 38.842410925194024
87.6209617847262 27.122038760863187
0.0775227211439855 52.03356539297652
71.44285539584045 98.24735024035614
66.89926732107728 83.43360198287519
14.49211533063066 48.26641212841085
40.47126509288628 6.888639954812614
79.75096705510833 95.34267246953543
47.7160707910602 64.15866321462356
12.900463572709997 84.72193806922522
55.85406549488043 4.5882259279919735
23.53762089650415 69.28236788618014
88.46953515219653 69.78492906260499
82.39581162348746 75.76641416510475
9.692814497888413 12.639107713338671
24.276134547611928 44.396930429591585
72.86989226005709 58.78190349779573
64.15113941471728 40.45201358525077
60.62298164623188 73.56901437205967
76.06136802001673 82.59333657389718
33.78428349959188 86.45095070116955
62.35594789036949 49.90568166247611
15.078196311870284 43.43614494712593
64.82842244410973 61.96514528879376
50.313298284269756 65.71226303953328
66.25800061593914 97.1253957029697
48.31762194138234 62.055467448659265
32.817743865758885 44.292955459813065
32.924551216627584 4.307986320042101
32.08508815746804 41.1079859394226
64.84981675564798 55.58961027161333
10.9083994532593 6.175114773217727
2.4054543667059614 70.23780327832337
26.005990401957547 60.69602406457402
9.631077481115424 36.07894254563748
84.02940433234716 88.16306097883569
37.4575060729784 22.77466811514397
52.6001951659745 70.04125775902806
2.6922207879761295 90.1349309208105
79.28937359966469 96.0730925442914
16.561862742336487 14.683045059969114
76.88562657301937 10.948482828981575
87.68996782280311 96.08870546341042
96.95525841733988 97.86778667654639
77.76063276975171 73.66222721335008
21.69214288569876 43.661653848662205
1.316925209253328 86.52168526800892
99.41394543398803 69.46172709667282
81.89334832434108 35.28169626606405
86.0817291484375 13.48872620006345
60.19550125532862 13.268198952691911
46.1729848896485 31.52240008213074
31.360639263115118 55.36877790928756
7.676431223160085 92.39627248323828
3.8757762100668502 81.1125050896877
10.081263842815913 30.910440296756203
80.38492331457635 18.955954215020743
45.89076225443702 74.5975548174749
76.42656918033992 18.925901167330615
32.74081170040508 58.80587580883814
4.704674578134527 21.450203883227026
29.990754226945793 17.16171178422723
17.344957394919348 36.70945495765554
27.649236229728746 31.286484528936853
36.742775120340895 40.7141796305081
23.25618274399166 30.865444637509487
93.54525246515644 8.927384722897536
61.696877658612536 7.020202450956803
10.761854700200324 36.69579924770883
96.5799826312699 69.08294032295359
59.7845530983911 14.511085984921834
72.05624406185063 67.92127132757864
18.87875035251778 68.18932826507582
60.36117107386873 23.73573431362679
29.029110556788872 89.88596967522338
51.869045282376504 36.13423730384573
50.310529027632 69.79923320923194
4.528608134451817 46.47583945369664
5.769778711376983 50.99655104692145
66.70420236385573 36.580292554235385
48.27699200034172 33.29214484627734
21.703978588250173 75.83423825599824
76.04536614652784 22.118049162315877
