450
1 3
67.73378942774232 90.22105463353098
76.62576482327555 90.76702071367954
72.48091069293467 51.31405722432931
80.24530119964655 11.656738141435486
6.770296377353469 53.83305426134201
8.615455767877567 39.58989132979405
29.762839741268966 64.56828036298081
2.6132283102193288 0.8057416843930465
92.47115655560985 44.0058396851527
47.07439477988022 56.698230514696554
26.26383004348911 57.04300424524011
96.88210224412073 50.39824422629762
42.9180320622367 73.16816460212318
88.98493696320087 96.71360132466356
48.37438025652396 69.42934775082337
17.539369873453726 42.614795986116086
75.59508894797777 0.507202719855937
91.2284727235459 93.30119098505453
61.15082696082952 85.33574965181488
72.96705082085373 10.658067722408004
82.61122454491276 88.83710595166869
55.871158490689666 19.52932594809502
81.23643521855462 34.32205240716952
73.78213812868673 63.63026766737914
11.596378084004355 1.6961811370626911
34.112261871714566 75.99414881112996
26.770233454140048 75.5477985212494
22.450579875221543 86.98017371072875
96.90953800423607 7.336335848216713
43.250339814087525 94.53817033334563
91.99222266335416 58.84720389108353
76.47856753648064 86.75912883949589
18.82859896012532 43.687781425119866
26.98509790647372 65.55423798836301
9.843670500985159 35.704074880783374
16.930808625545836 96.64672920492264
6.425045066825774 49.60573683099636
67.68533437532606 99.64459333290773
63.30997413617452 19.163454839048732
74.11129065112377 60.94648960139173
47.560964855765555 81.37673418469038
74.53600223938307 78.90501788247313
60.09620845116408 76.35409890995597
70.34482956636843 16.231889022395386
90.75916787091639 66.71354137038227
23.366167889025967 50.919984192433354
47.78643502333766 79.71236087837335
39.18146851256499 1.3364644890865085
18.92066996320687 21.74012369291498
24.374392403871447 37.98138145943102
70.70438362290481 29.27648764694237
42.157926425026204 16.3085426970901
41.124253850212746 56.22642556292172
21.401147294425236 95.5323589820898
55.16812231184882 20.13655842924713
5.96766767647301 19.20650979845224
1.8295924674624153 69.44401325840988
27.752717387883408 75.34417439928924
15.46056361915924 70.64593626349624
55.62747350733659 17.42786007852932
44.63138745909016 25.970885074323725
60.813229420894885 41.98417123632885
73.09111702113556 9.85137574234638
59.293509228821286 54.40411184353473
54.07321522364641 12.91987545952773
81.26728946944144 33.92347704713532
51.17159090503307 40.48128404774665
43.76695201824668 39.71050712044448
84.17406595436543 41.278474906701376
9.97531605955302 5.545634856917858
71.09110181257061 16.34939861716187
20.885878484254363 42.14633846731235
0.14961590600270913 75.39402876106675
52.55957638063995 51.2085656260187
20.763029301562263 7.836715844782272
16.26026236030289 88.92777520641091
51.88788788732275 12.905464258664212
80.20466770067773 60.971256482842676
47.34836658709871 34.45799189442147
86.57578938112975 25.901717697676
93.09990469658784 64.2263824482078
59.87544916054286 54.727791189214734
35.42002924509413 86.73366281795327
98.74272511739512 90.4912118676461
67.93041076527602 2.102312927092753
83.6807053800947 23.477711783453326
36.33971255290807 50.490208838030725
55.64027726303633 83.09501593019122
6.876005528240037 59.008928773554324
35.24330206855324 32.06605777841158
95.18264235731529 29.208607989030668
2.1635279157179887 50.98196358916245
48.84312720766268 40.97237168951746
92.5773540295266 45.304055945146146
22.317039814325934 21.574225632192203
29.746974926422464 11.43777650664255
24.8019690960521 13.136219452511156
46.36930151039509 48.785853830534506
38.74539631908765 3.049667037177506
28.73627711973532 68.39345165739019
68.6616508706115 41.75570986684984
78.65183428558487 36.654888439809994
19.608568695209925 27.362969819102645
85.64761452898777 45.48746701574824
57.40399124738727 9.266371974369413
8.969427769351125 30.231576312828267
46.49011428365877 4.720975120850346
62.68220388684151 10.867027092153059
88.8696792575618 16.260427344844032
8.730678430770155 15.365780320001798
54.560468464029356 67.5684843833261
35.591973052222144 92.26772652234638
21.655897454121597 79.21278170648871
50.597982272107856 13.979696325370462
52.867785090343645 89.09015518499668
57.193913149902386 34.655958536166544
5.974593682255525 54.36013817757903
7.130912035027248 78.56162642323301
34.425578169439916 17.982802849883228
31.211641811046363 81.83657602005326
71.62077050793687 0.40721989219829613
35.30156151054202 25.447666291305303
9.867143035671333 14.795684361199935
49.21950083590181 13.75810816481875
42.80449001703217 59.49013074280707
29.0666296189116 1.1427603654521334
9.743422478202746 77.65344896715875
70.90233610682782 23.83986447257813
50.53694469571308 16.756872248320743
33.28004459914422 80.56985721575248
68.02079207374638 75.06904521995594
86.77832919537374 81.67829960532114
22.644879490396995 10.425450080306309
56.79036987950825 43.11512459076503
51.55488802491419 62.20096850465771
80.64557397753501 84.74217292185058
19.713309709843287 80.95021784073764
11.274620412085312 92.64231364003356
42.28032468532905 5.088860090047054
20.001774654371786 18.75197523161356
7.515937283271534 31.121436272525838
55.082930399187504 81.0292076385949
85.9235547353795 38.75743768665563
70.42276819584026 57.99494599784114
56.602394360692124 65.6004795593126
16.564259508671462 45.60842203057591
43.97779603706389 4.256168759500301
52.2076902265282 22.859028280883308
93.8919679815718 87.14650831830252
92.68100973650897 70.14475758563594
97.93113609462792 60.19998404264546
24.509927877584325 6.018914807060072
72.18957372956166 7.6277516995751915
49.19907774271471 90.48410308857508
3.144103902831108 46.58420045538871
63.42798283376747 19.09892713772563
81.94997139569442 43.12242683335621
62.22995107670437 26.375242937006817
6.926613509481472 40.2952276304885
13.219338255924207 95.47213895817748
44.64928756829871 36.210046744582705
82.8553654351722 14.028470535239478
28.07165914450298 36.088431017046
73.39056197872216 37.882675637455954
97.29357555495861 93.37398138617763
3.2653855193794934 66.38925248534152
3.7580691573703806 17.590068301272034
68.22669488051038 76.62844423117538
2.9624201049921917 82.78063010746999
14.911259548567756 28.53251784421651
4.490106058884713 6.093546769732328
28.036815724534137 32.265407805324095
17.851870982538752 40.56626212606018
6.042040946887184 97.15950578502432
77.30179366490235 23.9390660056348
35.80307110743395 21.195857846015585
88.09425806247881 88.74283179958462
84.76522059340705 62.70955136119658
26.668645084606336 32.94661719302812
55.520035762195285 94.3216505410373
59.09405094582727 67.24805365666606
79.56984998900336 92.86455480536797
8.12890534977242 32.56528870429425
91.58210113205311 87.56425618843309
37.39152088784057 48.29316268571564
87.02642278214998 87.04642850381832
8.74199396602151 18.238284013353034
24.45622784000139 19.807365816380297
70.4905028907411 78.76104961034758
65.89260593724072 14.162652379879482
99.98152288117399 6.276380636472534
0.11678696608423689 45.74071697935362
75.91588586786095 95.09715390279598
87.99285700044233 70.43188134338452
56.97216802664082 81.00390586795679
82.02002139218729 65.80629611844213
26.510369365407428 9.335416027081521
65.52988767962103 28.290494015515357
94.16970037487376 4.596284625142277
14.952299154504022 83.1118284891317
6.40775594013141 10.244742839331922
10.541235754199318 68.59825752846137
11.175933936822414 82.73949509985088
26.032532033022203 56.77390008898649
5.789584695456562 2.4802405720109943
37.81326316676314 92.72923746745757
63.1589799902087 74.83773546165786
30.485297613833986 16.122052545310982
99.18517642360148 97.1114982356152
23.46727548340608 86.64083354659746
52.42041800354427 75.85772382123281
61.73075494307236 99.80612771245248
53.85772846903174 44.596668560324936
83.5897229092549 87.23411797111015
63.243642849160594 67.66655075353721
97.66832679116723 75.64303394133698
94.3538712529027 91.18564403349976
28.692346602789875 31.748995726269392
67.70819983163123 43.5843963472019
58.89052711184839 62.81349495701256
80.42507969766359 58.07435226972799
85.35094943986144 70.20052589588752
91.0768457532283 51.99625458857378
33.06889935785415 70.24166778262453
46.89173267026769 85.54155792327296
3.969122091332733 62.98811113825884
92.39821999557213 15.233013411631013
30.539071094423775 73.26916854473725
14.399858798107413 77.77913587325196
81.79906377928448 62.347779048297845
32.606899434570266 43.35646998015159
74.99626728994433 10.00601789332105
34.76547432758894 50.73991721328501
84.90673719896276 58.556472213425906
71.75699436180278 50.860757447010926
64.54275855021605 90.1068373260705
34.92687332263318 9.15081972766194
62.67258110783058 36.6569862373874
22.252815729525732 51.805031658235315
25.379900378049047 12.013676281273234
82.47317468437856 84.90699146913919
62.869023442622016 14.903135714429162
68.445330542243 98.64079017119391
69.27986436526072 66.57172760513343
58.492985259012656 59.8378468531785
10.074527717162818 0.014403183740463454
9.776350875237782 12.500391559503088
27.812819827459823 91.27905105575589
91.74279068131459 29.07746420409747
5.673944390109464 27.345731127012485
46.32237990283423 34.98135929102675
23.042413331625156 92.84901383427385
35.23841627551787 58.689716081369035
9.310001845719107 19.74212685004646
13.679477771546523 31.406325152999926
25.69722998679773 67.01994077601002
62.56345405691701 77.79370462278918
53.14842848333781 10.866876381244861
1.7586814852503796 11.595609972998378
1.7134189597264315 29.569489994074626
90.36058058228646 61.568792296402265
12.358902108367364 20.567825570844068
52.19777925431606 85.60399860686742
65.32488872132218 82.98965601540613
23.92275523321421 98.64128348121287
71.59207899052824 29.526797677899918
13.200886507616394 35.09757902101682
34.207400839141776 20.332662297245506
89.23414083876762 11.985494226791316
91.32336386761246 69.31873717938173
97.9285428853851 46.70465483818187
9.965919844987937 61.43737767554774
42.78761690751951 80.40151418995165
84.24568164967954 19.996048045609506
68.51745065067203 92.55123442224709
45.64866916293499 55.6538543494326
70.6706823800922 98.84638188325764
29.59038633486044 63.55057467458241
42.01799986254207 81.21595289426315
74.56147893545236 15.777771531770291
46.48924391777194 63.920225353070784
97.56009379189724 71.82245568350297
97.52605988203229 67.63796562694647
77.33723438301705 65.88067272456199
49.20375118816964 25.776919236391606
25.9149843406993 52.8210239661602
36.79855534370973 34.049380204813076
33.34215852624385 26.5913954130665
11.081017402591286 96.7643788773041
89.67735425538672 84.06637447878651
67.24263863516344 91.34888110923325
98.63959690856441 38.93166937092325
61.208895089528895 12.813253632990262
29.042888664947863 3.492307779459347
76.34153115184768 90.51672094551975
37.0717286638113 81.35047964698742
6.384246046536313 26.56147349872682
50.971705532777435 58.11095205762646
63.71654922944254 6.788764693511196
38.5301536347997 80.6048206042159
66.50326280740973 99.43986806197853
65.42920452939624 16.82711905663372
69.88737281493079 7.003192470815289
42.92457040883835 88.46175649141945
2.130262708729136 2.28288693966634
28.417189987988255 59.37886364951357
87.38623947280524 37.660262576071176
41.82071476264995 51.335351244934444
90.18428927474878 43.474700873255536
75.72239948700994 91.52837377593457
73.79154839502053 0.2881746474329816
28.319254828997508 45.363665849195755
71.5173750403952 44.779876755139256
51.6165869332007 12.688616602706748
95.2693331382959 23.481083334641674
21.50701178501162 47.62016289288269
16.611252776038967 11.407339445223164
20.86098974826367 50.70555495831388
38.402717517411176 15.68928912741927
71.6448601032654 89.07973135641262
9.338368186191337 25.098137393299936
20.885799282963102 80.15790262990836
64.70554797628863 9.173639063411688
29.82582536329257 91.75151154605035
45.53023126566691 0.7936055943487563
30.19444662684738 84.6164467283636
21.85590804190014 99.25378186126133
2.991661981247251 74.14833996693011
57.289211895417736 82.6912101430888
87.60683243406827 17.093901970542746
33.190573255430955 41.1874771187259
76.93856680945291 87.63436496109165
9.301158580058688 1.7898732655245775
95.3254655774408 40.787154505943704
37.84545423339172 72.2839458337414
5.319572946639783 50.76549696724659
67.74797699477845 34.53158299373354
11.022634765627304 12.066632010336175
72.37446588701776 51.46091131586628
56.97881934795148 19.282485392432136
99.12267551296956 32.14585177447709
36.04611395198185 18.64258746315446
84.98942962052824 50.926844908268485
89.07631559134337 88.6359504665583
86.8234131603294 85.18732017277526
78.5955957496655 31.441550669860163
14.12671326818713 22.404099748612992
15.820201165475446 0.9256111817901758
69.57501979198418 84.60936317414698
17.223836036611196 0.6558426607453205
22.214459674788433 89.63814600247719
79.8281982724289 63.89747515698512
93.32285799873542 55.060207284248165
27.600815003331757 97.84410943651403
26.99973626379526 69.83504129616954
34.0769630609435 65.88384364688187
93.49721196621499 88.51416392311357
34.791241407354235 11.118961485239854
59.25802836703744 2.826482153439547
73.31611070347866 66.5084921531127
62.60343944663971 94.14249715487199
16.56806232937631 41.981723163424455
28.82532646203011 8.986126363765568
19.26659729749989 87.32005288617263
4.965634629952076 26.780885046419556
98.94253523365057 65.72725812413984
4.0693333167577395 38.08846711650329
73.89749413070787 36.828282131286706
98.17032290383425 55.737667086321906
50.63631129031907 49.87026330194797
3.3460119070161998 32.8580286836919
58.658027018970316 98.24575456352844
8.066941720354293 35.06613818111282
25.14055066085468 77.54150876193357
8.447679567264599 46.75492962342045
85.291331936133 80.19939423937832
21.081944175227306 2.9402014562198486
33.32652333918722 47.467053778729486
10.406213093103345 38.556619272827675
63.83329667489453 55.00393346206256
36.0155238506576 59.91050977173214
51.75800027908155 28.712332765620353
8.352767405823647 46.906826012468095
79.1818292005011 94.92301047365457
73.2701941707864 74.12958049947245
17.811173711218476 29.691882322639863
82.96997792148836 13.820546397531807
12.692536249405428 26.12461452578505
45.610803107997235 42.724271746184186
45.41479578290024 45.609072989027254
76.84844467262928 49.82735782745238
68.83800750598648 80.82237158327594
36.82737546565556 53.159383484759616
10.63896728950069 85.70805760967643
73.81556402108433 84.07341940840271
12.66866719913249 44.2366348507087
8.030368677656874 1.267356468469094
19.06967131863948 0.12056609682231656
53.6493756006047 79.91437856365418
30.551964720455203 67.10164589706554
17.766132400405276 36.26418184602087
73.97262551004226 69.7573824305889
67.47495276002799 33.203409464881716
33.91691210189516 87.69034376994715
11.132966235826558 66.33479462586797
94.24854406801376 33.927887013952486
4.64881644119457 96.6754046854738
14.880723398928453 61.44172841862803
9.267337172566048 93.34269127383119
40.77653264562831 7.814043524969438
26.52202593347144 82.89123072341194
52.881306867988286 80.18755427917816
1.5465787120977348 36.14863863863545
53.78504399080866 72.6856814251349
60.67409682077604 29.353841884727274
3.354100627199519 63.559353949483686
12.259528106380891 17.403983208073527
53.37735482560271 29.014430718894534
50.44518128069917 23.54045390587871
49.05137255116827 88.85772014476908
73.25225577166641 96.9281806646261
53.42730874767867 81.3930286553062
50.818827496323934 27.118447660031286
22.439376852695503 49.501133262758025
68.30517191394678 65.12661329753229
68.67008338551372 22.210232730639913
39.386652287391 70.28299748349114
67.9931980619346 82.22696832688605
81.19547088486337 93.15669956380364
3.298371943365175 72.58665241144755
73.29842975020439 62.98114451311234
6.118969671580121 75.03800112436943
99.40154131490289 75.79657833273517
20.11110850320503 89.75589083244412
94.59819425432141 71.88428198130772
77.75640296291036 10.770442004446036
6.358295539911474 21.14822290092908
34.446994512671566 39.821683823573515
81.80303879453177 29.573702282209723
60.301414958912346 71.3701919974856
15.336549817205757 78.96191080167017
22.17223332312226 89.93759185104666
47.81433534055961 20.12761998963626
26.799023329416837 54.0672446429973
74.37604465907243 54.09600952135128
46.953903422206444 57.32309467032539
65.44977019242147 14.737293920353057
58.03757718097449 34.62263674370838
69.6029260656532 68.57403043051484
62.020015656832726 47.80424333012612
