480
1 3
61.61697212751036 84.73920688896641
46.182113780263336 69.67351337792249
47.14888028713145 35.221099083477036
0.45002681908223874 93.87501326123515
53.10410205646683 62.244696626544595
49.743085901029296 86.82346614192946
96.09326974922419 83.14129223676048
1.515526483374141 65.14253326638415
10.604525295394552 3.495476164167788
45.267380728034425 45.35401654862352
72.74534708491626 0.6362651455134705
72.90340792515273 54.029951194387294
94.97869782960322 74.83131913789771
72.03891097432809 2.8565684413573544
8.802251244458414 98.08721171631227
60.18669328811781 30.59638955270374
69.31665888752289 57.29716769706232
94.22915156077552 72.37889840034461
34.10039018838877 33.10705031742911
59.969428829193916 46.09675739511192
41.60743885469185 13.144522063482157
26.996110890737924 77.65473177810003
36.80096277426899 56.64223147668521
86.06938289810716 44.60321653761443
25.205525496763915 23.40610998514807
39.10637368674621 47.397874443862634
99.43635612433977 41.08959859410912
91.10204266119393 4.419178826498249
3.9919461370390152 63.50467420473653
98.32784114301649 13.412913178621878
55.477051712618454 4.5067923391736375
10.068927644027848 12.41206890847051
66.81636348053084 20.553028693455833
35.183345387489354 93.31985439800275
16.42990786983447 67.45891119609382
67.08203992401658 30.45170285324488
35.62045311947553 17.324664020714465
5.900092487791531 70.24018554940452
1.0318986392472196 16.73923703058908
70.97853198446722 12.066948845308968
56.86741526040085 18.945288477436595
90.76483257384247 16.81949829567264
78.30524195809274 8.552752003568553
93.67831791600017 88.4580477324625
50.14530574586091 28.012394329198
92.65438953636553 79.69640812916174
63.92415845000961 35.68202286527487
36.73760855292127 30.88254025520549
59.441218524278725 76.50893281061622
44.877775515501824 70.4077910736328
39.44688002198824 7.808321279538455
32.888900101499985 94.39605012686879
94.55496399937454 94.87070695840218
88.96385925947531 28.028624102957988
13.063183875226493 74.0634599649664
77.14350506301271 67.70229383751685
10.157448509809841 74.74487283445069
77.344766314258 1.3283201809636491
11.544901624640591 2.256570875669617
63.51733817912968 75.28517968720256
39.39361343950223 18.796014125904104
99.52781277938911 20.005479622922273
11.97501145722848 17.091940397599004
88.02533224442249 11.406667699853944
23.954702705375098 36.82580024424542
97.11220665723137 95.10731671272717
68.6532145898213 55.93797045490923
66.72304303884766 64.08064546246169
55.29150201671003 72.13463636987791
7.930729907854128 26.38332762302977
44.224995534064384 95.22479426435903
84.7916876461999 35.3527881023515
94.14418735846846 47.09425288596676
45.29680122919218 47.02207235707261
73.66466755640246 15.908635066269516
15.383007294563122 64.90916801105257
40.55356261605767 66.9108737149384
60.91525443149792 31.874089497694502
62.84559945748662 27.61484299508212
53.85077500855584 8.791396356011937
56.79627253982795 24.42632313452604
65.8866851095534 10.905265884560489
64.23127363369095 68.83011467521658
51.36490471623591 69.8323023280576
97.8397823168713 82.31490407458666
58.98843735778534 48.80947970666618
47.38890811959582 52.423093012182264
12.645277741633576 74.83992755423104
48.419590977640084 28.941944640434492
46.104044384424284 18.024396595928028
37.06262480467881 31.0136999228966
2.493464450515881 62.756663824634515
11.482369567327755 43.78549974002593
91.04514085881974 18.485781309914163
70.85265574364496 20.492900738832297
36.01050514131905 53.72374337149828
8.84205286970876 27.009590709167462
71.7379469037229 53.9719369862691
91.65400594554072 42.027745418738014
59.46153660918174 29.117857060840223
9.46488495976785 36.35955052565958
29.97395366982363 11.31323300580316
59.2150825309733 69.89363368683539
61.53018431203794 64.9249961510135
82.50126862284147 32.9356513806363
74.16249193981565 91.44937466129444
35.131622071136604 45.36998390437588
63.28148281012287 36.87848191055143
72.22843116635084 56.56020262190471
55.44024509135448 7.642874200842709
83.14134537731958 66.68882915830616
31.92575481250879 23.6621364620609
91.74267351817309 39.89327520964925
66.96300851355869 81.18448991768616
83.86515655005151 22.986059106064282
4.285895589280608 89.45341884873052
75.10320053592801 27.35648092817278
19.109748399697814 30.869054827624144
69.01361371255486 98.08758171484197
52.610746686951956 38.24530184202033
50.577800895195054 75.92862776586897
42.23889530845353 88.92032170980728
53.74134485416684 12.458415178760408
63.88087863440233 88.63990339462245
41.80907452171652 89.5670668257128
97.62003748877397 70.63735321735753
33.488661992488744 63.70580558510892
21.24290205924979 85.03662470361488
67.1174688199881 83.96061884175549
96.81311625360269 64.97937469593641
98.26584741041555 55.31486641716305
77.91542659054316 0.2677816021321222
53.125929992075996 49.74623215449978
26.22327849642958 38.74208312386271
27.823877538499797 3.9860475770362447
64.49029472127319 87.91958350522002
68.76302226343749 35.57531994189327
97.5756810655412 85.70529881394762
24.65376115706932 7.536741347739606
29.794037970316168 66.46328963931948
38.452507319478734 14.746040519619807
40.94093364429989 82.41171988181608
61.38012137415085 7.310106814736139
91.7905751449519 97.17832091517916
69.01716960710695 80.11756067648955
83.59743140344307 23.476128144211895
52.87866038388736 4.349106208310438
4.257585418641274 45.59050577712374
47.81322893194358 65.7863350371168
42.917882222798795 62.86728099805394
7.273126916336836 23.601379616002948
89.21012204283545 32.29129029611515
6.628101759751193 14.831254471805511
17.671784433799132 61.5896841480589
89.35653304771336 68.44434680587577
62.08822728555097 24.697510257461296
7.656643630286886 14.332411659590939
71.81687751057649 2.1805008223621414
18.525293579779813 11.297206713903861
64.29836483450015 21.300968999166624
17.87165062038327 82.13815401842974
3.5966307331534386 83.53213129770354
10.411714022567242 52.00644866790307
24.47762098669255 26.31522644178068
66.9132605929554 28.37511723184636
44.16523084617139 81.44198732211261
28.471942759511283 26.161505434905585
82.15746553492653 0.9098609493529031
67.46170643863995 32.66502194206633
18.393195249169516 71.94257039782939
24.915838043715755 87.29065727306762
87.39343534152636 66.40823690832423
97.15616735955268 7.354041389074162
66.31895321082553 58.29989058401526
63.37168090920595 65.43748036188326
49.47328045494048 46.20938864094448
49.77920255437274 33.09726995249813
32.91493571569435 78.01713978243225
17.757116040221256 10.401063914070585
85.74183420483152 7.6096214689102215
94.17757902711166 55.10153310267207
25.101245687235128 68.1922801282509
66.05695589309968 71.15995207443709
42.72497726813902 57.2437645863237
81.31356247224191 16.042924373752076
16.723418532512003 99.39096800232296
91.11397716769143 64.30700508798782
32.7993234408203 78.06301129483157
56.441215341024666 46.3086407850553
17.759735801404574 80.5036390206353
83.37903242131411 26.83519064226083
20.522634021132614 57.91690280367436
56.65077264213283 32.69148441461864
19.802846641744654 43.894085052311894
86.86427586347949 48.09129845732283
29.470776709218782 10.651504748784578
7.2148673115457695 49.52046713319873
1.2919667994851336 68.82166796158282
52.50718409577133 50.04419720431259
76.68925249896137 50.90415590831867
18.534477817905604 47.65650426062764
84.4307508699716 18.162602586903986
25.14214221603377 80.61373416931555
48.60725546351994 94.49426038354119
21.32278343109981 93.32377253765851
58.373130001552354 47.53341626189622
37.84542542424716 37.835957041265104
36.89532908650437 94.51857393417203
34.065320139558786 16.984198980370223
33.38435963403796 19.102514399587744
87.77727853090185 94.75649334038052
93.24202865016954 77.96704392459459
41.78819727215388 85.36416434121634
37.597623323340756 46.784151137718055
30.731720580794143 23.08229475433594
26.283222438561825 40.915612116033316
97.59773567646222 42.967499275900224
55.80445090580135 42.22359380774681
21.991024302231942 66.62591444282478
40.54164822448827 8.44644651748827
32.30336978938928 97.53604690604818
8.048604023610118 8.986472909047528
38.90962894584955 84.88660820148223
98.49963521961713 57.49411542467777
64.34450696943495 82.47672427965513
44.30688252259311 45.52578210495162
21.861424211286405 81.01222252660583
54.57666635366276 91.24959724313801
20.542584161737597 11.814479876696172
58.524391133430974 24.883704961620936
92.63279275809029 68.42501184892107
55.176565232651065 34.17815906822887
13.559142899806243 36.153493959840645
74.1395525931874 60.085786106472085
12.420914261288708 73.24640857973183
93.42721817136675 39.06276128679793
1.9946026580291543 52.38184828251169
42.42079763826989 14.917589369755868
90.02496713158492 13.915552008486687
56.17752531580462 75.79484009065105
6.431112496076019 74.20218511348655
12.077302194403238 18.03530290659645
25.045461444614105 14.936845297747547
42.40803709423129 82.45724642779521
45.17081238307414 40.277308750125094
71.23463208231611 45.68808656025447
28.846983850133512 20.714245590202363
70.33165573473896 56.59365570632613
56.42029785225653 0.4818384179716695
18.756172643140268 7.581621671123973
5.540277169295305 98.62246722901158
5.33538816002832 41.47274649773451
45.3536610511327 74.73445136366405
97.61513715572532 97.71935024237249
50.348851228236626 94.94474489175606
81.56915617917915 56.941686794202305
40.50803626154169 44.48163519547623
15.957724908341063 37.30604780585611
11.743272440922636 13.941106463622276
33.233357958786655 66.09044355152696
89.2012439083186 15.48577720266595
98.86702390548227 37.13330293609716
48.22428232037264 63.92658675481173
33.896873734861764 6.086338339539532
9.621039019684673 25.367764064657372
75.14266890871133 29.967026801004003
88.38828340439741 61.06430261039084
24.984171751857364 15.697202156825174
56.216144876676296 55.04475301536438
26.86581741523215 91.40219627119109
59.48808183922307 30.5091828873709
89.23943514428262 95.0027648915605
44.60232523330825 16.759724518227227
59.956582264644574 77.70941686236883
92.02225258389913 73.2855136100399
70.35254644270795 12.371587332587408
59.04485658823333 65.88376239786444
54.063824200205076 19.87876267643236
48.07173698823848 56.892181441211335
49.05905775353061 11.456580212865553
87.91479668093127 72.40552896182695
73.38175697534624 57.4899868687494
29.58915446672785 48.550296837506956
58.83805037530887 28.11158898816202
20.402331636818793 44.26799919977784
93.21332643210019 19.223898973336695
3.5052130536276094 78.00979241362549
32.660283856691954 16.435310655665127
25.68170292363161 59.61966925020814
21.509130638882688 42.214352446546876
58.59909377975929 49.402471208132596
58.0306968942289 75.77177910687072
81.83525796741718 50.70591243259184
12.561238253719221 13.64314276992662
95.72086127489821 45.719893848831795
17.759007861558395 57.9247425467947
99.72971535921297 53.10669971067077
16.731583036045272 5.988998809960955
98.11489543282646 93.91534514250151
31.530433633603927 63.51438885129015
67.6823217600024 36.14533430143412
26.38257158270747 10.29562305369376
42.685947730547724 82.08231836035571
55.6246889622654 87.71066267489924
21.974962038812194 27.561768826336408
8.79723036807114 91.80891272665721
90.13944386496246 37.13801522660924
48.38985826474873 46.33354907327585
67.6604200681843 75.43335100581675
53.94060815858015 9.615139765462422
30.10054195450056 72.7481734091008
73.74084150997466 98.07331661492893
68.05529757352629 40.37427776123297
26.727906557036963 63.79225372340529
21.0936659071044 9.376866258340977
57.188504576913445 69.4566385129279
27.808573751240107 23.49130305866851
8.658245452337843 27.170819505413533
99.54086918032179 43.61049253472211
33.99822210874082 80.82819062335076
91.45558813278944 88.60378220547554
8.987407849886475 14.78542456460099
52.4796459048305 9.701825571305944
23.825815563982466 28.37473035077045
87.90402251192475 50.49890563492596
14.879335459284881 52.58110907870797
16.15374910932761 17.49292445217685
70.98312099256512 21.88334472431761
53.40390731691276 52.97692475808484
24.269184508260324 69.80090693399302
96.74350729195314 71.61447266024726
32.75159147845213 90.80938306427102
88.50959809753631 27.44224620178859
88.89612489167963 44.98792273933139
53.02854374991439 1.6627495683557036
80.63151755134311 20.040702046631885
42.27664276830425 43.78253964718197
8.095824078128189 81.8941408408244
40.74941665723297 68.61667198507679
4.154890272906675 85.39016042121888
69.61934973932328 28.534100813145137
17.878813225452216 28.950670476042294
6.442686207440462 43.29976664074102
61.628867575102305 58.37651584505596
99.9041434160624 72.18649803006501
75.72843443627741 60.899677851095
49.01193686950842 31.754859698746962
48.81460492907772 63.378075444185676
19.744096612265373 83.46160242309291
34.93185112468984 85.17278812626223
91.17293809669901 51.00670767570998
5.351804232575286 5.910953321141932
58.001103497032624 55.81486916913485
97.22765997680449 61.03698649957436
46.890408437895914 42.077089836354965
21.011145317975167 53.71375412333599
11.83583257798524 96.70717010263195
26.300012517662186 50.28163867579689
17.95224348085551 34.65850823021459
96.7083485367883 80.04568194417038
67.17687020317034 88.24393650547182
47.57288619716653 8.823978391447929
12.089028395401979 3.604714448520485
0.6292745566667701 29.627175618799463
2.0124417641555814 33.24864719720533
74.36804409612057 66.8608743446053
86.94533313297286 78.85750306412966
0.44696898426384024 68.316406934306
14.286858735314635 53.14628545855997
86.4740416311643 33.3278093337432
38.14573181609633 46.46593977826774
53.08504993686907 77.80561983589129
59.566124945715515 38.63739004516109
35.408723108659366 89.90455253097242
57.03529867013155 63.146081642340256
67.95171247337373 28.80701097211187
64.95136873647758 40.744314555698466
42.13410113618483 95.70772972254744
21.257773178244086 47.6465072319276
24.117026718206212 54.47892536404662
6.182926730006688 26.066061020516518
7.431407854370908 50.12803861689685
53.45305445844721 85.39415886391713
14.105524805844594 88.71764439797502
10.08044658835081 5.909315056720543
0.6061213108532915 41.92182386807781
37.21905192418495 26.17812544543161
43.945762766300135 82.28255126824864
33.501285247775755 55.71428671263523
37.87092533619267 10.509948396554702
64.32798798612738 87.27029522741982
14.849775399902487 9.476983858421551
32.96970458297397 18.174038356844125
2.378220772813 99.38600928809578
68.27048018897608 7.8145124014986855
88.99444158889212 51.40983830110692
54.94379625655339 0.13487354924610617
49.44050644351823 28.80399505464859
58.42522993304045 53.116220116446435
21.812024574153057 3.9851351917745914
28.126245900058635 16.89134580856928
14.398230562765502 7.214668007355529
32.857188284099 55.49922330295356
35.754208429089964 54.38619360931618
30.477528154308906 22.58850598974609
89.1503645045934 75.16714201370777
80.06421867846257 15.352448629503268
98.60146267379561 70.35959657160097
58.024228239202834 65.4017494016332
68.8567795836882 94.51265255328344
48.38481960998351 77.23790839258116
79.15589459996457 99.62420119536002
45.20502363212997 88.08278820690735
36.41717813528056 40.75003838043756
7.213552367071485 98.62576679128439
92.82139160144823 94.30027603715305
28.655119589547382 70.00101912511323
0.5105222210060711 70.02670756317639
7.6954234991813975 17.494005213947705
73.49086211124276 95.35970905956808
79.98813431241093 53.83960053588637
18.796927943727294 73.55536408934017
47.921409488812074 49.86274728167095
32.333148809577516 5.609164803310462
7.901437640121789 33.50161979853079
17.31058269218515 63.621665462693564
14.913415427547893 53.54834322040378
10.372950521936296 77.64335864866389
74.33813675947822 12.146806179573154
17.767428075049075 78.81346537817753
33.149116061006254 93.3419407004026
50.3201865804586 38.021518201551864
9.723990087860823 13.346932536770172
7.920796268999575 51.28551224341371
78.13224699031342 56.13009510325951
95.90161914782193 9.172099838548696
82.52455855729382 58.44126282319089
95.07079831488925 90.49731099691665
82.53126892594544 62.9646434855746
63.614924272994244 92.80750066177733
31.089902062883425 18.913718264269686
22.803256623975997 40.461289955900305
39.658349483035416 50.51605480777355
48.12676637534701 28.113142278352754
96.70961161091552 66.75516168290672
79.94311306930935 39.12074871537294
72.74999535937225 81.79054064258695
27.71043048534856 64.70558294211874
64.09874516636071 38.4368391519794
64.81387368020907 95.61671887449634
55.62775704839018 13.059075504845708
57.02286974416941 14.846062392904269
68.39067979283185 31.746586141411083
35.19600288443583 44.38686898484221
65.24383473250086 30.943235338531295
43.39985192120006 55.80110769605273
63.7499467852477 61.691170783575686
62.570139496438415 97.90348996305207
4.448332985567105 35.4838985094692
82.52839894210354 73.5522522972871
35.13561116292434 16.872582574177585
86.23538047902677 16.176719323355382
85.55805318149943 89.44787926214279
79.92338385149105 92.63808993617093
2.5682053122715542 21.0595856217771
5.222406611124364 14.228556533936043
89.63093718182257 88.35152344934009
69.01037909987267 1.6478508079528886
34.856591049123594 87.23559825597162
60.732413158907185 29.788216553621094
11.774698895574009 55.398020153835525
56.93563135720105 89.20317566277178
93.36410641869097 98.83105368581244
35.55819043891688 73.78864848186164
73.3707027267757 98.50809452560128
68.43119774608111 96.48956587775996
70.44532697526307 60.55469438900174
82.00000999305574 70.30277807035357
51.73024298169404 86.28537726026326
83.46489474958713 66.75333642480187
