520
1 3
82.15012020453405 94.44886295463093
99.26578375186008 31.97903409678913
85.35237200487708 47.433980765571306
52.9713389985718 93.53090164943727
92.49620715817653 62.73642928077725
40.4619798927339 86.92833400696725
51.34220587810845 32.800435241316706
4.9085826001819655 28.15432950820447
51.0138727203417 84.19604188086605
22.715301633566853 82.2609792748392
69.16684523840408 30.727320484339838
57.54970676402753 8.81177457870901
30.86062476518956 63.451458081310655
51.45333312628322 15.491714995899763
95.3303617889417 92.12656499630269
88.18104078457156 5.0795281812712645
22.55853550610494 9.461482077524419
32.48681433558307 46.277899411325606
13.667766255930003 39.62222983558663
13.30772180771962 91.06215934976593
13.926677476209015 27.690758603168607
65.92685318554739 86.30178374835444
47.84429937596917 72.71231970932743
85.50280499522782 82.47545174190765
62.48088151055266 67.67440536789762
64.24521819586622 52.96608738605748
39.73926479350776 4.012837685174331
59.367164883530265 52.06184212596845
0.19741367187406933 43.81850354089452
85.63053035565548 1.1235677504608743
38.58988382387951 73.97505244412694
42.96601316960209 22.627720166374043
32.04671871133915 84.95268055583671
29.126905006541314 6.172518438687402
50.7044726159549 48.84844241889257
16.979494434847165 74.44622686460069
81.59130469980391 56.15940519102436
21.536500262475133 47.097034780255534
13.73625738912143 13.766458302330697
65.42683935646328 85.16433740132364
76.75443214021651 37.36062982853803
25.77591130509347 70.45409941799127
33.719566600422326 93.99963411578742
3.861372079582015 85.11138659894091
65.71356766318526 14.367339673323398
78.54406023117144 47.506055912009025
81.43896429655939 67.28278635286415
6.026972909590023 58.19214924810068
40.59329897547093 70.50956384485205
14.516801044593075 45.57500127334446
80.09546232833678 63.05489984887445
85.11452895343021 59.40709258175254
61.985962958947226 14.416152123915026
17.853222494969213 51.26489005749235
1.363628942704631 74.56966844705737
49.919727371951694 2.242092937667528
49.910658702007616 55.826239864529995
81.31981678540447 74.3866081263891
17.72184573551472 89.54188520909578
98.66577208049378 46.451217179704194
4.664951815191065 86.53299452800367
52.99545867229569 30.43532317464459
42.32704207357991 13.55709734289845
2.9024951680654887 82.60357825776478
92.78765539392417 65.85813387948909
52.064262454367125 13.327886973772497
46.44878655395881 80.58998938715945
67.93580838357136 81.51575038234822
40.59446592315705 9.497420445370409
36.78182502965712 61.396448266472305
97.1681844577947 25.579932810261894
7.493347947153972 80.12981056858783
81.415036557197 74.24341280280431
99.26519888285728 46.33541301015591
49.987028706726846 48.30105470952586
32.00898587298931 73.1233656897643
67.63413137972634 25.29045066890978
56.73068194481661 71.92344538857127
40.785003632344896 86.98973695943049
88.05428418092183 44.267240348200865
44.42655135433624 39.222019580516275
6.78021529117756 84.94521378528526
54.376937781219524 33.05242085365436
39.28289325633496 27.682282500031086
1.7357326440028409 78.4970266332373
81.66299950825638 25.215897826814306
48.08827147339723 56.10171754166018
31.77210655564111 16.852393878336926
41.79135517031571 39.20232856159054
84.40119478485275 67.90536666199647
76.47333417012617 32.33744167741723
7.65372748905806 53.671932902909525
54.00371138826772 38.28915464551592
13.222181445274718 10.736971176278832
31.779222761469516 82.89622430533541
91.04487929004648 5.225223519631084
20.95663661340934 51.66896545723183
56.175663028283736 80.3944562879464
64.78428321233199 40.949046074059005
64.97699648928743 67.78053009924328
62.40692203436882 45.530601179347016
59.80109805662377 75.56106807386627
76.85779220799742 96.08039930733278
36.206546846310616 33.48522563373913
66.64894448119149 20.652826628411947
73.17517908818631 49.413423304885164
45.05591405551543 26.945230157989197
33.84308942404082 26.01874271798854
21.189534752107964 97.23606120002735
5.455763803761982 77.40418754565208
2.7860368858672047 58.78609294493595
36.635927971546664 52.74257150563146
51.61028367458358 43.23775385870412
4.315005517133641 59.97945297955625
53.771295459628064 26.31655153641237
31.794854173924914 50.22589807952493
16.347052592534816 68.56783293892872
86.97218647303835 40.383010759461335
64.65503875584547 13.096741825610803
82.3378651381754 6.284278461682669
35.303336936208616 93.45402362240603
87.71665987661332 12.129364192972925
50.930024519402316 84.84364242439881
77.97115253334617 87.07472114071581
75.43676567995534 16.87832581128037
38.96812847120068 25.415290777865597
12.54219989770311 74.88646317078617
94.38309518596523 71.81310910437064
28.574883818919883 50.28990165397757
20.867767405879036 30.47785759927666
50.69174554087801 40.80210363260959
69.56519758555702 15.664841827411923
90.51608245925556 74.0946487132504
42.753718793434835 8.128545415848244
53.46870674820059 1.2028921234452206
54.46300672722584 94.83609341704727
3.201217526469291 22.713435318708953
48.83606552794861 56.38681856890899
62.44328042752814 8.772626347011192
22.77849163071948 86.23784838812173
15.972317580626715 67.1003317383109
48.975888365289656 1.3702059241288866
20.734811410954745 52.44325243841432
28.486124229587297 51.91060539909833
77.80363893493067 6.750687258680421
26.825496966847506 0.6008038653467995
48.32056888678902 42.35382291865035
73.6499862683569 37.641681443112375
43.825130182791526 28.040747123926213
61.554011862891315 17.69409264225623
84.08801494186142 96.45457224147597
60.448372215883396 84.5472041788665
37.11537255578394 96.09564102040093
99.36566326920277 48.46461088141205
90.14151774047325 2.5078541378479757
88.19877463314401 57.83443076645973
25.53227363355497 4.508889921905057
38.13744013668023 54.5875600179978
30.950915209161156 73.71242616177871
44.10613134133807 95.7056467772695
99.136323573166 36.29667735756852
92.50730328942767 51.71825066624598
4.077610459800729 63.00481822449733
56.91484659097063 23.999646413312025
2.96059577651977 74.06901747399766
39.59433286786758 63.71792289075968
58.98043750922148 81.43320995740883
3.8919891270826845 36.249424245802196
43.43612578838354 1.5461479544615075
81.91691245776722 15.934027259008964
61.05701090228046 12.463094862104217
52.067974945687 90.12949027011994
12.452736718060509 81.81754066290661
63.56000969821325 5.163227244697133
25.423504324601808 11.529542256078251
15.618610570945002 62.958519619116984
86.04375073051919 48.07576083254619
48.317256120170306 0.9416049672876792
38.0968751416219 12.829244245907901
17.06013832422826 3.768339896583295
10.59930213151934 45.343154148392586
67.75030887782391 36.586910423949746
64.54906228033259 64.9356091086533
97.29635862700907 14.004654533253014
47.36501076453579 49.595370747837066
95.92665691407464 59.53529643072473
55.043122339254055 22.358637476698174
60.39124018601576 17.268238385653902
57.80122825856531 97.40493960996774
0.3716591135265679 70.97254977009212
95.35057459077547 50.62518505465654
63.38128751913423 34.703593478183706
15.78232091298688 31.180491810716205
88.25356974785872 79.43653139062994
31.174924734664057 5.463379920270883
36.943510719022264 54.11664963984768
6.209814398720015 70.98629554188578
49.35990551053984 83.53284913041288
78.14144538532237 6.91825904611163
86.23315805677791 39.99131089487662
49.013725816920115 45.02168978038834
85.29488167935797 5.9261704404570015
34.14203835884009 11.376823299119753
40.55452823762287 26.206745909271966
35.950464016487075 29.8727831733683
57.48596864246498 66.86247092591123
43.74564148726141 31.921139129701647
10.13480532834976 94.1238767202635
9.337690737843252 14.006872525790005
30.998509990792854 85.23751430489519
71.61054025282338 3.876604148632068
43.64321898483261 91.1971221492038
9.70507127750102 20.049836260551036
46.89997598250037 28.77009127956518
30.910060500976133 27.707742816511605
19.480971010405913 75.89058096650032
17.326464279708166 83.15336342491445
88.01699945176323 86.09227692143413
97.62565732572864 15.306069117316179
60.23946527862955 58.47825522939094
86.8745073815955 24.826267427689075
42.84916803579695 69.95433783371847
18.803613464787606 68.23700823386609
11.157356914225192 1.4935714639911613
30.13968819809829 38.27981442274621
74.86668135567824 99.28466596718025
2.923044788236129 22.989738074448816
68.32296621614742 59.696758899460775
70.14658621851733 54.62871186161291
59.623616199374666 33.191320118096776
74.25108688724042 43.80048929776281
54.84021903101761 89.3986552831326
63.975900888878144 69.61017898981987
47.44387694114756 8.54134182862618
38.86339750867411 77.37408792862604
98.29466609383456 13.331633760620566
17.320710642319014 99.61519867472062
26.060282659145194 27.35530676884157
95.19116626237634 84.22511724669508
79.60162937212898 53.0669113861556
59.469304209415206 30.81756274899554
32.13382381843286 54.776103531182805
93.3028005712977 55.81719392185056
72.29401010584633 11.05880095211187
31.51329219681378 64.93036462637005
29.858064016273488 3.764447494469758
26.39315272900873 64.37916282523256
4.3822776193883195 46.66466213163367
6.931892148901131 30.800332460110248
25.74523554026038 43.347598107082085
46.62207746817919 26.133932236968626
83.46442732703656 94.73980817880978
81.37111825408803 70.26458919535847
92.14633442245548 26.06252479661062
40.261919948228986 0.7972850644417884
40.67397912797117 45.501549563774056
54.38845867596582 32.991016051387476
55.83732552463019 93.17936723276424
9.25034438709018 33.36203039630903
99.58594419987487 17.074082919952094
18.5525743439114 58.804819013664215
8.101065575138634 18.066800797183944
21.553437799521124 87.53055348991401
6.103873462254383 38.43149048048944
4.774603700654989 32.55583121782792
28.267698567352983 29.164786981852163
24.767164689316967 64.39796681549565
36.22332931030694 67.40926513224098
86.90703053441855 67.4465164926807
44.767114687061 75.21235894714901
94.96414793619404 1.6627510017074298
55.76618211122308 41.18911868489901
34.00071772216356 30.175452796795497
69.87583709935403 41.86075710461827
51.39262803428395 97.68341578137272
50.27242691255811 8.100253086614995
79.72082103217551 38.670729452114074
49.07439572744017 5.649304610720307
11.672083607686767 8.067807244942538
63.051008879496486 62.99237422526021
53.75910605328124 66.44366053475774
26.396738341297944 27.839923790704923
69.39641644866792 60.345850105747864
78.22132093518002 44.128336203708926
67.59616774288779 37.24846668329891
62.39142347729016 87.99345950952298
50.87758732717405 83.31586194965483
56.7946298515043 49.20662144520569
38.355943963678655 80.24183623420782
66.97583385994794 24.836149592063595
6.780818410733569 76.53533106531987
20.815860474133974 67.63739521468987
35.35701231480874 61.27231205739467
33.62476132755023 28.447392432725515
75.3142321536185 18.0912996183765
68.16363559626303 66.05267878861514
22.582457880083506 44.36168694226916
1.1778302440351718 67.00282310485184
41.55492319429588 14.773855023474303
77.3331624447552 91.58007170108695
33.628028032584 23.634562103668788
4.537431089894861 20.49689000987187
16.19056264582177 19.257068543728018
72.55408538059214 36.20353492183168
13.93786924500593 20.098555132784956
79.66500786626463 68.68086529220659
12.906026029282991 53.919549179653295
16.001129417942273 8.27789458999244
50.10028095682182 63.19948312357131
9.519390691627994 70.42554189481909
2.7911805963684033 31.25763976665812
98.86135499422349 7.54937371922535
97.70088474470985 6.309815270654817
47.70074497301029 60.086911126729056
77.17293654560977 94.8266481818361
2.1393667741793188 41.88958492334871
17.541929875236526 49.25462281303648
77.20087830115506 44.905773393670856
54.20906812317212 79.24505106139239
22.40732619689869 40.827188420548374
67.5003901297281 89.0501253704652
65.18539065043774 31.51368221057005
68.99764502144423 26.0751025300231
27.22252953925217 48.980893676976734
70.80859351987681 8.843421325947553
55.24549720757766 70.97175816748513
5.72867591811439 63.53943884020252
13.563756313163577 94.58833224817324
68.0565834512616 76.58967291747555
76.59096057959955 63.04418052308603
46.454546410934405 10.534382018587651
22.745154427485637 68.81754371195834
36.662245774803594 93.37461568719476
11.510839068484957 15.633268790494315
25.840111981086533 79.98993609432594
83.34601861202917 96.31883286600993
24.53733005799057 33.70930764043037
72.32441502604006 99.87303583381527
76.30757646433206 47.91803006198742
56.60997395734737 67.19839139903847
16.987848060974 41.82607291400515
74.23530461929693 80.06863833923663
78.99917699994836 29.86532453891966
75.90893301113692 0.25016790523912924
12.185251117698282 94.40133936835309
78.79122114020399 65.8563405415516
5.423901083958382 11.885491988521245
78.435739136745 27.182065099178686
77.04131099742753 65.49850926691327
71.21316633653498 44.986350734554215
54.21982374871912 50.94749547781707
71.63635097012278 34.22718433264915
19.40912528704073 82.53983250686925
41.751384363069576 11.236559245799803
19.964426112546562 89.47626115057992
62.14056985928744 4.36773690646719
49.987022612791996 72.90988194721642
32.30395748442161 90.2975152540482
15.918416687503555 44.41777953484147
97.72960590468176 54.49372474208498
66.72584554143464 78.57925796795082
30.177701650698374 13.853025120529372
19.80984143376783 92.24611224110883
87.02679611223978 53.11877755857055
8.732359590161586 98.92362733398541
63.13316751025311 1.1051532314774404
83.22557764321922 12.910816927151059
55.083960766054616 27.5963379308644
40.12780549430865 50.56748024531612
74.25644513096086 84.09526150246127
44.58256777607082 79.76493360026147
68.69726920982251 26.518230666078324
11.529245413945311 74.00761290154836
64.24921977860507 79.0087889141647
45.28810913324903 78.55875099596845
24.219057750044847 59.7549292671685
24.920365937534484 11.970560998841172
47.13805140043459 96.79147278401965
72.87507508137556 75.93655976873382
90.97166623049773 62.95805260180924
78.94588777803466 4.007807032357191
69.33298013432916 34.4587605902396
46.49456465060591 31.1143152429997
56.17194579090543 17.509430374793865
93.36812577030274 77.73041261384085
73.20013589783565 52.6453113605541
38.656297103938364 37.8887534533938
56.55822595575213 48.15660150546497
85.14188510661289 18.299559120208396
34.536997492770126 50.28076533288009
51.883649892377946 5.1746844940262715
57.57986345706365 80.5797556028477
92.21766063151209 68.8675873331352
61.0218173443126 60.97233947069833
6.254747071878897 16.03622691058806
92.59947352394494 50.145560593815674
58.297211430769 94.38705755850638
46.37949550441485 93.25187976897888
87.80209743881575 15.944318353623622
45.99796370648876 44.31900169134708
83.7354528290015 20.278951620709407
18.14608113429643 82.68461300390884
98.83933772718629 34.76529840314559
87.2717298724486 25.188268810336602
89.44195696458395 36.606958312848946
88.66431819915397 18.360674988155324
77.30256801509515 32.84782835864639
38.941914617156506 34.29625363549913
37.12494913293951 1.6435482162457271
51.619872667862985 18.15146507020302
5.955889600442554 65.9024391030348
21.78550415739433 60.189360336803
96.52107899528994 1.3875951929361863
70.16200563826249 24.220825607358833
68.41305540408864 52.133104568142045
19.118013991820227 28.43686916828918
23.981912109078074 62.820003055712824
14.897657529752163 75.46734568119075
3.044104464077302 72.18403271690184
37.960547650765044 63.92607546612352
62.71015754975633 69.36595517443666
47.03806744426664 82.73025033298558
89.19682001424019 64.37777272059432
52.44235006035181 96.50940129808791
83.77419076850788 35.611561997310574
90.84227629126728 76.59421914534312
62.80358966293469 26.384089010887624
98.94300823251116 9.385087724930186
41.420058142069436 80.4699056136913
11.084035714329099 34.42044729639815
2.1342825453682934 23.19048261272245
43.444116006721224 88.53947226586278
11.09446071665554 14.28392108865224
63.490276138279775 9.102907668223082
17.348699806614377 71.55277398786023
30.195679011844923 25.01480137301739
90.8485592061565 39.03423430704358
76.54653911566605 24.897531417404117
7.752839038692283 7.509251181025789
95.85897722073456 77.71539736225435
13.867746009684012 42.97172693382747
58.02944794635609 18.570668138461865
61.60569359142733 85.60426449959067
29.628292495083898 12.799002632748802
55.71705733778967 23.476829836602132
42.22952091268346 44.28863344040506
16.788475379784764 6.460085782281766
92.46137483717042 88.9629632230768
75.83358773708927 24.538309632138365
65.00090207338395 83.62159387671855
72.8951943611801 59.01020852738914
56.83859729339715 37.80958385218174
79.13451684763572 0.3526953918159492
53.04419793307533 14.268020285134275
26.651140596137 83.66479798219171
48.15885786294813 67.43920312513205
43.57986514454346 21.83284643389307
46.768897491875585 25.065997782934325
26.162186062490633 85.13763811142465
9.859032382630662 57.85230015332068
35.04966126640661 42.468740254105384
73.07385328583752 8.938363945262772
54.892830981190976 11.961484647127495
90.6955946039711 69.05483961322261
50.86687464563013 58.24278022303311
35.425734397651155 81.95282803179664
65.25048884857281 48.93027471694926
24.557868201559984 4.2029661296614895
89.40392999687576 21.2917542071297
37.96670908146951 94.98870635677751
8.812231015234628 40.45494761753443
80.54913815132083 36.74395128522414
46.09109261226656 75.36403462136127
3.51625782086602 5.771208523094162
93.73102037782664 96.30578737534495
35.54732285322555 89.9554789034275
36.5552908717079 81.22571023890883
50.43883113678553 12.704994795558466
52.47469032853458 96.79774061567461
53.07073958878199 44.19730886926432
51.82099275241154 21.540108549913505
78.75943640708665 49.011129250062325
48.10477143555556 67.20874116545114
96.88924174496947 77.37700484239585
99.48942677730037 49.95720947431701
7.485630766941509 31.598815560560368
82.05890405853708 18.885770508995247
94.00636311757214 88.48523711814119
83.74212534753629 54.253138410171765
28.694706610407806 34.79882269024643
60.769018354509655 58.26101849792338
22.519188681894686 20.81347822325079
15.375843067748619 30.874052930452134
61.46352974548164 16.186897134284493
61.108018927461515 42.06513920402577
15.313669663836249 11.892878038088227
59.82808153727384 38.07743365324192
23.409887094162627 6.5369833775384745
1.9660248994397111 47.32643361071736
51.81917837045717 97.90108343782451
55.43664488236464 10.366835239644544
50.65339358127658 19.204145892042757
91.57189768372757 33.895544478917515
39.08069778585954 29.43134879710394
61.3438213493918 25.418452719423644
4.697093906480743 41.92818519359464
71.99989808828184 14.620523949181274
0.8168244206397057 6.124099953418516
73.90418614271184 58.567210003545036
10.301438320393652 90.38291287434019
77.00589187547178 75.73783472541784
54.01820076616446 11.268473624336718
94.60373078405289 17.02978228546894
30.042308736955924 70.95425508602054
52.17058286824936 95.72264090120062
17.889954783688133 12.612037028659252
98.15180439963527 70.76182978991392
79.25907753266908 71.9209050836233
75.45029055731088 67.12077213144987
85.5719506139642 10.523020930168038
