210
1 3
43.160000178041024 33.08882588417272
60.383876722491124 94.88710234601902
13.372983177733989 75.99386895742653
26.172999748695958 0.7525849113095839
26.650377929088975 90.77125643927786
71.06196523925752 6.842797448378435
33.47385570948198 67.20163976513808
51.27205860386048 73.93572360694843
41.93271962090186 6.815325429218344
12.623451468089675 75.59716206429535
47.507940356468396 67.81537772562167
18.54729674906388 64.64073202223346
57.632782878212055 55.9576266029614
69.52864758392168 83.06532853325075
47.99091558078925 0.5273248603747671
39.67566380470644 63.06892795556174
54.56651586052341 97.34923680931561
86.50616645214461 16.552996597238078
42.27606753220219 97.78218631185737
95.41870867861863 0.6734864882477654
59.70323657705823 73.42349404600152
62.57257964781229 70.71822187834145
4.894930358735916 63.43674311712133
12.857864111256024 74.7663385159771
77.09173897258607 97.07158636923991
25.607136034908518 76.55445196996644
75.92026162270768 11.384316263194293
84.27460149855793 38.14208486802306
85.57484008751122 70.67648670843036
71.78300229284851 13.799512091732513
16.872417123774785 91.74347405571473
94.23877105355155 50.28107039648191
48.921115945095565 69.79081757739667
69.27255625512237 21.080713499077586
46.55877678946536 22.924772336951538
11.689202800855657 5.0331792684651155
81.09750429897574 31.925729492075416
82.61826559201498 5.175466623584257
22.280150614078064 97.22324228653012
40.725709426320854 13.546608727378228
28.62332199592248 77.87448135501592
73.26928278093439 18.231778219976526
10.159314589655576 90.29994998435271
87.87361547160188 84.83226641733243
52.554876958617044 78.48043187708002
9.272106620587127 12.204318489401489
64.96296662424861 93.6394787776081
98.34237881804637 65.43142977996732
95.4837878661596 69.14214889288412
25.041657768883407 20.876526325479674
48.01048143524873 64.44786840858758
60.29468527402104 56.62217363706947
54.64952032730655 59.11438110045193
5.547403080964397 57.12129842594271
45.163640918766276 61.22805186426734
65.57408813470008 85.53151314923717
61.629159165892865 4.63031301067629
12.685540430525478 25.466557308174597
50.63227599563624 24.766275929613137
64.0894777541322 3.2976971497419516
66.32914237475332 50.96651305570759
83.82884314466948 75.93384057835475
24.89207617085889 26.81120706964537
39.887694493252845 45.041612616388505
13.488078085309363 43.425361299131616
67.89926212854273 5.07231235539638
63.446224086691494 51.011982071088994
10.278392913493928 39.8862907771609
92.37295484403958 80.57444389294201
26.885270886233492 89.62226232362225
3.39134425709553 95.91270510644792
31.132455465366625 51.44231418388714
63.32640611693385 18.603911515688033
56.68651131519737 56.57090830133116
31.42024992404724 85.84397273740963
7.682597204702657 81.4600351689051
28.637885815835595 47.876289953062326
49.80825545960155 40.191932021685005
49.56503758092696 38.83513964193321
46.368437517740176 38.20796472047094
59.65476414618451 19.040369075090013
46.20113421222274 78.898088637926
54.36356260882469 66.37336433999042
97.80208467230985 19.61894460858509
95.52643957416163 14.676191297560749
91.00624594879226 22.74079013311394
96.21595356957921 61.769468672828
18.247049350953493 22.980169318775047
8.56498250075457 39.92363618972408
24.25218908793898 81.85014492152145
92.55284433477607 93.94624347277507
60.096038868039074 51.03431410171624
54.91465175716266 15.046116404061971
92.00939008183495 68.30490625215899
36.48127329462925 65.11397794481447
38.516642898821594 11.981054970803683
61.14905268966968 78.14056458539615
81.92909546332197 46.56945032767641
16.039166549994043 35.914647475259606
51.60034018767996 58.230318445955696
23.51728125135766 53.09795772418073
14.312110471925731 83.18663904545942
9.394184142171259 61.52625985895608
64.34733698996094 59.01427992043513
55.21624058305403 37.60713741010091
68.96015594023514 53.58659485825201
17.288128455972206 25.7008654247427
87.21465818547773 16.239641852737673
15.472354746637794 93.77594665649087
75.46556786043456 40.10874022227249
60.77681106837809 83.82536526260765
55.79252341799745 0.34792030360744075
54.5934124689142 43.9311613536131
3.0918457737472815 16.741774440336087
35.91665659518204 33.859323384468134
26.477215270905585 32.67944817250916
26.986093068849115 77.69689577301232
81.53155546950714 85.44759765202781
33.01701809620812 47.678371037317156
34.70116838735966 9.119063790397863
38.4771792594264 11.252998136092685
4.761868360947652 66.82167619806141
81.45172889165882 94.39852364929958
17.321154189184984 75.76072736337092
12.709485653413054 70.48804012892572
23.541513310696693 29.323562147851323
62.070488587329976 75.4692314240192
15.233150891605307 74.74835155996348
16.619656974007626 99.52817985640566
98.92991852292622 48.15168501760265
9.09671569297037 25.084369867430055
10.471353452687083 42.39315300087689
22.451267651834762 71.23178603952742
47.436171576879474 13.842564464037022
69.78912689007572 56.758573323706415
25.62162727173756 86.79399518041828
64.37270621525526 76.83545232053129
68.51892943959328 47.45441920062443
70.3443063845055 36.83842752302296
93.00155465743514 25.353927545696408
80.02085925082724 3.4618506782142733
41.8744795753367 29.705845770313033
8.16129214065231 51.819851952690165
76.94017998571303 92.89997660597473
22.70332465158551 34.99522449924686
79.4836409796537 46.08703249017741
25.01130339614559 80.47364007659567
33.825664270627456 24.5760936312551
34.14321289171001 13.875303039536435
89.35607737293554 37.9950182971122
19.032588531214035 29.10184399881195
10.117967628735759 54.04315386103076
79.92986137789242 32.828427581753
35.88367069302196 91.04263314776402
7.981468424170912 91.82346870669119
39.41915762308086 82.96078995676356
75.38038586492873 48.75009333849307
51.90171925402527 49.38944483528085
85.48165676299584 68.57370622443477
22.18677866432128 39.3695141798045
82.449377912767 48.44223476409295
34.4207225438103 87.07947466104244
21.564361106065142 29.83439518108193
23.80578747702362 76.66993123394737
14.203859692012433 84.40171834089179
25.16059239627557 24.605823883984932
51.3349020111312 90.70263923916262
92.13282274508894 54.54677822332894
84.66911929328471 92.92641953922927
99.06402863025075 84.20603174741015
70.21965452242138 64.85574501666443
51.30522757951515 90.6723875113855
16.754732267990114 63.764110516816544
14.079133186032355 17.57993883318838
75.22525291344418 55.75250627722883
71.61684951491027 23.760392904541906
94.21383347770475 17.74736705893809
94.3869749294808 81.91883666641961
10.399980903829608 55.015711888426
86.14864205339919 74.0519896173536
28.699300595591804 67.94167162207212
36.30461976512229 33.984626668428234
66.3462226524248 6.371053499048895
71.44097868292198 32.04982719758232
72.68050716743831 3.095816140462593
12.407341948562166 21.23862108179797
78.38247813707046 24.627863733877
84.75227417967841 47.4488749746097
29.592831610078218 77.91439587261453
18.414975802148525 95.5588048290057
97.38068014416312 71.2856458992454
69.19124388707318 81.55085262440862
59.603253700487514 31.061720126332837
79.33562287535811 57.71415861993101
71.53182044757102 4.195048321763517
9.596121848722007 49.803067064417796
78.93299815950816 67.315985222667
77.88076075454791 16.990712920121865
32.746833076448986 57.655996135110165
21.329889304087324 17.23212896741071
34.331376553787464 80.18956193480078
85.86786269806682 42.884679809752726
54.82599753649333 71.50243642044533
19.487513379923872 23.04920512482431
38.672596660174065 41.20538726252963
63.42441357840101 28.393124351870203
46.667782173061134 63.010635270042094
86.07096527431027 84.63782531535031
14.004870232044976 81.09479490607536
33.134344654768874 1.0015675879018637
