960
1 3
49.10729418530379 87.00647499586427
17.082270349363004 38.98339986852963
47.2338983901166 87.4585782262019
81.40392595087347 30.838537768811936
9.415037991316177 79.74581286274618
93.02213055121183 83.35465435023588
4.890664908682618 54.84111736858084
66.90564745615528 24.41568349959693
54.298629016443975 44.12064580195367
35.94426251727501 91.7049716970743
45.949188427249396 31.344779063597628
86.07533504265157 36.81432189318146
13.033917290494145 54.338402504686535
18.472580390760452 89.42131784193631
71.05720309668273 83.56699267526126
8.786841995186666 80.19506534349168
80.28568612454399 72.72177114381195
37.282897476870794 53.1773889286268
34.38811296863242 19.65415261351211
72.19155236920783 12.002442914523748
13.602513164619845 1.3653132034324944
20.778993436430284 10.366842049879743
7.399737987193644 73.88058865511272
14.358601997087096 94.5169943818735
78.84695137978002 60.87396146113462
48.21306264660106 32.50307311429354
44.46115391860028 9.837204875305993
11.215478961082216 23.113866959715047
88.13763942517264 15.543935822625743
20.263618329217348 51.99379568989835
94.1258996305846 36.77613148796834
5.656129323959291 10.462650344428749
66.59750377929092 48.13510594380226
22.780156987351894 68.6479734919815
22.64899235488511 28.554016086348444
48.460084563995956 45.46544578467733
2.5416582308581903 8.358143265213158
22.40110339156849 19.354974489028187
64.34506737206867 36.19984980455953
36.859542402590016 83.2601215513181
65.01312156768091 7.168947247145541
86.10456627022127 29.74160659822207
23.38442156588172 10.798671704836881
39.96393843837354 79.27440992044221
65.02546721292921 8.774974937692392
80.00900654863672 44.519005661012386
73.26043401582484 79.67246302852284
82.21962148698765 33.64294783452468
6.41033844929193 20.30998994560207
55.66698657196749 55.15220717862799
48.729609031111146 96.76598638365681
91.03090582740798 99.13591946302279
59.99947939674897 55.11885004815422
7.4137554357454505 31.694004181824177
19.3491452319553 34.962797123367984
28.28955238075974 12.799302979459725
95.022302063325 51.20995761348841
86.01970023103296 77.87155665516315
22.00659972329997 69.14845064820345
54.87239094978173 38.70702433138933
18.63664637486011 23.42335670453972
70.75982587329557 59.655033729061024
0.7624386750089807 82.74997538896109
26.252155256834776 90.2422172643
40.65101037951029 87.81427863230122
49.488153335881414 55.44172186695875
97.23532315608846 21.186146720744546
39.72550518971634 18.304725726651185
53.22190156483884 80.48952458917607
97.01351447383246 69.83321001727114
10.389407643097792 73.77395192353649
7.016024401999421 32.88319790268146
61.28670440921311 56.993936704549
59.86465645783807 71.33716292922045
18.769259079304824 45.358432151343074
37.30092213945062 65.12309235641047
96.9292075992935 17.844883470387728
58.615821790846546 67.77397084441266
48.72309050529764 12.431647688603832
55.91887159905981 94.66689561118622
38.18682416664152 97.11324777224182
17.587557321637213 95.75796537663406
22.895532464370525 57.439474129567316
48.600202292648916 55.99015209679323
10.497932432225499 74.22983977523046
51.32373289471701 6.764868772651655
80.6640375908323 18.343292396237242
42.44415053176518 1.4916080750557725
77.96853247139306 0.22588262200611275
66.35999523740676 5.022888323296892
58.416474961719445 27.42166171660596
20.38846053907415 89.77028764312178
72.76047610249205 19.555714396223344
14.20900216182086 32.93939936496477
91.00885425861782 73.87985671322699
60.88495836279788 18.188001861981462
28.35262620938426 10.102501118619521
71.30039387063663 97.18622555463388
17.770872123660332 27.884356850390503
62.30787445008394 82.21880373854069
45.04107830660698 31.50879567311278
28.7748521105758 63.30151447625008
89.06321512183865 32.63800114560955
52.85387541865569 42.472168683195946
85.74909254573662 61.104041754560434
25.73608023622642 11.091572292233764
37.18402009145245 69.44386453837966
47.693777879842926 5.855156150991769
35.73856642873166 84.41020313236285
4.392896577679251 9.973204475312492
1.904852331657203 23.302986283244653
3.7668237216609946 28.161785219086855
90.03140517868616 27.36043757869906
7.533757576303701 63.81560912738187
17.619302913447378 73.07198723303061
80.21279537405796 64.2222632294644
80.28107109121831 92.60604047050968
47.15429881407238 53.721198676801826
81.05101997351443 0.4792248116022968
74.53333379471884 18.44253953303592
5.926698503231487 65.82131264928005
28.10582029656754 41.47822608661451
5.852710817946938 49.90516056385288
46.410393179244295 36.4227843216764
37.49917888764256 80.91009102951172
18.958104458463243 33.78011541913723
86.0506473712809 86.6652721526489
50.21359497231599 75.06612745640791
29.453339980222438 21.146347650121488
31.638840136881406 88.70982220147016
26.104140076102244 71.41398846340287
11.642051160783783 36.18851194377268
53.108834490393185 47.68282544480715
16.894951601044504 50.05436740706819
58.04376588219979 30.79118209738865
3.2288454391432797 4.571637788619642
8.490762726991097 52.33209763061109
77.54680715002971 54.27349954725131
25.48321996845877 12.33130199208896
72.78063948478248 73.06668880161367
33.25845243156964 23.502584629333214
87.31652849538614 52.75253880491961
84.28084085733893 79.4105238329233
31.595613401757873 99.21736661175535
42.968787219272016 34.10386485532435
57.02651231551563 77.16776674684529
58.20485330584935 15.443824145874796
18.698395538273704 11.98424603688033
85.21400513584314 22.262568580653873
56.93717139059731 49.575257565718054
76.33689575661073 5.123801821811647
0.3145355882985257 77.38544209368241
54.28866915291379 96.75966603157073
75.94560916525393 8.554276638900294
33.97427621284821 13.94408152600315
92.05832299623637 2.689195784058196
39.25164338069433 23.772717126386045
75.12493956228413 70.16903627275806
97.57287600331487 89.63943174730112
81.57825232262164 77.1279881208909
80.60880531984174 68.61110241639572
3.4816482983959673 25.683194382006747
35.04628484635728 55.562202527093405
75.09009541804205 15.871387297108486
52.857557639949704 99.97384379154988
51.131939314709854 65.07810442417674
39.96514982888834 76.43898929449826
54.576857072242824 75.12154970356966
43.11635328834402 0.8199833161592007
22.275166706083716 76.85444964961792
34.18673804683729 82.2631612297928
26.616120108083386 75.55064573225778
76.81250239744124 1.8642350700697419
63.575223343493946 88.02218956986658
83.94973483364157 45.48298632749075
71.72241850427415 12.105156185747191
2.4766525428886688 59.082250148593516
48.791666253885936 3.5637071632333983
73.408095025921 24.523434587535164
26.97995652165195 20.16171461499521
47.332504901876796 16.048517016328724
36.805750987687766 8.736813514882913
31.33497284830602 89.21083024251872
43.39669902595824 85.62215597498555
43.698341835937725 59.956936113877
44.86357449921581 83.70719512539613
36.0194594133201 72.8965025447375
68.22229425573853 94.51606855227593
23.643179776713264 31.935841339748738
89.9629853039188 47.31742164388697
34.20466654156114 82.65576084990163
43.545735257097085 57.46291684843787
88.99870307527162 87.17604926634364
13.618141573362387 94.13052160284397
22.220662374400014 99.01086341781486
63.72251056527007 62.420944446350646
6.797658423621744 0.8086465746226512
55.73222868174319 74.54834450794499
75.7009330288436 64.65546939813393
59.55389238313664 6.350884227120979
42.25233529260093 46.67335041884315
32.46187712067632 12.551120519428483
67.59875786679994 87.7992734899014
41.16404017221307 51.475486077517644
87.72713753365358 24.006259623743208
20.27713269156557 73.56532848013613
46.51791214803931 91.80537494578233
5.006663148441248 8.258490963094168
80.46852426041542 94.12706302948384
19.081479157094595 36.69852288675926
2.9562624225467404 44.97027124117383
96.75579270818078 64.47301757542323
12.127022292505686 45.20527593519446
68.61841424997277 36.73390440170054
30.775740874022617 81.60353067124197
8.042012132460874 48.57215237361796
53.27203027884557 16.872077188310076
78.73137640775194 44.8107325528091
55.66880515823798 62.61423129184471
17.448177364092942 17.34188991177039
75.57007670301468 39.52747697775105
20.450212015879554 47.2635182097898
39.86324547701676 16.423060433376648
72.62330626600406 75.58004861926837
5.793138155526356 46.138779454375054
9.285536125543059 87.22977416583772
25.110755566044652 20.176101681872915
71.31889062661124 76.71089317056538
5.529460381382578 64.97789975302328
11.456711791342222 86.4472506613643
30.944342235714473 5.15183933764245
30.023911806316605 1.8377750366642909
7.487978074900248 33.034720429787924
27.83175889854337 78.72430832972883
56.80473682896028 6.571356393718442
37.34253739413638 5.512377453621542
55.61975598944557 72.1153062046062
79.42922566391763 79.9948274191833
27.983360856312633 18.13848243195686
5.271805513081729 35.119452637426306
81.45066334792735 78.79079271011895
53.86777898077513 39.21825878041365
28.743597184225898 54.2767265345723
9.681253034136695 20.631985856023327
55.60817047568525 52.26918296741907
44.52631599221868 32.450537369120646
35.45932842300101 44.69864320731567
31.061738541970584 68.12961347461291
26.500210909558074 43.32685194120385
65.02173908278648 93.77556460645748
24.364366196182765 99.33126698528281
8.071767218362558 98.59427520235135
23.422918412569405 6.03212808575766
0.3320194509475849 39.29122945214034
14.320373629295812 2.1019938166572327
5.116417446108912 85.83165750171602
20.149577602077006 65.83595447097757
6.292543760523439 75.41053388250009
67.29086257572247 70.2788826854307
44.458604773624025 3.6873331626923633
50.55314419891515 72.87653271836217
27.527342288443712 80.57015084183602
18.290824190120112 74.90528270482496
85.75781302768424 82.74413663419051
96.39464982793666 35.87599739674834
27.46648703049164 53.48062146676149
80.82406446456079 91.78951336566766
48.498056776236865 32.5853041645582
66.78234091405393 44.34338549543355
42.53268621075779 1.8869738252236257
58.2277054588362 86.97879217305855
14.225923334638924 99.56440977192686
74.20854550375053 91.82024794526401
95.10029753423537 39.11111833302987
15.201466922921725 13.887099474235809
55.58494269705352 11.850000347447033
85.93031284367238 92.74886492352906
49.49667457463991 31.296593299017616
53.40952438181792 2.3333554022513914
12.763680633666352 80.27706419041647
53.4122730967187 97.37530446312329
23.784211206100146 56.780302661017345
55.25742583920874 90.75550367489949
76.10676945590993 20.30229314448686
43.051673738842396 28.228206516031285
28.207004781954925 3.4787974927716014
1.4911495926038132 90.74870080934969
75.78628773731151 18.21948537093492
24.08005074656416 68.05354635829029
40.314854990964854 15.231921140769211
11.16832609014109 6.099875489840101
73.7240376889893 99.79347826536764
10.65091902898947 2.0519794070930297
23.73281819942552 1.140694252545793
2.211899351294111 22.89824433710843
79.20588979703757 87.94495880116067
61.98265646083099 80.71476604062455
46.558293256878436 19.215308471676007
34.797495083738724 41.106771397702715
84.24385069739849 14.507355545854761
77.68453774715806 95.98503976613691
95.94024944923551 75.20787890327955
66.02605341858762 14.290053066391328
41.54427178332853 3.0037154873909344
76.75756236324833 32.472864190632336
16.917844237067836 10.745210342755174
73.35461576043014 64.19705707266765
95.84019723155066 28.30679183358007
75.6248710402138 7.265617171222782
80.86907190576851 25.005026675146745
28.128420513011786 21.67454837229115
80.55116609300038 83.45565574649247
73.32591527110806 49.65095078972273
48.958001704554334 36.04534938518802
59.52127386713262 5.791922153174633
90.07779615735616 86.8052198258156
24.767039566779793 36.367837010182825
86.59804574265057 36.531971507382075
68.61648069373747 83.55614956395141
51.66487826336821 79.00927675730121
16.395089712894894 52.20239500465673
74.05077489156535 31.459516875382263
14.35238478236367 45.3792373402758
93.49488305502358 50.222170994021
56.21323170210821 34.89707779212423
74.91246850910744 79.78536228852415
52.76544502834144 48.07810583288952
49.47704876571062 88.65450989215906
57.156408672573036 45.558562491512625
43.926403883034084 60.91919657177629
51.195735895600336 76.02265998158231
58.37211518877123 96.04545368153077
16.75679791089264 95.95208903052767
33.9576068694865 25.19531091053682
57.19693351924657 16.37711084009803
96.86818644140898 11.50614649778361
5.786318221690001 72.60577548533466
75.23183884635296 31.792387436895318
56.69549434050938 31.438504647095456
10.111058463867328 4.94986063006968
79.6360232247369 50.06130721426201
36.89551225770447 73.94236931447313
74.47345927718814 73.5301367757537
86.75713708373604 77.7230295952869
56.159708402082664 18.77702279948492
46.40289242600672 11.78231714119593
59.98804282990267 99.71201617700312
92.87147060447028 41.93653233890555
68.78284683237446 21.88463432728156
42.25913670190804 32.44330211350028
60.168068887571756 59.15797813293846
23.3571139243808 40.78646081932904
44.25328615486717 22.797078952395
30.754094381781606 56.94927090138735
3.6133664152871114 1.6441333481954423
40.01867204281637 8.181756578554534
19.736000993934443 11.50467894811078
39.123337562519644 18.901653650401997
49.78350949401671 30.57134507068533
48.25524622867417 83.29509783429192
27.122551202830202 19.869035767415166
72.80095043888531 30.753293827463104
39.43954425196703 20.382980724080845
89.39501040479118 75.73948334642458
94.81893750843456 67.61109966919501
55.63425596288199 77.14707521071445
72.60405041037463 43.17481151636879
52.48271076292637 20.817808988465615
28.16030135765255 3.025165255864759
38.198715637866165 92.31964508645885
79.97593516695316 65.04686096113954
98.85131877351697 86.26973169596128
68.28810733174873 42.08128647755953
48.476734901065235 37.601916865603435
33.81011079172105 9.942387092826932
89.92398468840801 33.693815324402564
42.882139989107415 19.067041247764195
53.12280106442113 51.75337069298034
2.088763274297256 56.98101776991136
30.440042421323565 1.995774460034605
70.8835209016795 14.370212651239411
33.402879163801494 87.95167629645546
15.829134998679994 71.05282235861941
29.120747283585757 82.59227249576904
10.638978130302256 37.36777812828169
31.551757952586957 4.146528560355778
31.42023830221241 20.043126755797424
23.743399596466162 35.195463818742745
9.091854115120835 46.04141184511419
41.98247828423251 71.22949883191998
55.1039958838964 74.91772803052312
53.72234665495972 21.535913266172592
64.50335267838672 22.702756291071545
33.76793685271142 14.495678676995283
83.76360684856262 66.91858964345928
68.37507526003326 10.640813415943606
33.21876609908696 18.475149358506805
83.94456736166869 97.93619642642817
82.77861565043195 87.02315628561446
29.352013603355353 0.6759699607370218
12.713523410114046 40.489946030782086
82.49824819612259 35.95270765804557
73.38625548104164 82.576661104009
25.234938311346045 73.21817167272194
88.41155125355627 2.4776718113582508
67.34915411483635 77.22190613032818
20.402820343717963 58.00177288985393
30.004620201504473 70.36245753005647
5.1474464700136835 88.15877927258944
15.90085750271253 31.76110468722284
13.267453780032978 94.8712378168387
81.37546909230082 8.668047537593026
2.4275681384109182 7.709619238848253
34.59543561359948 59.02299630714578
31.417490919986555 24.683092247177886
34.584185633399024 70.70402198270187
4.76928540092334 48.87715340721775
53.94346813628268 10.133205965916382
12.591818732367187 39.82376070301095
46.33274068768092 21.234735006545
75.93708500053609 82.74668854259353
6.513511226004387 33.47613931297042
4.77760927406774 39.322974766806375
59.02332853871395 71.18557944396512
88.20447839752772 44.647736015008576
59.26367077980528 64.3198070634206
15.226121924943591 72.40527578757127
50.0254416559593 5.81231407679319
34.57006828691076 77.13153374042072
37.59756514326642 29.063940139245446
27.850936658514748 48.70142757765687
61.59146038342318 9.77754777603963
41.811950883851566 4.195160221382621
20.432396808358423 30.379686103995528
40.37929210179616 13.708691534836337
41.33915513191704 58.86636797083942
32.788353750649144 10.335360116964608
13.09157406815098 63.899967072699646
22.221063158070663 55.96692132981591
58.05385553103874 9.92312484936897
0.754409148184898 43.258904928826134
29.396522922431355 92.91816133296251
16.701117803141695 68.13124371809589
2.2488939023634025 34.366636959342856
59.863687836206324 69.67095948620006
64.51412693391197 74.13032504453763
91.5716728241436 31.89869795389617
76.54265200918616 54.543659524927904
38.79862812735515 1.5446096615491012
12.802304433149715 33.336752063706584
0.2867643456866631 85.87917944855008
75.08351291811583 21.421475168925742
15.916193378712396 8.022542214814932
86.0059259422826 81.408343265344
97.03836575308769 25.238669581517172
35.042645647841184 1.766860838367701
33.7883635549104 1.3012996989009595
67.4637045595166 76.74875624328274
42.211294467059226 86.4970401295126
98.11197659003494 63.394710520065914
35.927407958150724 54.87405048932199
5.315942343199009 46.252622736447655
17.765871886097685 20.054451888073
93.35040140517066 94.57774588577466
45.888059111883784 24.032930975988975
69.77837724543281 41.11446038410222
34.820163010041824 58.309215760515066
52.392700964607286 54.75271051638182
21.156494592014894 57.874176401508294
48.83350121539265 49.47465232581174
9.119149488843892 54.38905519943742
67.64800466742149 33.57635888913195
47.388126406809874 86.15443695386719
29.044733862664817 49.38255946805539
95.0383456161097 6.548562302355143
6.957455751759523 87.50044317518856
12.847765448948877 12.544158718616693
38.05427088586626 7.820970456014664
59.95258788778073 77.81229223119273
22.98812639512713 8.371337433348192
56.09705541316927 12.01252348968238
21.795624061513298 91.27922085148286
89.12245655164783 83.40225975498564
56.3630321969093 76.3223669480308
95.54653663863775 87.24676438300007
5.817338866474375 88.17587727424522
28.131803223637885 57.469100736206926
6.159481582823467 56.571216787768286
11.246297051946396 61.39321545197647
92.1921688783386 19.400813855197384
26.298836833867224 76.99268656239444
71.41776933895967 38.35771119823599
59.342920081953146 82.2675313895059
25.582053509097836 89.85102265660605
91.51079435128248 85.85229456808507
61.39151368157994 23.17656834753827
77.37657899407951 78.48906477034593
35.94611149085354 82.1386767102738
75.62553074434992 56.873236617195744
33.05645710051284 39.99550331482074
14.527951959986174 88.67100175360967
68.56646055592175 17.833485078054846
84.3802826870745 4.7353943549227395
86.93231474157194 93.09989071691422
59.18561849694799 88.23103255215636
10.807814167127173 52.625422489925015
65.0927779861126 54.93815587001043
26.373386035887016 94.97368716117633
67.7722517311123 74.85195691695384
71.97230518964479 31.565474174209562
58.3998423156165 51.08365698923312
83.89934924296149 61.53892770886711
4.587906451557577 2.834692725594734
51.1389519957071 5.745359392484417
6.007408447184948 41.82106839091628
25.033192573127728 56.8835853896652
77.3431973958685 88.06075433165421
4.754137223093657 90.1947178690063
65.78076876057817 62.35428998201118
36.52468906434274 39.291199202547844
17.321536673032224 30.931517427743138
44.804656694376945 78.00311644190288
78.27589667270094 25.828584993621018
69.66070475492658 93.14876344397487
72.68460589695289 14.22911444129844
66.89539108359057 87.86783008289127
26.83378373417209 69.26771956649714
31.83367444529528 67.64438908562202
78.3122599983648 97.68531552686757
42.67432206692712 3.5197837844836766
5.7210284881211715 28.582810634492574
62.34222785763208 75.30627830738838
7.847000402545601 25.701008097687982
40.667398090810146 71.97776541300836
73.77615972918099 53.445974513328906
94.09899803539004 94.36379278474851
38.307827443643205 36.784741086620556
27.356102239348303 16.76006654906672
69.98711425077168 36.58964948663088
75.96781227368527 33.45668860780917
73.42111829110789 22.426096485988655
8.009546122342748 67.47407178541465
44.536730706673275 66.5742897860457
14.121550939789817 82.84055583990997
97.61112809519548 73.94595719019745
34.22420446310017 59.49620170937844
67.79819611499984 66.878832740301
89.8414027796525 62.988692656122545
85.54919694365353 66.22268478387045
37.14614107181544 52.113944558477534
67.76158345539056 20.473523616679422
49.93117599755181 2.572575770668406
9.534488254291862 64.7358612821756
97.41003384099835 33.779151078978884
80.51467503175722 22.36305803263967
98.24067475608373 17.374063298467735
92.32866340953079 3.634898646338902
36.9245751081932 21.023355266166387
58.593086890221116 56.77438579840843
50.73930276811542 40.00779702798698
4.218014972207618 40.01570436920152
61.539952277956964 7.193792993544412
38.66180344577177 57.71511929677047
60.728381035641576 42.429777677941225
38.40897568638497 77.90423646630582
95.73299433964975 11.387417327135463
27.457687514762917 35.447341410383196
37.28238398869519 89.35629344948627
55.978140863306905 78.23404386162586
68.67780613380549 29.2962719885981
62.92757299323792 43.61692370106882
50.65712661205215 22.955423143888165
93.71884909159496 12.810883909202575
74.09475920710697 87.26208740823019
24.463007402126635 46.09908048682729
85.38404974384379 98.40465779859866
21.987415564325307 60.60370421098526
6.057226372263513 16.016138905474484
84.42651398509753 76.23473315424663
28.93962038362392 79.10309155612943
80.79828489589804 34.294028846895856
69.41658971732825 39.071541690628784
62.146744786504506 28.73215536827285
16.166518744754875 91.92310230491101
45.30768042038702 68.15137538929781
99.57247946106098 46.233081096901785
64.31983135445675 55.018208710003115
19.9131549550589 79.1340065155584
19.363087646560075 69.06518593130909
98.45460956962005 99.08824622873205
53.43520466967846 16.669376287615243
0.9537493658959395 40.05359511925306
72.49978713637952 72.00211359728786
48.59525560586491 35.25218199514892
21.076630270745312 38.987018107434814
46.24253328407257 43.028664492481525
42.54212020865757 7.387169381088654
4.8222641771253905 56.132189787124865
48.35445904097604 22.123413136602288
89.41318983578448 3.7142375496886926
94.18119527250504 40.260150149910004
77.77227362439825 89.49087259643677
3.2049043630280494 9.602880312167649
23.479475291813003 34.87012051441383
53.53212025279821 74.03501096846132
28.751528728468088 6.438316351694495
26.57259585202445 22.10347534081332
54.701805416742054 39.90044749406805
41.38255549749399 72.26006982695614
51.551404693190975 46.00999770688505
9.003114303158188 90.11034589342712
99.1179425557398 78.51467623695989
3.747127187359367 98.76386816521854
57.71617284938755 24.335080455684597
31.0695986353458 39.75655330825034
74.99913566905275 63.57707021648502
45.29662027899288 88.2612030800905
79.36917662921323 59.62848076691958
6.606136612711877 79.37077965018682
76.83641111871258 49.48541490705247
16.23977936947043 96.03999156659984
56.377466758377736 16.974489978918015
78.54133399187342 3.0885387599616676
54.33959874560521 2.329781666730546
10.061563661774265 3.768771032660889
35.73865859911889 59.44460236447633
39.50768214451914 89.29546604397625
73.81000359524654 61.192260720342915
94.16235386877479 37.30208247351607
34.62697531164767 91.10078650245082
56.867199174458015 6.303211166778988
76.14841991314154 58.319225196349336
85.6273209566383 90.95051297745458
8.717371244000649 2.8458557535872897
10.438393473753859 38.44478542486141
72.99324560752642 51.89512849573828
87.08038500114151 4.682483364994705
23.548586081083144 77.68134268854739
55.61582839380102 59.02640109790573
2.8368442384276715 28.222796203642364
5.85040743212184 8.718707722141339
21.36075595252467 73.01584724446535
61.538629267401035 9.748591075424873
2.7364596517421624 90.85161856093822
31.295334538270648 87.91037981813538
61.85420654856411 10.550132683885938
35.94778844242921 95.43623733979429
51.85949381849389 75.64549686022475
4.2535561569083 86.33684844508822
99.90827847207358 43.364304212725635
22.324116200492796 20.522790746705823
96.38098028024706 27.621015862713662
18.489990360607187 80.65636519945589
40.28391761656569 37.66333385559981
26.353978307559856 14.97090457264758
34.629163537682636 90.92289342858979
12.378870177633194 86.04427686753256
65.33905790986691 23.110044038120158
36.883736761313955 88.79873163518953
69.15111958359081 5.571855522908753
95.1073801683086 43.62150044315214
90.51028088108501 33.062242983303115
14.438948273332963 58.85293951172193
60.40003649142454 88.82483412304494
16.70535816364689 76.55768886818555
43.16240270808371 16.29579536278094
56.91305550518804 56.49995546464075
59.13659942927785 99.56426758005162
94.54763120467231 10.504796209528976
88.21990708684004 65.88140260998753
55.626743761710394 46.813942712685154
22.986336260616923 19.368948162026655
4.7389657507380445 78.95507284964154
27.018072966219144 40.50455737637597
28.392750298585547 53.13358704718518
35.66086194960212 86.76916729592338
59.855736903625555 69.72698618584363
22.71807903237817 97.47124971235199
30.586805597733836 87.87268343559714
52.03645052328518 62.82748733824424
74.7816277140239 36.50389893552528
97.97472318613674 5.211366095503411
6.802951665947932 7.259072614663742
11.79150291967086 55.13606507704161
55.49437254016736 2.2781126374227023
0.1201754985946657 92.16810836064373
9.371277608861028 29.441402692967355
2.9343313746126087 62.98673215985071
62.38793606823585 97.07957646054062
3.74918923161518 24.37716439988955
65.22822501494561 68.68908246919634
13.558083916199282 84.55869214680484
25.627376114223456 52.83713779005299
12.394811923590154 32.54348690338333
78.11249908010114 66.65964752720296
16.63318872876445 96.70599418243218
48.30546113270589 41.91463262437782
10.213794958482424 98.21737891915106
67.47719902944407 35.38543116591908
37.92871091412566 50.05335139668172
25.138747539794615 0.6646557417556487
97.82766599426496 37.05682871327358
8.958856102186207 70.8053610932729
52.671720639163055 62.78025674607846
99.11627524233467 35.267423203820634
88.60600330329437 50.63351032206271
89.1959013593763 28.617922551973574
90.80155488102189 44.214732551666856
74.37759509432237 42.98047178105164
92.04003857771733 81.97743967359179
21.277871604911034 38.25321999272753
90.06028176416025 91.46145991992411
21.174153022786424 48.43965457161661
61.28286894147861 51.08488110455072
70.51540467949901 61.27838620255499
77.51817820704876 86.99840608742821
34.22223257245125 19.016327105339535
10.35295290644427 97.02735571272444
98.0538472236113 64.7748551190302
14.925790835251185 52.85416971044563
46.03182064682751 20.871671958663175
88.73614381931463 2.6261791334724505
60.50934036960418 79.65498513228214
24.005858603079776 29.23393549698343
80.71099029916482 47.845190723370166
81.2596508750072 80.60673529971163
11.707988667334845 70.25221573565274
83.14947269514823 85.94506732624892
79.1364158543062 79.24626046526807
1.1741697754476865 95.19866385812425
76.74229660657659 64.36683290039433
3.218869490182774 4.5205436570779245
59.66098057954279 28.636603204007717
98.36019553724655 44.481118060327994
87.38210695070043 55.68136711941762
14.866150179466153 17.492181060154756
41.998636518680186 96.57800948490622
3.226960467762008 38.75602672189964
58.307704339419494 0.41465242238976074
41.8194371218378 12.782907503900542
47.92452401327347 81.22674991652102
27.305321015955798 10.686396358480167
66.34898062651231 77.88741291361588
66.80493587267178 5.237100383456106
72.56373481840292 68.49351231013014
73.6409630212687 21.213733745483164
70.65746933124686 89.28811789085927
14.584788693968665 44.45951909142871
69.88324968883968 35.269073588796054
1.1268385265306602 0.12684400037239474
15.925231770223135 36.36246973915651
94.33880376531825 36.4404124496875
47.95907378975204 47.29098064286432
55.20667502931544 41.12602595855917
34.9884628627134 77.76386040784433
43.731270782359076 37.18756825890872
26.27199666209703 18.990340455016906
62.70151970788995 39.49791074538995
90.71554894772686 62.49481496882352
51.34193219813588 25.513628919066278
10.0115407410732 37.85207001452176
70.19241540036015 75.06725340945472
56.61231927339405 58.88568626541739
74.39560160754723 94.49150955785623
96.33210361727906 27.030414585240116
22.76698534562882 45.98490636373831
80.05733973985973 7.258764867332568
3.471949831045129 21.85535342243434
27.108912706212962 94.62784226552736
23.492295564173826 63.628686862029646
95.13657929594805 52.0838809267324
9.944817399253814 34.11223902631117
90.69494170153543 57.832804812244085
67.63933686996472 37.52793252977631
67.79034037421987 40.37662743249355
38.181893550343446 59.81279471878622
79.67165666117006 95.57318214910583
46.34893056132472 80.65969252507585
58.18460752612713 87.46330681623668
40.01343812964537 45.64705400554694
17.91433502307975 81.49748914613627
87.55324853372993 35.386101590190336
5.999053211554584 26.748512722379303
40.425162896914024 84.15539887072727
37.35644666378821 2.1397062843901526
4.994876753348576 58.27275206239324
73.25954072338652 7.642093457177612
29.80400869153943 94.40076098352992
78.22485699468285 43.12834755752269
63.62762757894029 97.22331173292027
35.98163645055232 75.50227375379548
2.046046918008382 83.6922860072872
71.32848965908187 2.4125500519105003
87.87302737222318 27.329403386902975
75.33986133996716 80.02340082847599
41.69225786539747 51.47509575168172
12.787765942793982 46.37423649940233
15.241363565209532 1.597316168574059
62.00262794259872 43.308341804350505
77.9552604986101 85.6038245349791
73.8079045447683 78.24814706390416
42.65371329850074 82.96177020627138
78.55853769093086 2.6951463530379582
70.07199793431838 46.789852538378106
1.8750418312995398 72.43012425435715
97.83273067322611 46.42276843399633
90.96251409338343 9.348625481691485
30.53115922781555 9.856831124419706
44.80445730346414 26.2708174079769
59.85439658611955 22.09781349363562
92.51377053231008 41.78260183237261
63.990122240978444 19.282517025073087
8.9299952335538 68.18560415765495
72.18184011572725 49.71710569034362
92.30358615337579 62.01418396030118
93.66519660054917 48.87120603692694
55.64070748608858 60.80069615820485
74.93991677737617 89.79366596538851
4.931278503970127 30.55445573567075
25.274199193713166 17.49932495103281
43.3258148295748 65.89249053367514
60.49074220163519 15.949060740797382
19.015003930051332 99.5963181026298
34.90878411611034 55.302402278176665
64.47464965769818 4.303238836083811
95.28939419407646 32.38893171431927
83.94328385043681 61.39286551812057
78.11262157158916 62.73821217625477
17.588905875318183 18.011664703063147
82.88308914666815 90.43566487831202
91.17450746661156 96.44655830800077
82.66072909988871 98.01852762029289
39.10445953046722 63.13300038277691
63.989151753192175 90.54748000219357
61.28363821181606 40.363618059425896
10.248409005944414 91.21114489930824
82.12688833072683 60.54552669694251
84.56708919369828 87.17979239680356
28.73234860574496 10.668789023072446
54.86437310137744 20.674980782610362
92.20134455888997 7.438881487534843
70.40991936940321 90.23225374950599
17.12154935022938 60.43994963222028
8.952107722891522 47.65665216233306
36.3802090382644 73.58796166626153
70.86561825824127 52.2757993583189
96.47318147048183 24.60471971697984
95.0132539807212 20.02013624310992
17.042854548063602 18.44641824906812
8.186223492854783 43.29967276292513
42.25258238346039 80.52915938254388
52.50009567803926 97.72809616911834
2.069635027075223 28.18508443763539
86.2377226159501 73.45173531082192
50.39822860360141 36.816811965370036
93.48352901358868 76.50565580013962
62.16875593342315 90.21174175212391
75.73877795498929 51.57407025352641
82.01252508295396 62.51172581118245
46.79776431756753 23.082413016808268
28.921116891186127 28.889022899404203
36.91509721223471 36.59333357911348
42.36409164998671 31.452875619735178
82.13821871132023 58.68120965960924
35.79519703471412 79.50242095964337
27.767974671338578 62.69623215239311
63.73249994118415 51.78612502883493
98.50894314904073 87.71883229980386
21.186128749294618 94.37002858220818
81.04392468774108 38.91818169578593
85.15314554357857 57.52447432266874
81.23186933133488 20.725730777628073
62.0414647455864 40.90399766148409
15.788984649689098 21.273717890123777
22.31758244750013 3.8728896916338407
96.60015912180484 62.7593602814057
98.80823282139042 92.82120841572863
52.05195893132255 13.423462751410241
41.3741492882457 85.89001139006155
97.38663079606016 42.0389903308223
97.94271204747784 20.27388498978202
50.54861513654776 89.5022426668566
99.29558916218816 12.091368192114826
59.288680321491015 17.541087827851996
42.173409831388 86.37002786248364
44.78113431111481 15.005487959719188
67.19020231134023 65.16167095597194
47.82030757309179 63.69549933392362
96.11247458125803 79.43032078048782
15.841933979442091 26.296372208579278
66.21124293695868 40.86408551956973
71.63577461610745 32.603889797136134
90.72754452711274 29.12157124087875
50.373656163540126 2.643774250237252
58.83767162672919 62.274379601002636
91.74980440135047 12.018418665713138
61.5646075847444 37.93140561303125
34.805657104620025 53.25268408040249
8.043715568084897 34.48548432643379
95.13640557210432 10.280489524307201
70.38576116663774 30.93210338834107
73.16927842414884 1.8660337259293724
54.14241706976384 13.426421657298615
91.32199478064874 94.80006986701699
4.6576649946253434 64.26190765973179
52.33996922294084 37.11503505130413
46.040988634246375 32.767959977371184
68.15392788335566 3.002805125116814
77.61082151106618 17.274102181098883
26.000875274353508 86.80810631141955
36.96716418921802 59.68527984690435
40.483094152909985 92.64365622812359
14.821494075450081 5.198945206897121
66.54168386548085 14.93373247961527
87.60456021494345 83.5290336663792
11.055473436907025 12.553469429284615
22.344796816077306 12.106324149478898
83.54083903198224 51.15197272175867
91.56979896896311 51.31112494907517
58.436847880425155 4.222318410925818
2.3024193210857247 43.68250023045586
76.03443547269701 37.07650505749807
76.9734601212662 29.397701918151455
21.84165411604311 81.37390440639282
16.77376584792707 15.706219594900661
71.15300091354031 33.54073971468387
75.53280076028234 7.113605984714799
11.34570697385351 3.8270252815205685
28.044113361157706 57.45167298138194
41.6459362042694 42.892873805771
4.812179882272094 61.81450216239204
99.3936013583751 48.502726564454136
64.65103037698525 86.53305604184706
37.2760703637723 66.26408390429151
90.210722803597 79.21280117101652
98.92455940926952 11.18152628731426
2.836474035243741 7.298301312830224
1.6991494214654956 94.87319223734426
39.75650516002551 50.994951744513294
26.02042995862297 35.84131456980957
47.454706587867875 6.766870001108649
29.275146335398674 45.34571184256062
16.396603279358768 13.974156677401073
37.665910335382335 91.46950765397139
8.201426515036214 68.35813086364783
99.9401154823212 77.1022796107935
46.831065067736844 73.40445142848073
52.24899908108711 35.08147718115613
98.6284284871053 69.54776234639124
31.043385768411724 71.46259233751732
80.96482810876017 23.630336608073343
14.735925275099948 32.02379464210987
30.751690801860022 34.56684317921186
21.786525613895936 33.17266276392448
46.607039740811864 91.9932582117388
21.661750727633876 3.9618462543896227
33.182320648169394 27.772849124696265
7.079817338104211 60.82328312549963
92.18233065068905 26.733680864058652
39.90521426418041 47.770427231376836
