660
1 3
25.334291613456593 41.13224086299145
4.228649657906325 20.227453692644602
98.4610919954222 45.99121015439152
57.20061443955977 79.65026980617857
24.384102535701956 73.18084306008008
61.016454539122655 41.19949745768066
69.93620977908091 77.85581585220977
10.610656888119575 25.826681790780803
73.16159264218808 28.536362184819765
1.432838764762323 82.61096566061103
41.700210942554875 38.091358484111005
50.75571865400281 91.95764821816603
97.63081333045614 42.652055992154246
94.66810023884395 10.922856546373726
79.11134612690287 32.46359727041899
24.99078501712082 5.7621734126927615
58.06096497577049 28.564808725684475
3.610545000820675 7.24522945280095
12.071386386096684 2.8509213154725765
58.96557811790184 97.11632302437259
86.41963131215786 58.330689898900665
30.799744508154102 4.255880448300631
19.628521943880408 94.04720881331244
76.4730347007379 13.587219613651303
54.5420533453401 52.139520236705515
86.3043441168833 0.7132788626915021
99.06163853775543 11.352773478131795
29.483578619534146 30.637159749143184
82.40949152229666 10.326503492420812
66.16312888066051 69.2697664864895
67.65654321908674 28.11330988809797
67.94028115057871 51.23633601150197
8.845631019234323 72.66462239462234
96.84770264048197 33.376811770823565
35.44970842092721 79.26546034234963
30.52481947668233 61.428977989367596
83.46456375745515 52.56971085266535
17.301951032676843 64.33436644859059
58.53117999836173 26.059362054104064
0.4591216406942378 31.14097380753349
92.00051128466164 15.085753577321714
50.49881772428439 99.57493413357663
87.47131889806212 23.961625076338812
45.63682122958652 27.269242652512204
66.3515233398688 95.75573082076491
31.844159724854592 41.22390390385491
55.136468769742585 85.68974641468247
95.59155948156955 99.0283283421957
34.9191622278495 58.76209185935575
81.63257370804651 28.83862194212108
45.46024143191782 37.265020386547306
97.43548900415762 15.532311960274958
45.69800429989668 68.47624486668246
53.896321098470466 19.198720960209116
53.91015593234665 4.7351582028785755
47.78212706825986 70.95294165951638
82.21970729413354 78.00517174557547
23.940211217176955 20.642452615444572
76.9102869464375 37.68349409091534
79.69995664096676 11.096260083048337
30.460546235426644 26.858813873759836
42.794088975372006 36.67826421854252
49.83333421847191 50.73074995325611
1.7273725847684496 13.772856878511842
89.76241636560849 14.311215566928205
44.3062365945629 38.230430148264375
19.77158364422302 35.94685686481043
93.86363944391552 27.322169139982865
41.77123801862148 74.93174198465744
18.724963597006216 21.768339979415007
61.05642283854769 72.98590217342304
16.424766737606554 78.76176577377166
97.67894127746008 18.35569480582191
73.06676399918379 26.77132315296904
23.836265524295452 88.24485400330377
31.829175835273116 62.78470097110811
59.0654558383231 97.48713725014689
0.1975954265879487 99.90065184653847
88.60990138402063 95.24633510228666
68.62273670381907 8.599706651108207
45.70329479864568 55.00795991736291
73.0686079466257 69.65961979417617
78.84599260475315 52.74568936958124
66.07417654419532 51.318190470097
11.175649962128297 21.81747184709224
23.816605732649897 9.943429028714302
74.71892517734877 47.902794004647475
97.38366503843214 91.36835774852284
18.554421428608812 15.569831998878868
52.829501587154624 86.03166274411578
24.717724456368863 18.60588846628588
70.88477281484114 88.22007134084858
80.34540486894484 20.326479342013126
50.25132694372913 36.10940843098296
12.027454237827474 56.08904524456266
7.451696290683252 62.228415889466525
26.72508251992887 4.439439495899067
92.29838137056996 66.39974488480583
83.39504616900793 75.87617398371876
71.31868251912377 57.66055234666834
2.381734123295187 61.61870079035832
94.60819310655646 99.02390395417375
68.71282509040886 85.52445696064792
11.634556786910878 13.952090138165051
39.97285969558877 64.02336182314316
23.498139074984834 55.22463938905333
33.67951172521653 71.85480093450582
56.26446046962923 20.005169618421558
27.38658997093266 11.454617190230888
18.60576008345578 71.1807366758197
73.01735710465324 12.761338058748152
17.67860054691608 47.24574544873732
34.460075913629694 49.75419633624638
61.10584317106769 98.93552748393846
85.00390543910437 62.4531813951384
34.81276650064669 0.8677276956160718
12.948140193912682 37.466528004191034
58.913380399464984 26.234410334418932
65.17554112415085 35.895490731183656
76.24366692854669 30.101330776176294
28.342075048472104 65.9854964001369
75.16917421976441 11.258739121355553
8.320688075848004 37.02579558801775
48.110236915117156 62.74356888242125
86.28071148307323 10.287859063239857
6.9352499104038845 97.93089410820332
90.30727348335547 57.58316800274643
43.18037622126529 8.162605996440163
53.246090008180836 75.23042621176101
8.61340145359435 36.8580325404539
54.483219382449 38.633924050586856
23.24174589694912 59.66063513398028
7.429615596538319 93.65503414403797
79.81873111285384 59.46143883633774
92.46560670114168 62.96124098511171
11.382427417489094 54.41633805016743
31.045700258597098 18.19892639509424
5.102602872377382 10.070393729084582
80.55151523070718 9.480423409375337
1.6495398397929462 59.616554524146316
23.10125261162115 83.00212214697878
79.03529728699685 10.89370536471661
42.07895213748587 99.60638178637421
10.192765945379612 74.6768703670401
24.892754371125992 66.65491371712007
28.009597321640854 55.281268565888084
37.88040985747156 32.64398182184971
51.54385699384636 19.595573205114825
9.04957900345693 19.68758387339571
30.96700091830751 67.96868187454996
92.25496552159169 86.10232768341557
87.5279475605292 73.74254443048518
55.68390227030211 82.89816879033283
23.15278187900209 88.36835229069027
43.09804216789512 57.801318839561254
27.651541995590545 27.78542334787668
65.66142854690207 15.58013814521897
26.734571363881663 64.69603544571942
33.00390714821404 21.513724122806387
80.85008925434663 32.26140546057026
24.406381513391473 41.868014338790594
47.40670149198891 92.57870841247879
95.99385800009816 99.96026782111859
3.882032527148316 13.033483460080063
83.9381473990964 73.16331739038337
54.305084434506924 53.460304287112216
6.344411274872308 96.45118605663218
57.9759952987122 88.10817874544202
55.11289418406564 66.12703687892147
18.804224877757125 38.54237443406534
38.629389692516256 37.67467577592767
57.510636136257446 92.51340796664319
85.32075030817496 74.45899145080766
11.117548598344884 82.23785781332589
67.34306457805823 28.38546441165586
85.39328261689228 14.361310381973237
31.771401112116536 99.74624307186053
93.28427243040704 58.19606961073826
55.5659756143146 34.953349562055934
4.50207161956746 84.508947842844
2.1776071520136053 54.77313420144203
30.502472695275017 83.60239362598851
39.960448556752645 59.51668542518309
98.27368889710681 98.0176554182239
42.177995721687346 34.911496699397816
34.897458223955134 83.30115603585422
11.732659774575094 44.6991186870102
49.31635375608039 60.19256922485459
13.815162979960105 97.18844560914933
78.81265735904567 32.47541532314504
89.92651076580191 60.157148290572195
89.96908979100363 87.43822154841922
62.18059169944574 87.37344117497503
89.41832379079106 56.92173432357619
68.02506809848022 43.66971728683298
10.832867645912936 93.90010893284648
19.265125828213712 47.551460020711886
75.18309446827361 20.365490449705792
51.78466749595745 75.89934713562805
15.574879749027804 76.96980504602962
96.33114261889817 3.580426290750416
74.44772511246518 87.90665893235897
92.91420617286279 12.609152902295829
51.58049873528074 45.58200788791258
17.699467064328566 7.650179618291197
25.91106856088119 23.979787989809907
25.469899560505425 95.31493164952587
72.79868012126278 68.2699941622287
82.48228197630212 27.79676590068576
46.91840060174704 0.9503815512795111
86.78274459598244 30.797217293537884
62.25520199001482 17.240294524712183
42.25676287161153 89.20729975734724
4.030818469843522 26.241902432644014
83.45874984248331 64.03530084639515
77.40726261885251 89.9719235939401
33.2570805277757 0.4904515477816451
60.00805915380778 69.6741954415806
49.86897006849578 58.37473898114709
53.81281420031983 17.47162093655412
88.14448683762404 23.909863265014984
28.001226420257975 54.50308913733932
78.20291905588445 4.0261019604875825
86.35278956007167 0.8982976763018069
15.612513259737181 24.792629234000785
49.33277245456438 71.52938009722835
95.75759485880455 1.4256237788293102
35.938491653402906 55.47639161548425
99.39182623633936 11.318083525635657
81.11392988360058 66.24678106229003
36.02932727414403 4.860811361810624
49.52741306135795 5.462719490241619
15.470149406469602 69.72930984961867
6.602293328457254 68.20155893141806
46.411639106441946 59.4006453024581
7.095755702287843 93.29695202115235
15.46017238045434 62.43483619537533
44.84263912094646 12.08984068796064
88.71452357740507 12.705342872313285
88.56913419168113 52.093803030672234
80.16306497839251 36.38840314525014
99.62418805847419 85.31197084175702
89.52854122966171 46.15596901277576
51.53954452557814 88.68435853161985
11.668039259278773 6.9480003323791895
12.541077738682137 64.6444884959283
72.09154555513835 82.08674232684695
54.204970048888 12.285322089779193
50.81798456513409 52.76706472886785
94.83158292170471 62.2154595857676
79.50285439734344 91.83314218434269
86.36877411135231 37.56459501789171
82.50027214106129 50.84615095935623
89.67457078846812 24.326847864558587
36.039403447353145 37.449777327770526
92.90914164352682 26.715153309771967
49.82128282592424 19.674677587770905
75.86284368344185 58.553657422237706
6.263338762463477 43.01672309338323
59.464846201730424 7.407302967259177
56.46671769014397 62.45703342272226
27.061180009085618 40.44758592398263
10.540773000490567 91.53782048504053
36.33559476487329 27.597500161339195
68.25517172989952 46.714678516263476
98.45183697038024 47.647253258029785
96.57670688064242 31.96223400314564
39.865209052580596 39.86564814651836
50.60399183209838 40.13722304972567
3.0968915490310778 59.16573530223381
69.63476935656468 14.22108463876144
81.88523900449995 26.110903380599602
31.456997326025892 84.1908935901117
26.57578732575434 15.785727113300819
7.5143629499124565 84.52517667337803
95.21989681497556 96.90248911336612
94.39569732806143 3.7466706631229085
26.976802495695317 83.90876856861576
32.372891274198224 60.91874429015589
69.64429103921536 99.47693007887499
11.383636768345706 36.731426253801544
17.68947469221549 60.92972496685229
71.23305625025469 15.611066941243056
60.67375252928298 59.97507725168303
25.54479494836368 78.44274057845348
47.291699858997745 63.9731262986432
58.52430493443035 35.38159069005668
8.757171974657929 12.623584133671105
82.25501199505962 49.242355630663745
53.733996764099956 68.87853992617181
16.751081738321982 57.5982495323873
74.24971642923374 97.71786623851916
48.980392720557276 29.457262293071373
90.56603317120376 28.76994679097191
2.7818651920502813 92.99846561336751
71.40701023577446 8.98107679041027
89.26921025986591 74.46925122827037
90.31360401143004 8.272084970762705
63.81656080092699 19.25048668836846
17.070671575452256 71.7534317755919
46.296706318931236 48.18265234114276
93.80708922739178 66.68400111395401
30.473080352136826 30.398691473651308
10.896438762733096 83.5053656287275
92.87175692596196 59.32713711306372
40.50576159012236 75.34874349520516
55.13579353514113 32.470908224710236
99.60656639565781 3.6714618793627807
95.72572626803853 20.791669203655072
69.78755736466252 54.127784642661105
5.817610899993331 96.8978399067864
69.66911610985254 74.81382597997373
54.270923219111 37.29868009001458
43.89147997897107 35.665633928424654
97.66317232952746 96.24612271179495
13.62975026324551 57.974595162836806
15.49534538537689 65.17615274483227
44.03798746732483 37.741631256369715
72.56779174974166 33.259588504069406
34.594235319770746 89.05689974037074
13.024446540581835 66.72082838089197
88.88619680139894 81.50394950202116
54.34570966272827 99.60353894426291
36.82621235378394 20.761117127727367
64.30405793160945 51.991701097853316
78.14417728533276 10.34680628139304
13.694188372677507 23.412580711562157
12.844299211804543 68.97575733043915
64.76799221036052 12.681420974699375
80.01260349969147 81.749317601995
6.019723801617749 75.35793666106025
46.49696416993112 35.68230338080425
26.264777826632347 75.60547196992403
75.40441536235831 13.581538825587923
7.219184715798188 9.290139113249985
10.408332271955079 40.878352721429856
97.38804456370286 90.50657988113116
47.15125382005647 8.55443986455311
55.97979718706498 57.76058958941868
7.391580782131801 57.15546768834123
54.29176298815091 22.22920721075081
62.9127678020968 64.6220046969857
28.272081092028078 76.80656858075724
47.754613020911776 12.0434513866563
43.4883830949188 49.4249886911313
14.261367698855686 87.25235274330898
4.039716773188395 43.51077218708983
81.75212646887317 76.90532192594537
55.81613579223688 69.9706609635619
5.2662104713825375 25.707664186865344
75.5588148006564 58.48045631056809
46.38239798647938 25.248978974383938
17.322145193489003 48.41267969291294
11.59061104458381 29.64229036625079
35.00036357672762 57.78727702120885
53.946727228333 65.88365633986464
4.674581303023251 9.488389876844327
37.19257109130201 42.70012701542698
27.223697464016073 76.03414189948832
5.4499911175062365 76.78552313458118
69.75836666163747 42.64984535889822
8.60458970342668 9.417148014129095
87.95809572045825 19.702127229740853
79.03954813242986 34.2040874528907
4.5911742617389395 26.75563533268337
71.49359873381636 17.36789315989551
4.278099694237625 3.401227176363175
48.04353881245935 6.80772297293637
28.388276704502502 82.73885305509816
17.753605909961976 57.79221802681025
3.3193817024610217 81.37814373644032
13.812999572250483 49.17758208207326
64.53546080473029 69.15882257933286
68.12301261670453 69.3989455962341
11.17178557197629 19.195923970957594
0.05347838774236724 67.21293718023202
40.21432008947854 91.09666083156698
91.90213904190811 30.746387556628683
17.589112726212065 23.050318898903477
9.727322143246653 38.63995602143464
92.26580754103499 18.12796001680774
94.63311419561006 95.19531999324545
69.06327040979572 8.034707399885654
15.122495859342223 39.826045769383576
8.158084734931691 83.01698853026099
3.792104834025589 21.230241800692575
83.46868756712912 23.271550592954227
2.9955662602490607 67.61583872134689
59.59166449601043 81.88431691152354
64.92849628356592 82.26391721108277
10.944479205599468 78.25467232263314
33.74904551845388 47.03862091603634
20.79043771440969 98.48993085981115
1.1030809554748222 17.23115946533127
27.845605642683413 47.55978011872939
73.09483630141098 74.06482362498312
23.102858377059967 64.15569351336605
92.79362435006229 27.350268375861187
56.411805564001696 98.66474932318053
25.135932832355046 76.25904070895653
27.775179933201464 86.05349638104181
50.00210558976135 59.659853934613615
34.24931357513095 47.87226430116838
18.70220839021337 62.81561199856207
30.27244383748553 36.62301509225434
29.278533674179453 85.44427935641517
8.342005086967387 62.95158725964316
3.031493485569725 72.50581848996379
2.2943798563006768 28.913219280588454
11.16972170511188 36.54693727614659
75.08759915795183 21.868695398149285
58.50571447320394 87.2394288929116
16.81974472428638 80.81009652772102
87.88643641194875 78.52319008313977
9.910594610371092 98.96750767677851
38.593621334958804 30.083950650376167
68.34579065395828 5.193213938810826
97.15216846090742 29.61863203315682
27.40177040750784 51.07401650870214
9.667005970526121 42.71226162855173
62.956771256235086 55.55656090056446
55.36692263904652 48.283826073286384
2.9666658474969854 36.003975989109534
95.82579351350604 55.95828324854306
17.189668406200866 94.39189565288544
4.27608039981644 95.20086394141714
90.38599983274995 91.22962167317654
63.14340109505754 43.9094259666607
90.603719948598 39.8608152141704
82.52042154921585 28.929081684621536
22.555545722729462 99.52501961173294
44.96685753128735 25.057724557537764
8.684689942589308 19.607615690100744
28.80908953495831 38.626775752084356
5.594872429853326 92.77582358789414
44.56706759041542 64.87761629428019
55.413650389808545 82.80721919560376
33.40832631044459 91.7277161490911
41.78606390875519 31.200983689414908
83.58096257346747 24.86567589667128
6.535375829337742 51.54314274858063
1.2531071610817568 14.435142236436516
25.93815596202278 19.003530560378824
30.231022533944095 71.5573569250797
88.88333314128509 78.58428127846678
62.19294327005187 43.819618123942064
31.49821918301612 80.29624653831347
24.187882003186445 27.084846187467203
88.41707908036844 83.93426705388356
22.895505561129468 89.92345824030517
62.63730643423222 25.07089789281234
6.405528404214045 17.59687900868896
33.01165327022573 50.95802459072824
47.29241195885934 80.00117121880581
41.88232497884752 40.32941691872962
6.538015059927882 33.015648169579535
60.58114808755397 47.8188017237962
3.9200272022557714 11.099586261756556
64.49361108851137 0.888310058513353
94.25634540313838 63.81525255029445
48.8675981453228 13.014087561125542
13.395551813130258 38.35704804008273
16.75131571689734 41.250385507861644
45.12366275855939 96.73041359094412
47.51920662860583 5.9530957604092105
7.18689537609658 72.9174020371173
75.50962195751374 11.795604277842319
17.036092612601173 61.55852093114391
89.98891469987751 27.145054362502275
31.639836815490384 60.322101923102146
33.14710493966875 93.12758558266694
87.68558876354615 27.54087963318812
56.054744319390146 38.27372554258082
51.64959449482733 31.943510033004685
48.53409980445127 43.201302220025894
16.157327039258895 52.3742038063554
34.17950606858731 53.995669158118616
86.36212571847837 86.32839637386631
89.84539117826654 11.598578289123784
78.3233087047642 7.186612167656681
58.70999553320202 42.99635536862007
98.49979480432935 38.0085202469441
1.7705602870310422 54.010731653156284
14.056749246127321 19.92601260547213
16.16638282550873 24.57533373005425
34.347644252676936 48.88143994869154
91.44780560398908 51.16891407233859
57.701962197467616 46.5710324211144
16.766993042322298 29.121922203439944
85.68750447908906 54.86948525213273
55.712457465190404 4.213631013956753
38.559124626120614 79.78885283320152
66.89539919084508 68.18809554715328
99.18337861558501 14.28734068140216
50.008183006582804 71.02803689218038
62.32910038358141 6.807272023687827
61.7113761796505 84.31901938893293
48.722344377408724 97.4622221464081
46.79050547512578 12.127906342137496
17.43767352920218 78.35927787469568
68.458021297845 24.948733951720946
21.108188565683527 28.901553285688774
41.156379976222524 94.1774470610348
50.95879929526783 44.75975641285783
11.061007684850011 79.09241827113792
62.95950941266939 9.59858961065052
46.89034999979531 25.623234151914076
95.08769203064567 2.266090218937311
5.583093156160035 63.60252482555657
86.81875433191199 96.19765343959547
72.41745504116841 12.45561977959333
5.768782833506592 52.89751800703084
62.95150456696184 91.47989129494863
11.823902597036028 86.17879981686339
51.28675392060804 49.167601579227885
59.027344967048535 81.06442704848311
11.608611838793447 10.37209445438072
39.302694604474155 75.64290145950083
85.39407927683416 17.179718468678207
91.13811620752202 35.42369615603715
57.963133947948364 64.15336264088387
41.35075950668528 38.008389825116225
62.331501646887986 95.92282019023126
1.64090270068451 84.77080856186
96.2849077759918 0.1844241059312246
57.295127831617634 55.876289418528735
26.758799584735506 80.99882827248737
71.09693661715528 22.70786704637011
8.837506631444093 29.373785844439947
72.24805908965195 38.555773291102604
55.80002116531097 83.3399486118678
33.82343024725394 46.238513362849346
56.57696416477893 3.0721125369223223
96.30744157919256 38.047258467805165
51.05686978977555 53.55537527201661
82.96096997045017 41.01777814671985
57.970752978041794 41.4563011493301
82.76723793464818 81.70172580366248
38.28076531439613 50.586978280679105
83.37842750060742 3.4024133567659876
62.011770098619444 55.54716350733382
7.926907588465548 97.99636039428643
66.50656238033858 35.535651039778585
50.271316729103475 51.63794496298087
87.21024006743122 36.523626524394274
1.2959206776128385 69.81853336602964
13.190689539061573 90.6934650193811
16.75485408449284 27.996898662498705
16.507439257500465 39.44968997395391
34.02352724365214 64.6676816407695
34.003683553992126 65.93352228439994
13.620254727247394 15.83254234328393
72.50702367435136 68.783609019883
3.24718595417135 38.1679503985856
48.399486520264375 53.71368941190371
35.09940453176517 98.334399735609
3.1907066801870165 83.06421230950463
53.24267403820249 32.200200567214
9.542652464625556 0.36965155671475625
12.82272544715546 77.70634510900165
57.46822879364788 29.843388113502577
53.61936229453419 56.366549806675906
22.140414015188092 50.14787777851868
17.430714140577884 93.80619656451357
49.84237591954943 15.139189537594365
55.42655746156295 9.861430843268892
13.00307319007532 62.409666214758495
63.40513566725221 4.015282301706513
93.80367974877598 76.04957465200202
23.05657992186976 6.885120135545586
81.0050722122859 37.16732825006379
64.07478038183902 18.10675519346725
68.32761271009102 54.753207536308544
12.136821677468369 25.30442519681346
56.293403130727086 77.41327970237637
40.72016911845277 75.08014562854942
56.07110631989865 57.49238394850054
23.36070918457338 80.9627716807566
59.321281113969725 56.821808214247824
63.13232255065135 75.08023550490222
56.203958037205126 78.0684190383035
9.839086910923388 92.09383825488156
1.5135992814178323 61.514066862054115
82.13822783724525 36.27026331754961
74.25737977938718 48.60599119582676
78.6713063733865 20.391675950237232
7.748670764682375 95.75312486971153
61.77381735719829 75.66462553880875
50.85780162223232 42.72422496805408
60.22575913121362 55.65945796217338
95.39953747238461 99.91873075609816
69.67210949507556 41.94269906377248
34.19206774645696 7.65994074911871
16.144306457553668 23.959760955727116
76.41435958946319 28.057599163199388
3.922794438602484 86.15486840767174
96.04190809239563 92.10680772367972
76.82795461228018 25.827711486993966
90.66407381880136 61.84362300011108
29.96757812893791 2.6583534744698767
61.04888313835644 17.88614787836189
43.86316234871117 16.27415590748056
10.786724001969116 17.182385161200962
92.99287984767727 51.680722432939554
4.129221242848691 20.802696719890925
15.622346489749074 67.18167813083899
24.845644415976388 74.70527755840011
40.83274226084659 10.876657203425143
96.14427153837212 8.15817703843884
46.81053783595539 21.76503292339693
26.718474092685575 45.958693354275226
4.97446795093508 71.52778647057674
35.95155284520541 93.9375274414938
98.81499266235791 77.00093484066821
89.94433343745192 51.63643925247599
13.581618231707449 69.04598276009767
73.95872770068344 99.6016161840739
76.95656850974973 56.37684922569215
33.98594683631513 60.62273207072646
4.864276326834083 81.38670498093425
75.32990648725134 50.88339908070485
34.99508933507449 92.83661128047267
19.435605939474332 69.1872301786949
91.52403249686137 19.35901960049613
47.20406282103904 48.102296733238205
28.493557490125344 97.54386265896532
57.40445082275314 10.874827291156919
29.689510411844445 63.10886423830166
49.540024485514955 10.049038225608742
26.508090292515174 37.05529033744239
24.79719035395569 21.599744243972886
15.058202812323017 64.84317257511545
33.59719247944406 48.36368622323823
37.48486173537076 23.831873342398847
99.83016045215385 29.93259691279846
47.602450783914165 90.12713522894569
88.76483144513708 40.129589587417215
16.828909888220032 39.67778701868638
71.5284878053929 17.636077809073058
93.89768646614063 89.31895065577007
22.16815379390724 27.275009707824573
89.22801604972928 36.954467325971585
84.01457265930645 26.36774122208132
46.59003240190928 83.01239966250724
61.147661608291834 28.20438427997807
63.62740878621995 89.65466292185202
61.739963166036915 73.94243762006607
59.280546079091145 15.601921280725616
70.45610648833329 2.6632634019603474
86.55597192345668 44.80211309159452
1.0633645531179292 55.1718243267213
88.8014860694638 52.50657355077628
45.333081416153775 9.038938112540663
28.155081510117363 87.94243792576171
92.62438442447667 59.901252674052174
53.56569073899884 1.3835129801873958
87.64052958461453 39.09200636726209
67.83410696950159 15.283227478752458
38.05282674522401 32.04548027343152
15.657261945821798 37.51670561270355
