940
1 3
46.08709223172654 66.95483268621894
89.8578544730275 74.99352253441182
71.65481627019716 71.61362049628856
19.709329205556593 56.06861439428643
48.010788113902514 89.86554663085253
93.72779659214747 5.70264633475992
82.05517289130427 93.48071688195236
67.50491163877274 40.46158749980124
82.49128571134563 5.728964279132809
76.4359474160408 45.2589604037484
82.06669057823821 99.87482152280379
97.00478192660782 19.763773331180403
56.235822238352775 27.256865377092907
90.17055446750966 92.75978564405204
71.93356306231375 61.40790060106327
16.64552400266148 18.75175272367693
46.14264444706029 58.61696484639558
2.9678122025772913 63.95068521323477
85.16226047761491 25.435223948869012
90.83764952448179 44.11384908218847
35.202109960094475 85.84775990861415
90.36367016266307 58.01785445574708
89.21477492457186 97.91153396010321
64.85488093601104 81.44557389885362
83.16165128290191 5.148508927943007
17.934064146040885 52.31059113596166
4.145434537818993 54.942784753115845
56.42496705234743 55.315836913355085
22.532380955134457 29.570827007791323
43.97575238079252 38.54792172481982
3.8578038622742783 74.83879093472761
70.50220538854273 33.19530159265489
52.729335412602566 31.897705563385337
69.75546005966197 86.61816422050495
44.24223700779228 94.00093443964667
74.16183429897897 48.247729387717044
71.33135348380671 12.191698802411445
49.652164438527976 60.757446340555376
45.589818342396214 52.339381602626275
68.50075382088721 96.27472138897811
85.18026980014461 97.52532897952256
63.84797552351424 84.05341626549199
93.3570130169677 35.651082575218986
29.473433410217243 34.67499497801627
66.3390073620013 49.22364926715914
71.64223434660597 64.63392743349239
28.651178628770513 27.877507914879196
42.626296257903505 12.846013395656941
98.44657030606751 19.083657180440028
8.120704725605776 88.2681837969745
54.14919476674876 6.304462180745274
43.746765280134085 35.48579627377004
14.767130461777512 47.46969777811929
0.943770026677071 44.13239767963426
90.51400056252659 20.273772997642816
89.90493561688734 84.26978418411923
99.52920371760227 84.7182663059495
61.49783877492978 31.33245791984629
80.63167758404839 82.39435183941804
79.34890899266725 3.0310773628788867
10.018155461747448 87.09300848647905
70.13714145446346 48.92103450687995
42.231713482844334 1.7129276682437578
43.26064727121084 18.69570343728748
4.913821090528558 93.96810108204481
8.673369439797728 62.1720495661249
3.7249449727526196 86.6796099138349
25.024072335212153 51.29271409764247
83.1272031883857 23.521230605462385
80.50695919549567 94.9087997618585
4.785213990922554 26.887981760615997
97.73394595675144 74.30102215978505
54.333225792674696 53.46122588062596
9.810176140145387 29.52046779897031
4.27958694776418 35.8910147772236
80.65436374045065 28.810851062530563
95.95090344523322 40.17283374805294
31.091078608524935 94.02209828345545
15.950839724879117 75.17320957492939
87.83084882618235 68.97203545007547
31.45880549026545 64.91993152208182
6.538740907847096 94.70669290673477
94.57141513045303 27.157096976449612
37.63980759024683 8.707514473692314
89.2201304216502 39.69645025033195
53.5686198561081 88.60874438167963
31.18920784716415 71.7825891539694
58.96980327244907 84.95383261493936
41.373751888990576 21.120464106444636
28.12917750780135 64.98026906835668
18.776154386405185 99.63376748858997
12.827151559481509 48.14445181501985
18.506332077055497 0.7841531846739525
0.00687965631918086 63.09149159495053
48.68510725399291 56.67845339490145
16.952217717325446 59.7840075883741
68.77689823910768 86.46220400608775
32.90039792964898 48.89187618650157
85.21160610590034 80.60181541169189
87.7353225157008 88.28640728698194
26.670018260953697 43.63834742586066
65.6133636490939 32.17302285219075
46.4415640322132 0.7936201545945432
62.146282816289315 9.07522513473118
48.32871602764097 9.011067369490489
25.308421367159674 79.20131807545391
61.7681556195151 43.36705881853548
79.0043204807266 11.243556165466329
11.914710640155146 56.92995820668001
44.84712149582379 74.9156124276475
34.00427981651748 46.74997371555858
89.25719586989716 3.205713194643045
14.764034029771267 74.190477415076
11.556900410170389 55.741905255423355
88.74687108871807 91.84681763146621
90.88767122586529 32.34675775086351
47.79340303791086 19.69485228240828
71.09102490523598 80.6206120816272
27.743432358785668 80.9971239115342
83.71236915372322 29.50656323395675
37.54208873916103 65.33550718189794
35.2556012638404 23.212623930821152
1.2696260338715293 3.6371537194645587
74.06461896512091 31.234637022429634
28.03085335387967 81.20974023840685
74.28089434506492 58.51934571235369
38.14865505636009 56.997735843446115
33.24918240491061 52.35659555199727
77.3437901944266 64.07399118494936
93.60744054620314 69.96037471422063
53.31000408161655 49.698649187391844
97.87237603377075 13.326447996069968
29.19290213897028 10.408046068613185
35.954549286205626 14.160108509620084
85.62054278229934 22.30077374636683
23.182421764493768 17.742717785973696
88.18202753541257 10.688185120526473
0.9140969430819101 98.38398091536877
98.83919008567257 19.308622484794945
36.994520518186505 95.0336615551999
75.8341050793049 82.36736790339971
24.153796631595426 91.18926787307615
26.417507245242298 61.52724764778703
60.845005477740365 72.85792393079032
94.28097540809925 6.786562442960675
40.724497584293815 46.08590392588232
28.51790037593527 69.77531738369352
36.44999952134016 49.21188748087631
15.991122544018467 34.23782821009147
61.679543462999376 26.471584815877836
93.72172863946065 33.7270196475143
29.327263406303338 62.42570352012366
5.52058998519076 98.32272654758307
78.07553446766148 18.615464351914124
76.62962874038821 88.6185960008125
9.598892251130842 65.08023891042494
67.95690953388267 70.58359741249194
11.15781753411882 99.58156721179027
0.44204418350923813 44.05225873470084
92.51422291216316 77.49036604863326
1.7206991369213664 20.903596417160088
76.81548730809915 25.990934334196638
75.50523722154048 49.47658962809438
92.66068844602874 73.73013813815805
33.934509971271765 5.175064729706702
88.20561589253302 34.640298080105225
5.457765650084356 75.15498958117335
8.048508222355721 13.64799294673218
54.15939048497951 58.60742093161042
5.510462234294122 47.6193566937509
98.7283904811241 98.93910215275343
88.50707811065016 83.44272104453452
40.43388963682351 8.880197824075076
43.34332152849765 47.077842861326616
93.96677886540058 15.89323507961673
76.06701585139466 47.45412421899295
35.963182252026684 83.68095470243316
6.059669240346066 11.818463975971948
83.17801585942388 2.9495225037076134
79.72770192682543 71.29507767941294
8.325354718403034 58.25096543514763
73.31227747826563 45.477208952280094
78.41215109690154 29.525105893033142
69.25465655779746 9.873497495890904
20.24443335748478 19.46572993842699
44.15066100947129 11.719692173676055
46.51178477047904 61.31416880705105
64.09781315886156 44.63585375905317
63.543615690990585 1.4721083117442024
69.52189109497007 63.69157077913439
60.28104233732701 73.86779221742236
1.814821864726035 64.78399147022233
93.31576482096686 17.671595655888584
50.71045875038009 39.4847213061142
86.67580468888649 98.96660823304488
78.77241567087987 93.13108804027708
35.63007250326415 37.71010527316789
29.50318394821445 48.62035569206482
82.57589582361477 89.0557708262443
50.93303962219677 62.760917112941804
68.40714219486755 51.72226281255592
3.876561976193349 66.02002595247566
72.86225573059272 85.27631228495218
77.39236359599477 87.45567531871326
73.72716372062587 68.87713122378436
65.74235621591897 29.508853821792403
8.695993360272226 42.967292314404034
8.322816720174231 96.67052604074344
62.562780729475655 1.7935642773350136
37.98523975866128 26.50336912641087
82.64139089825773 26.559902258917468
93.88326573875068 99.86320144947479
98.75904896309378 82.74685832023481
35.349655131636105 20.500652192638526
84.78293110332045 19.458687515059747
51.74322727725882 22.92205807783123
30.03466604571465 91.54919457596036
49.701260817279966 99.18711570311345
0.17523008807491802 27.090511057962253
8.286094293406588 75.37134348897148
26.7121090669302 57.890046273661056
94.58969496955673 41.402275471285655
57.77016340034346 82.97204157189017
66.32727700001197 65.77542287293035
15.435928591550585 92.18442418259214
33.82830116873081 96.703874918538
87.9918779047123 5.3422273306283685
20.081983562056905 42.6844114819759
85.24375009662528 5.928564932652258
84.28005198055557 8.729086956879284
38.696973431788685 3.3584061216170635
81.21539171672208 1.6961931162898347
0.6238291477679292 95.93665392476944
91.9442457618494 36.09094674510236
71.81253415847719 47.29057416168156
59.631817189033875 86.86185304798042
3.5769235329135673 26.591709132795028
39.94470623451958 72.35218100706982
27.202701841742183 24.867080999839963
22.73955488288737 9.10922634930078
47.8162243656294 30.90664897378188
34.406526377635835 6.973094872551511
31.14015809206925 50.657144268761755
22.43700150896646 23.504883543535925
66.59501556764835 95.78022346920154
76.61171603076849 26.84687519135107
67.7333833100576 39.675465138843705
6.399704840302856 76.38482183138163
4.725449132791604 25.22053705102827
33.120941440299156 65.32847614957507
68.52949644669275 7.6598261087194475
84.66101720145092 23.73302721136281
74.73633654530573 23.2548207383211
70.57164143804305 9.472321523342186
26.771424280057943 61.03589224759456
60.11071190109385 31.297428448087338
20.700162737862037 74.51271635740575
14.239374932392002 91.73549664846405
65.76093743132611 49.287423001927635
68.14648237082017 12.864578806631343
83.5577758733949 43.17049368681525
9.408771273855464 37.68671216550694
47.58606080818777 6.893105138425781
55.99723476512397 45.508818395758574
40.81480619730324 24.51029592402014
15.159371037666848 52.43943811959593
58.72528300481446 97.51607772925081
99.18995264330857 96.22652735468955
25.926291051922547 24.044044279749734
15.673627363243735 74.97351231487544
62.20720627882881 47.84687259536264
16.94269752273283 9.404979705058047
51.9810491650623 91.26547538842189
72.27772797914022 19.035722056456848
29.701428606172243 21.042578660877066
71.36642440342524 83.69069999959105
43.51919801948165 7.246203984959054
56.35959794049133 87.54123092184423
5.289706566464569 5.436424557341479
41.87033177026589 25.39936369495588
51.51404853891768 59.61390366365802
50.88124182111142 36.15170911964931
72.38956897416887 11.915566502644559
35.597672799590185 11.50049115990248
28.385827928063144 52.195549803018324
25.36075131197699 25.65495535267379
28.176418031650385 85.03164819273775
82.58853929229493 79.6260114110257
97.22780140058718 56.653245834618545
74.30054839153617 83.9273575164262
4.097874021814696 68.95516608237085
35.48432621910387 93.46503774424563
63.33619692056784 24.425638971341513
54.45997677497392 93.62895493744001
77.43334286268937 47.679910724840724
8.245761913014116 73.93239360465678
93.61129104453481 80.76047215381521
44.39807655422712 31.448126578400082
15.82664116377841 4.904665787229212
80.78725987217454 43.1454645683577
16.03720739150574 28.60134677147881
46.872660636492114 67.16826643794225
61.76689362739776 31.08913246905731
87.73417786103515 35.40817541527368
69.48965664504587 32.51302809375709
72.65831004723499 60.53312779445292
82.51246891231136 95.91140587487787
13.754534992323887 1.4646868084347453
48.32556395094032 20.36983182580294
34.67569159790176 92.99483729119311
26.11672407249688 97.64255802859374
25.98600794981707 81.64957016821721
92.21581298968631 88.70660212560024
3.6270877948409774 25.205553628340958
6.588067600358616 79.587323460616
19.43529157487829 33.57713403036171
64.34097988364896 46.63135914561385
68.8027605531778 54.32204546837449
79.51257258865012 9.560523903227725
81.90255633147825 49.09153157210484
42.96000866248131 92.57046139238429
88.59797009844495 43.36199443394575
76.17021367536576 79.96110363922297
59.69191644517131 13.964543413277175
39.16404547604622 60.79606226224519
39.38941872694763 30.833715830519193
90.19473668928111 17.2019803044001
93.19332755244399 99.19733285306587
37.38258081033683 15.558439963345094
4.326212666354445 83.48692109336766
84.85318670159441 12.783771230662012
39.697001264684026 70.16068576169174
99.34969868756679 88.53174138268768
23.23481368463478 89.72203296741164
28.057271007401585 38.67503842731841
47.05872000437299 68.45113856233765
2.6551095294247373 25.734119963669787
81.33443202068129 41.21053898579379
97.91759889078729 55.50790481393655
96.55790947367868 34.42582669587373
78.94050572868842 18.69373861917527
16.129547465035166 33.4989104560085
31.688115690010775 81.62012320165064
22.178285175613 39.89417254683711
89.4494272695121 43.26874648629708
9.193464637029457 24.448960917851913
15.072645300367626 16.418313444068634
4.027340534974888 4.594587486760293
60.85795292117486 55.14181035244441
89.54474265671205 74.08638719710694
96.19165183190646 7.30929178905293
30.091013500287154 71.80397631420301
9.224970884098283 51.40087879623378
33.604215503647204 16.736721099246466
52.32701809163112 60.695214785033215
50.61246259022285 80.97497914352631
61.647292633539806 38.884096285412895
2.7003750676754867 92.38198549908863
20.349571963366508 93.4698923484133
18.620230796216973 1.7216936185109333
71.01127086049352 84.0060258061687
81.75327208329426 27.664944084311482
48.20291651047115 94.77353971149492
75.28793674746129 76.97357933699467
42.36387273154587 54.133743723932625
23.585808988504464 47.27724339164692
57.64023523718564 31.486156555624902
30.095895101096694 20.67280003469545
51.134252886409406 90.0347198067231
8.06633289530241 14.529093926624292
90.1010160222083 77.43543225229699
10.618477017424311 74.82393917762322
4.0673095543555915 66.86051227196481
62.009788018788356 80.27866198470417
46.83933819952455 33.91708253814074
55.475387749831164 48.195292752388205
15.90582901364963 27.793017025965906
68.46613161607853 30.802383109815068
7.181316834656815 25.978603829072554
53.46679090745212 70.78750233748276
68.31182240991782 50.67034697568984
68.31820409131268 17.822205528828473
15.144022554820392 6.2495048598980585
33.83500480204737 97.3056411622978
26.11997339000338 27.065237208286753
79.42403231019111 60.32248913387326
45.304885549793816 7.904425621809552
30.77021334469523 35.32113226174085
76.16149326164295 61.46833365570916
65.95597258442037 67.63636183398151
69.15780097404969 4.173974483483556
21.41695580436396 30.04511298696826
9.54176941617626 87.68947392636129
64.3178744447505 20.230715361462217
0.6723103471407477 25.827821746673575
52.16983358785225 76.90771826144163
35.242981956277845 95.64535661291667
1.8835702914835828 91.47333727524976
34.0123709736083 99.51605198520141
26.36733702635943 60.452980603379714
87.93057668357149 56.33658695352952
40.3893719542457 31.461141403221205
68.79603519817626 53.25211936637644
80.71959756045746 35.65946075531456
12.884173053080051 0.933115435952403
43.90532636466729 12.3146059527667
85.62870441380267 76.53766354521605
49.786306762388776 58.51916977641143
96.1494867620887 2.0269087027767085
34.05862900447756 30.369975552914298
59.29605438315577 88.72160078232238
14.68154240066568 85.98461099910135
53.535986415083144 84.71819786346764
95.49162114625666 72.08028558144142
74.23626399450154 41.531110463835844
93.54824360333534 55.007839640245535
68.97636103337048 47.33641326393414
50.887751101931485 55.16222336160639
72.1982058259655 97.80055582415268
5.470164474209405 74.76996189047725
23.172628394756867 11.405990732706162
81.52655196159668 47.2247719975851
24.033345897929003 32.72424279089989
85.47922725349399 9.535685934270454
71.45360047995308 29.512415646023072
45.47623350337917 86.19505215712981
23.467521857674846 92.38104166730162
16.039472924482666 76.94511709002344
69.43223185495222 20.252407959679886
11.368182964421191 28.155331867979584
32.84496424447971 70.6437967245767
91.17726734126322 11.996178078197461
92.52344993198285 16.41221282159624
40.76421097191607 9.174435159612337
2.4342623060772173 77.86974528605558
30.468919187738152 81.28720630139823
92.17008655350074 80.49082532521605
47.01648222166457 64.02051439447314
21.17849888326775 27.09241203787862
34.62470864567413 30.663390198917995
14.856190848883276 46.87455038436392
97.51430035401371 75.46230281354337
56.051337734000754 69.943003689399
6.99543345482343 24.783363829076933
96.24041794957992 0.24711302685413994
93.90426339384594 57.77775407232695
17.497449700486257 69.83165728169918
15.550802659144459 84.4008830676141
13.737018607026119 42.9556138548507
25.9154577261979 22.31547950628712
82.64864867572732 60.61219444529513
14.869201266348675 92.37972395722196
21.11255039211151 36.91673617731419
76.76052798080504 41.8258478638958
45.18507598986743 89.50512967234032
78.53246523068056 35.48225178266324
18.1360648538349 47.18645304296414
43.677553527851146 88.64976542362213
43.13553671024071 72.39477847979778
35.34444487177244 5.088594883304864
97.79252022359803 80.91834751416293
62.837527417790604 59.490483674176375
40.16305658713879 77.69520334064386
6.995092560302374 56.8479277713073
51.466023818751474 32.18035307826066
45.44281955687841 44.0329104367394
77.10114432703914 9.113839477008812
16.73100392907374 37.90193354204199
94.62050373317498 85.8959326176536
59.11733535578536 57.73381092279229
27.9785077840883 0.6440238595728731
32.61871466391255 96.15677475146221
16.935838187376117 43.12252756389323
18.174353053719862 41.04765503917014
21.942621873278334 46.16651797555909
66.65675560142408 57.10777441068928
6.678215613480787 40.92285451259576
66.04943012530991 50.229390567823515
41.07811887995618 21.008777585790426
3.828512997580291 45.25474654185524
49.96235609136021 72.93664509964822
76.2675168299336 70.97572999538025
92.6001147032921 80.14120047647815
83.25339274164112 49.73406039159893
4.677966481435258 87.47552046778944
33.74216764726381 3.3413758516305236
69.01072330636148 11.406445689404542
26.430936843638776 64.58346859351703
19.84266012092968 28.686421179040945
94.92318424921334 74.00730449750299
85.4608655256184 71.28407163305035
41.446033973429984 89.890061869436
66.42078343209722 70.01407679660043
52.905113630536334 68.1669947541288
25.004006473386408 62.842709072162165
25.546823607547942 36.51515821255968
41.84670076240733 48.79650160761078
83.4910118417953 50.80842919766819
88.46484511090186 83.88721139447364
3.506877340099046 4.624727356658043
25.352278807832196 38.42963726860984
66.01200189932601 57.54127284561943
87.12582714218735 3.129781943284371
42.28060338495734 83.28145064983974
50.20904482966853 44.99389753529704
19.095323024804166 46.92115277943787
78.79755176339947 48.61691689459533
85.47910491676882 24.146508621486284
13.201366612839172 96.75341414543443
81.80190198667255 25.874541845803357
97.84061097715121 41.109153576247984
68.37944701697597 45.77980136877253
95.05560287999593 84.30199544097042
1.7585492091300559 56.17201585861204
78.96796974886477 7.873735647973024
15.649001618552006 41.59635930538697
1.8004626451964878 60.62100091442739
88.41174765077685 38.581486632884186
53.032854199810146 39.27716383864674
72.8708625851842 1.192806714200012
53.02157518913948 0.1327990728441808
20.688887939072398 26.006198525323086
74.52627840506238 69.02872165035497
76.1519007589676 36.78917994982349
2.091682416077889 92.35019406291627
54.20268527401553 10.258626125223236
33.866325047045635 69.9316742206276
37.43461128428696 22.141276684249924
39.877711143704886 9.526135532926737
15.200384793890676 0.17933072318661036
85.60583629814005 83.24309092982429
76.14624550858215 97.00496799743709
55.55217185419108 8.937362128012527
21.908468481515953 87.03158375208555
40.86697626467408 7.297013552888587
63.55912907714729 2.5571100078799036
90.34728058474748 65.7848634749158
76.91825659040063 81.16013670414051
63.940270172011495 14.661598578710876
51.41624093698316 55.9959076131854
92.34655050352258 63.271475046232254
76.31602541622766 82.28550228670295
49.528729146831864 53.51307989997331
61.954244459426924 38.685675311124214
67.58787815953966 42.01781766547481
24.60807487409904 68.25225501882994
60.4578395655053 15.260862469638026
80.94897908015939 57.0280133198914
38.984269517960236 72.89428662419337
55.2869676278809 92.30418556826604
81.74787338555896 90.44912479488507
16.6098543260488 35.523296242613526
39.32159304424745 2.9618397636069993
25.58128942101088 36.389389549278704
14.477921168996911 66.7972030523868
50.59276716104566 53.60728081105379
72.54160031086234 46.55683623560372
97.241875480324 67.16938679571321
61.83735950357854 51.415983666657226
33.95806082185251 68.90730727424234
24.102274215041252 95.76495042082358
16.1851998982375 9.915729900355675
96.17782224124475 6.172770654052107
69.92911655859832 40.05095394532974
25.29488573871459 36.204806778433166
81.14389888424596 40.32691640585049
67.25192896032888 96.78945020141612
97.78052151349587 87.44381222943925
63.78812855181681 9.968817129678564
2.2872388902353435 42.16296162699786
91.13108976318658 14.761436834440445
63.49240716099818 3.3371270483269155
55.7904835762187 40.85885340348994
72.0275189721084 67.21146816538159
62.57839154130913 10.475196080867356
13.279678375229476 31.849082075769285
92.5726682264013 87.59102091890108
1.61162964707402 67.29118771586997
63.40037989312839 78.59924186321638
29.222305361187818 54.98367787910845
5.572983531255193 95.34849737708365
33.99979305026641 67.53071539334353
82.15613069695291 36.34888818567978
70.69828519718442 30.86995131726109
19.78886340446504 35.14458202196968
53.00300041688162 71.31438750480994
71.19515902447957 91.36457794139747
80.92405376852186 62.30184600186954
94.56159827208708 70.24079243365331
11.097008202925718 14.710490926861475
98.22899242680356 16.026471879965666
16.660108255948035 83.61144086547169
90.79037190280059 12.319009412404291
82.04771622947592 74.72586788444133
1.0374815135838489 9.832095871337332
17.0108770450355 38.39221362617759
88.48380698963652 46.25390275293286
15.983837477765682 47.4945523194505
87.04122189406691 50.98161975095168
89.9616669491296 34.82421998091753
60.7153870930599 93.54594829903064
53.659063576733686 73.71307216447735
15.621014346155304 42.720434383135775
69.48283840457101 12.312555537420856
23.145079465278528 53.899459105516215
68.69219539473559 16.228561283270903
9.467418664610205 0.03956249748691132
84.87409224381275 97.01373773006785
76.52603088425442 17.777270431917657
90.37569986093017 40.42572479750144
25.666201802655465 39.30880803982546
97.3003142388475 94.52942493599514
26.4792047529947 60.72759369403109
89.90820012866341 40.78664419693434
85.68154311680962 27.51660372076026
42.91524731871863 59.36049216059547
70.61694293613117 33.20140831530616
67.71042268116463 86.89646341126476
81.34210969278818 21.05576562162281
55.70963839833991 12.116666042181956
45.371088241636514 74.87844632783049
11.425164383959551 17.715136957024356
68.3062770801051 14.088151872735555
78.78939727288437 74.39530482740146
63.58442079652662 15.376320943411748
87.19682413989676 54.78749218469865
70.32593165979277 94.16960272957095
51.21603638897791 98.67662934760727
1.2828540744871608 2.6577693790236223
49.757084859133414 81.12237070895165
96.64123053450085 70.98440786190116
69.60771421490728 97.88848407802982
35.67865544743136 27.951610391651947
78.21997942498513 25.927950537064206
67.10437791039665 90.60907155434614
43.58420168782473 58.35686488687488
43.374302303781434 26.13500604090284
20.470092419881624 96.11839093603733
64.59594534901476 62.729815847274416
5.242387981325702 87.45842593890889
28.217742775949283 80.10909417907466
12.194506233658142 56.22954518651211
63.19561996422964 67.17956411573
31.06055938382193 16.311271250751048
27.583376248423598 82.36366520123846
56.13245273552467 90.53317104665129
56.41622930195427 28.85054842449941
33.96517978048528 14.821583180396658
36.50079497574899 45.12210671263557
10.034317518989377 7.910700670950166
25.722966460939233 79.72961143004613
10.184656827517324 86.14851921442022
13.789320311714249 27.655449860050773
78.81745508034797 16.051623591899734
87.2673509029277 1.8230436500342062
93.83365633051632 86.17307198521247
59.10661049803636 58.3652699470727
17.196397938417807 97.96132691113762
96.0666018351583 95.72229123729055
57.902310858453255 53.39843681919789
55.24779580754573 54.40511050118941
45.003705070587245 52.31504317325513
71.59735514331832 97.50101835135898
71.82740381769538 49.47301758771556
2.291173253001877 88.48824461604588
40.18450476918649 3.129255278423204
43.87420028221156 17.52785826109764
67.44792864520312 20.081636588716222
34.50583509376352 92.9459447489838
74.81893523603793 61.46957322738062
99.73192620447726 80.143364034688
25.11080028522512 72.14259525829274
92.69318843704846 50.47432317565044
54.01113067037298 13.239827257921544
49.141900820646086 36.08154220113357
69.2233620280376 94.69749232592793
76.22168353136736 27.807557616736233
37.42288086805825 31.161688025522636
89.16029202031126 89.59049072846663
37.87677194971406 63.25327713027533
95.73619657741732 55.639856428160094
81.04442098211454 15.07681007961632
66.0041647766918 42.14520658156851
95.30602150297425 62.20695767060644
74.97503458831835 40.158872689785355
16.587888295869547 22.907144107944543
45.144239505088215 4.787308893035558
21.17960624126114 70.42569879933743
36.944508337863134 76.91600869334935
87.26394778653494 97.12465535190952
63.054443190731035 19.165383753330612
31.760806883313975 12.849973456556318
25.272544365673212 75.38575630771993
13.791098988852312 40.13269694442576
35.23538563730264 12.065288662390582
77.11842615689926 24.880720905695576
57.41824394128645 14.101571526320233
46.61958600669631 63.323075589658615
78.5265176530425 24.823070665530288
7.5118860094066875 88.39282820354609
2.08103051995987 26.29222976846659
66.56569506504151 97.89290278452829
84.92595655973925 12.10384033115519
97.10051363086664 43.71422210751321
46.86556199484775 77.91698888741492
60.45193537583711 37.8975068594388
11.032599140408394 64.05574594863477
56.02528625263932 54.95776871748475
73.70643934272782 0.5235525492817583
40.455738562029865 25.18883585383842
29.886267736607874 85.48153899030697
58.003015088350196 80.2222637208732
99.17453301898693 48.0657599869823
15.067312828083224 52.1546087893076
10.16328729306688 79.99905238182454
12.255083964432112 10.7933424849181
30.209961844309085 98.20679758167698
59.28181748549353 4.876453920157275
88.18517127371311 83.38449195718893
18.265573030545077 72.19004258833648
45.2897746243355 42.381008576079516
40.04077926046947 51.75856312496592
13.386794665193502 76.086276612247
29.997095936329465 66.49188294640773
16.98386502189888 0.057948608308744376
20.520548274365712 90.38442365302559
16.622688749493086 57.13353375491679
17.10676213060054 32.18465194750373
5.3774446579110124 83.01207967145983
84.6415701015024 37.02479115475348
38.275179238135834 16.109402416405104
25.802258969502233 53.31759376409053
64.52655462789771 4.059143602975257
75.20206926676119 32.732945285672365
79.15915206204018 11.882977873468569
80.13013165152923 65.16839372219809
67.63949137152304 97.70129544594184
74.3219318554203 63.621615050848554
96.4379620161393 44.92656641110892
63.68297937335166 29.089479055343624
18.93959929168707 28.16543850272064
1.5574694311110582 77.3504806491211
24.36476059474888 19.671976629737962
34.93691027854522 50.43288551566354
85.08812921734624 24.286401155883187
29.715798976058384 22.917628863405003
94.67195527291909 74.54547533669297
71.25504093836783 84.57519513390473
63.09110270314662 43.723834080763105
20.11092839205584 47.03267037281533
0.09831893187290941 47.7067753384284
22.596638855758133 41.424942081042374
51.920220864686414 44.096596293885696
17.387186387983533 13.40636872205232
95.64150568317622 52.39841976833108
53.084892679448956 54.31554034509001
86.58579822867134 22.18337837184321
57.82356886479263 92.19769627590222
74.59455230784864 84.54894833906883
21.620116535347258 45.80639469420578
18.599314958755997 49.16416981216181
1.8206218697807142 66.12674048974645
7.684109184071453 66.94738343760729
68.01165588693578 50.06375398370042
78.32303677199465 14.01229639904702
89.28114482757454 19.129037981985242
7.7038281926118835 35.0138073437577
11.960282834803259 75.72955818923658
26.69654361015954 17.144687532874393
37.39138924501339 27.833278535216333
53.97433879694336 25.747696206375693
80.18252902105219 19.298148192326114
60.87356532491721 15.780961179334385
3.7131805730455714 46.84946579304372
81.89861762626846 58.12538073071336
44.08549441183989 32.25246556971597
62.55159947550262 14.603055948015008
81.01518158812016 60.87123069170997
37.449863320271405 67.18819912143172
5.787220145176586 97.70382313708046
39.07860753940533 94.57469431236889
62.545013461800615 42.714963315773666
19.9652407105406 68.76993793126267
69.71776155683341 71.07412191214202
80.8683087159768 26.917732789152726
59.77654654286182 3.0093863301890122
98.90261285072302 75.9029807868508
41.78307952250686 35.17795931234367
80.66091193366248 78.84993998856417
77.17103798880738 0.2750800639595985
45.89988079850611 76.39790103263164
63.902048020185134 10.802196838953249
22.45920846114453 49.692261309108886
48.260924395037065 96.0293587934674
72.21192428607199 20.906278767286636
94.55953936720822 51.20116296022006
23.984117971984453 79.73114745921626
79.85819725290035 78.14728029739304
22.07283516418257 79.8535021043987
36.48463403612783 6.412517856926803
5.141163159928297 75.02354418104184
71.22365037138316 81.35312474847348
2.3066649078273826 44.08689106573076
35.4576071167114 12.618277027453061
56.90232953636005 79.49681229860094
89.24267779156736 26.590937715523253
65.08270871585592 11.375197354291
32.08345952295466 36.005173895587106
96.54798072241479 10.351055533791186
70.47382522904866 37.191299284045165
91.4352346258051 61.01766251406915
62.010915006093725 56.47133291187458
28.531858689127244 23.565522044479593
99.34432622271817 28.54248279401006
89.85555045106189 31.858945017853113
46.79338005337157 32.23761234280565
33.13812966263614 92.79910462913612
63.18292914987824 35.21363352089602
58.532514245739065 79.62216926752048
92.42166017741272 43.680143549830476
37.60370775364525 73.51361731546203
42.31986982105962 4.445207967582898
74.36598405802275 10.715586858619087
69.19616015360792 58.810881190458744
78.11908553668026 64.13049340113433
10.392716829070592 70.48931390092147
12.380507967445187 95.57467846409584
98.90341722709147 43.28064687597764
7.031184280959746 12.636238085725825
46.595981327360846 23.490598121301744
64.91929763369082 15.700236862919192
64.37921733915506 69.37765172945929
87.22899686643161 58.33749838674556
71.66542085623504 83.9738250100529
4.384391277892408 14.678693207879467
61.54364274675031 2.484275651652279
33.411296842054924 63.46245850682817
83.54366408112665 4.244854470875392
12.992293653141473 1.7821553357231457
10.389941980821726 53.669796067577295
3.536141608165355 32.70606412641068
91.84083846234323 73.27232632548042
19.182326666335992 55.64907730972137
12.50826852814637 44.37004165348497
67.12252551714542 30.4848893354825
37.67907566143065 65.87695382501344
17.175799481837494 87.29622483699018
3.8464752370994004 90.70833345215404
62.816429833901275 59.486147337508186
95.21863742469594 3.369259113933065
28.36645359178864 46.77982166236432
53.516747487783235 78.75886197966902
33.54427016601711 33.012816157910294
81.71189599602042 34.37603484517848
68.41162311220934 20.630824676467753
55.9785905943931 6.464125335202242
0.9229811387037268 91.69930174507397
75.99678461783739 34.09135930981484
26.170334449119427 72.64823184971554
72.72087680915133 69.48552349453901
30.273189201887707 47.76280380895601
76.27454494963766 0.25106910828549545
43.48621421595558 1.6350698374008044
55.247113759637315 18.407546330093428
78.21679704992084 95.51034291219449
46.737504328362924 36.92519606473592
76.53903040489321 17.801140720037957
18.214826181736466 44.502538646962165
31.31291557203557 99.29222895960945
26.837687366692297 47.875943870278384
54.56536887586678 87.12839536317003
10.781704920136326 47.897613317196445
31.552153359855307 33.147426756437184
53.42771978406651 38.983464799376286
74.10180360420541 95.0814414765018
98.05575901222406 90.93794700308595
23.889946306994613 62.268042813408655
47.38163121949861 96.62148366390228
6.40163915228662 92.51165339091037
16.626425793888934 18.726182998129246
34.04612760022556 94.56555230605434
54.87378546734563 30.811978990129685
98.46490348331918 96.9982379987913
46.33760907420217 59.14290757524239
44.82574707647338 32.39302230158187
91.18871362881127 34.316991867366895
34.98661087441741 98.19447475424674
24.98812041299483 18.349867087935824
10.099632441905326 12.546624998654533
98.97917246787557 7.815197225508719
34.77893115251798 32.61156144638255
47.37869388348614 4.774197517460066
63.78500379295555 18.43538565895242
39.53949060822437 2.005333372052176
75.21068202413042 86.40415566401445
98.55212601806238 61.3387253806591
91.56646097343672 92.89662633216558
98.1858560428927 72.13581969322831
30.478898763399933 11.954883794383854
98.96589936188971 83.75527891528259
54.447441282479936 64.14197731035414
32.96482495408537 61.49808731143236
23.461170759093864 43.836087112316946
83.58069607626956 11.090020611231122
58.718601979231735 7.818786532467925
30.77574832406014 73.9629793169836
53.14348289139552 63.85267339864469
13.428939464941724 66.01104729919113
86.37622324715053 88.54306814440258
15.773501933418022 19.086866921208557
52.8099705418279 62.83475250821671
90.87388608603841 21.14183366995328
50.04526744875637 38.79046691747914
8.05650659145547 44.67741373293854
60.08882684858112 73.09439900849569
16.64968175379986 76.06207910212919
39.69341883695774 21.629896899459933
74.28141296095936 31.745629122128726
81.16680455511957 47.99113337357477
97.63250271962234 42.95332126691942
34.39157799168142 16.893705145466686
45.58553264496024 20.910666120916545
90.29369618260637 63.95731806410505
89.39365296404327 68.6045394338569
90.0946214284023 9.6461200612044
74.3631493690031 97.32351576869522
42.80950006333961 75.56452558904019
64.18729653570519 34.39605930516141
21.88091479091763 29.425812499867355
19.720576293666593 88.65857720348622
66.74821928860972 89.84785347830054
1.9659496683565258 0.6298863953030143
72.37555956226768 83.70167385136867
51.31121222269031 54.299021314483184
54.970892574213856 71.25563954281435
5.414835332618662 41.882026211558966
5.698119521449496 21.310239540900344
39.59252884719522 8.122232047070387
74.83514474282423 10.402357895054703
0.18418934308817025 72.99589885357112
