120
1 3
62.987182192814764 81.46049262400561
88.2771782270946 80.87652717015705
66.3164988427849 48.147563011390915
32.40729761808614 26.94291389361365
90.80120471183565 1.3067090492444589
83.77047987701299 99.67448908296632
21.48489138593337 98.81919798528003
59.32435302532679 65.83705222380965
52.86142281796453 50.01167259550252
30.17653142466832 40.86226536869606
89.70983444985832 17.470708799106795
20.712978260901927 7.259698598140596
17.465879693017293 10.020946128047248
51.51888457553131 84.783625102852
18.024757350316477 78.53239581422267
72.56134480176695 21.559722964576533
13.064927130723536 16.801618107856477
93.57796818188031 38.73712167587235
43.0797230873496 46.24681496367422
45.90618989770079 6.322707593277044
83.9618002379741 9.020266445756619
1.1365899834033355 83.14802828732508
41.02781120105274 99.01837223800133
85.32284959238807 20.192495656263176
29.85089679053383 61.2801167445052
34.41852010950208 83.51271851891467
39.24844813782491 65.37748697718584
42.38587662790101 34.41223980361108
39.74729306577742 52.165174325477956
65.90063927779251 39.9418488892618
13.468301313694187 56.92743813225529
34.64592539175988 59.94578533495856
96.11959342743792 46.06343038523259
83.23701857767718 21.580201813097233
3.574816993384844 91.27315488915815
68.1045760057392 61.59415683755047
47.37124139717386 4.244056700051568
59.78004334395883 17.191917670840382
86.776625986584 10.695521892878613
84.75893587613687 84.2173808796358
22.427529290440916 31.896304483859474
60.428629167166584 15.255048089421596
51.893565946186214 70.77317718458158
69.91091861173891 27.792758701880004
48.671576464335885 95.00150968817442
54.32078734220154 78.85810407300664
28.256087886873903 43.49322585304138
1.9987246888970356 50.64264897210818
30.690935584948665 58.37094973696584
74.40092404453864 81.74054449160622
88.06198778520968 64.05961685354515
19.315098092823145 27.215194893452278
4.133987754019963 55.202282157095105
37.676403660328205 19.855599803379143
33.389204184399276 87.18657573128186
34.17782071539801 45.488257120818055
25.780797351533025 50.07298899418344
63.16150415236539 45.517601591877145
46.19666025475333 77.6007664285354
24.98542406933486 40.30708094903412
20.08111998889173 71.0537813097462
22.894157419347927 24.01508581887346
23.99538105618122 14.631764908404076
62.23784575639464 14.504182775177043
80.45617335288442 77.1711945102738
42.93466865347393 11.683384635664762
14.50902702397654 23.365715072233595
59.70943466785723 38.65530620614604
9.155967290347755 86.90169486459125
15.999221915542883 72.2252887886335
35.49906327256838 75.19386221825128
33.91371824035163 54.026558566138625
45.7720276820706 71.72484845523883
21.2710288741482 6.399859019120657
39.01121671109748 31.30243954771519
62.75945629328206 25.013837037849072
58.63925907180103 40.85804400365305
72.16251471655823 50.96584227846008
45.97828307126195 78.17610932610644
92.23122700231387 60.16482036704769
21.00966436302325 67.70656098059436
22.598539040734657 31.165767052125815
22.37113564538633 46.29179351480681
53.75831345942539 55.895479213166375
98.58996990196391 42.20475700881763
64.96514765660504 96.40372416199324
19.933328390096648 3.0044080919079397
95.7145782317057 83.18258782930093
18.475351019866192 1.3856163485574946
44.85006040993677 7.5223970073981405
29.263016638527283 75.62683209096228
73.44919104638632 97.46316073917316
19.03620984513914 39.949665101290876
99.54334416883262 57.556148657254425
78.59987367092552 34.3737497987678
14.987318310969 79.00282058005017
9.129433471096537 1.9891241425798567
23.11113648124159 37.38250539957137
39.57243361397988 34.07329155112628
17.367235993266572 7.659796550922571
64.9259962764319 3.7517277167081753
52.88252331567389 65.7832313742543
83.43124295714368 3.221491275325161
68.56796347041312 84.10365578902139
97.21869460258365 99.51384311385831
67.89064767553702 47.71973944319179
17.628106090605232 31.954444865328014
67.12455301181939 18.00521268061499
71.39692789799597 51.537571832041685
15.129875189844611 24.398632340142523
70.1796198874624 21.86998238613802
50.25278223384386 97.42654957139808
96.02124339608284 17.60229148772425
20.050122305730845 18.736977774039442
38.62853519913401 38.033807791893224
78.00611935407282 96.9359506632268
32.99607558976816 98.27191371572262
77.5626457647837 19.684738075980146
18.039505242869126 98.02095096853567
31.17723950732454 94.68298135718899
