930
1 3
30.731768655952973 85.78572181601696
26.537389447654803 41.44092840818268
53.0488138375258 71.019063239592
30.932407906067326 69.02177272749597
88.71067595794673 8.4108457950135
1.6806722111168293 54.092322539596196
21.030446227400112 77.91776375455683
62.70348784921287 87.16958430026605
13.802238689278767 25.97242730349807
56.93078894709125 92.1936092001384
93.51091774088766 28.126371955022012
69.22938185762635 42.96049249313452
78.97412654809204 2.212293905965579
21.970075820990175 72.40057953286652
73.33738937425909 34.626546403213744
10.276097643418236 70.60194930196533
80.6520419554484 78.21993128269953
5.761956890078634 94.2776604850015
75.4145922798071 13.057310184823567
22.459835480571357 93.18508171582582
68.37037055423522 66.24980129330362
40.33250785630433 71.86920064858452
91.32595187073089 64.0760725070002
61.05837580832103 18.69646637829858
39.14607294872181 46.40812608113443
90.45252558735982 15.569976937511832
21.062310572417807 11.470142634245706
8.38895624444065 54.46583261444269
47.065909613611325 35.41397207085615
43.236501344435815 32.475585573683
0.8685958339542443 87.46079383938266
50.24800298613607 38.84889550728927
97.61185565697654 26.787655373000185
6.538665369631036 92.07730894772625
95.64890401904304 82.55176552051198
74.40325009039537 21.62873677443018
24.230325110488526 41.63326108857206
51.25422646696918 26.84072281494816
99.15574497209579 47.599247947714375
85.50786273589823 79.36352005426082
93.55667528086641 71.28654935298518
8.903400805134364 38.34487609712167
82.84616970252412 86.69767238243374
79.17283816490107 44.40385157727527
60.7756247593195 58.97818338979497
10.547540413084677 38.44666325695088
28.045973097058653 1.559106182125558
64.70109774612614 30.47902778411702
99.53819633742549 32.714323136176326
66.44676407677422 44.89071945441998
85.29161278115251 39.85688102717502
34.49308658239638 27.763698043836136
80.5346327314172 26.568517647194145
75.6263266770605 72.84242728776107
49.024813403884025 77.22420601448042
76.67091546817196 33.21241558710219
5.413190229486009 72.57927762361432
26.50753984534171 63.044298655257805
18.83118206456629 41.961991913646045
97.4601198450469 20.677913267567405
88.69817765316965 7.698746984500215
97.14216119361186 85.0652827183967
78.80325584873518 19.319528119195752
67.7199020351817 26.47819896029928
81.1626386278505 99.29758027316453
29.652583792116815 85.62803623284441
57.445167264641015 25.21928731434029
18.681430990158443 61.14668267873069
53.60945958042187 52.614638775893916
79.1859757577136 36.97962282856662
33.20927056899996 64.45266114955697
21.570027842429585 24.67065945818401
7.274969134630749 11.37420435848686
39.53440671859385 46.11737329954582
98.8912235321676 68.4931572630739
34.19074676432194 92.06979434100818
18.214782791776486 59.8068885663414
99.58932347794341 66.54098404762824
57.95167726852375 16.90233670860568
54.502728393440904 63.836763539195275
78.72991953803512 60.16863378561608
8.873108022743082 1.4083118517838278
24.7047139026197 83.98894707218383
67.97164193353962 65.20039350870567
55.022776191669024 29.10835102305409
95.52478836286143 81.93501202186613
49.36789787738125 38.869643575181875
2.113147446621366 29.217804554723603
43.01191355306495 63.38071411342363
58.102542473253216 8.473795596529943
31.923151811514327 12.15998690946234
8.27224050165627 58.526538469329495
48.43844069079963 82.19694797305057
77.36571481772852 72.39043623126702
33.482418362739686 82.07305640484606
82.6057780300585 54.067945354594585
33.72406777355141 95.05879709101389
83.29283241043966 20.24826926774683
77.85688232306197 24.974194939172413
42.606919406945984 7.326281069776686
43.32217586138363 52.0360699307977
19.709740432419398 5.422119736499265
71.57522525988809 95.77186242665763
81.2801226155097 33.933509171814144
61.21856490801769 64.26398580103117
24.506870034402862 76.83570606598292
48.37754264755212 40.52828143206513
61.838793778839744 29.679319221496826
2.5992324052593885 82.13128601997009
63.737305810188374 16.303334210546883
30.387512561954022 7.875783006974424
62.107926441828056 96.38718472158811
36.52105106524453 57.22564397936616
91.47757208780452 71.94842004428573
56.937540734484585 84.55213192586153
41.217880227565914 55.73112635559379
33.73747939573597 37.185236672494156
93.30670932875745 1.3223731197041344
6.251561456194077 14.81653793608193
35.385400900765696 34.360597226130054
32.959312862897235 67.44096573031008
53.75941326195037 56.970595742090914
25.52146250410887 71.09707762392338
52.25295474561587 23.526855122321265
52.20724729780364 20.68108553197785
61.45110352029404 80.5352048084692
0.6647298069291097 62.007418586871246
17.17737709369875 22.228633631490414
1.5826448826119721 5.093323140291539
99.80387283421605 92.36405042184674
2.2614486442882997 90.24794411731011
74.31191560008277 49.571405028006474
26.72477396462871 83.50050720328517
4.318734856215722 26.676486774728183
29.212178910517217 31.32618675726311
23.40630556566843 85.5652217286351
63.25330553378989 11.983032919518365
92.94381348084173 62.14129380037549
33.31147315295979 20.284166884097132
2.725237387192214 17.97429965132027
76.17772239283521 77.83759839975393
26.052311562544883 38.92334639107493
59.30593875512993 80.03258814671355
99.01174275249609 13.17633897841759
32.22347048541956 60.13588925125617
61.06708641565166 96.84575719946724
16.400324187070247 31.805181097079682
92.94434831580982 1.0551308911454171
54.47464516340887 60.88839926294873
94.9064680605012 40.81879533278634
5.656477767259638 5.94169749314728
9.827879381821948 66.83882208532128
49.792715610654284 69.35497774926932
0.4865941080706815 87.36372623986313
99.48675101298466 82.42842273836537
85.7349001445193 86.58804108377454
29.733297750216202 49.409849579828524
78.19515262442162 20.7609445408091
75.24722559565893 88.35236759921257
79.07819823784436 79.13465916943348
61.786002162823415 78.3181030229572
24.149813291112523 21.41341028890138
28.863750368400677 73.72383071770001
38.57562598753734 51.17562784266576
61.97892414273469 32.6831268348601
52.09229391504686 52.73933486803557
33.319455724940816 83.39132323934355
96.28547654995852 11.220262254957824
51.987663213430444 24.638403890976935
51.50259325415756 35.19160448893977
55.918133172947606 7.233926663056334
92.3989595017642 5.9873083997256105
9.770251072568392 64.06358242835202
74.22467571492868 59.41996309223543
18.25582794441538 5.982754584854111
51.69051504629674 17.882353548209153
62.36434027720988 58.60526513430371
76.45634821701108 45.35862072844352
75.25953424190244 82.49169821935712
2.27500427552072 97.93984005226423
78.27859580123659 38.78530730353666
92.12121539808481 48.07964840964076
65.18930226732154 7.9025569215288805
58.99941956239101 93.03297370599593
74.23668796134703 27.068680860322125
65.32553189053381 75.0283728245531
34.136938377163474 33.90082524326159
95.2719597309375 71.95053640215929
92.52970450805225 26.439461230617113
93.8558452520069 62.53236963632367
73.85734816837781 45.47675597374721
98.77332066710227 19.1222290231591
56.0783095269326 22.617306375985756
91.66413740983567 99.59709712314775
50.37475992123592 44.11103910465584
37.26822604198192 6.969901372202303
20.926241407198276 53.159744202394755
52.38934975098639 43.07018803917744
71.57966357476388 13.802475502264011
73.96705968020608 31.637706334093373
38.486416454714245 53.66839991658885
18.022907627581365 99.32144350379035
51.260080155116874 35.69216347249191
58.53424711247619 35.49230375991841
62.87016008233142 73.06584995878877
49.99373715985962 53.27151924489799
3.1473957843212386 75.54864631756186
56.05483576830257 56.31458882869747
43.150530592418136 86.87841658231123
40.31020643965759 42.57950344968806
66.42807490073821 89.99798967983826
21.51223878584798 99.6003629161964
83.80060270977285 83.40670287759929
34.22347079505555 69.11681642624505
60.99495098197427 76.00348384653624
47.14044068075714 98.94655767444989
41.2617296135489 0.4883311540913038
75.23500317029364 94.16119436758284
0.17020861800105536 84.52870797580125
11.637890916764192 64.44887870777913
36.68340247894144 61.174800377429726
83.23547310582107 28.86722196398901
11.727950424655308 96.08536566306039
46.18909147873656 20.294057325440782
45.978705974204814 37.518733240333056
16.079127238101677 38.45419018481331
11.012703776401578 4.400082495002766
85.6399272065635 87.806564675006
13.265601395080528 63.11930413515545
8.667517829096383 28.319565805835722
66.04086255165996 98.43857110858438
3.3263073073474425 77.26590772518908
20.160456860716103 70.63460815232476
25.200982189872214 51.64149903056887
0.9229719608141451 64.77959065408596
21.18819764180717 79.23697585991238
53.187343452714344 88.71348916245181
71.84113889115243 83.08827351960075
22.382033334863728 92.30771187260183
2.8478249103619513 75.43806242263238
20.038077050268832 49.33625400382302
59.29624529994562 80.57901756260841
54.33842193498475 24.98435289827976
18.93115878071545 94.44670000937332
91.55194229732926 8.914936616876235
37.69405338775904 39.26131383973468
15.040864327397841 92.91227709086525
36.60882428400731 54.18856450719125
36.16259271503366 90.07827836965131
73.12129130833047 33.19103679563624
1.510472452725331 24.650808356151323
18.70990667016339 22.269370291550207
88.36952895483634 1.8951264313893157
55.26639779431197 37.87141485612133
91.03732161003862 92.91924506023544
92.9422506359727 91.49441536230756
37.48281936400895 71.38645365251936
67.27571766962566 38.822931248728686
14.028125397080625 20.245849110059446
91.15919638578387 39.55364459462443
29.045530986024872 25.438224889761862
54.02417233507764 80.77916566879253
10.75822465488363 5.3891158661965255
15.756306949460752 53.1159454800616
62.462552691033494 28.782162953123745
92.79141884713368 1.8667464332508654
76.40516570706247 49.398449460077344
54.19278130758664 84.90240646848275
48.716375825189886 65.73622833376827
93.18173978469876 60.13766235151699
21.11371720479824 42.66360599925962
6.407855239881766 14.83810243193593
50.25886376791328 94.09245750946151
83.7094382740928 35.39326416572912
79.70927920276962 54.520564522162715
48.9131849531262 39.4742583381604
95.08105506112294 84.87363305600972
98.72605554618099 45.80914844248613
60.29298335568802 0.64105077707175
34.595042572569426 9.428274333885467
46.530357349017805 87.32156031095661
70.2686618061215 99.51796680810475
46.807969409832786 76.17767187202011
40.212361991145706 16.016806608940605
79.38483680480535 69.71581121356094
3.2668076508589827 19.557188139693093
93.60843309047826 28.12236657261171
71.8475816074621 47.99480652304815
5.68730837127891 85.24135245831539
42.29004651586929 87.06180377078108
21.067679238070603 65.23914704972103
71.10682328365556 12.474270387589925
94.96242678468276 96.7662556051428
66.75025778421883 78.21543172427714
7.49452447225849 91.95896022336423
72.61619675826516 63.299034115097676
10.392761151735597 53.60440912097608
57.06294986608646 74.70730289005212
16.260054606556906 25.417331789433174
21.5109560770409 46.10924625571011
89.27582318102434 99.9645206188388
39.941685796219375 17.512983060481325
29.98052261586861 53.31142440147265
71.79692485591096 58.666814111009714
18.70597004053478 98.97446653519171
38.20743522435921 30.268648370381147
66.4367084224108 98.45213948702684
11.02254968240075 43.50852758097161
28.288201456484032 63.52184222746664
6.132965827919201 97.4228955196862
55.13042568297719 56.67430555377513
95.03159340001966 94.90820271335083
42.28397197291447 27.207278283706838
35.6071867591782 54.41534332410129
18.319705769844674 29.922633249691355
31.753869150568413 76.5480919110305
15.264780587402438 12.483135424610436
26.588731789531984 28.323141856284863
1.8808921927424116 45.82495671735545
22.021177732125974 55.15482430351544
26.660207557409855 44.26764643773995
90.04244386662803 5.626917293821698
79.35850065268167 12.011458358136062
75.78697124192269 81.80598020258168
45.45500611311395 19.594251660687068
2.5453993628772986 37.91434817243966
63.25674761832314 75.42850610660888
64.51209972846883 4.29376323567896
70.77142041726168 51.54657785801617
2.4505862815969115 11.419182948183181
26.740713264018012 34.61656509608777
98.81269965414586 90.13838664207626
10.625413190845933 24.282519828161988
75.58151811909812 29.830238452572043
41.81135450463227 38.73035204788202
60.611592188573596 28.11535557598337
37.949566981885695 45.516331602029126
4.777223685554999 9.314042049611304
81.06310959246115 46.74964154727617
76.39568196177196 39.17810581599588
2.679131330619433 67.52489642607526
24.67821477185288 38.74545128908365
99.84461482464448 84.62524953154463
53.44813266364466 86.36192107094234
54.46498082459079 66.92869466616662
7.37935792050064 88.05779394011843
76.82408447396392 97.47916305401397
46.914569478818734 12.884080960696132
19.562819047109592 49.90536676747437
73.95331222761337 4.2280577031831745
45.63672603396554 89.2288768985658
88.32637680909528 36.32775995966846
31.23697984608096 28.044213557110087
74.31435773542705 70.47082959663254
94.02261666719328 5.584694740322549
84.7408833107865 14.917685086895816
83.82068755438719 15.124726086801754
92.99345693587797 6.395174012708282
89.78565199264148 96.51598264676642
54.22958553605308 50.41592556379062
47.724566368275575 5.197701451553738
73.33739797028436 99.44888785423653
71.37009818649346 24.27355024135145
27.366734355426935 63.9210974243722
35.76020651336573 45.24938426615017
37.567106069471265 39.66157772498775
46.697682614815506 38.11952120085651
40.937017094939506 16.336543826912518
74.22060411769098 4.534100161072541
8.234631096728329 83.63484437082917
92.41428091422507 52.957607215807
16.10017546270759 45.32389304329622
50.42609593342788 54.073532426749615
70.25544638971934 57.61094408086602
79.61337644114997 29.341063897575626
69.33721837916957 25.240221833801215
49.580259162269 47.668243255165876
92.18536152100884 52.68772796907055
88.18961773822951 26.70546088665704
21.436949804023662 91.54488956304172
48.39532647351259 24.81404956206683
79.61910230712171 11.191870484317645
47.48429690936917 66.65566264898284
67.14059980572063 95.20475812732683
21.160721806142945 13.13873498449758
50.739864104424036 92.12721814739055
57.49868020310345 51.805092085180206
23.030810928072665 3.4959282586361384
61.10309890486268 4.000108316169815
12.699272275434637 40.106355525343986
93.97246362614446 67.70143911304064
69.11859826467175 35.08541637875875
39.02029479854527 21.801430671149703
24.784946761702642 99.23412247908689
41.2997902158895 71.12933589726829
15.343921730033227 6.82122317652607
20.67572000933806 96.78228123520172
31.481224094173264 42.81613888100313
94.74248645360875 54.74759902988531
98.8596906294416 13.57803626256715
15.037887289783104 63.01587187310489
6.631605305647836 85.48067129659536
23.4071109820041 70.80811975323957
49.76841253865221 50.29821895411097
31.938741628157995 97.4506241554066
35.55955439960312 92.49594475887955
95.42081022425147 26.598615986440798
46.62998443325097 28.243042310973543
51.974748125712836 87.15454701016125
48.88588043186917 18.71304692374103
41.203311566817625 74.59384890636194
12.231872005759413 63.384214578626064
21.731689155000744 25.784343162600788
7.086063661837283 85.33452445760955
57.777059434740075 95.62459297820747
85.08333097555185 3.6388131134473145
64.96089898222952 0.6018462232117772
37.36522317751005 43.85471049201715
33.65678686269056 31.039476711898175
85.49666365047194 18.09723201987923
22.538702233914144 84.37784465826637
16.138514405769012 74.71656577220183
96.05675027897998 86.21808227175723
10.22510845258151 22.14607535627131
59.86313283673405 53.20428024566084
37.22646826526257 32.4824029996831
54.87609213631266 52.589009807782915
16.96494020787085 3.511036189917882
89.48951347951153 21.405939053084346
78.77852868571826 66.70386242310495
27.412360079391583 34.82713227412757
34.48243442409535 54.95398345863305
99.25312494067946 32.46805907614843
71.58625300858452 60.76382745495916
25.651244246681483 94.61342040957945
38.74421964057662 26.62576009418054
79.9813960471146 36.588180916726465
79.32164455295717 90.22433455068473
96.79242032403295 41.16385024599041
81.00314030898737 95.5847861776036
67.83004071229801 59.218215369665764
46.11332843820437 94.45184996443672
43.372310992500516 46.15849271292451
58.92369938121303 34.33016080341218
5.197551425986391 81.55107735788978
5.071556412389966 23.19493735707894
76.41811790503674 49.974866311878465
18.729983205552703 12.319366599033653
38.14730715560166 16.792056532194934
15.301981708775703 51.71042915885005
12.58090039940134 50.37693868305726
65.09508606866092 35.21234624326224
24.190074686809957 59.00503908325643
10.08560488553092 33.537809112962535
84.09148579096468 11.255142379777272
63.851381296854925 15.820357691738064
4.300998951397683 24.846793247571796
11.966155113525812 4.591978541051067
71.97747381825215 43.37220498524515
71.90038813434474 49.70906106849409
79.96021447681474 23.095685825698233
91.3656991124631 88.80405198501933
61.03909038984372 76.48169208529264
29.602901018323102 28.051948092668976
8.92960720804572 42.84301944718045
67.31750444811387 33.18498511402679
28.53671631259058 0.8222004720594311
93.56976985831484 18.53082078388293
74.73470951474235 29.080449561944842
46.61644172523089 19.992981454976324
71.35272991592059 80.61413488254186
17.371323231471592 3.252300409415576
39.02353323467638 60.861856866835694
21.983965114141157 99.75203447328707
84.38208306772688 6.500517083908641
68.82927781165232 76.54031174139386
52.55937873568413 90.55089450844763
8.117516278329884 62.93674268936223
78.98621706424267 24.398170499656715
57.97840130776919 48.490982330166396
26.546406690195635 23.26469519339982
10.586419233341271 62.1917340609476
0.0883952625672535 73.44917693064095
82.32586214661643 22.537870420315762
13.334792334850354 94.06687436740029
84.58701783134369 11.797729794852007
48.43814824897139 44.11649340992876
75.59399475567162 76.91260076837321
32.036339184802955 34.459262042285246
92.71204509968175 78.65272564122294
19.506509087802737 63.1397975942849
99.57635520920223 75.4104831101817
6.570936776940428 33.514999825078995
4.830042384247157 20.747225960855744
58.23082445438088 22.949967317330678
98.31809476424476 4.687060745922222
18.287560426210426 48.23624661183181
81.19312151029052 20.07470365247437
54.840082063149545 66.68417694128395
90.03011866087958 34.677664568379974
70.35114926295978 34.9292032180893
65.31000094767303 10.101189324671722
94.78643210981146 32.625648989868324
58.545181358628895 19.660414798471002
83.07393704871289 26.957384467644196
15.002321691586861 61.170190385081604
63.27930007384745 88.76978966981741
80.5370352281541 62.94068922095561
12.303250524229759 18.636008681523244
56.7378261660376 51.02052934784855
2.43188136703838 56.96927761291517
97.30755113426726 34.852767982763226
98.61797187231791 28.173518706543767
91.31910584219858 35.54401614623883
26.630096913809552 42.3131387527649
30.98639828352836 53.459901175783585
80.03887227076174 25.038360587995445
79.80660629478152 57.77866573071535
46.48223426954105 89.27310109167135
37.04876055518251 90.27596057155843
31.078519553192628 10.272340507417631
35.98469864250169 94.34821984066058
79.64097751844355 3.0528808929684237
45.767221677090554 8.700981331589318
53.43304825545474 29.989617905349576
55.19092462389212 85.0945674801675
96.40067846265725 45.84513366152603
78.12020683219995 95.50122525999272
59.25213871277772 39.71949636282599
28.93519180134605 38.94614494148772
69.98354965154331 62.56421527921783
15.557716378687125 83.86966124482875
96.18022535454256 39.16276673535768
1.2302796175983621 30.94964791297963
34.50736032848201 82.12025138088282
76.44026111777278 16.567675307562823
63.33871907820103 8.453753292439693
86.96861707669845 51.411415596984696
31.26519238671883 11.845341984456326
22.999791065655685 4.423375938052909
82.17334494318023 22.054356569300726
41.86120847127859 64.02434876508755
66.51179023830984 82.05229357218991
97.02620930118329 83.47798008449179
14.710323053799378 75.56209078515322
50.726832808289934 30.349160888058435
83.6385262572365 87.90885237419268
41.72915616760777 70.71525252181505
3.839559541224724 76.70090219214478
80.22127893839566 49.12157086234208
41.02002670900649 21.492795740040215
4.93725874123887 66.2918547636559
57.12292315955416 79.75899173314491
39.846734799638824 58.08467462138162
8.113113679879236 75.89115643798215
49.05895270737519 62.39790158146603
75.43711133267456 96.54384593054996
86.91885653685335 79.07663677139001
37.97256117528527 61.33976968638344
25.14330785287706 59.68265138923287
53.81495404811658 19.42763223857704
89.7774984420733 88.07794545504619
77.73821052895389 95.05846550755885
91.7825043436602 30.71767622591619
89.31531210742745 4.638951848459216
59.44255767848736 85.9260333857566
81.88657932148118 25.628455185423803
24.328556072505304 43.184094676134286
17.768534739510056 19.486797628859165
2.223385480463147 83.04014382924304
47.86939465947613 19.470864902978157
66.72497344799262 84.59884979790789
10.235080111560912 46.774098253640894
92.69965460285209 78.40895258258065
81.64181995282935 10.311075441174555
71.40305356398069 19.58211556656968
97.49864462910793 34.39735215903013
0.3502368580843518 66.93480211706115
89.46941169445961 41.02183456040325
70.48301279842491 81.08586986905257
4.32560348739881 0.2775492382531386
67.68946863399164 19.814479419241504
7.332866794114534 33.70998519296007
25.90391387096438 39.35741969491513
81.15022275799141 56.191580747689194
62.0025609009641 87.81903360071854
8.647763825412502 44.146007841325165
35.94576291808382 53.21710387414888
80.24544073382995 18.413449288389593
76.04389913715737 4.040529430027151
80.36397607079937 17.58894561156481
29.863159279029205 45.38811145152724
69.1867097746421 0.08569341375677109
24.667129340905714 35.27376270023434
25.293668654771583 82.15098138471126
38.518090747012245 55.52282250310514
35.36954473390723 61.08508813942879
31.729350700789063 23.515126068891167
30.45533097766264 61.255202533572906
94.6985195281607 54.54223119034953
4.146928253223381 49.48764560485055
51.66248896131762 23.585078066124133
52.172620268991565 58.151024752669954
56.476666501075144 47.75693383746922
40.829066362629995 81.60078939747561
93.44873133471967 43.50953622527065
27.025117562002542 17.515240429274947
38.2375889043133 61.35019148193106
81.82668244002853 1.1660532026405601
58.69890548329888 12.350020759599388
54.40019781521439 55.79521107397489
84.15665892339312 39.432912030267154
30.849784412972213 3.5597093605596264
44.90437060776116 9.87877017464822
64.80982075492821 33.774470182972706
73.90983183195195 64.14559440330814
90.09345240757318 48.904274535400205
48.665869918849914 18.02586378817925
11.70428584700014 74.43196280563906
22.36187939447096 4.2497348184485695
98.4645558258175 76.96663160282267
82.37665733105376 69.81392623453821
95.45443733714158 58.16813991268046
92.1352374323684 91.58161875796415
15.915082291226557 60.51822720491413
11.860519763832311 11.407731195962034
50.38034748657374 61.74763741143625
48.93703540823253 86.45250956728725
79.00969611542496 30.429815092891154
68.42274071844786 71.97947710729753
88.08726483074685 98.36334561192895
82.29867998991045 23.160290354758107
90.84209285530713 93.13031639453229
9.414035890387451 7.726940181023068
9.133205398625721 36.512091721184284
3.9656712290930596 9.786515420405738
19.502851302864688 66.22324436027893
61.05655563921051 69.76213901685782
63.82056154634124 88.7650180747231
48.1001558520145 73.60140939559803
83.82970947163395 81.7670555997942
79.0502361790312 74.90141487021738
17.472048547428475 63.96742607792216
34.05751013484628 32.141776246317754
71.04568631056046 69.3567481451727
71.07604484497101 88.20687612115337
13.807133924979365 4.976297215583458
10.074570531758841 92.60861840564529
2.65850325233814 18.604834651135715
29.993493341492837 32.946894818638924
58.02337487814005 8.850940863596058
20.81610089153545 83.03047375061124
28.66363101796545 92.59808413920723
12.950806636041001 21.17020899538349
41.942332037545604 98.67497528290876
8.572481135790632 18.458285496306726
8.207453311501167 63.150723014724285
78.76053686806695 94.23721985454188
0.14825392952779737 62.71889900089405
98.73843266174138 43.92283086280955
88.57913453779496 16.917545637996568
44.51485111493314 71.89357869849731
49.65746336258332 82.84951436321705
27.44719399617692 99.39810416181732
43.79590395002986 32.44284629510275
59.36096720414332 77.87905547775023
7.453151213874443 87.1944239024012
83.18440583425388 13.263915255586767
48.43398014092812 34.26436702363678
78.35070771957507 28.740355615705827
88.04349875494482 33.12677680904501
45.42409214279102 81.4803177575113
47.009625704460504 97.06857875706028
96.16390768554541 16.530641168488568
94.43423653257004 75.03543094958196
16.049377684462552 83.00804483113116
79.24701704158743 74.79948336882379
10.304427451015119 31.026931449890704
22.88571100185497 79.34422801364269
99.81032687160098 34.23596887506981
19.990631265024273 26.20661640272659
15.577122865628489 81.43259977657655
64.21284325527701 19.791739048481595
39.71474516306686 88.07240409200858
51.362599448339694 81.51794185037929
61.354061881751406 54.26146332158095
30.402407999520854 40.47740348481017
78.37773452906636 82.75001733396886
95.42035206939079 49.64847305361806
86.78463481053737 14.627991491090553
5.862904156309057 4.049381504522831
42.44863513653341 44.00539101385683
37.15340762254529 64.71053894569023
35.977736328848245 98.53771208179445
31.698680556379855 82.81033236558403
96.55923642232464 53.764971566287144
52.728389431862176 66.71892877168165
87.79581233012219 28.632074568478494
53.02052374186592 46.28644182382138
35.99255333663143 35.49705969722907
57.80488692342489 49.979637349663754
9.522722529635086 11.545056524663956
8.213905222194917 39.38234516583932
62.482530199726625 39.51778438848979
23.221184203084366 79.97209996997326
12.859692826499103 36.15696945755129
11.295044672253374 97.14801795348991
0.8920099558468619 74.80513764306743
29.776935680344717 39.596775427144216
70.45915688451596 99.7876950136069
18.449375160592663 57.20299108560722
43.10444253054961 4.1166496387488705
39.078427733952694 62.80890281293925
62.62531817300145 23.305018447931957
80.60892792784212 76.08881788592376
8.101922505653425 12.549056065963548
71.9481373384915 7.030495074198884
96.78344421116125 5.855572939951359
49.76311017284885 91.20773280944057
33.03736027402573 52.604760274775316
41.03181198753643 62.53473747912508
24.70261237699294 99.4387929861453
99.00985320585514 78.67625454123339
0.3808214652218922 97.950851799007
92.10698594905146 87.71280596024525
16.198977254191902 33.58846214256697
11.029482074243525 6.890492407136928
69.59433608329412 18.759055760421028
5.220632853249763 84.10804226749542
89.39615585489963 10.119652506675504
68.75257892742891 83.34399233341428
67.00367380129961 91.38445101573012
89.38102396737023 50.47119821728372
70.81345821252685 46.974518029230936
52.10272935714298 80.563292018173
71.08270852150562 22.38633472776419
61.15913991927544 16.9401270417318
46.70725310902502 31.584296954153324
25.561520849795084 69.4791642040662
32.67798864599267 13.23314351932996
58.6147173377003 18.878508664365
85.34510342463619 9.237989406718228
10.00193195410446 1.2209713917377352
24.937971866579247 35.54935362557161
90.93797048627039 56.31162716832201
22.290567528010442 7.788817087684552
72.82373574225538 39.11858521550477
21.38767940252371 92.7157378015028
64.84866761391636 17.375682085856404
91.14802684419743 25.34262402502918
72.31011415215227 50.292768645153416
39.31299757126949 75.4389181056463
26.210743744572174 79.55834686668275
23.631909547713548 53.22301149734648
58.41003700189673 73.64639144298695
30.958451404183474 69.2502775935361
10.591683278961806 71.2901959187796
89.51469369098142 40.51143312482617
2.8304694818907183 30.58711964887142
96.47956144489609 94.34995068634598
3.613942713057705 18.67767163066585
44.21805781645012 97.30850249628634
85.87132306869123 0.4101000089502316
15.098215603859998 88.32877694054456
70.21514825711135 93.51222600731602
3.77720812835054 8.21284445111452
3.246933673303487 7.671102109413153
63.56874656006419 13.699393570139474
74.46622662573085 18.336593114559175
38.30546155750143 45.24369094019791
76.92054517740672 65.03733007085238
32.18591660208227 68.43832373407537
37.43286120834968 5.678884173800403
64.05988412038268 4.945093810944923
7.577666166475883 2.900797120259946
84.06340513091455 45.39591507086722
0.12269106023297116 14.095726959289202
68.51411248789006 10.818283451755772
13.929549450081513 85.25902229469115
1.6172701723570215 63.16701430359684
36.159620148728266 7.2279525340230855
21.978651751967227 62.57962296935429
53.080466446960074 52.02317526725484
95.64647479148616 48.20914597318671
57.4684081685245 14.900889549483253
15.57861644321823 18.720442827620886
51.09785591366966 71.85100783564025
46.7057006538681 69.83711840899522
56.62395731895244 25.35316910967773
30.860853933201525 12.473718600327754
79.12090797433432 97.55716119727273
26.029547369924423 57.13652535410731
44.07654292094667 96.59241967136177
31.642411308497632 0.9011848038687154
80.57688793968512 26.469940875627795
35.668064863070235 46.068418658679214
8.746873162564972 10.644972872204361
60.952259657610064 32.90931948823659
72.25053802020203 99.10272165964058
2.2743552258680744 44.71575469745479
35.119756855541915 26.6996315209725
39.15031626442569 54.825365733199696
8.428887275859864 22.89931646709089
52.04026390450511 25.043611231697337
81.62876059630992 48.866330771852674
68.07110381616222 42.105542050178116
34.2153340282257 30.46003766374121
15.051618551922585 57.512113324676605
37.742239393181976 31.78289671783354
6.531696695678102 77.99602703476063
14.260896228048448 9.689013617916098
10.539242830271945 12.891728024082227
91.52689851460116 47.39418598487861
42.84639857102726 73.08678114767622
93.70454247135514 65.16049780000041
91.15910201252998 76.9059661752189
66.32599870488053 68.72108721940957
51.48241577136066 40.33540470045403
69.08685490639942 26.093567993511545
51.738988221680195 21.17550076351391
25.601164725373906 71.70648350771509
18.282847867874132 26.01918458800252
7.792529691403893 79.09687176340154
65.85745238637175 91.71436645073871
74.85497794957861 99.57199770815721
29.54084070405041 47.45627456626029
92.01533057922231 17.230527766411253
15.831449501564565 67.15364274332242
85.48883981763645 32.07146193447219
45.43947399066444 51.786597090161514
8.001344682571032 55.463807654708845
34.1381543567723 54.770681043754685
26.063810602413874 2.831613965865798
50.25693958161747 24.672501567416294
84.8999342237254 7.077142479371368
50.689058733025604 53.79352077552395
86.20966666821768 32.62029392922787
96.86100545670064 67.57748917861028
53.33683175124244 5.1042514823879115
82.13200904904116 75.85634456550494
29.80752068387529 74.06606379923346
52.02184024635474 85.41110717867912
70.29784496541747 10.570264922460314
8.867902888989487 8.550216126014497
89.9723173657178 58.773555398768586
36.78563731349613 95.976104197717
97.30526953712035 13.057154783661694
6.849328352980866 21.06802280259017
42.740367635133005 40.990048037513695
46.018337743931134 72.14894770062877
59.70494345199664 97.19640497644582
74.59247548148728 24.116268046748935
67.63077505042041 44.839019386483315
98.94451244191127 1.5923607397275497
83.60823302356309 37.49050711656772
28.547575221938338 34.00906381151758
67.32443794813324 41.09870929120192
47.29869837878968 94.38923035012003
29.180061423164737 23.04066571338339
40.895716903309754 54.155186450729744
16.754836462073254 46.10577036981074
58.480060938043636 24.428789865129175
50.44146104489411 36.272404580114646
67.09748390199867 52.86358764843959
75.41965081802515 7.27782592211581
45.9374559863647 40.04596318054505
44.408070142900115 11.053485386568962
7.129722825206231 14.70744776070716
16.364829324714634 63.028746485559495
2.9660477047895872 81.067746171954
95.84517693851191 66.36535436786318
44.96951142130927 88.11384455134142
57.81468640057157 87.28227417299001
33.11275053894052 6.415046235376121
58.87238057677491 98.24693049111828
70.21613776334038 66.44355194736755
48.65886501660768 44.33536175040258
87.63848520260784 48.20202544895238
81.43009254330624 98.51374535864326
72.03438176694827 82.56225265694735
46.769894546403364 98.47571998230707
68.95556675201438 84.10587532338893
96.86417775213229 43.52232429903451
35.2663348059302 33.811343518021175
34.96642478746814 28.459053866266416
47.980243789890984 53.53045379840455
7.202990213281946 17.216651778330274
20.841694086103324 48.27326184564864
30.91844780947479 81.9538463179755
78.37713790467338 99.91539333295371
41.42277075489118 11.051952192582082
57.76263751663275 16.937351175123226
80.77702855620781 51.401670857473135
61.35558088184507 56.4039717836905
71.80483764078187 34.96941135398581
70.9120387062448 65.61837800068528
57.770822142605404 31.379897647891685
80.18053997779377 96.31671258032266
99.1250608084494 57.20252300613904
64.51107300657239 58.36757542658142
68.91224791458363 41.05867926403699
88.3010609753719 68.82753348134412
63.677391893848956 64.54403954580022
27.245878637902333 94.80628249563343
88.5759356842498 75.271768686872
14.942358995906257 84.08551851281361
5.591783248986171 19.149421395703392
93.52590126469038 86.6785513691438
9.23023574305699 7.101476510811833
74.7920626706967 61.93279885316725
49.78083970237357 11.557344414238191
85.11254315770567 97.18768889541121
52.40233492752353 57.9229935643246
8.216632820802827 4.0810577762286915
51.59372202287689 91.21561312305109
23.430138721493353 24.808254589954217
81.21020534446082 37.74720942779919
15.818953398420078 22.49600463335797
73.62076453385443 90.98493479045193
30.86341471539875 51.88406935357028
36.8727699255117 15.972451162316116
87.59558013319587 29.27323102483699
60.692071901324 57.61679801577888
41.99724240490148 48.63706497225262
18.260611697248752 89.14376865546554
98.97027469528412 41.376474438026364
85.95995072566708 82.81842426644394
39.142753614981295 98.64190926278754
28.843473653431474 47.17281316101474
15.903711739733462 28.793102363408153
