430
1 3
20.044095179425714 18.453917431858358
93.94498425635602 63.08788167069761
91.6033572148871 65.84706815253352
66.33570489416694 58.51611671874601
40.30702238680082 96.43054694052984
92.32589744349218 64.5569988172364
69.00297406658433 4.662988202368923
97.59011181060006 53.65757868941976
73.57989024935539 53.66761172079089
47.60310982035916 78.14972745280942
27.242972059794866 41.31726566183316
65.5664883788273 10.357560374270335
26.746630007478345 61.69875234900148
24.616698963987172 82.91781659608513
29.467668019741055 47.317541977893725
41.94690252821738 21.405916722124417
69.54574757554191 81.58771062341303
15.335547740422118 97.37745191108186
47.218153588833054 76.58068734953984
68.78927022071157 54.64269332856384
40.2591335003901 15.36596118750495
90.23998352391322 18.165552493618442
12.054590266351006 99.886815579059
99.26684338640794 68.6443828756994
22.317455140112298 53.20517053529643
13.397642653184105 60.7988850408143
37.42489830499067 53.43130414436386
78.5147709011007 40.29303729047622
44.9061382484838 12.904954646634415
2.6577497747793055 21.035241269955574
97.66523347487146 69.26820678362324
11.355649027780213 35.461975306618875
60.92141626354093 91.09251029332299
82.57819168496434 12.847935985754422
77.1671307189626 97.31009523941214
29.694152447943267 72.22257487831418
59.17642189835362 21.946213940830496
52.121740076220746 71.34358658592153
51.09186415887479 1.9667863517432993
7.820715811705781 31.650837471062655
69.55381546904658 51.75234274884386
45.67325159835933 2.777827422139678
6.778446113623748 3.2824056544367153
14.979885983511654 55.30142233874806
71.51234875684862 36.71339747594953
64.351202837797 80.43826931881826
77.99289462370307 47.30562841709143
12.923878327333327 35.87322570279294
45.74174286954158 46.880752164155325
80.75311577822566 84.96438550268239
28.17634319259492 9.886291290746119
11.08687279108398 36.78401937424296
49.640761257032736 29.34488688451855
88.40485218374796 46.81825992205238
10.794199888447874 5.710040327781063
17.166713395041832 14.84569730773957
32.90979332067971 50.35002809015181
17.696237654341296 19.14232371680371
5.8660445033104525 3.3875719828453166
87.51595016253037 35.05888433592945
6.769954445659199 31.647633696529454
42.760607044970534 85.57529405192423
74.71947853296889 43.632345629052494
61.47126410932828 83.74118006429939
90.98173772530491 76.20098588492897
59.466640854264455 10.959449131179788
73.77343891105943 26.630033271588683
67.03169744023685 6.717062089950954
37.34344545614561 9.912849601390427
17.724036643058994 61.07806683420367
47.67200883404221 21.80595397818541
12.251502498250645 20.4314901470231
91.96136786589508 74.19957922001134
7.268413770787352 17.954641871611777
8.297973619314615 15.806216158480213
84.20576617611101 37.20047580098078
72.90526893034077 45.59665206034198
42.6154547921807 47.68107505122838
90.11523377403911 29.835952129491016
27.29489778156755 45.876928190236676
69.43830855818847 82.4565518932607
59.912165158848985 19.792403926166322
36.32770580774623 43.849084437491605
54.47200609669105 86.35196674375416
57.49862586895824 38.83106854400216
4.061795738153751 76.04959552339687
42.94488439229036 72.80102604825345
55.698218731140734 27.018887460671802
4.972119287324106 91.30857184911672
98.79464434541146 27.777809630491102
97.97044411948661 16.542272683338698
41.64171002143229 70.4912082737835
5.08443412353794 94.82968573773749
49.28041061869819 34.038595059680055
63.952576561746845 80.01406417985153
54.826875638239336 51.38399251790062
38.42899904652093 72.6481347324033
63.91800979735298 30.282835153221853
5.4619851557481836 84.13277154212146
30.348165991380437 81.55912775996337
83.29575457548603 57.513132841377576
27.29361720238652 19.354948654541527
99.13177518390673 93.67433530099056
34.38382430740086 6.1933345027086695
12.406437148612227 10.171491102181918
13.994848306758367 18.452814027664566
72.18574958153248 86.83084013852805
1.1557798706617106 62.67487062751738
86.58492592353066 84.10049852845638
63.23305363618354 27.725402791712806
38.52276009722071 19.610588754998084
24.136075901866793 35.48947854635496
34.985681041611414 95.95995206002041
39.11543753029305 78.26156392160708
29.480943679727424 50.41825356489839
19.42558759394586 0.3783736274908467
68.9697745463831 51.11262281061508
46.99710311403624 29.223387772505948
88.53297828154905 56.37443568916085
32.71346158545616 38.06462221008711
82.40332731017605 51.10868312316015
13.743385986843037 77.27394426638014
14.533275684101344 56.632120027025735
60.25648664418739 43.64542457388338
56.822707527950115 6.492124675096922
47.616350054460675 80.64866565645879
18.83553184956126 8.891687981762164
52.21389759094808 50.859873787446475
19.952975415136986 64.13590639077466
24.895831968940385 88.39614742203543
46.52018933876747 16.177572480524027
29.58153457519732 83.16518217477255
7.40650829123799 24.51252749624495
4.165969844987449 96.99500907111714
40.76853413877619 21.33814173539419
5.422585117415224 26.18955135447587
55.99704221638579 19.915962483103698
84.46869649500101 82.5873911297459
68.05528404949581 88.79345051979637
13.120452565631325 20.497167642417935
20.390358375011086 30.725114562639533
96.57016690768685 8.552230608522638
9.949502958531408 19.775011475694182
76.30560748388702 96.37302481911543
40.07068613196827 61.10280478199057
45.749070378333315 49.09695521353778
88.73699903117411 93.7715800848594
9.829866650777607 33.07009768460895
52.654854292964814 96.44352261191929
97.31306890319789 97.02376727928656
22.172480733266276 2.6872513609186077
33.55373291685857 64.11724451524157
69.39648964432685 86.97431166755696
62.89458357654885 13.939871515256353
10.556321961091776 55.403131647928646
55.43533354894328 98.325875403048
94.44055851020525 45.79092932830904
80.22204318692616 77.23367886294619
96.46314453605542 87.84624790578637
19.204313136654715 25.45595469123485
37.033563558496255 70.30303277125081
75.86902972521071 42.679786036573695
22.25354393021517 25.2125134597758
92.37454951934558 27.43231413979168
87.63127912893212 21.258006657692242
60.32789785605139 59.63675899779519
59.157554216529576 1.3385813541151537
77.60615142081097 37.52123636766105
66.02269722532206 77.20082934025223
87.64044254226673 70.47684655848798
89.02125623260113 55.162969809868926
52.9831506556167 52.18616152265601
3.3386036083740134 43.768404847821515
23.36928869047279 72.41148070160037
41.56261318403685 95.01899363625019
90.77387873429572 19.894427147129832
9.76354869469307 17.428578659826655
57.171245630967114 79.85604395406614
21.417743488192965 37.2884018627446
0.13806163144127748 73.03850192116963
95.53052575196696 3.5143262883981174
53.30937718337272 33.17870561796337
91.42668952909749 31.83650428858058
91.3154974355761 31.481798637888136
24.408327256922547 37.8347368997046
53.14401282436882 49.09617622904645
74.40088569075141 42.281465423944844
9.327257024945833 56.53449575285088
56.03750908835787 31.819771250229344
53.25484461274266 60.182103436314826
92.85460532071919 99.61365424062099
99.01167149524572 43.82707936260608
72.23844010147833 69.57597139653913
48.19601063898538 55.12546392387132
64.46451237252413 70.76455201057883
73.33846992309181 50.091600159956286
84.73508401331615 14.58372261074472
46.46813670051153 63.74875257763524
54.81598183104579 0.86667038144006
77.7652080272582 91.73693158258531
98.53539950064464 52.461510582532696
93.89680076000322 37.9575281202259
9.465127564982389 49.352190315459744
32.279292828496395 93.67319553626304
65.9158207086117 5.713336748684306
92.339869932729 72.7036755988904
60.2194684081186 40.005367645626855
84.55903654986952 35.86751443007978
13.311586106741991 62.02513422835554
36.059790096630586 15.567116868845044
91.88841415710031 62.627975333596744
44.86305804871628 49.1087476226101
95.84203454644195 18.19881764064435
16.572421464858312 41.816896478016986
1.442099284562115 78.7404034659138
90.77289544777204 47.39520449189853
62.58042718879302 53.94589123595883
5.980004421475127 84.67133895004457
95.7968601129263 16.276544240111868
7.8662203222870986 5.317197561749665
10.285746968938003 77.1031038813171
55.33807104512902 26.177236361389046
26.988454581270993 97.11011972047568
74.09365306383897 64.77984295227826
17.569050050561863 1.3752786997438093
77.71783988479174 33.65449372537559
30.56619408679797 94.73996027125162
22.381740859803223 69.07755959431978
60.54111739150221 78.02726340528143
40.176977393846755 13.583531996718644
73.32929937146733 5.65488527868494
60.6649309338724 11.090920852185082
48.50467867163728 76.00780649021395
5.560934988256161 83.73120574049966
67.9676204088964 66.16869480211574
33.95399733277122 53.44247798380126
73.2277616005833 87.84441063371679
6.586329296562532 9.24403982007782
95.32258232621827 73.99130027396261
33.75199907845739 88.68108387091537
69.30191040537792 76.54438163826829
94.35192099356371 2.246065038325251
50.35832875075859 1.9238779890246027
19.391512103262553 85.14255487562468
75.46592141382563 86.71788370063922
87.47210928133731 94.9076262336892
93.0515504455249 55.98346067425748
36.26577803538249 25.03425905061203
76.8778687347871 58.26111662549744
19.042107626339046 8.05121056657907
88.74586022992008 83.56597499909188
31.61354302654511 68.82532578665761
22.957671568509387 68.75375742587583
11.160836016576848 97.01403151758328
2.47522859349798 25.39042543764809
10.147982717280568 77.89601205861563
9.163587989925448 17.957816986174493
92.62090144184015 85.2625405817708
71.82200221383697 39.78728677581156
12.431001417716846 38.69275234157299
84.76624993983475 89.94305361181931
6.360779442436804 13.143332281581376
63.22019472227436 70.29133198641269
47.15389087496795 77.78719627224768
11.053450907012197 3.943377047366159
78.97211005808684 66.10503166651544
53.84208860436921 20.691993666347575
67.03715758417168 79.47387451160479
24.940554931159497 16.14886891334102
2.2157857685292326 45.367861054051886
38.082862962674845 72.44353963616636
6.009648110858068 60.588753350385424
99.15908508656568 90.33553290183723
13.719691629232834 40.28612683452364
75.36783811496927 37.07930851981227
47.69948292572883 77.65547632339309
54.88394349957335 55.647448202766434
55.66443490312765 82.99772306758251
37.75697616382292 29.150339065433208
30.840007942179426 58.458986882844144
58.95671755774499 32.9200752801676
2.020623898124363 46.78560670225092
98.59630029593023 91.13918869120272
77.12570276404736 5.604010891900479
99.37952444299462 31.942307487426014
88.50568603514182 6.980115933577502
28.863999260794017 27.176074324963807
79.45103390880507 90.08807283116431
95.04363117782724 68.79449970402067
7.124997858906523 18.507222973260617
54.042874064799484 49.86513805258954
28.703570275408154 22.171675220972986
24.23447879119629 65.65747479218645
68.37213397781542 72.99809185877537
91.1346532543345 4.4967559706106774
2.8767969086116008 5.865880611509278
58.78084956837155 81.79161749152996
3.5761339531943825 43.71030782537919
78.17544108888217 31.4026028100155
60.83200055402498 97.86860363112682
4.871721483741509 87.94757101628635
5.513855027143455 77.82691235702526
86.25244056235559 27.867017081385235
6.576308566641287 11.570305423300375
79.9649003073013 7.891583776356792
74.53750328222672 8.948276293722879
2.3013896118084354 87.7164518539117
56.847019541796115 28.054005580478414
56.26273334546781 98.03150881362149
12.85876259766885 74.86704413945311
97.77030443500809 35.65491090985382
55.55605586362775 63.290412186795834
75.28356615868628 16.304534989521933
43.72534034829938 88.13913629649825
23.12521334233861 35.34651969096871
75.64794081288721 19.86721143729129
54.88781177199689 55.1042880065582
77.00609938923961 90.39201923940252
41.66542905426978 3.5156187518968096
40.400138874568505 29.89750361114765
74.58428135040684 53.33649210697193
66.52767239439406 15.330851781999177
11.493291046446297 11.650456384186448
25.692759046349533 30.301683662252586
18.80342611266219 61.4567880498585
32.3342169631581 81.22179997905883
46.727277034467704 28.24002376328543
76.72376537238502 11.818887517209786
79.07961520544895 21.383359522646295
40.8990412597436 91.64698995951946
81.3320541250799 44.42603468977848
37.55914313729036 96.98518207027216
20.80760526307863 21.06174319275709
15.444205398074118 38.78747689836999
84.86671945737592 59.13281218420461
86.79037344993843 54.67331694990938
46.458805165148995 24.60395031280531
73.35082780818209 15.004487363027042
79.141703992394 85.74079003949822
4.4957227098342045 86.73390041315834
18.08099493068893 51.27553097286848
96.47349928270006 36.54052757762023
45.66955135530839 92.40615616890923
60.641282865701896 54.17211912783435
75.78152880580747 37.28685487363648
77.82675136152275 20.689483993278124
75.8863519122558 35.846727962833235
67.69351889015611 43.98342373311732
58.66141647337626 38.394756750445765
73.66339086621672 84.29752630687747
65.87153328045714 69.49298223342046
56.282346482842186 59.81800826032968
24.708748240948886 98.13474731639396
66.68644452475509 80.92591881908587
9.865031398028679 31.61012719166809
72.70969823803159 50.729274764285435
9.928752413880604 70.98822921780882
70.16969032918874 85.48338743391102
44.108656680887435 74.72126098707272
32.863757184848794 52.54513285399993
83.30703091638243 80.15990141361094
24.436718813513856 47.41405136763015
69.96282204077227 88.34952354033028
18.823839145650133 8.718685302264895
53.84243835422433 83.4414672849721
60.71105774791272 48.165884611539724
17.17137185700748 0.06151808608163556
14.694545035865382 43.69553769598522
81.92619248868584 63.80913949983269
15.759082377397782 90.39080070934847
9.46908842158991 16.055726856396646
74.57922800974161 7.42969967730347
87.16827072478415 66.73325688502807
25.88579343682811 3.1763431015637167
25.17047154930929 95.43918288808912
88.9601047246907 29.262676009083567
35.64253223934142 78.13286691796442
63.51439798769829 27.0983475856309
31.890832823135852 98.86922967528136
36.18022348055947 2.233607046139241
27.41614745745067 4.744750200653081
51.4471869335555 81.47857281429671
50.817336923654196 41.67877241614004
96.09822884365128 14.28581049954849
6.207403395784206 96.19783540670528
45.83432923936306 61.465171511795226
65.69232464838785 44.17973171604994
80.55742745218433 81.46239771987354
14.555205208487298 36.39836358857056
42.56885545796256 1.8669903500050378
65.90691491520147 13.2280856281924
49.19822628204968 9.777065583043454
12.761962876863219 56.155189301789
54.93741204089319 97.03962731585227
55.870226861527314 94.05670075226679
47.47808378420895 66.68477974541871
50.141228453290296 17.824453562753906
7.310864831957575 31.662407740158137
23.651306765370215 37.7675397572314
44.419664209431886 34.564779501985065
84.98782181609894 18.498185809410472
61.2247051450647 37.55070137700345
11.15072481518007 23.38872346938503
36.50198503611251 74.47586475204213
67.10794110900204 49.208508723245004
41.30652505186201 6.210416371303573
72.61585751385553 20.76280222951612
78.4292033215505 98.69560072773645
10.233535593603161 88.34874051871996
26.093542400676228 45.6049076988057
4.02861107266852 64.35054182167437
65.08429934732958 45.44261696470158
7.63560085483479 52.72211652084664
82.65801449801798 81.69291564783407
22.760935528403703 76.29244886667044
1.6252427089350263 48.83546309081714
19.639213674309765 84.97447402738612
84.87132679054442 53.37444229256798
98.84526380641086 11.383127343445532
40.13601817647918 57.09953642066665
82.60663495608758 93.85662160583405
92.58665955688659 72.51196188652544
78.84667085053208 12.76015573769891
92.03106107210073 42.93165349628589
13.603069798911882 7.661462967959665
85.15604873887388 24.220620178413487
89.99302690617598 82.46050039857789
84.26736944713171 72.22126546288361
73.31548106533793 41.988060436132834
57.63828410518648 83.74313402287731
