580
1 3
26.86100681070458 52.93445576099425
42.4194474328474 10.948306035795309
13.015998672619755 53.56394587134206
13.973198699992718 24.339769587458647
8.175600237045044 9.14862782950394
61.65198994426269 28.542561656695664
74.20667814806046 68.0900791668336
72.63598228028907 87.47333699215274
47.256961431959766 47.194692122487304
42.29388072693858 80.84564657237341
71.18374941243735 26.010990234292407
8.945980502574912 50.33179192150017
67.47303999026491 62.65358335634561
62.00738847576326 78.45302592896286
64.3440319310598 12.771743905133604
42.00154751139162 44.256111105613826
56.155424354225424 86.59501733157273
9.24588656612777 85.05176750089606
69.14487704853045 10.907986448244799
89.9869682577673 91.534742550005
92.41026820684755 56.54895461965906
39.03870388930262 61.58054797452313
57.61472121056646 70.55082500376946
87.89608953903341 54.455014350865994
31.72765200089007 2.0071544155411125
77.02048671354574 49.56652585486327
28.084944128370903 86.47710436587477
95.0350717236589 73.64427234469935
4.723323926980982 58.06740522195175
14.19989306984597 41.398550534847864
69.21715593189492 28.96059469987502
76.4923780618658 86.5734508785619
9.366838312928682 91.29559063712667
78.08264064713397 79.89659566027612
70.79450154359712 70.970666784783
9.66572583278602 86.59047872473016
1.2287769452651975 31.536538300314664
94.45209714349485 31.786610521067104
95.27830214438015 70.59266872516838
52.38854781071092 5.703015693335756
66.53205319025241 30.101346611317915
47.99853152704576 33.05058618423542
82.5667036747586 41.39665777637971
49.19800466725142 85.1077056365102
70.14984365522305 46.741061371450755
87.02103678366169 60.29202453646045
42.449798841426414 63.995616891219534
55.99175233145996 83.85787594115288
3.7946349918897004 28.754971604158143
28.208609496568137 77.20786401959201
94.1016871350642 38.97536777678712
45.96656626309308 70.72658765151675
48.821782700693284 97.84158492492953
20.2122061633766 36.90520634281638
4.73027920392437 65.77083360719786
47.42269579180323 59.49248452618028
52.61196480834709 95.35466601185945
55.39022001395784 52.27643676494764
73.9624578654148 45.20796153754387
57.6890141745952 82.32399637987429
86.97120566036864 72.42076917727599
82.85015778986045 13.805558945511965
89.67849335358196 31.66212928329668
85.3654007722182 18.588812950494038
49.73166857055291 6.427395523379675
93.15454931054201 54.21125219344481
66.70770784711534 72.34364557143293
5.489719997799991 80.99922488983545
60.30601927381816 61.82037410079817
33.967719053088686 61.335780913119045
27.43696004884044 8.618949144758625
30.11326070948137 31.12612564839703
78.26069891081364 16.2465609421095
91.1371695041514 64.31283724858292
49.745417677910076 35.813603986221
60.34285859496442 99.35405705101718
94.14702803246678 64.46746537949248
91.29793062737279 34.26560918090429
91.60859064465924 66.68812483933837
44.799518030226146 21.430849361465178
96.14945277984566 72.64083664548211
3.2012214163701147 85.97625967738074
29.44423703575132 6.301982502490078
24.093825603353515 46.621206538002056
53.771157790966086 61.82660536039628
37.04224762618822 36.26067857113724
61.77831509056626 64.50029730586084
72.17699989935352 95.2754106558964
10.322491766170995 54.53168737156988
19.59025496384472 74.22658372064093
10.441571553441475 58.50559404917628
21.74878738573436 72.61741220361388
62.436399455813365 49.39575973170738
80.58199495093143 27.263966550391206
54.9436642325998 96.83688501819138
56.8800630431807 27.781338188135194
61.254096905718505 71.70338209776077
69.15603358235249 86.6231134108053
2.014507761082185 28.92212696700549
83.5169109506857 71.14482599430917
59.6167074279911 59.37932960290419
44.765230853032236 11.19054340579364
44.22126014162811 44.47737095045397
24.214199721464524 11.849302464640044
3.1452973483987456 75.74436652510721
8.67675005226518 36.737103361332245
32.02924754712839 44.63357341068419
48.07852170033882 83.52845615335747
55.81761265345848 78.53887232827759
46.882302235374084 64.81376081046047
55.93922330615333 52.3398103396526
8.454651639110477 66.62284203884023
44.58238644239862 93.13406402320179
0.906334159674671 4.504989233823475
67.24010444598716 36.28722848112418
4.650593839050976 39.04576713884753
86.00703753784526 3.139298590503725
95.97979247872439 62.06246205548489
34.064597857145486 22.936479697338854
84.8662204230761 35.693678084190154
84.21860098463256 76.70185643764786
42.03333423596987 92.11757991127725
73.61039489576511 9.363666642124823
82.0118102321016 3.0032707743306686
49.96333422109724 13.266423566582187
79.743013514957 55.69087158234496
99.2349021142573 94.2704183308661
55.84821431980216 56.81100561421093
16.045998761841428 64.61158354837661
21.25081623895413 1.2234749180196403
98.69047890472014 58.38194931374963
16.363530225774483 83.92163004833924
16.00429583923997 43.47284222318972
61.98556317946573 14.263900293628783
80.57545047247758 93.92525155773319
10.376189040041982 7.709987406783614
45.913933171787804 8.120354767495508
64.55160058044945 6.951233590478778
45.87830001426343 10.059393009195649
97.4462299252276 81.07611348629418
20.154615983364256 66.91622558222305
51.66890920887462 97.43186079482807
98.9777959538431 48.84397618033154
8.566295352466359 73.69398723143725
81.28329815928078 5.351575288700072
64.150460436924 11.808731373495384
0.867842065595803 85.23710274112734
80.03856816581563 36.87715043533417
88.06219634542585 1.5966751538359913
46.60585052558728 28.809389662281927
56.34168705302327 58.42559919855499
25.746897485940945 97.0370254397535
71.60166891797356 68.21403769583559
48.65788129413333 10.769960933463496
99.05603099712104 38.29141796487956
30.568525018703486 44.04805722966651
99.74681508245975 95.23432728706528
54.4007170089768 53.69923148375162
79.08206987783768 70.09772273554941
28.905794778034277 94.32307451569967
62.56160140854157 14.675753726136364
90.2223564312337 69.31333418530996
39.68255445952158 57.89141336763095
24.66091719701675 35.672801464653084
70.75218899052823 23.367035116020652
36.519750923893724 77.93385976916439
41.42374243247511 8.521650547299831
32.37390558574891 12.597485295210276
96.28774665275539 45.639835260886954
35.08572467897111 68.36491282995777
96.09109374644054 86.9882783943574
10.092826478128458 83.9988270015076
99.8131335913752 73.45658858857797
73.89519039875525 2.9822374723120992
96.6800904286264 48.87624466304747
94.76956155967686 48.70974561124506
20.748131370050338 56.414386807508386
34.00419060652637 34.89430898396711
1.8857393629297503 29.11793800639144
52.42963036139581 10.93396907159645
38.477861989738614 93.65957165806533
27.464260992382062 76.0624099228625
72.3320655050536 52.594884041685354
22.157809368744875 94.35217123865856
78.70573298005503 33.846381627837886
54.91894063430143 69.94747230718134
41.69888684806124 34.836542128673976
21.20008546017329 64.1609418497734
23.628540784152285 38.01627866768775
40.2482958175469 31.170280160846396
94.67500548252315 16.68219642427875
55.919584680967496 58.389126000521266
11.758712295568152 26.34645197465901
79.91209175601794 81.76894910510977
70.00747152287812 85.57780501074575
24.206954107006638 66.53692720358136
43.39740067100735 99.30703334581024
65.13738681624179 99.54716902477149
81.86204208867431 81.73200438476202
80.17834199825037 12.525949594187779
48.535244780681765 65.2592316488488
89.39938668591626 7.98896924174779
70.85758625445804 33.52927291209724
3.2466206931221597 18.585193897211916
79.15682344691373 3.8537553746489595
10.234949965573591 57.592614900203685
90.64815211792465 42.122083538185294
89.49929500958633 81.40530259913452
42.948273377863025 75.07900430681609
16.004330185916228 47.382562367557846
47.52368019786548 20.808283223165347
78.07108482118763 69.80745477155823
57.46623026814306 9.307203008426601
86.34474553215642 9.994561504851385
63.19021673182617 43.90631361501218
57.003790192016204 85.2339079779163
75.7589062019191 8.217632934092478
49.346565785123154 26.96863812873871
90.28431660389337 60.28850381989863
64.5234440839382 27.536410528379673
46.04050766190433 53.92913706341454
48.13080451576508 25.399436351645367
44.615906088675914 24.665942356210778
45.47692296009396 46.028499591084504
29.47260825357574 3.179591520248204
54.71711984296201 45.34011587339808
25.402160280499196 86.29369571334178
30.497620065738552 58.60354240188597
17.091530578421278 81.30001453866238
83.50566481412527 30.41814476977418
81.69898731776325 93.56325313182279
29.039682656593225 89.19438874230477
75.28824924034933 75.39612488656313
50.06742059309466 81.64429607025534
44.816021498042936 8.123259782525661
21.74071122607353 87.50658222438565
79.2732256898775 97.18190368444304
83.35918148256721 84.5810194095943
86.50248110551044 83.27257693183543
96.99789153652607 0.07812399068716225
60.42055511384119 2.6083663565845683
85.01841681461242 3.731246805507138
68.41038836900573 83.65727531621958
1.1719210796343082 49.08114417715546
80.27988579856031 34.55445374724151
24.075923671995312 17.90760335217554
43.69199625665825 96.02691896233846
28.04709506333476 75.50848565391462
76.63821887595121 1.8783466556110184
27.845781304767847 22.686846771272773
69.89243749613361 5.707655198589068
43.62832569940096 94.84313610099431
53.68319239203538 52.43414425372397
55.597855153634754 13.060954356198252
52.20704445848527 91.59324587700812
46.22008746175182 18.909464530832597
37.446013808477474 19.329009752207348
7.945344740353932 77.54478653671524
22.075918319688626 91.59025427103921
79.47721940178043 42.59387937505208
50.22022402591488 11.441766478755788
68.42269497016564 97.89265139266476
2.016008221701071 32.58597224890334
99.8912772782862 63.67258185160567
2.6699220908473986 87.71308826303286
32.63632485585688 36.98329155727607
37.32865422821314 38.32235023867974
78.91025693399204 89.05367742078138
81.90121647961412 69.85247667195966
91.55678840384105 22.238364637078423
1.1916112936154022 44.975867826405505
18.077048516830764 75.11780785199875
94.41477320508768 76.6996680476924
55.64834791462596 69.09378385561169
94.45613260431855 67.05707184098915
79.84028835410835 52.888654101568356
44.224653919575886 15.433446925192706
39.70655768752269 78.54113344013723
94.93366246603891 62.02818118013251
61.35798235779977 85.52644468853418
50.20146221358222 27.749765201986577
4.729985915678836 62.455365078026674
90.4561968008273 57.037725594240186
81.29878695042353 73.3262174282481
93.01650203541756 88.7152254613183
26.08436979206836 45.7493056696092
17.26982504957475 20.58975428950984
39.4577893565158 24.470110348361175
4.476654246977896 99.1854594012439
7.499718661672872 84.91083885620694
44.218730925108844 3.563277646688978
68.49538303606084 33.78224268021066
19.54155245616025 8.739004235082138
0.6562905545081321 37.63891925122505
83.01245156697993 62.968881221466646
78.10629944923791 74.06627866579656
65.61194556436799 42.82906738811161
53.34738124658314 22.797421622959813
38.009831270480475 22.39293371498048
48.15961156084474 86.62351758117437
21.950580179162294 75.45794021152183
35.21013809957314 93.74471818248627
25.24119785517729 44.18221813058063
32.06372520556264 5.797917639208583
81.89062619923051 5.729434317083082
59.95579497488875 12.249960901702316
71.01658416953806 84.52999715255956
31.399095279841326 69.02212313182999
46.76701487775426 81.11759798717688
83.57575984852829 38.053624009261775
36.367382303636234 11.388775664625793
76.71172416706713 43.90983364341046
51.49458396791713 86.99356380000907
5.911876068807231 22.080326982713096
20.544772152322732 66.36945710792355
49.2988071481298 0.7129100562761614
62.091172439793475 23.605502270700597
67.32406283043765 83.74830691827464
15.481258445244261 90.73434862531545
40.150703511960614 59.05092917508667
40.064578401202276 0.4150553434755899
47.37099857971572 34.68667729031414
36.24139842365981 49.64893767279879
8.210793139340943 41.02440066847344
24.18623671645548 92.7154219830854
23.86509705063744 0.2824445138997156
11.766788543322315 89.00063476878589
89.23859818759607 4.582382339709268
49.95526206002601 76.46341314386137
37.54079260838523 14.437792026538787
9.20579431224744 94.49311334449462
4.480148273239348 24.21627024864399
50.54077248112749 17.281856464124633
31.013584514773697 23.74550824362045
83.01895085720277 81.08484110172431
61.878160575862616 66.15883964189011
3.2196200827763866 72.47908201176216
35.690179057370976 85.02582244088232
85.47696647397099 29.555731140676954
26.217970561945236 0.0251459455830938
42.550714725584115 73.28864389980347
86.77934435161556 32.73825770085881
21.206502106175652 36.79053899270419
71.0472942473364 18.319139879269276
49.59209771062842 95.94544314510851
95.0194867048904 25.653257175460432
82.88639661699735 50.30806490824589
19.391115696857277 34.57229210276205
65.75320432546906 8.140261453476171
49.756909556355076 78.96711552912885
29.875481161251628 43.56024783958896
14.828766690994 8.169657882354686
18.112117179377996 28.27894136245712
41.344910978598406 75.82588662409589
8.882011908294007 91.75538805782975
27.149332589512998 80.43976199610412
88.10248978022153 87.9951269951915
78.62766555952668 26.151652576587136
25.494534375423015 85.63421841602081
14.993224395929605 56.79145031903872
23.05369054185189 54.803091038457886
0.8560913668566483 31.47577218006421
14.086381697063711 66.14482076107899
41.80958035171827 15.205931234174308
71.09576132275504 4.944274054635267
43.64328759675657 51.69782652648016
45.81872853596429 86.1518170798673
28.891401123607864 72.99341743408993
9.233536113680273 51.43286666730551
71.36390235550734 86.891662323921
77.83989641816589 46.38570141602789
45.601132503365726 89.13783478822464
62.99384118498672 52.610812370498
66.94605423167337 29.20823766839169
25.816964386221052 8.695384659959494
65.76397414893562 50.210314001441134
86.37198055564981 92.49190279787682
43.3990151166888 46.9411615782717
64.92881916548801 29.99194097608695
52.21149120959328 79.1821183159177
35.15317175487991 26.34425553963733
57.933530431166005 81.86302843652511
59.5844834378479 42.95488297649952
66.22681757412619 82.6389878971361
61.1919175294088 92.15696268155209
6.808100513101878 88.15529761008511
53.71246264488035 31.413500086929712
27.153048193315232 2.9712053607291455
45.30351605977643 22.12130077572656
83.38815707258857 91.9170188421305
72.90283855473024 67.77076639839177
70.00865715831404 6.3625133576867166
72.46632525276111 76.28255691566494
81.25963393355397 15.540820571892944
98.70981814545947 24.549943045974732
17.91822896007669 94.42469142794756
19.69610686716696 4.870371365203097
73.72376045281945 62.209192773897534
67.64130364848194 23.069721834639267
8.74938255074702 33.920717942161986
13.197390864896796 98.2005313792897
97.61733472147766 3.324749493626755
53.91348806725229 83.90152856988793
74.49094287099174 27.278384857875302
76.62072056832143 86.64113879958968
43.10425176235913 98.4821912456539
15.036069538705 44.530866985294494
96.47105933975821 94.5885465845794
82.8638967487568 95.38898585405701
39.21752303978887 89.34847315544168
27.574955668603796 71.25389483298754
40.892625205772326 90.2883866668094
44.557244308664345 40.796097725728984
45.69877499328485 31.05773708060071
6.366961610833788 5.395063824321622
15.144644322423417 94.22144044762662
86.06084042772429 68.48681480406194
31.985474076783582 36.44112351727837
26.53650350342167 62.34136114039144
8.973237270287049 62.018587554018964
2.322800316529361 18.3944746244308
47.813347995415036 25.965807239074756
30.64376340305117 43.3290269460954
95.32316157561809 97.6681121691933
57.06741205301855 53.929321609066605
64.1821532164496 16.314457112457738
7.148954213496417 13.023220220167818
57.5398893898978 1.8864506101280876
88.43405816788122 76.07083216399558
0.10798687376458727 64.40793230332493
84.11095786119247 1.3157487192869466
79.56145612349306 27.851158414048637
65.57057948081567 85.83853343917791
69.28312361926588 86.82271033339345
83.48570477331185 4.612416668988484
53.33444010204711 8.022582099916553
9.303564388247798 53.84171843057399
97.08111264439583 62.56378341598161
77.80871976786541 13.806718221213554
60.29492153204712 18.741521249434136
0.7446266287765679 74.80646576977448
56.31960829534051 23.79685337342714
32.88255553140651 33.48461231984467
50.92103501052663 16.56692363058534
62.16727050931843 3.375856109172881
14.39211038238517 47.52039951145897
43.641134050228025 13.7839859678895
51.914589100373945 94.35481811981793
7.110313713799221 62.63321520134657
18.534605760834943 37.10688068050425
10.945934801418122 38.91815572905064
65.18409996690662 83.25452687952995
10.29824316001504 53.55453408553012
39.41322050236173 56.07924966149498
5.609272605229987 77.19667621577942
72.57424187904644 13.124500065548062
89.84953432059888 3.4187653043924904
65.24995779144479 47.58292878195356
54.97108977022131 61.001762596357366
75.46199602363193 25.493075193310833
94.38506233294062 99.62209878281674
29.177217152932002 49.185217581742215
98.69457881879002 51.61964339571177
68.35818089506876 79.59586519879367
96.00650604345829 42.68183444586675
45.28008643781079 33.095657256949366
28.720868967594292 38.45681797644191
46.76802582107615 83.39566296117724
56.39627072271747 38.2584884352986
79.03952386337427 76.99409064519872
17.610211934709618 39.783020224501065
94.84333709342103 28.26068869038181
22.24218968957552 12.919901544183897
40.54845612733673 19.421272469887608
76.04772963845893 33.37691432295071
52.35905900226599 81.40854030600538
14.78317777718241 89.21297713393163
44.4361737779978 69.16460982612807
76.85479313522907 98.387986168703
24.091550236613003 72.66675406531637
55.032795716157025 44.445992334854246
14.951580338107329 28.027085327083956
11.067239943028362 68.72202907406783
38.20040334290826 85.30971633398767
17.18630049265295 3.797461076282227
45.9739664161263 54.083995304177115
64.90826774879585 93.58247252983173
27.844897901183675 15.16598933681259
27.11125677565025 20.578546371257623
5.500326748289064 95.57797331689206
20.156299028936054 30.99600750645335
53.518739713678244 82.13245236230931
23.63106427140169 91.53786135375405
96.6577435412312 16.98404701767093
65.99703304614297 40.07801748235125
87.13600912779044 27.478440374444823
11.697939713516181 34.46480920599784
63.93721306826829 70.65039718898211
86.17615569834791 47.654076062213015
16.047026273412325 42.08758139599951
59.143691342760164 39.02208129811704
52.19137039512671 49.76044336022698
35.600383718908034 81.37710400880418
7.496547168499701 9.823465410948362
66.21006127172147 32.50869485527637
72.16415135361514 81.11430738808349
71.20056980855142 34.334900636650126
54.56274736166809 72.28604373279919
69.33209194934365 51.644939199216225
1.5440949566330575 56.8335544108687
32.79632310753242 3.3671558574223326
1.2002242907441785 19.89338307033892
96.20147805625581 42.41898539113467
5.949512994113237 55.76411800469452
69.61553642587457 87.4248005020845
13.077367309753086 90.86988887343385
18.19280981204554 87.40898940676306
53.46851032308242 39.46341003369391
15.535464342178651 69.2341576777798
88.27436450632563 44.6880280429327
77.85692181853845 53.66793645816996
15.333266226844856 21.36937621273798
46.69713152404298 45.562876831267054
92.40935512723173 89.65503924889633
98.75954800494186 75.21367120373583
73.69305309668974 73.72632825312935
98.7232203484306 29.59804848391341
7.699180758930502 44.1754907451855
39.81201613336225 88.38627129881127
25.888121960775123 4.73382575864052
19.77505199023344 50.511358804722065
53.04784466944821 32.046129783856216
41.750711013183725 69.88688109566996
56.90883057990246 11.837634845962564
84.53094003738121 45.84126664602452
58.95586485651003 6.21438517481947
16.38498890744524 39.68511363364078
97.49606676544178 99.92173756098973
97.97561786715909 82.83018785599214
74.0209787673918 55.35183602979083
82.6260755784416 48.78573954484222
42.06254947701249 62.316445064612914
60.530248910166115 21.014520302403096
8.37405616496245 74.28337522390682
81.0891319741278 27.08378445887776
28.307961411152483 38.852338563305075
32.596856301852426 33.02534704670232
16.348975817462108 82.87583496151021
61.16577850924332 22.850436020105967
54.60761365204449 45.85903643570472
28.966567087285753 95.1999716894286
81.34684205102633 40.35048043572462
12.918625058048704 31.101020699210792
9.463730208395237 69.48094801698635
22.200894674602644 73.27272399745632
62.38068060753068 11.859794481483089
20.950967859989113 0.940617770331631
89.55687654291431 22.935124507274907
6.106664395219252 62.030750774527355
69.69572304206675 50.415643900286476
45.184048885488 74.542680868836
51.11332576148291 40.85596085876509
79.71639931400438 19.97543339722514
89.91822622432004 51.14720269699582
10.12565839224524 3.9032313899725946
96.87112560686282 26.925993433321317
32.99129087125174 58.82959621421118
52.40324812376278 14.31027852527913
99.02457981967262 89.26505324624436
14.110489387660397 24.570138411976792
80.3954626392906 96.97937659360598
22.91000457864922 32.378363484783534
90.37883038068155 11.371812592023023
33.655296683942204 73.83194129809291
51.79344823585883 82.89442821586555
72.66705895759722 46.05881202760542
70.73684347359767 88.33161149958329
87.04621892147988 59.68016789914874
72.87019132690276 40.07966457656706
68.23139201021968 4.627713842569148
