560
1 3
61.866973704757285 93.45228640332046
40.30650320837279 73.12736915023001
29.07272375598804 38.56611023993
20.85801053050771 55.4090186444929
60.37423254709162 68.76950635200096
47.39072641763005 9.387658508215303
97.73626972243173 73.35368821581731
39.386926023684325 34.90701840542041
97.02277468869885 4.0383479227281915
77.76821110540533 95.58743792584123
87.63525539394381 51.4629926330336
13.267807946948441 64.80655534955363
20.357335518638564 72.62583020919666
0.5408830921829422 79.066697025699
11.672552392716074 21.98735061369119
2.2293174626941914 94.98504136044473
16.492653707460313 0.749207088568582
85.21522808395187 33.33377233750152
26.88225883577282 26.313318075343496
31.85676387103007 83.98706645635363
10.367439436241078 54.522945904692
90.98577469870648 10.528207246846023
50.59871366877498 20.82836147587337
24.36863953139543 64.36240741012911
96.73686031274028 0.5464209689820088
65.09404032990413 38.74010397287553
12.934207861551151 24.039546796890534
57.75527488050955 33.27756612248722
62.51665193534697 7.091877822101567
52.48840703567939 42.00067055467181
60.362159621041386 10.295708179487795
3.489465223477506 63.13699896959917
73.07020168679725 85.49906477760433
31.72738008394491 45.281476112711715
71.19175766996113 58.030565723388094
3.8711060344308157 97.3514830023363
86.95382044496864 94.1663199210385
56.12153881315785 54.573997730316016
86.39698893556051 63.51201230408623
0.44775828127272543 18.79879988126558
15.469176282697505 82.97941628138182
32.683033518334945 52.93001662785699
39.091110942525646 64.20613367964962
45.48237809054279 44.93957826104802
36.323273227340636 37.181343787304044
82.5630397213321 57.48087081766047
1.4736406518366607 47.572863719385424
70.01614284074023 66.00872322729148
18.620190972112162 98.73069768595097
42.21044187024396 2.060597785511864
55.027859354235 25.992704025436808
73.65871400421709 62.17296216085559
45.52217350943537 8.264863157609925
40.892258727371456 78.44942401902439
30.199279603338503 45.6442789096732
94.47961336521008 48.51437314785292
25.84785738169031 96.88818197300357
60.55733328000314 63.59371637244213
37.526634238198554 11.07248326122785
53.84249115911848 80.97451339436088
44.18452103361603 16.124632422638108
87.75051654773401 90.25156927353089
12.708813018953236 61.15175145288354
29.067214066105528 64.58790583762577
11.975713666304987 92.61420659643129
47.594821052870806 90.31578051334574
47.298655883920034 10.003140884047191
22.014508280495537 34.97957950213746
90.20688333841551 63.76415145237711
44.41258786625981 34.877434091887864
94.50819333341597 48.32151831164242
22.17421819293022 67.71100306205042
24.28570232054743 19.097998985941157
8.27127968528587 10.302993682289463
28.28875736837182 52.013412658705846
47.0742342339793 90.75102473665278
36.36820314786273 13.664565018990714
44.54967991037522 51.81802623282368
78.71105499689028 10.68796059706294
1.2125546274009746 70.30412700171883
31.420118436250565 4.085302270064961
1.9077976383414352 64.84061793361282
85.1989521568951 14.452767032671531
86.32345971730591 18.186783953379603
32.75573535569396 62.58300684835773
41.58952200378807 83.72717528648465
9.434205636047267 41.45359642249946
75.90291932006699 94.7447924451736
80.16007248825603 45.339845279745084
82.05885190003093 65.03779340235016
14.116357232604603 88.75191309074924
76.08936067546665 33.4625370393592
32.432639688862054 11.787295346783822
75.46408953663666 5.6664717979172385
78.94900216731347 36.342020392684326
7.087504213689932 44.30526566182627
3.010785668622029 90.11637347156905
14.114427858985778 7.117331221588463
66.98768500991628 3.154485898781356
93.19797360309927 84.71352289701741
25.148113326547072 3.689895103660157
13.787916942768131 53.66135588105294
58.55048493505708 68.54389168592023
27.896838757401078 14.894797691449014
64.62234248461098 87.01425713760666
78.70956541960739 11.483500093114095
8.725171165627321 53.90452906585941
58.94556672552322 95.27175790130482
94.77533210483568 20.45434926086851
1.755424472063316 16.93772412912715
97.49479925193198 30.391702923039876
17.68753160498635 63.292144948048204
47.26393189137998 46.59465922616739
79.50572401571456 72.11990442807902
66.23909895508137 5.739128412984762
31.515521353841656 72.92531584561486
88.75765712535485 36.97378689195312
38.30927648228468 88.66858427991235
63.77512906008542 97.05989098540846
60.28897899163768 81.1046743614525
68.01936217218787 9.570521947831345
40.750482532289126 95.30215892773425
15.205928440320914 49.94895169993929
78.9558844425952 17.10988773834805
28.84742028463063 78.34774133449413
63.89788246238777 2.2508029957027054
91.57774388722939 1.982320474627297
4.286114445614353 35.209076475240074
45.934912718495056 51.38569836368774
73.04769949405348 70.47828448001505
6.486853786931213 86.8761415299857
4.803719924510985 51.33865949805456
78.93072888776491 13.339986050285413
14.714315550346457 54.616528186140755
47.555146179589556 24.88861008681935
85.87909812653149 83.0306822965558
35.59416960401376 53.589756545716604
34.488767310898474 52.30042630361511
19.493111325850656 41.85536250414867
99.29040743986101 48.900345728844655
31.267398766956966 63.71777560212934
48.107676378512856 77.77911553546359
93.42376716020719 38.93825435753684
82.96013441874321 90.63567977374005
13.263544322010912 20.637993881360405
59.49668163283233 11.74204151213518
1.1746733469764736 15.372789771027474
84.95823922896521 45.71575782604684
49.48001884818114 54.21644160392907
25.875173006436427 11.925248402995091
62.48244374249972 65.20209911011483
39.66082762074179 87.55558353656619
65.51132195223501 25.4699732274436
37.75325999097494 9.345617122523464
15.536755972666727 24.649928880784188
45.6380969054486 97.7026592629648
50.697361935193186 5.734802073982892
96.34465814576434 32.94540484876642
67.1835243462572 47.444062561742115
68.94516033694123 0.4133769651411212
9.469800240086412 72.77184490665643
63.774417782315474 74.47427945835912
20.22804735025847 44.70966636595364
25.680449555627227 26.247134682450724
15.464942818848249 94.42956944478173
84.70840860776964 54.647131856086986
33.686100021645316 25.23752870938891
81.42349735614197 26.922197564110384
59.18344258087309 88.65584378405738
52.06843315137619 93.5567184572256
79.98502595043703 19.975942192298813
89.87989641194412 51.623575226931216
84.3405157907601 73.08701541126112
25.35223151225823 74.44907913445692
21.609314986405902 39.238060375601314
69.40460395658839 46.48753251995728
62.26017325887456 60.547896871937
75.96636675642449 4.119316559054331
50.474144941175304 47.48173623780658
33.20561985746375 88.30235694448795
76.43569398482136 63.56400950580083
12.028365652222428 13.787219839645726
30.258508174369013 10.58986710751988
21.82141327560028 7.510863259480516
4.523801883905376 70.05219802996592
69.37736202667655 10.093361223646792
67.76267585034084 47.53439688473095
69.46595546224255 60.95505000688306
60.554407855540695 64.54067179764138
31.310734427981266 87.36071054273553
34.530238933871345 79.23565421330319
60.394681791036334 96.66893571836988
16.06846974976175 20.944659033612467
28.777848213320123 99.5604437265681
34.36037607323674 69.54472128168243
20.886555738900412 99.93476392025158
22.426699968870256 14.639209586878966
88.5602332157921 10.774662521655687
99.1550939407854 27.598310613537393
67.04701820322218 2.7927870706681235
18.22037447545435 67.15766123201942
35.16861987032105 21.426781206866007
60.94797251513893 9.816099284523915
19.335487650624273 41.026837623005804
76.89372466416961 91.49613604503548
55.90236469405132 25.76621620442008
66.03950554730258 97.85403700394279
54.022618782053186 0.291363784847154
38.79164726759523 82.61889304303733
82.05427835353322 26.75292173092336
46.13969800906958 81.84823966615697
17.63099095768592 61.67840792122807
10.294084089769285 72.07540117086866
10.693309286956243 0.4227491577221132
8.532971679868794 76.37745012249222
34.75097036328316 77.83186086960536
1.8344798040553334 65.28354632939826
30.2621967582944 15.632868801854638
21.16728208242884 97.12870121439676
63.501778397045385 79.74711159302701
88.96864399069295 42.629383471887735
21.159450464229334 7.609441357118518
90.2904077559608 87.64273921787877
6.191316228860222 44.404764559203855
31.160320890880143 93.04426240692634
35.41407825263907 66.68692092939446
29.58873944355527 25.565288670479113
21.777796201745623 67.30477987426194
33.7491357751506 64.95338845926733
18.829067808028157 77.99940108143022
5.890320998000287 16.1720680919861
97.3243086563641 33.91582472880146
29.696628317760208 17.46413101799198
86.65657381128828 6.036566210389771
16.550270357580345 23.13569249981291
72.81165876882167 20.470697642077184
56.4278573725361 23.27765128236767
16.262371396712894 34.22870169102801
51.82704498575379 81.08948095537825
22.540705565147867 41.64028984705328
56.44613070995583 33.350667906215726
58.87827184816605 84.12181670775878
92.11847609324928 9.297687296554802
3.5727539592793844 10.721021101468487
81.17980846919464 94.58517071909547
8.577995261244586 51.33219187243849
34.019598508477756 37.78213052083474
54.39840187679241 15.175768289286996
78.4070994277999 76.33207346509843
17.092123815827808 33.57971836157283
13.084288880472993 63.709054207210826
30.767850409897935 79.17926744628096
37.93761269612412 50.50102127833138
46.18590612725253 66.05436185742973
96.10292584811609 43.33623542551728
88.8669315897857 0.9067816469252366
45.961542350761334 27.58230682919094
38.220679529900096 75.03297472959976
5.305690779483152 9.599394482557377
77.28504441858068 10.919004129026266
7.9913403254520565 82.13981105338497
41.06636700261912 72.32839627273783
39.63081736141678 91.61396417002499
95.84930196193456 43.02204365887079
24.05381410718166 45.194080542090376
29.952420308264614 88.80804317371853
99.3100413469937 51.49348932540325
97.25270149284178 48.6783481435404
96.56219584877319 14.325133664937017
16.85331200656752 35.2290245393925
39.74033108734951 77.98423468419
5.086889227764324 60.99185653094885
8.71442620752032 19.730368808358524
33.29830247969181 49.076062321397586
29.70286686395953 81.86474073050654
94.39905180027948 91.21654524560022
50.480598867777225 78.9113662203369
66.94714923329347 60.253328497072104
14.452787956951374 41.04685006629627
24.65061195610121 75.51775880293663
60.7276451276519 6.684087015636098
61.655330561017195 67.98366791167531
2.6359628356890985 17.521392721583794
37.39413981693045 8.81666276695503
25.370029818315686 11.692388562536692
86.34344523514943 86.59409525899733
98.75701623047557 99.64381651937808
32.53995679395187 35.34859856153949
50.545488409416265 11.35455460955217
75.34997313095329 15.71847512988005
13.997313973127223 97.77577755336893
30.039563796220836 70.94521679103882
92.7570294652343 91.41154187336065
59.09739596603725 74.57043109607578
16.29925576662059 86.06359262744019
80.8850552478175 28.692058417318922
53.157287388833566 30.37775483358651
34.4901240996446 56.53881348490471
27.315904041206363 79.92631619495272
99.50416025144465 36.511403165685174
86.74021745200946 91.24094560891096
92.20484465167982 77.19085910566461
65.37933390798409 7.423235942912876
55.740034806956 28.180318840355124
62.271930415655 79.03583803229515
43.523863112287685 67.38148699907691
68.01469239312472 71.16625918418083
99.399200042728 56.498074154972436
8.998262773133048 30.95249284589896
48.765044136571944 98.71610849680066
52.41416512156442 62.36096470836381
66.3312902576877 56.62441112660899
18.100883647893774 60.979680536695824
84.41615686873962 83.74951077743327
97.28135312145729 17.577705736001125
17.771313938898746 9.872595276421281
47.104143059645544 20.631796495950596
93.62270557281325 34.50645776153274
97.05265854795596 82.89512393111093
92.27554154706326 78.17849389662923
58.708098169309466 99.50103287004126
7.682120028248929 11.538903067271278
5.371654899974976 80.14362786017483
84.42780153444444 13.892968955451446
65.6465866267395 51.25760484900725
68.28550270979659 84.28283276861454
82.12056566196473 48.40537389299344
58.442320616873914 95.59492256891653
74.56138821675442 73.56978723926657
51.81211706302713 94.03013171064269
89.36251017082861 39.51618160255954
60.09938339452929 33.92040600539696
81.00323282616755 25.932321735827824
38.21142968444753 79.8008970375318
62.27894653018993 52.93059066846426
27.675983126655158 61.54465744585163
93.10655052280666 9.656930762309868
74.71115095118148 36.038720109687425
63.98033154237559 25.72956411742173
76.99789280573137 77.31394057237966
8.150990130953506 29.715930002568093
15.200744941633658 36.22628908436643
7.452204182841449 2.1139348847322603
8.189225909765273 39.13970984805608
45.91390884852247 44.95049176190988
60.78323217852266 11.349691030365872
18.127004161042425 81.03176174571003
57.79263565884021 9.318065612266313
84.20517904209687 35.160257874181156
95.42253727241847 23.208248420907008
43.049003535286246 12.157654670843044
19.45740952405812 54.54710149689297
99.02403197901477 95.90590892018717
78.14263176795515 52.49796639031816
49.53190213799048 60.975669667616316
79.17135575681635 31.523815145082736
68.49926619512772 83.19622668022339
64.95024572960364 80.9607036725369
36.061768217386536 19.728848456642957
51.10531514075811 46.13075691845398
46.70127793571013 89.35657578697673
52.843430727647785 95.1402100237142
58.97782654318118 8.406658320392001
44.34782587991617 17.025553733758493
62.580861911026545 86.25622275697292
52.204598045491046 27.120847019552528
82.78012952105345 18.66350536695325
39.25269367782176 62.20421601065071
34.32378376476522 11.558669032059331
9.477825500125615 58.484606114217016
71.44378539116887 55.21529350854173
68.75243418683034 95.62726714337644
53.03435369187024 31.843478462104446
33.40643148982234 14.268773687904401
74.96713876564922 69.22184127309244
21.927833850639967 66.49348435555638
8.333475193737282 49.25184758349266
49.82970375614089 10.451844767782802
52.628372665289056 75.35060088984311
2.809094133010248 76.62902377616818
32.664518828517465 75.76430837362321
18.786715564332535 80.35742979900789
31.272196801302353 56.815478406186394
58.73211788707358 27.048199494168813
83.39692814158239 51.37334130451847
51.65109110129944 45.36277609491373
48.959249539808724 73.60805286523666
59.377429818445584 79.60039624064088
18.921732794737633 33.37690305109968
37.23378172835412 17.869056743126286
58.09274337157875 97.14133816015827
20.70664576393075 34.470754680846795
45.76796767596281 99.96262591163159
43.88330746583047 51.74130494682241
17.590306061297124 95.38043523615092
15.28309112981363 7.341838070807105
11.467542954084431 69.9001565679841
92.95017563044323 60.92315033676141
22.927490434689048 13.287688299221179
67.1346805570734 86.41451610227921
21.40937058360659 93.6776991138976
75.87177522410664 22.652501937000235
80.68078750564038 63.434908957352995
59.27798680435454 53.8689700043026
48.66383741474773 31.426247968092923
93.9618472701349 91.77426148601914
96.11556716936929 75.3405897094988
45.228900106149325 40.327673948932066
92.71882082607348 59.06624338530981
72.92067467856795 30.93087705504063
11.742590173746393 88.41971224769325
76.34156920138966 0.6875338312113177
88.97749313016749 84.60530022687071
45.82697565512126 65.43184455159805
4.4005352095837225 65.46965493483702
72.15086344275076 32.644021173883786
73.0919120334539 49.86390016509101
51.35605885750532 89.32737840531493
70.72931231575748 19.959960405138165
89.29784090944398 46.501022309503234
95.63953099408286 74.85155536403991
61.435580348567 77.02737970795972
65.18963859904679 66.35559894394835
5.711379744287126 78.82130196909107
91.06572388652295 0.8806017611815209
12.79150258585564 46.53254459775296
66.04187188078761 37.37894812056195
19.418316186883857 61.91623323338451
94.56958855954815 55.920888114592834
20.050255956786025 57.75035536075117
57.607424494581224 26.283626480356183
53.231694882504634 79.10254196103097
3.453297926981591 46.481024581364025
28.75529630229401 86.23437844751479
15.458431423309715 71.02506674929978
26.472655888924802 60.09709064431967
14.607809773607938 88.67100539518742
82.24434528564264 41.65505470712263
78.7243104243993 91.79512225563928
55.899645011020915 46.262079069566944
37.86505014333241 21.389915116315073
91.55713687463962 19.930995175404796
2.347271926564032 42.18025946587068
16.76388365166497 8.496079404988887
21.412713908550774 80.83611244836146
22.286253904860498 48.0601524338165
23.22277466698437 48.322334801694254
66.3090377522665 23.720491023099164
86.4387592900961 83.9126388298345
31.572223789730902 18.84271986828452
82.66508182590566 3.6837957404940225
0.17169953840028285 12.76323908994561
34.24329381625062 68.82882454764703
38.048462809829495 25.73966842876021
95.07456621002926 46.71318546952368
76.87308309362794 25.73144600660715
62.78913279332181 11.17332438630032
84.60181166220985 30.057093836225455
54.31450688025079 97.88046857236465
31.65792506563041 15.804190425424714
12.804289949930725 41.43430275321221
4.956160233914675 20.90431884769439
74.39371813171623 69.5643620516689
81.97495742764109 16.89606252077227
71.29159668980869 26.764149540896632
9.843905239980334 26.53614323632516
57.603345494784676 94.64412754304605
44.94453249276762 29.546891384703233
43.32633847954697 38.786334210425366
30.007573516833386 9.104469103871127
42.89528559794105 66.6348324000279
38.52224552265078 83.06231130150326
20.505135570672685 74.02472528049866
34.78160321536483 22.114113133588774
14.873239757754831 61.90985754043754
92.75812104076755 58.1182152624623
68.91888962514778 37.25398206087973
49.81905494404239 42.46035898324432
58.604881812900956 87.65870558966755
37.976059298968366 2.4240153743430692
88.9844469004814 15.317975764011083
63.637129883072795 29.92764040970639
83.24516736807873 44.48860618171344
15.66747033880671 22.09788995280173
82.44452359422645 67.98545810746019
88.71193131038054 92.91701657415996
13.82658488473696 84.21520660924595
67.7871686550999 6.70853251205783
80.60058893531527 20.581044294999007
78.87163595501853 69.28091138320056
96.60832352998088 48.886836250465215
93.6426911867047 53.87847961948593
96.55273656262362 96.33590328160106
46.04569203854276 15.067310916478638
93.5232633131179 15.974854832211506
50.05011823070396 74.71394918375682
57.30604822630077 40.61885875265663
10.37292450685463 17.24359101445241
27.012887768653158 57.84284006373177
62.873443576419085 63.253363350363955
1.8113414635417602 35.76200322425655
31.503472805593557 6.5896869517583
81.48528098973333 80.92272134990301
34.78756743674756 11.366447429884241
35.56027954956971 71.4624888585656
24.717761434038298 38.84680773082687
44.98215725178811 43.44609004513278
36.28181688595164 96.45338853085734
12.97859753367896 7.4069540024680025
17.180464664744587 18.76295425909056
42.24734220930439 36.31604159358428
89.52147228589556 97.21051828232594
82.13012574636464 94.56707419089585
29.082648660647116 37.41496450065846
38.38916576489797 21.003017347100617
28.32912993308203 2.562553672339285
95.30730950586823 95.39786948506408
45.36923360803553 52.92628294771304
82.18050420314414 49.10694049684348
80.57310671123909 94.23612756960729
56.1845604764903 59.82401245606543
77.10833969363935 55.75740538538141
37.3474937233256 65.15989155514907
72.09009875820975 87.27789031119038
68.98146739005017 61.98078981205659
35.79242700015157 8.991066491457357
48.88406674856398 30.568834235489597
15.47101563473008 96.60268150882128
49.49747636866346 15.511699754588326
52.437500041377504 39.16629900181432
20.265796509077095 64.63832541579673
54.67369027130833 95.07408902385872
64.0169063749975 8.857275086497495
51.978538919375964 96.53890028190808
7.647492662751598 9.613093368404657
66.20064078436066 69.72301518120156
40.61871153756442 20.06905202324043
65.06032131176327 69.7478888795055
21.30759991549094 54.391629049541265
89.70927475356451 75.5952845686926
36.26720441777631 4.798291846357738
86.32570937716284 79.93276106583748
47.04034381293394 23.675773703109073
97.51183798081567 19.028002414102453
77.53141508121395 1.90306246972054
13.115755151855012 7.158676253572005
91.46530587750046 57.79643406612958
43.96066663524927 33.26950510742799
72.33193087170378 54.86971018362639
62.79116381461067 40.03391453651051
86.86737710046097 78.62812768163624
67.11379734821861 56.95112077543995
54.64594270421812 30.190034232884578
33.71538717428102 61.55744433290933
54.79772660479547 15.430259025220527
52.29562107744674 40.12621849887941
8.202385492963437 76.30241056214714
87.21004433436113 16.590110226857256
18.150118306610906 82.91788137961767
87.81657856800953 51.7500828197192
