580
1 3
52.12931589872905 32.09914006026473
26.292436076792104 22.295908823631926
47.650698808404556 64.17661454040793
32.32933063191021 57.62153925784099
78.92884832097333 74.15348783022489
8.02047073566785 3.508825788617176
95.55860930660029 90.05100845022491
1.3594368468975881 14.111008698404648
65.8835075739663 60.50275671576222
1.7233142906060595 88.68147629648415
62.589302738733174 47.95637966569131
65.82891470494975 26.941003553541588
14.491602238467415 86.86782644436255
68.56929756286587 92.05889218146115
77.72387369826927 40.96163925751737
80.73364698412936 18.081911845689458
1.1283646845411166 73.17362882078622
47.75877001757636 95.48706212723282
82.271739635674 75.95722434390278
27.36910608297274 74.62925716422986
60.52183723651376 8.561173862352224
12.54180241336076 26.244161452566072
99.70765485441339 43.24774766230275
88.85869742310852 31.264647462150762
36.49362819177002 65.60988459688602
9.9998296251814 33.3372007147203
58.66261332227016 26.12315387714832
69.27642120005504 81.58158529820052
59.4195252828075 57.52406032502868
28.883901920281918 19.96498086772074
35.819759009340444 27.212991304196944
33.356694702934206 21.54093887697408
82.54332791914545 57.229432839261584
3.618464978633096 63.226914060047164
78.01821819325004 95.62897115283164
85.36707461062835 85.22382258121885
13.456139058563355 12.036810827736488
72.9492248643002 80.73142739186
42.69831499097367 36.77787639012875
27.149470235558184 70.53303540327114
97.46531223593624 91.87465385345597
42.71278957090343 67.42289378244332
89.77474950530497 16.147684896228288
52.411560428234935 94.50259272207087
6.5097060696628795 7.630213343822323
66.9434721989963 63.38913102173007
45.43975103338953 77.86756377185992
24.67627310979632 4.789695232608171
96.3655816352314 99.74310795079629
49.27915937925251 18.419445134815902
26.028819760725973 10.045155309067045
69.76415080088142 84.65701768900556
81.25434535184542 49.8078926975271
90.89830645368349 60.533166860187684
76.910007300656 44.11001398225072
67.1344637697672 1.2450838781077556
24.450818870209478 83.93180404401681
98.84993417345689 94.26358266573973
33.00302248755447 18.26110143157591
85.74113745297514 98.29883383517586
88.55381088068981 1.0683651403148309
23.176654972084165 28.971878787984995
32.86143398002235 1.9636037675546003
41.6743135483435 60.45420390359904
95.6667546550782 66.57259132428332
26.098994991765466 7.48476264087683
35.13230239212595 81.45278765904582
65.17067805853958 67.44740567517916
65.55794554906585 75.65262354511513
72.64011806572826 16.46578312531739
5.94394520561321 20.305278188369446
79.09848871461966 95.58485970008088
52.49139449746665 48.075286790114525
66.8307062886565 77.00978975528163
59.8530795604981 43.07461730296298
16.687821268089586 29.818241214871065
96.25491409444939 6.24482074430277
9.585417855707611 9.51318203007352
10.711475993255103 57.571345988702305
76.52109641857243 57.82672998238636
29.277833574023493 4.834132411416214
63.10185376276629 8.281309223757916
64.27551824114258 51.41174450794346
12.821810592065553 35.749602405639806
0.49635730986550275 60.362976936535695
86.06720894166382 54.543046391128016
47.06133522466271 17.90102107349403
3.3173090429139407 63.45699064256274
89.98608032610097 34.27270468456292
75.82763121731266 88.9949586258873
95.30687675532421 25.927872471534343
68.06394145056775 98.02979489438381
40.56053574166738 8.718596341651374
71.25158427014837 18.73295902821035
99.68925966836095 17.863374225300177
82.96415364460002 40.61458916617795
42.43673573523337 4.264424373773812
71.56911118209128 61.56143323555434
4.706786306853616 86.85804733856892
8.20211096393233 93.6501095840772
62.2723239870183 7.881617586258183
7.264086378327539 58.55763429181893
6.444364027112703 9.625059144224334
86.17484042706775 70.61745889623853
44.714694017430844 91.30817734695711
49.793534885628674 50.97221288712761
43.87236907571981 84.94513325424957
49.487498021392426 51.28324352772644
83.18088426869099 15.736846063469944
63.49365826690665 76.98852316100849
93.5502127799104 88.14301896707595
31.255924636842746 0.17201860776776545
97.9151767322878 37.483827749100016
12.703543218420732 41.852629413670826
88.66053030632337 70.80025209846039
46.374662135760936 43.77013015306566
90.17499970812186 71.23929425367683
2.974278095175298 72.81371350918447
3.5766238744733947 22.17531965570776
22.66234614899627 6.023941279171963
35.56722664221152 90.29442688314826
52.73029488945522 27.7368399174158
99.06075880428284 20.729188679098478
70.55939802028128 53.64024076763385
58.78105817174757 24.22341155204304
53.35039241424306 80.7605296569024
57.65571617384215 76.73193320666358
66.52396610085536 82.75602785631895
23.98659125842981 97.74202938517118
6.534538768041154 67.55906137946167
22.292023421997254 69.55302852120542
53.24855553572723 65.55164759582726
28.748383663661038 63.182192793514915
47.42938702935597 72.94299779048697
57.81538198894685 97.60911449187424
65.70751699743438 56.64959921827639
56.59658330533841 96.21285071669116
12.01527733102723 83.93054124050079
77.75307980816618 35.87167032053837
4.241378447134414 28.429881936373057
69.73109358090106 21.165825776967218
6.1989759079269735 45.332582726840464
16.19769188214002 32.75194443336862
18.10697073957961 25.78685491007111
81.909228659068 93.22034719864519
30.57383396753184 97.6790272094146
36.50553693437328 40.88907440576577
57.41201622293344 44.59226458425574
91.57145175769854 95.84085041605017
0.18145649370733263 58.78823200495267
88.01455266410325 48.94782530149928
74.37849421882649 8.509088121261211
92.44875983606657 68.38737862038577
36.341825109990026 87.32696469945387
84.02889524699158 71.14498182911295
23.42520582540002 65.64025383286021
56.43185232932382 6.427927894367347
9.039466590302524 63.59823179265413
22.72689890418562 72.73274865964274
27.763996408161027 77.53390919250526
55.85316734720316 24.82160042585324
95.6007304338142 30.209625553915732
63.191370500375484 76.3028138680147
32.19016286796135 16.30339703299981
14.520727106382726 18.438197151365856
33.58141066918095 75.19264437739737
4.970196318915399 46.13280903836776
80.84035905760302 57.2137931181828
34.85570826735322 2.359581029995028
32.36293717559056 6.405655891291873
30.672591806397055 76.63896585800758
99.11512786764412 92.53390925147778
86.09514251656756 99.24542755939345
76.94998459932198 4.573461647107546
81.82826304636647 55.89084280244556
27.539977060470445 21.843386299184274
2.642502198899499 60.33627856337762
27.493677654524284 75.30871988646797
94.9566614636904 56.21335877891589
22.083506040845148 96.90941686279002
51.10275397976507 30.120450265816025
57.18975352696227 24.687041131355492
17.342174855388315 40.19200664412463
14.065591446544069 56.7748885329989
36.50159459324163 61.786173344426956
36.13577441096967 11.357039891014109
54.361819403181634 75.17924258433099
52.76165498558647 61.93781525641895
88.6220902271307 57.342579684429815
93.81276769693967 44.91966331399566
2.45072430333364 54.33729822437168
42.373746958371264 99.98107302338684
92.92385587799137 97.16530181083462
94.06311301015158 5.416168952857037
57.40770686007512 10.37865471696553
71.1745556838894 34.02542327089613
83.61089961811192 91.15677911847584
67.42330498592916 85.18269819616235
17.581857673401547 27.097394402536867
22.87446633060608 29.219911054460756
15.136557438660025 2.955039031271278
86.60010526529128 95.59564899720503
72.63518328277947 56.840596293598765
38.34034145025533 42.00269521223243
75.57993162233024 69.53186955361694
29.7042337861916 51.44138067113877
21.524288527212263 98.64966716568868
71.26292307682336 24.66244806864808
52.87373386049774 25.982182771761032
26.241197568203887 53.187320563508656
27.451612306824003 36.17544990389756
65.83783323819976 53.74490982468163
3.8101211054426765 54.49066452837299
29.750213537774094 7.745957144954452
52.55067429624405 98.84897290142641
32.99555897560693 96.84120345880028
25.424859465935377 70.49424916178002
5.436794268953471 82.6305710475888
61.442664916543265 99.02641809991002
50.33536910646319 86.08779353164022
52.18530128923826 19.396628902247294
21.261271841890238 33.66214749802931
29.616895373718943 27.39745932522146
90.7925311302021 59.204495907724144
95.73178240410469 47.76828648628613
47.21759871471234 81.40021393702442
13.728719187196736 53.15295482298568
52.92878111026571 20.007848500132063
8.146852844799524 23.06295538810552
18.83469180937545 91.23707021989813
48.20380821145183 63.71392381982193
38.62059516097236 60.284044952388996
73.34988894633103 58.246309656264096
61.431514715158244 52.39255722539622
43.79749883695978 88.46976343938826
42.28442012407321 85.87776189226948
46.122783203761976 52.604501411898184
61.77064398779286 42.08734072641378
84.64850724554418 47.147534292986414
85.57684880944588 86.85891695691943
57.59341349184284 50.27673148542722
77.56759320736717 93.16058679787392
42.11034312418824 89.96068076311003
49.89974634696925 4.952164608166365
23.193019521000192 15.891324914798833
60.313822909512346 97.08721793054018
45.15360024763104 50.87859097584215
50.26880649142704 21.864820671519226
23.02637788342057 74.26303062276133
42.77701527705737 93.63053878250898
7.874870379318932 63.79633455253788
83.90870650011102 35.40420685898484
8.650693162640778 97.00125102748814
19.32838167942037 86.12630005004551
96.90658153156866 13.017333563467837
14.897219273504959 31.15250593106054
47.88647931067407 20.026234429862356
19.5255249661054 93.16983757806105
37.559536581920106 27.824959660959216
18.797906353683302 10.948461101841044
88.56106044263659 60.978323508381834
36.996455392944696 99.22424428018222
68.56727777581581 56.9558315879154
48.00727983435282 60.97432515030648
34.504398005246564 50.71094404320009
14.478950548383661 28.559233597567513
37.7081815544313 79.18746049365527
98.73732733203175 34.31621326290719
14.194702370303848 57.880524379256414
4.368859087699639 39.233261091833626
86.60179772702752 5.877527203035515
26.12879803298227 71.59909183046193
37.60099597678117 74.42893536699687
94.17981240124355 78.42381538498593
76.03095730373566 60.33674663988611
70.54274497469567 38.520184219394984
22.253039058874414 17.473575199469572
91.40598604842236 10.021414978795896
84.01948430654087 86.52315811006174
9.093647670302074 13.874036434268543
66.75618109638404 67.27106929470752
13.414488673916258 95.04015883156536
72.1036168742942 54.87216521406657
77.29124709612425 33.077105894530256
89.38693271937606 29.74086460381704
30.031810327322184 72.15542958146865
71.23001529010713 81.60152851815059
35.85329519596547 35.58428612494797
1.87953054030634 76.2676680074255
37.98328456138085 13.751078115762883
82.41728942675954 73.26095841075278
11.623233534880129 82.89890493576087
45.93099082736789 72.61390612274062
57.41939927781845 13.946034676465313
89.71411047339745 91.10619364666921
55.03764614904898 55.09081643410902
0.6861053613650414 93.01953802083634
88.00756126874789 84.00156856574897
91.25013847683401 19.252995341084002
63.09229635700342 1.7882560142334025
66.38666083978646 40.07231990142497
56.467295568703044 10.865414970834042
31.472144173109285 26.29109579626412
1.379801862696084 89.80605473300069
19.327048667886658 55.30296967454791
99.4774505830084 55.39008475088587
73.76830551277831 14.260801180773907
35.217342723313735 97.22557779651754
76.24871962076018 2.5982234641028557
88.2224524216785 10.440186731023449
8.748749731864635 27.697116045254177
64.60720881649476 66.10072662455168
40.78427951542673 54.28436336634081
71.14255295860801 45.67364141372363
80.85547237563229 3.99862450255577
44.237135433357146 15.769191888120737
20.1141027421285 72.06998845824812
48.16523739868855 26.527084771948584
72.98216289682233 39.63919862258021
57.49565599548427 77.36152209261644
21.286029262128856 23.627801043681472
64.61902260681023 96.60098277691895
63.81256448917576 81.09505191942625
88.70778499409253 37.222326193550145
50.37714921232763 88.60435802235351
71.66527163446055 47.85835733116699
91.82767089152779 91.19749154979304
42.54060763135288 16.15494500607455
39.916757272131086 68.9680924742238
10.27999613956123 55.99684421131048
10.378731071757041 6.145796037827034
99.32444560734955 38.86098952462294
63.71662721670719 95.85970795869434
94.56683706631293 88.68031299703927
76.54301412252576 33.44690618627566
80.3796743377953 2.1646904016554336
33.141056172151686 9.74357013342697
7.9695128274881455 19.6346251175505
40.075689236183564 14.004391721974363
50.81920239960822 83.4510826356881
37.96969827152586 65.7777997202919
90.51381792583683 3.2170470842588506
1.5020544283565584 59.641736975277084
15.909425364274687 18.7024192203447
99.14432387215462 2.8375319984659697
34.55365697024906 67.3358928252112
8.253661469475437 66.06847016679936
29.321449198767468 91.09044881779178
6.981863042157488 35.933249336954255
4.993450479946504 41.47620525009907
56.281335568316734 29.09369205480996
88.44645356100858 82.11956644383642
34.765626999859435 78.46789791358755
41.3448839106529 19.031522829222027
84.03711696249934 81.19416523223381
53.51360697530354 51.65452528481909
54.61550783981251 42.81118911215778
16.42747168040568 36.22785523896683
1.5250274695502108 61.4961465510085
54.88556393859439 90.72126247655174
51.63816876292171 39.70536197482968
42.352193964609384 46.33085836938211
13.930501388808313 31.137050522763854
91.71090234533533 65.95953816171442
18.234759138196832 34.241538515155526
98.42704589125842 72.61571826426405
62.98739959936257 81.23132776246986
35.435905128996396 8.081526901082569
62.771896178378014 55.61773972075308
89.7754678965986 37.592831878738366
63.360605720989206 57.574961613544495
94.66665242398547 75.18976676874343
19.108165980135006 51.72359220617844
13.550374602416593 88.5337920024894
70.61847199072379 32.2012376408598
6.356374808607357 63.87184243510393
70.0456713479387 0.5995045568035762
34.063536189251465 17.37305327817067
60.319119657793465 20.01870628394691
64.39349805293087 97.27673455591118
3.4005544242669883 15.622550591807371
80.28338602943515 27.997749222994493
68.73487217747834 72.51781965858015
82.07537473649178 55.20720611120984
95.47963485371433 92.44184644130429
95.69543839362954 88.28583677291238
7.1488593438074455 60.34284752768575
71.19137585849695 41.158273482466655
43.33024302166362 50.619089133707426
18.7605828913181 59.084944558704144
23.051745259106603 45.92426963911833
32.17259909262032 34.428885094923785
29.0499433316608 50.31503818268761
68.13707651673882 18.179989897038663
25.342830837923856 2.6781225731599134
94.84466313793757 42.728530381263276
7.017773964941032 8.417609918122103
11.248761626288895 57.47644731232335
67.51621012827907 80.92722731442825
75.75298233042189 88.19579004098135
82.40486722456852 35.31507109603527
51.672945720080385 70.61234359859002
98.83048382007591 57.08894359543042
18.52740545314717 94.96949943181767
34.977550727264514 74.269937100828
35.721717194078664 21.50492758060041
95.07335528094228 81.71815003182559
76.37348671217556 7.899550021138757
5.669858286007368 31.75285029760071
21.865928268074207 46.5365600730052
63.24436252931096 82.31436936414617
8.933051564965865 61.76696837003666
36.09597078682554 20.654761570614923
90.2562544667185 6.215682396320732
41.02971811813361 30.371999541558225
27.83083837075535 61.62642260448881
4.723727064399319 81.38471014676728
21.770518361626824 31.62546596747864
58.61534692932231 85.41668956370884
90.14043974998583 70.78259609161147
85.7995084224935 34.65948647050872
81.17736071973927 81.5166352336652
36.112330263781004 39.20622724152154
42.380564527672895 18.68315100607296
20.209415425725897 65.9054699503032
81.14678379432365 13.753041569887369
58.832968967446696 21.842696800121566
68.91870973298349 0.4654332655486204
69.66118589565606 89.39956177260777
20.0629867105077 70.18400560501357
95.15119272560877 18.72401417944085
88.05311587979125 40.02502965992258
40.16390533841303 55.58909035553394
71.65841309698835 50.910242079685666
69.27637849557256 66.03811740696928
90.79784885389456 15.068726987599401
50.29306401245357 69.41045238814849
81.35156059450475 75.6749403653775
24.22818581540458 78.58377511484545
62.561339769527955 82.97555836016008
4.0776127007771334 91.8684544094059
79.52139923893799 3.1378143801060077
7.355418263910152 49.4708161489287
73.61143318333363 13.971209914060513
24.465177951353702 96.65729348525988
97.20324745077798 21.610930530577342
27.802581967983066 8.993169742363548
30.219467045822547 31.35766572406984
18.139236238353497 72.04874795885468
79.92868365897068 18.339242746639183
64.30836584125181 65.73045851612534
72.13218767047674 79.2140211406111
22.028159290435067 42.07647637192515
18.825395946323486 52.534231348474904
82.90484400553117 62.42501539442393
83.00593279156587 21.278226083395246
11.545520531784526 75.7346104727804
18.01907679536663 35.62406890475012
23.013804351343992 41.683126290978656
37.83084033861537 33.27125460039295
24.828777476006515 47.02864760273373
98.9938323327932 39.98682233781277
7.901104921418645 0.513918642202138
85.00572135665972 59.22268294333595
44.49739221066578 59.05602350295553
60.715307127906804 50.213041534915234
22.12638034166663 93.53216297751781
95.85270718106771 56.25462208394845
65.9252987057076 81.28506645960563
51.57221548794195 84.2405728932973
35.955485480622194 12.426925555702951
77.3807211253267 80.59422168739974
84.03378930936634 9.602421354385449
35.33661688341559 33.91355634388646
82.03047219150619 46.78118202689105
80.29701396403676 5.1690971231108
64.06898232584992 33.942105702848394
29.370245501216875 34.40550138262679
57.50848137811331 87.33130882113133
17.637134284133072 77.4463503416736
71.71857676973974 39.91875437555406
53.277473825583186 55.79121833392329
22.982009341163835 45.700841569290596
52.07478277792552 84.83994631720829
26.5037009073372 43.92002186105173
67.44731652100664 73.34765269457257
21.517603183546786 66.26301188959269
89.00896572406364 51.05603273451109
94.94541039393889 73.526488874066
39.07528617888849 8.475155438254834
29.420281857627884 18.61241676254377
85.68512265669024 90.36419956552051
73.91629744396369 35.282213369740575
83.8102392396113 36.29765023789639
29.493282881185266 69.01210155102162
82.79508027688615 98.97073337963702
58.9552297755666 65.11573947155178
31.42182077672919 57.83073365744138
17.255615690448778 66.32308810978272
49.76222520384892 72.53908321238625
91.5274115814364 97.73841072948963
27.101139725909462 86.62585512442669
18.9264535946116 10.958343994796117
2.648984493977702 69.83873126181439
32.820934887696 81.44853742363209
75.76383714310295 70.5937214390434
70.01419512882268 74.69780792019003
96.33032092357612 67.44716664316222
53.198782802591225 9.134279294211002
93.58471588213845 13.6002855946866
18.43993797354331 2.0436967045426746
53.20063993520427 71.92980020141009
84.6561940188428 92.8986975221936
50.92742513880928 59.98866205309565
59.61494859570311 97.92500065368624
23.360001105819748 55.4998943327699
52.51473790198962 38.61983855133702
49.124946316608884 99.14383822152813
53.21348741200185 24.150689089161027
88.90667189236297 69.06136944368033
45.57314398244139 49.09081683343355
87.08158668151952 87.92308408529308
95.74488672115078 32.32926546175736
36.47500428287862 14.769026756852966
68.58528198052956 95.10651765044689
80.84179011248176 25.011825827882216
86.61684296553275 59.66608099069237
25.452622197424567 77.31014210120952
88.62317587436283 21.22453325109297
3.069945055304557 44.94607041349785
71.93250570832362 56.14593330213569
29.31898620127724 59.996876093652965
90.35472157267294 18.42345911990084
31.3446151721682 42.101957017411685
46.08188327066885 83.86370990272212
60.022509798009736 57.223753386346424
87.65458923974334 58.246263702457334
25.39782516150222 64.15757668460253
34.67214698447303 81.71967909327446
40.65745174721458 67.95493105562467
57.17032132605424 78.90390868840089
10.479707953567763 57.07008579279149
5.380480927909437 7.100712229800132
23.81877570106994 27.746506071912957
24.712682611163128 99.42046274522025
3.457838294062765 2.0898855328554067
94.09702657961357 17.92743912400139
22.714288505639434 25.06257233264908
86.54190431069931 57.187013067078915
12.147521326320199 70.09612488132797
4.477251735894638 0.31194644446315145
40.37347520533401 6.836944611763496
31.39427301219102 21.530044337875843
73.52295618303609 90.22945814233074
58.65345431252691 62.93490802080015
84.6762731901765 36.7321967015551
13.295816685716844 99.63675874560316
66.8553905812714 85.88880047214617
60.169215511951336 3.952798602772667
38.02397586311632 19.932007558678634
33.901838795749484 35.15484452067239
13.859565551360276 97.4048391809377
63.44271421103629 11.944158321066855
65.43573547102808 84.19154904879636
14.370561943265582 47.89651346611716
60.02218334879772 60.401569982906686
41.23105713062647 63.48961352008007
33.58970112189581 20.452489584416632
35.79528299108225 87.76056843804218
41.98511781321292 3.209713318292162
72.2841058090795 9.055569555583553
14.228074540409153 93.83690169687422
53.31329921422607 91.63539456751737
34.982454066371574 41.53020420515745
40.445719004400324 64.88940840992284
47.579603564390105 0.4536257436480673
40.67395770260865 16.624211018986767
56.030199257585146 94.16105161786186
0.693870893357329 93.18150609514326
28.927614480933507 29.99368337517079
