670
1 3
57.85488904661202 92.63426554760706
57.11617236966258 7.848357065853473
39.18739465962893 5.764428593949433
76.71854461120995 18.820722862800633
65.96827849832722 22.594914888301098
66.3236963631999 8.107877047322987
42.447457240154286 27.895112664718937
45.33436694987208 15.53622863809283
47.23968780477501 34.510687470506674
77.93177153762521 35.784050488963494
99.22636680847761 21.15449024952325
94.0733523492218 34.687828356616144
71.77887922070447 1.6952849988541185
80.05823391016249 63.60425978839594
80.90977024335257 85.74717094825863
53.89587649571186 13.146286875442946
15.07803763184592 82.57281303007866
97.17443359723346 75.53105569202572
49.58805637648742 57.73634837749444
47.53540142290262 44.32027035729229
3.365658233836588 20.16387495548857
50.047059538637086 23.225878954528078
72.907739865914 68.23463381428314
2.076292790103351 55.599887234985836
90.28264338860701 78.14516159035054
1.0768888714789204 45.496797985798196
51.74486590872747 19.373885585888708
34.65790130067046 63.43640743329981
55.17231127454778 21.427460843192026
62.201947828434044 15.675978094322973
75.35547967017835 84.319699505121
14.352811972012635 2.0131238627609127
24.98193788167391 27.321281121416096
3.96549233389325 43.072022032521026
42.95946660421157 53.94609051400132
91.9572609550983 1.6662387023422598
3.4264811540566598 64.91382129324612
36.90834195133026 92.88707986033538
26.121558357995077 60.99736932765485
66.42074466516902 49.53782935030071
48.24333062360877 9.396260171891813
11.341823153221075 40.09428064826099
21.267770578782685 28.43929635229676
93.37785124155984 84.91187391720283
48.36540028906089 42.59514903442214
63.27177392788745 64.62909358267022
16.921806468245173 9.999435795687983
71.45137945229808 10.746980373855287
50.461220866370546 62.7188668482177
51.19158756045441 71.4617015487781
42.32687507577773 97.32573173249244
68.20595802227672 2.387277264077725
50.98549979074105 54.957591368285975
0.8997566882937624 50.54952873485992
12.030135300910572 35.83103224412778
91.62297806810051 57.73784483170412
82.11411176500229 71.09939395604852
28.04938531832879 88.4345201211374
39.79125248050484 29.02556000970524
28.15315081198373 63.23215238618391
89.13236548357195 89.0985629911909
14.858754572160414 95.58024690661608
62.16561161213121 84.89825445186227
40.25836890356223 35.63317732124056
23.30562473301736 35.46468200382515
6.199412214620348 36.53232498452099
57.92747878542721 40.2086484530052
59.97251523617479 1.5932302186687952
88.74430566719451 23.954128274770213
10.552314432023246 52.44304398384436
53.014774002393715 93.6135627242898
47.40724268593226 44.065892974700894
37.6575483007205 80.71580012337922
41.263451754290756 70.11523041269898
22.196098546242425 52.4748387349258
64.76517987376558 17.614093476642267
3.2583557519570983 76.57809989727471
43.10630857212867 96.39172490958484
46.14662849259532 23.917512872880977
90.7134255409465 25.20189330139708
67.86671590721498 87.4432942627696
13.210051704974802 21.641448179225996
25.323585715773046 96.75904404187033
49.06933221240833 29.966308335307424
33.51483143644438 68.15929383448835
85.03063404316111 76.25785449065627
44.62846767414228 23.272981131179236
38.64500751082387 57.020116672158785
24.98453155736493 17.359604602158505
35.13360449632017 55.24407439831158
92.35566973748523 87.40049018381674
18.23415387456646 40.153802601598265
50.70733638472558 31.387721397082615
90.66096429828133 56.919125967036145
38.37164866217269 25.742744984165753
53.216152910242485 5.337026576115922
37.03653190505749 64.96863908923238
63.7541334953412 90.03457908612633
55.83612062018457 17.64463599957722
35.9823851733337 86.25492042645826
20.742855614839193 38.20228852438083
65.83658645818014 19.790753768510115
7.548365726362816 11.2028362400725
95.67542904253837 24.575567394471264
88.87908025594999 50.409871520764106
65.69081955108955 50.8963002856649
57.55983011495862 64.27251996983617
4.207034567382317 49.96477088564433
71.85081094483337 42.59326904261449
36.29378775307836 32.701531212684465
68.24010478567193 6.815146958139562
22.406435547755677 48.95794850872186
64.07489575472474 1.7621600527323977
60.75334435321109 15.210080971079654
51.93062812732845 27.58530463243316
47.26478100255298 98.51979279119247
47.58361194050589 10.864815013426199
17.889431105421536 81.86121360646325
2.196377123168247 68.48420283346248
44.66535016670803 29.157961502821838
87.75715642487367 7.758288540938474
15.617530023403937 90.42959065323966
3.5182049950126304 62.04047217998729
26.09348587353879 50.6500528371385
69.35431165392747 77.94447688605783
10.20566069181783 63.26148777302687
55.64305958765452 90.45392204303246
31.24351594143693 32.88268514876227
81.87417368204034 16.784188130904454
91.87833441935376 40.30193623190286
11.60886499978757 54.280309035175314
56.371413361350406 73.90081482146171
88.76913321736106 55.26629275220969
92.09059622973761 46.172494480928215
1.217816376262748 32.12124043875204
14.015142055618268 26.2509436768688
5.5367562535816095 23.21774135008836
36.81062934341153 75.65126282277362
25.571360452083102 21.121955795457016
43.339927964382106 4.716546565352853
99.16885829208954 16.41652295647267
18.171353405514235 66.26385856826771
64.83398489876771 27.703263513434727
93.24844935290449 2.521125113744227
7.982869594054298 52.354791660698474
1.8948794300975846 19.999101710334234
58.99500584577437 85.61987672821058
33.7933544960616 67.0832881817164
95.37106498284054 75.80734954344346
29.104953647403462 92.1905180238625
73.23127404570464 32.6993151549176
94.67235988799443 75.45706123227147
58.158669557686515 30.15572191724445
78.64833697762275 56.3278630134175
51.3758964587973 13.904612374281022
46.064025116214616 77.69454356815746
8.170124763724518 18.54329668842123
62.11041912402895 72.41993698553655
38.341084949132664 50.68937134781133
53.189929958133675 80.03119915581442
81.5708529549613 16.672246007810188
67.42000073578345 12.929670572109252
81.18151774265212 78.65440239390237
24.197078467356082 60.0653387436809
13.57723020762398 99.766714341021
29.81335202419242 30.23407736706727
20.902452600731316 7.087059036006638
80.24735743568192 64.49816102465167
22.002093403693813 41.01133871953162
21.783147138481663 80.78332474541001
53.16847782728102 73.81118262072968
44.253148436576815 26.49654890928832
5.114768399503533 48.160295272723005
65.37573824958372 35.627932899998946
20.29519414010832 0.287098183480583
53.66228080482425 74.27658715685553
91.25768676687107 35.63262798381184
63.86035580521283 14.001550349450898
56.75748387040029 71.60585363425417
80.01554691983503 57.65206399514806
42.67278583153566 92.49261103831606
0.6142841694448453 71.50360482083957
0.43660178054405474 3.188356237739476
67.62199351822046 8.600752562724011
70.1409449473118 29.17815457500874
0.9367721174920574 40.05701375177792
25.23277276268827 96.80585841852889
11.720043367452604 96.74323571268577
99.9497063845807 19.16055554222289
62.55506213076725 5.963194622851931
53.410109416526616 52.5414883567578
15.294719438308913 56.180606017500345
88.52197293713913 13.297286369073703
69.25198571089344 26.46177308728912
70.59516337551909 8.46316644938736
69.91578913602852 91.44000335106664
33.086746663190446 40.69348404245654
83.07734663691495 77.01394563099345
79.71367742102267 66.44848794680078
56.561148996474266 48.93292838895897
65.47726784112197 39.28262901704047
58.6503563315695 56.67899411600668
10.532326830172668 21.580986382441015
94.96724503522726 13.034184986575536
36.82058194715416 14.102615570449606
81.61303161867228 34.98328080688664
8.381209138410828 32.96840034936335
17.62086183786449 56.74753275273054
88.15259557378754 37.27732584109378
71.92368287154038 86.05076116668214
25.538125617130113 41.47963983308416
20.949991428106763 63.49596284973549
34.05445842855772 86.52030250326345
91.54696925696544 65.68141170036215
64.4483639054241 33.908645638156784
11.99261606744091 16.79206143761265
25.176599555636226 97.10544213791307
82.67095260230283 75.59832182208035
99.17015268042755 99.18049575622585
99.84895578344901 56.6179616668572
89.21327798948606 38.319190201690766
41.73908315040362 36.15873862672858
17.43389558998669 61.09830087800836
91.49692004309205 12.269124670120801
62.96975441494992 5.048563787502247
47.75266591592169 23.215493550248233
42.232617075547395 58.41997346867429
33.19332596752693 55.09845552137502
62.517303571816285 99.23245830902519
1.223383116080301 10.78643767984584
81.41229504365712 93.8033229219463
76.66456097525571 75.83604139553933
18.47763291500155 25.342625935370556
75.45652894300778 97.31556546713118
34.4566356049532 62.07664445242882
71.94908172927776 71.82484931960738
82.83235195974899 54.26364470566143
60.79540819823406 26.75195288817531
62.4654715876743 10.607638026070475
19.456889352621044 8.00665265217184
81.75554195787815 12.113841012458337
87.52297017970703 8.561141975548336
75.34557619033994 19.811248600384502
32.12079454759014 54.03988846576906
22.71092150274081 8.02872726058197
3.5776632768494077 62.18235912911227
2.4667359169812775 75.95074764162632
9.153549894871581 3.4026790134501494
94.82756822167657 63.17696125542178
73.32429753263226 98.42967773807115
36.42060708025014 1.5945191719556329
34.52312841436655 82.62240063117532
11.271762453896272 71.81994691862575
38.46003530466533 90.00775561421983
96.02120553406243 16.23843710874846
13.887157213274204 1.1959178998300235
77.63059266395884 99.38277240574813
81.3896427159426 58.17364095034636
65.94557338967229 64.89134049058616
75.65618697445082 59.27784174002995
69.719229696018 48.205962350152554
6.24750137888932 98.49906933473733
56.82279161922421 31.55476917611537
40.837644236061976 11.00303724378795
20.26485970561065 56.54363323960732
32.68484035019943 71.60835986205103
70.14187289734359 41.22444453240259
52.552669799175476 4.930855085624386
6.634011383866523 38.24219938295401
53.23487264629605 14.833349878108383
90.27780566915887 10.352398551147889
55.88337197889961 38.766819327408
70.15549509932914 89.47502409864934
61.41653283620086 24.394069446171173
19.143381864373985 50.979508175334054
98.56978162861371 30.573241592518553
22.873730559684134 62.92044740167295
83.31798289487513 78.30786608934153
18.68577287497295 61.602097126774936
2.9575374988279224 98.78413835326256
15.050033186276401 47.10355566944049
67.0343868286037 50.226541599623076
50.22184431955783 58.10066374268783
11.071398825398848 95.3408915364984
37.8606470104657 61.52776802065867
25.308170524870132 80.71198536500603
51.017723674959115 88.88794276829168
42.665280288057005 44.38735669440612
54.377196222127 20.5699770247592
15.05713756030389 35.01625833127846
79.98800096990696 31.910930426631403
45.45553831479376 59.491773686156456
18.155893427910463 9.07704646570573
93.21590566838603 92.61751220102619
16.306976116305428 63.687673326022896
83.93428076130208 3.9412458041072185
78.86126101580298 10.844201154239851
25.473352033963614 23.03542734972519
38.95601136335607 91.80645165134804
76.47427692980261 64.65494463904284
31.91096118501031 9.020949617150741
48.18889608248658 12.77787042428371
71.69940935291422 96.59654442618158
9.19833335712601 44.17856537459461
56.2580639538663 85.8621686929323
1.0244254130348907 59.850411788992815
3.268559765758283 19.276099369931153
81.3632535457453 71.10227548167285
56.78259976626903 89.24387329627545
59.8608123682828 33.77508913545797
87.49323536994626 41.27386464955647
98.01938606906053 33.095041546187076
61.80613952191671 23.655424773269672
41.44057591845245 54.86854600923978
25.245416312123513 35.90144656782363
56.036001447885276 37.135237624047136
86.50210490711984 98.44091575828647
92.06759340953343 54.574187074157756
56.62562077311804 49.43435647967382
10.141361245132074 9.681832098916887
24.43925475115767 37.75723846221255
62.34225988322131 48.3269060347169
88.61845722835002 6.813856913578276
96.30730179064825 47.68307428546501
35.26051205200558 73.54313627996862
43.65502090465223 65.31049393356298
87.93744197346021 13.178726373253324
23.143927241710816 95.95085137049797
18.693077089611098 18.680354037516402
29.108315466739022 74.86612698167394
75.47662802834134 70.36435954162137
56.27366452049725 50.35941952137315
97.46034505258064 53.40716799185849
6.876631696411706 92.02330072264704
41.40595243105316 97.34094800886915
63.034442743118646 61.17067575693487
6.646416591539728 46.28742535320684
90.7239076434087 96.28066274080108
53.08783089318154 81.7704139716583
66.15254157454156 26.2168794292744
24.401554588387043 67.62603795125688
19.962823049528076 79.16898854780979
97.5438322599317 73.19645007888607
51.85084988722601 26.931298511687295
31.834704681603696 52.13800781896545
69.92956525496187 33.90620482175011
86.19013629568302 26.82477092672435
71.9685423187178 39.20385671408479
38.53018807819064 90.39064395386085
50.49723210066357 60.023163348620216
77.02720598895058 74.72110946488053
5.36441772099987 34.04039443168874
15.460418312787105 49.47310141982169
98.32558864155048 98.28344242547209
30.033089833028704 81.42284809551133
58.95633760744035 58.841472827719635
85.57961548277362 75.37749012344544
16.60327701246953 7.344940029890079
43.45749318441459 41.860017081458636
38.85643711933695 29.132867130981175
65.76036568859766 53.05339863996545
28.560017595782416 3.7810502191248263
25.722842242565314 58.281171572269756
92.22008728172833 22.06456378289541
3.4555666212937153 26.747484819608005
55.05400673626044 81.85820049526444
45.99599245031871 18.774599562978068
16.240787298769476 43.21130673054081
16.40694489144261 50.329006637301845
98.19393067400983 42.80053410385891
88.35922040035325 97.49920465717115
79.03199449694777 98.87538195560579
5.07564004338199 94.08692167377627
16.116657933774412 43.152926899190746
8.143839300173571 29.92609519189322
99.63972369802391 54.20997985587921
75.85848938768314 77.4824467339879
85.75471744093093 29.164454993528246
25.54164988509424 24.4190732121927
36.20622640628286 71.29610498232806
74.91561936998954 10.277701648077953
15.852881377881967 94.99255826356145
71.17523827049625 1.5762030941096183
7.167089157628581 18.663080048697033
52.639252782530654 14.201342939723972
20.906535918526934 20.791366528654144
38.875714637686286 93.96694542618242
46.114869595714715 15.455066716960154
35.31932483501636 8.795047952659175
8.030525402492117 6.948189862686638
44.80877143105184 45.42831318338676
52.92162836094556 58.087085715962125
52.05392652999097 98.99062558896445
13.752774277933844 84.5790102175149
97.87400199471912 12.988648125007774
60.78932436285345 89.8703502200855
99.55886452481309 62.19393813771763
43.38052992392745 65.93771651619728
4.5833239288809 63.22079730856844
77.66873530662524 11.831910333442686
96.35384794917694 92.73734586501956
1.4694281945514032 80.4001756294102
86.74730120579528 38.63584175849297
8.75140551930067 85.28596557346908
13.930260466126509 35.91088833368388
35.456458862139264 18.375181281206565
30.54682246133169 85.05025128132789
90.23442612762365 93.46614826394921
71.7592190539234 92.19408522611208
42.6834973485948 41.20476718869017
12.653428873083605 38.13735546836601
23.472947826293677 92.91187118186839
51.302669601667674 78.99974589081349
92.38375763497149 44.97866996316362
0.7356280132584603 54.404794621297306
99.62643523016452 65.80203045445974
64.27410113413863 20.09395499336568
7.904773065908732 29.874887680742866
54.784700718833705 51.986539713937184
58.828434897305 60.456760343577145
76.74025470165202 3.04884390263902
44.0618980584961 85.20108336953993
99.9944516050304 87.2794588831046
2.92170131592282 4.770829473957883
62.54432538266981 97.78363696797143
46.68886039061244 60.53191471991959
36.709378434449725 15.497807609171431
65.1628985446806 64.29703276542273
14.553324576587201 38.215051481860016
28.09212644906294 17.928494485680325
29.081478359081814 47.17094350180573
48.09982597357107 92.81457478000212
96.69908751031635 51.230827328394454
96.69375101653877 30.549973114601702
70.94397054664054 54.39061361856077
35.63872690923293 74.21803805062699
93.88074500435499 34.53143193259838
95.11221919280896 79.577470018189
89.06975352830358 76.1050824821321
54.80699839152374 41.89546790535943
97.39153178368593 59.03300355240768
93.24550278039811 63.60971665879502
40.46804302559794 53.456992206999864
35.370166841198845 90.17389970925164
43.02136050360437 51.724861582469536
37.84975965559403 74.382689116829
76.33019063078817 48.978184759874075
5.915994340489017 37.138320960391916
56.63148901717019 28.586565771214943
50.994740007429165 88.7400215308846
7.322056677059341 82.30815385384396
37.932070944669746 94.35069192215053
35.243261427757425 58.98388832522219
72.8882827090644 20.146668376225808
4.712319679432286 96.27042846803153
66.6070263708849 24.86558157106744
25.846969876888124 70.97342689794554
7.323115928228274 62.187214938243926
77.88417953732127 17.746540153149184
55.03683303709215 20.89119497400349
84.71795328951717 51.92809611081255
48.55744133971109 72.35921034540233
65.71773369331706 26.813076858322262
0.7477266961855245 21.070937753930743
13.86789732368956 67.67906636484781
27.558036688485576 4.751937822074481
73.59084510176741 14.073230801723358
61.35981859976498 86.61972107104741
99.68078220392131 1.8488296545426497
73.63138052740763 94.19922017631646
91.54493512517297 55.21208115467133
69.41059717076341 48.94109118169223
19.80001315825848 98.52504187299971
77.50639523403255 72.35451985279937
34.23150601424068 56.52987880231011
17.513959612110884 89.60012606926952
42.61782937693823 15.974389917903231
31.02608370502111 32.28237058947874
44.14829283505046 4.860952787334094
75.39423041028404 51.56345401941596
87.94538749416778 43.12437478074036
78.15482996950078 68.33759643486002
56.11074727014429 35.01801746266571
6.923158629161907 11.885860490993938
45.92970386996762 25.110644935735582
60.71331548832273 36.596723764141046
77.06189154063266 17.760347523411134
27.126849777560725 88.95950678552316
46.58092796184614 74.73482680279757
13.388758435226489 89.68607439612208
64.6053246653844 70.80284571355966
57.47993935391076 3.1766885821918667
32.992922894748446 65.8536521646061
52.66747713076509 72.07072868733253
49.859593867676736 40.86835231702104
47.892756035898934 16.78683333042821
19.507360622652303 68.64831393378519
90.92007235466481 56.37456148880413
98.35542407125438 12.269950036429655
77.51369183443269 88.62495804727092
13.040359539486278 22.513582014314014
31.115382545139212 10.627478951104452
18.327049754730652 5.284854605421585
2.5951424551652558 79.07556425297966
45.631918718822305 10.465346314533752
28.234981411705927 99.28544705010151
4.144516922004127 0.6753143932246131
25.21851744327266 15.96270771190731
72.92974593252757 66.19183876717915
89.80687254298319 12.710656387403297
64.67774997300637 62.63825752880412
39.95508005853987 57.41718863118324
35.233613485692715 11.783055202453419
8.814042763074426 23.62919718455727
68.37801170552478 45.60652973969728
10.759982793900068 17.5533052123686
11.862390099363651 59.899683149710455
51.15886707182564 99.10541910341766
86.18647624419138 36.05199262834955
4.532788988888536 82.97514810246813
11.471129000959635 0.7261570985550136
78.62552378155397 51.84615838352742
42.70062025577901 68.13675081656625
85.2778786449878 6.753116425484729
86.10830605577398 77.43006518782876
0.8187531281102833 8.721739676197448
48.37348216477071 43.03001799483077
43.50651364675675 80.48127945110097
13.833951357906571 75.30268290094656
73.68336563857576 42.68155339585273
41.47572834532394 45.41557512445393
26.148933639143035 61.46613960655658
34.565834855623834 29.338893196649884
83.13956709462411 75.85327399142597
23.987197037651754 1.3756023001846307
91.16635307015788 29.195813528686788
75.03298962980335 91.37889708731015
22.689558834945057 20.72508727402822
37.32940014061788 7.594141004291544
38.5316932556238 0.44812504570881373
76.27287550421691 56.047419146408714
95.32517488099859 69.88567307561071
9.84582527472937 54.4119424505753
23.27409092601036 27.008052902913594
80.15002725897753 13.51286006465504
15.707755251468459 81.92543820992778
10.045651743889806 44.14902237307447
49.09448282587554 14.983171790972172
45.675932924880925 98.87762274211094
26.393547792746077 83.38477184211119
59.28223540641613 16.79642569755455
57.32408282786445 22.515061173811635
63.24618391511589 26.979224782370114
20.01485272534933 87.69258081417706
29.73073683822416 52.2515615042408
71.67847034393296 17.012508975197438
93.15438595142547 2.050016411689759
18.795926102311178 95.25130502264372
21.42135559041096 78.65965745058632
56.073111625659756 59.24697464281179
56.76783078084291 81.39800457754967
55.69806430153046 98.63656897846779
31.148524869188797 26.00374855246099
0.381986965222203 37.57942499837894
69.51968147299421 56.55079103495695
97.75272936894726 13.664999371813003
26.079924197189964 83.67157664679863
92.02637805512732 96.50666154959926
84.1751349833455 67.29478311617018
17.459009637689825 7.991789303250885
87.20140765882167 75.09694645844978
47.596955774540326 53.66701118676958
56.99314607665278 19.01057283911136
48.348605753211025 35.11967294031455
58.88720993443468 23.917313917732464
44.821489738797624 57.32059262004414
74.33220339507866 22.87612502588512
58.15237764693184 44.77480172340342
27.06349149055867 79.65905129717412
83.70194646577475 87.96303503624611
10.149183559448272 29.35692651464754
73.36234736694584 48.67429187372561
19.124205186422415 54.08216485139346
27.686714840406633 32.548795267248984
78.15604089994825 59.45135781978186
67.83358675001084 78.0048052355228
96.47809081693497 81.71204922047946
55.009569831267946 88.25056515546102
54.17132463441037 48.73335900581446
6.424036884534123 59.74910772623731
51.844485850021215 25.877982227179587
69.87243130050038 96.39904537227095
22.62635773480419 63.58312591496982
70.64312829756989 44.02184652176153
98.91483360499993 40.76133836752578
28.018001137189952 66.16593698354708
64.12076445293759 45.483479351075616
86.18828041019242 15.867573097941378
66.90968706336777 30.067750471941167
1.9076495228532275 56.758515444351865
96.41456694569843 22.14646706765531
91.34151547491713 84.46266975191794
13.508590047373392 56.04617248911721
91.63252483180841 57.25551214844473
67.85890075091726 20.802629550087648
90.24415980879547 82.89955384959642
76.05478462201378 0.04232714538809912
93.30124440095308 52.468504727950396
22.817648884203567 45.4259527296186
13.019711126825605 0.2507801232913165
40.490074874031734 37.249471803660164
95.92510833382843 19.745181357027853
18.379385621544596 17.434947619943376
76.31149055376571 81.99604272563657
14.32897138249447 35.362696011817654
15.384191641241095 23.128273938637545
38.912542675254414 79.52700171439682
79.32035793095156 97.39605581045537
95.00044547924725 19.79655426496876
18.502049576466483 46.07111836052782
46.330359300169775 5.286578441539036
95.9079811175837 16.422122195729315
68.46488601301526 72.63387051020788
90.70541499654348 56.690751968802424
45.30551490488892 25.90869399049154
61.03031109059109 47.98900214393655
22.813393442839946 96.1114876720583
85.93706747610452 62.3102300176734
71.50669475359418 60.53976825839236
68.4513593618991 65.08097214104282
86.36132327899138 94.15091902501196
28.895201541568373 80.04673154518338
92.16079358309072 37.38933357283187
73.13415207444768 61.06427665736178
34.21285518823356 0.0983922873806442
12.575526966638817 30.469536609666157
57.69713869071305 11.392582390354589
60.064229262251104 50.70600691922142
43.37348559556475 26.075329061169604
35.01410277896622 44.790865278998446
37.18685881261861 3.933912862987321
93.67380047057456 6.322287510324043
76.7433960763945 44.0211537820723
23.965217786087265 15.204094868250495
15.59854352212351 60.70987497238312
67.95867371169425 13.155303611954716
78.55439411921937 4.135370474746081
28.652257375141055 65.71000024314748
47.16443203120022 95.88401797129053
19.583651442593954 94.65991588069048
42.607353528748426 72.83702864628181
87.15010190035295 4.1598259402173765
6.9815837405007075 83.89050795405223
59.00022120960542 26.41799464947241
27.660387580280286 58.40469489080744
31.75041850420943 88.9057109389356
8.002547852382701 81.7140439683419
50.23824821462988 13.342044457867841
38.81239218343413 46.21975012424442
78.68156082934543 23.451512792100647
96.52087611780283 17.81665243591659
67.9602421924488 51.64634668533103
42.314370885209975 40.773601590706754
27.03378723006704 78.6255647699169
98.37984709135748 93.57258997094384
59.850596615041155 67.5882205182194
77.14750477599821 32.67095245040457
44.489006919518495 52.69072005937667
64.66212359673354 29.717377230768882
45.04676755155119 97.97603798255317
