680
1 3
81.70878989199095 24.64634810957942
22.86479759812119 88.98563993249687
73.42705080691967 61.65081010745479
30.70321461684644 78.16636019881471
8.950917926965229 77.56233410333522
40.90204263346071 58.59137382550972
44.22289928432921 98.3274437745406
42.69161952081102 84.79100360011103
40.50787567051697 23.55107878989311
86.52578389792085 61.10491903436219
30.432083014120927 42.041982393270125
16.555690267658974 86.78301990309554
41.73647334908339 42.74582580771107
87.7072957499238 67.4406680971673
95.66980745942388 69.21448634281518
87.28424247703845 67.3935641984267
56.45035703630796 0.26448314908396053
74.94644446971814 35.07699753706879
89.06108419491233 48.29804854630906
33.65760382535914 42.350603916010286
91.60282379722145 68.42891637791475
56.94197308925111 23.44655610343618
94.01544416251555 70.07926659633684
25.77890606330122 76.39228547363376
20.340522440844477 33.07697531389879
29.52722612775167 8.815815204646583
50.66611331117106 31.040743021869787
72.92629791453864 72.15809649136517
65.66018977369143 67.85298450227044
40.301945193981936 5.416244716238761
9.550782330710362 59.28202567534837
87.89547221814149 64.74175474307961
51.73424502408403 7.409560031858109
85.17097536040612 15.035240116242798
64.10070048015055 4.96722598944368
29.29855652681028 43.01586781871261
68.99013457858636 49.05351954794588
12.84425350165086 72.05476339528497
75.2745999146286 83.47151927611978
35.9625757739152 56.66152739556638
28.80913428095169 92.92602883882432
44.839479432494 70.23192368825401
27.786476362093282 10.530678462029064
97.79071160458524 51.57313898988043
3.684148821445654 58.090584242383294
29.349999540320294 61.422579134619745
62.13984077440848 15.699858780207766
74.19745085198922 34.00326538397618
53.16418115432073 28.561989702517554
86.47349393328317 15.301120935376211
49.8981875773765 87.97098101043659
17.318318382328467 35.87666416779094
55.381235720223444 44.430326336121006
79.68262245999789 89.70040096203668
50.45915431828867 4.653653213628139
5.510877175544704 42.0479483444478
42.53300150560151 58.924756860444624
87.76609654708254 19.87117415330948
56.98681085684185 32.462986502229676
77.92983978913803 54.20473974692488
89.2768093794435 83.93989823917667
52.23138826902343 89.71775159430251
54.29488200785233 97.98342422088334
59.161209906592816 59.842842870068715
85.59081830633113 63.402403187046644
91.92190287525457 16.02394744395861
87.20854170629666 81.43003254423684
65.03022228197067 53.634467437348185
26.25798158307915 2.0916939247993316
61.12217063018832 47.19968428984909
0.9017184830096392 36.86924037021577
88.79513500839286 59.23989364109061
98.14373791694699 47.05119445878208
89.64419601024407 69.8787775105862
28.007171294146914 60.4799198298297
69.64806570073254 37.21693115396747
27.646754456671687 15.559356604083563
93.05634415745783 81.34777097937858
86.08430793526172 2.540210495413797
93.18335515291727 72.82411290892684
30.59678278469118 77.28395935286431
39.442566809266346 35.91047080582659
20.088710523838337 78.35741312180357
0.02277345664680741 29.450090998486942
47.182389335931504 64.56910934943258
22.12423447867371 78.16733033869181
74.02763025041486 28.628145125496673
33.96465628289646 11.67543675278322
62.40605847473473 7.7722636498726905
31.971841136356538 78.96445063253259
43.532962874310414 46.5433393789489
56.15908726713468 66.77683749754067
24.673975431753135 70.1111216649815
90.40460664408585 73.02959736899008
41.22187797872423 43.766649577889496
69.07324475829716 11.118137930336625
46.571949162294636 55.41316065318591
22.782953481253543 80.65162689910093
26.785835489889287 67.4705649340739
86.99461728186904 34.09090832000648
5.200808161678516 90.81407416661737
64.3083195843277 88.05634556199095
86.24343392951357 95.87605899427587
13.73738881616533 21.62785307612909
85.02296854422202 64.21650455954853
49.12192855500517 95.68094274444157
84.87679123822865 59.05087626228145
17.78068478592747 0.1189363138113686
34.5267701023966 37.63105310168222
80.29705578364432 5.429731812676497
84.79118322244918 70.68684041074
60.52184042809201 66.26078825593704
37.13688272005295 27.456738718079478
44.712510350715704 89.87424901586414
96.03137839928031 14.355539719674448
70.7447832849392 9.446553212812558
6.845310902262147 49.31438861621196
91.00095796492103 38.46717953967516
45.28037422119113 94.0603174418227
92.46416237674315 15.95456142840581
37.717707112428386 9.60722077681082
75.30781562075548 50.83758031742778
54.51484560171209 73.20001235845213
63.95504365138069 35.88888836762021
66.61721355382954 93.3950249215066
38.802110863004536 44.230056586072955
66.71574102896811 83.02017714771657
66.26324329123008 75.32337834152649
59.539791287744556 21.25573057069459
28.07912351238604 62.959761766183234
20.871338743397104 38.15033250819078
82.2651518148844 81.75532027128705
51.63137900115118 65.9603599492484
13.200681044573637 96.60206053467645
94.02696035151455 34.23585772028848
62.540300923228266 8.547568651345049
51.54863041153699 62.477184473109574
75.19992515703431 13.778034212638858
67.11528317073827 1.2632869178330175
86.1910999971536 61.03332330429152
3.885462266421369 7.98156736053206
31.733431588558304 60.93104842686836
6.206098313897401 57.47009137108214
35.891352122774144 76.0399296835215
72.1754348224143 99.14696705567808
26.800519481058238 2.172954835445684
48.12956485567004 96.24554251366251
59.03098024784163 76.0730483193478
62.172720228062886 1.1032209952734462
88.19222702806573 69.84416589910334
50.933297117739244 36.376384601272285
85.17625794578257 11.82552414398792
93.60508022869465 95.13717490412066
46.77441541068479 22.273937293020584
94.88767063150382 94.27873479826478
58.409525457433745 38.64317150920338
95.33523445942791 88.34703596248015
61.71371306599409 5.403698797624612
90.9423777870247 20.089146874586095
34.803799819481206 70.84366317128648
49.61089170710438 85.84228855969091
62.15512139891022 17.586998752676685
52.99651452316911 89.60894207358643
88.23547031700964 72.89213708402748
54.36495392146337 19.702806227852008
86.32934112298156 78.685411342263
45.914273649606365 24.824779540109464
58.37040536189051 56.96006630768535
22.50928701060293 84.63664585010761
10.953637823397644 69.75417872126258
11.72664745622074 75.76992185696744
46.23868115772245 44.03839160663872
94.35231847022338 57.107059405192004
41.648316490528295 85.64766374171194
33.781853170753685 22.140292395636262
53.73344815783301 26.40570539447573
36.8057385612764 68.48606133076483
4.447082163326055 77.90075947068587
83.96257061853873 19.898792129144315
73.57143252584322 33.52860891351417
81.02453857805347 50.81256348807885
79.88654463407599 30.44208619609381
10.996632248469073 92.91750505079133
78.6821386751023 84.32874654761787
98.46742260902381 92.92749693089569
74.09031113117328 27.581935979650886
36.45572023160777 21.252323421391097
49.52923927159794 75.35159684572328
91.14809671667963 39.1545887723741
21.374216065952822 0.49067516491392293
1.438413514287773 55.68947221166447
21.17149193779295 22.923384380508118
0.21199712495065803 86.89241449226877
35.270206333160424 63.323974897988535
78.40340241471502 58.08431094679547
61.25999698985565 4.180721914623731
80.7367855146443 99.08756376937282
51.62259115248018 54.68170256323124
1.5510774071361144 30.13183304933278
78.48426028730906 99.7060753773717
94.50189369961714 0.4365729583319711
2.7793664225494785 18.533887526839067
46.53159170351879 15.472570113237193
29.532478363463554 12.298332572155001
49.931310999382596 26.71566547184263
73.30033713038362 69.48373292567958
58.11851201004919 22.841899213906625
89.96825598880717 3.921801110983991
53.181488958646916 2.1714445826621853
43.74341952249712 42.60364150626086
16.961382087031794 86.56703266607309
87.7186760757876 75.5746505317574
55.652692650675604 77.07871293086535
64.32739576117771 86.5751157504366
11.24854052559716 0.9373301746902651
81.1028969084555 31.245942872746912
99.24614440991628 28.40899929437315
99.96604898257462 51.991070759290636
98.31341049182703 13.34381385513983
12.688718854235637 92.10180628039093
91.29798709038556 77.27843406374315
56.06722083444089 79.47310624899262
69.60381517034568 2.5336691391417476
35.26293847753139 69.49842124463552
51.48297338958028 14.6737593050561
85.31654101926401 60.13744646018897
45.98936025622713 37.12003468789289
39.705070672793894 64.85056348249032
66.85542193251422 92.08012482797105
0.5688514254722277 63.48756907874717
0.3563499249972679 45.355075808801224
1.2124735028445244 85.968571993987
94.4913830032212 11.467947634887587
41.52085077150598 16.96601068226622
88.07054374073194 47.770730917168216
20.07430040154665 78.39088199177904
21.590523562562367 80.81324133627122
78.67934823010675 38.43948692672006
33.0144352388291 91.63964641467399
45.341361976959725 86.62010304557563
81.54940709939535 97.42474753188293
63.486234131344155 74.12820032702922
85.68461782528789 51.011876613960936
51.17726987059632 4.827503846170789
4.233817607035051 10.453760617428575
99.89094843251287 88.79577313817116
96.96676988077468 33.169184031173906
63.268344659089195 28.048836468818106
73.20571297496869 4.971245429043725
82.37543954433045 56.618347506138875
27.2077603850412 50.62379037071434
77.54245075558804 78.62236495156219
40.95718908440702 88.99485513127429
83.99661495682321 25.679646238498144
64.2529275460196 88.61177155953135
76.09177433967788 45.137279811138356
57.15721014517552 67.3860920370613
40.22656631929009 69.46882590837727
96.0590528335272 76.20751132879022
89.43029281063883 85.89033672058291
58.042371864308116 15.109199872996015
20.980417193709222 85.01901954647215
47.23369845057284 25.79809271901674
80.21638622857357 57.56797308090646
61.957949764818096 43.71770308740162
42.847805587085986 80.69093008920174
20.978657863725658 37.557640326552246
94.59659730459262 75.53414913082878
36.46778028117168 80.98387105991027
27.066760547199188 73.03250546686068
72.26185434728403 1.0627679491703512
5.324016168690338 54.33050318322903
67.03037600025996 90.65190203338209
60.192086296552326 46.197277872875816
33.508575477742 58.174686093710704
43.09855736832646 59.51064927073364
89.83099416941643 26.73842279373244
1.7953538327408314 27.373687996813658
66.22593540398051 79.15700007470817
39.454384065764756 97.66991248560937
51.12266464767112 74.65035966017099
83.42440496569499 24.744792953212436
3.006494337173038 36.3505576460611
64.89316526804576 24.857986306954682
3.2928386791487574 71.99563509738229
21.025758578576603 81.62240154768092
56.82217591993912 59.99660763378343
47.07018417290387 4.652898332358224
19.146131063570305 75.29606136290539
88.38382129856188 15.316672159516331
49.03763072799079 94.55495658350175
12.94437930732295 17.76659253139339
76.58451195816065 81.41070719567631
69.2033418089568 57.68416632316335
90.9329079192647 3.1427815463327624
24.506943635060342 60.185952787302966
59.31256963193252 28.588401862857758
85.03387455301589 64.50742824643811
52.885532589809124 67.54405388514671
0.1315599040288662 46.77068372109863
21.82105725236889 41.296626579403735
77.46477584433538 90.27723009373845
32.76457144013125 83.41259799182876
64.28713894743139 78.51724551338137
86.56179131283783 51.6999211685242
14.00283600199186 52.830222245011015
94.68464023796544 87.9451567860404
33.250892339011884 15.120218374530282
35.842096853757475 79.81505468716176
87.10706498709979 14.557442137734778
56.147602670542106 58.769639071479695
6.862393134435507 13.235567369546008
8.266336917008065 55.86107378091143
31.160818159915095 11.692706949298714
2.11035835807043 38.7211623449355
80.4519781680519 72.11148962847027
28.617032962785814 34.776128772246565
2.5291366874219623 12.335799819761428
0.12348277830771526 0.7056054059368266
46.93994819743983 68.85206505924333
79.11923434325988 9.961440266532072
84.34536826244694 43.141478162473
27.87172760539218 77.58915087558678
5.2828701953467005 14.84085160439319
78.03713332179908 31.88871320426907
71.11939296023316 32.70086159987162
36.755182763953954 61.438194084487186
48.24777001756988 29.678820980094443
56.16355495049208 20.03713504065081
95.74970606722827 91.10882246228915
70.85808527253388 14.24971905549084
48.032962988371075 24.007847306222875
33.79617171417051 70.40301308306971
10.611409226071222 99.453483181034
15.76763319005594 63.20297936037331
16.80063725233769 29.425838775571034
5.495246854193714 89.50498525827186
31.64942130414059 34.83184572064888
98.30203212381261 19.097400765608953
88.67283033798718 71.23118077598829
23.191488199170518 74.73450816531376
2.078451961558936 79.93223741388161
29.95096330463527 97.51772041740176
86.6499087786101 2.325115233485975
73.89992055606689 17.0686156786396
73.68050189900926 56.622403090913394
80.38528416229116 84.79950220010988
72.04183274076527 88.46187041706948
41.959867309181796 51.039923050774895
3.6078985120261198 83.43982270767624
40.314329833094135 69.36784643093638
92.48714735101173 49.2608387854991
76.60597724720542 45.5471736188958
98.74853490117022 18.222219192146305
8.56231284488187 31.115186760316682
27.46283701229082 58.71505175828862
48.93918958437013 39.6584059318559
82.55910815832952 15.868600046016867
13.156115221957943 1.1165753119065869
35.67600105012845 27.286347952139558
61.31982945195262 62.85714205417994
72.80211522602269 25.947548206767724
51.088795554377775 22.639145933306914
71.17598981188769 81.18656564451521
32.7130704233527 55.44295086307525
85.02963523820848 18.990363604742534
21.36570231331536 34.5647732596017
28.533587770291625 9.322067386454979
30.92226110690528 30.201578241356476
48.44721788454067 15.045870265334882
79.37615715171147 70.53724419992444
87.85225459876725 42.61429075107061
15.688576049008907 39.451279397091675
71.79271978374078 42.78891264034155
19.909771306922263 17.01370541058327
30.264191471732936 76.86549412995464
80.6484005649719 48.66744995143462
82.60337080741986 2.864773665962561
29.125525059688485 51.49605329951705
37.07011495021215 73.34345226340857
13.672287912789205 66.28597131044738
13.095079288822342 31.459535162092077
86.48607196471309 75.48287310227637
84.59574871387237 79.5939707515438
7.242524915521575 23.392418922795265
13.956799111307184 48.04275299193639
0.03810162762856173 16.229910041570527
13.507804272155276 44.86882318140501
18.874533993525656 89.20790633476288
73.35623230293646 86.66355525031446
24.76448356612424 34.9164701456635
50.45304855573387 62.72587136742758
62.64578483048262 40.85236742446989
13.995072532932396 60.37497032176762
82.16469503536669 51.65462803129122
17.39098618812145 90.86574404781946
73.96334762986447 74.78201400328597
78.70149527374383 42.14113569763245
83.65506582231366 32.02131333163529
49.70816314247375 21.062244689938424
92.89525973160544 64.78055783691357
98.95952436321855 32.343959425399625
45.40434973731875 59.42611034168132
3.633860971245184 8.65874286054149
99.21629209234186 10.714280921028262
34.53640917150722 59.42111184444641
61.926267179414275 48.11834347258246
44.58313562502754 51.308152768469405
52.10723301241052 20.555782141441735
91.9604245357921 11.6285023707559
54.13074569841743 26.00374350306982
55.333138411137206 2.3568622870345335
4.960917090319672 38.98861406863252
81.69650891432161 3.5386990644735272
78.558170044553 65.7764480835269
90.65971213955896 33.066650048318216
70.56302515489806 81.92519205848137
92.84669638793561 65.04291680587768
59.73389057435436 91.62269761446318
39.960575920813255 12.205983356884653
86.39159750722114 24.295616578687394
44.06984566421082 36.9213298075076
79.53058573713815 57.46669026928044
86.31162811213629 59.765984169197765
19.53863893255381 34.916584267682225
75.78138979580467 74.75588643145086
18.559528184502017 8.432353295429973
52.11716170868401 47.76734176435271
43.42369006675379 30.611293324750278
66.1888367401384 50.52399828583678
94.53630704214171 46.46231135974948
82.45209423032978 18.115071003811998
92.31830618264647 18.566778522554618
52.981498069705225 21.087110547324773
94.51396614212138 94.26941579988181
66.5643380885024 81.52005884317424
28.632475217963528 95.14284053124085
75.88889536919568 68.594844140868
72.68335615387143 52.8541725113431
67.32686065109851 36.80127099861985
65.10365275949871 79.31723429516421
72.20876711417034 78.48085102581285
25.14181031052829 38.15179976918623
72.55243481057792 27.404287789180472
27.45996182566721 25.175155757580114
54.61915251427227 94.70613670936781
6.938370038589192 73.80626504587526
3.3187565664100305 32.62144498605153
6.639233179664794 85.23894858560581
93.42110706425018 9.19265037446988
39.181907648317704 15.110933888286237
49.22161029128751 43.357112408604515
30.58558132628204 76.86143805211374
39.28619729191449 78.11380706707747
78.49195971598782 93.79898013897885
86.8140569103125 9.399503298693212
93.96967328708902 68.28769544550026
45.938257387461626 40.24895020624306
53.90930526290732 34.07498050901718
24.52573729303209 26.403126119176612
83.8406447598278 6.2180375335842974
64.52488061160587 26.194935890340343
33.20008608704737 16.76327924152168
58.204578316389856 87.68574999728078
53.22329070540084 9.355671830684575
45.82155538537525 3.787724637583323
68.45359042664776 62.453098442501506
48.59917478955025 28.125665879892292
93.78758427387336 42.10740137557756
58.23274223747021 35.647687793717985
49.65252644707594 39.15039434609988
33.988979502868744 47.9957683368472
40.6634976033047 58.45862893953382
71.54727138754733 11.322416020663596
23.435339057652406 79.66010380246907
42.2893228701263 16.656075805633485
4.785973503936658 87.51464863777494
34.40522548304299 11.548889385050076
25.492620273670784 44.66389179374364
75.09831887714755 94.42391662661589
2.801315922143166 74.87006696871438
59.267611597268946 6.184092652601247
75.0998005944451 24.38902627134585
67.38994589928862 34.67943975909626
28.284536935139148 37.391621856307225
36.55569013634678 32.37762902694106
6.861158649054233 20.404596855813374
29.571914439572854 13.388473311035142
49.70293074630692 96.50134390184539
95.86027771480335 79.05960869336386
48.10729174811315 91.34771053318718
75.31021274469134 14.725709520308605
12.155327604778442 36.29568651571071
22.881885261707158 23.421037607110605
35.565648323694646 51.13168810937398
30.572696913400634 98.79403940646272
76.07779046615235 43.39147265007275
15.181055229530616 96.66537846304925
61.64134278926272 63.640047177105785
53.803594763636276 68.71845278722193
79.76958572445636 48.17840187365585
97.64988837023654 46.43133581533752
78.17970398176597 97.64873868178736
18.016086436293932 63.16203102396791
1.2511815984085128 54.17848232838305
39.54291444576607 87.32227195040367
97.62871142976262 11.207385261885939
39.26232338641393 89.85659732930118
38.94616519883309 79.5050076708993
54.25376795166914 62.881802362651214
46.949014414125024 93.26604707051712
80.09803521808433 86.00866304050048
22.034248024767567 75.1005889205932
80.67803590827745 41.05453239645047
74.28622894953448 78.24170467763562
71.50708860026049 23.299376054326547
97.45886961751762 23.46781859775071
7.322263592561162 53.93027069699645
98.96956552452687 36.32823861955474
5.33867399103678 9.479042550420424
82.40413975279257 98.02864978033743
75.07751623449082 56.409914393012215
26.718085248808876 79.86125294112394
22.05667984843074 15.206265744420833
40.1722148954408 46.87504095216954
0.9693202311581661 52.13492018362054
23.661958833815767 3.21810766487709
60.588944323872894 40.84293029219796
79.8196827432202 65.60606900764385
69.48664548576178 94.8603567566499
60.90095403344298 20.400046863522547
76.75969499748237 51.68633028718397
10.312327176681668 93.110247496603
82.41022372367304 31.834811823996255
25.418032449092152 23.27498293182886
21.547215127299335 80.35289326104223
48.0563850568261 76.8094825159926
60.415364629732295 82.5129896164465
39.872815762589276 1.4863405157051979
50.55739960697336 53.7216921336968
87.44216775549549 80.53762326022384
42.70708478289578 43.01994087601224
27.12809858790046 88.90738187494111
50.89252404994122 85.54692835605681
81.70294159680395 30.964588574300265
8.655554887231553 82.37339542945821
12.572166529238515 16.439519654109525
9.306061135738641 16.24780290988803
35.86032378040902 47.3078577987804
25.165579378527724 71.53832729651583
16.54241131933731 39.91412894264046
34.015832769803424 22.40751417552658
66.33588409768198 84.53624270290364
33.7781990069425 11.557558605269369
91.48241140274263 69.82023791647846
72.96197957296 65.48076510059279
25.135507658588185 32.124522666704294
60.96293688992376 3.63945017215328
4.8208939642447435 7.391159803679748
5.478357813717638 96.73745713459788
29.848881767175904 7.342361965997357
8.916958157005928 27.799754106900743
21.543861587973524 41.46974445761291
47.767633206197814 7.71226726317793
27.235530074513136 59.53827508726004
45.975780522064326 18.535408555040878
56.961179258854045 61.24567940946979
6.615424971216366 13.682174856801055
67.97130271547651 72.11178584986773
93.80768191107165 82.70179697647491
1.2075954782406084 79.84858183225963
41.83338071910152 70.85245980090318
86.90175508512232 82.15702291511045
61.404332870169775 20.100145557918836
51.322796039099906 68.02150432898218
56.779802226866934 44.612140633239946
62.46280758708382 28.062016217750106
69.69722850366766 40.724820350311084
92.96525449145037 44.97224157097066
58.29066591544281 60.25776764308699
63.69636490137922 46.39970661840949
68.6128100922615 31.669581974513527
46.66553488553109 30.396326813488628
37.553993562833824 16.335643398132248
5.663112907150736 63.351099301670175
91.41517059771161 40.10562154014896
26.098633632041523 3.6362000350750767
65.9968930137779 47.17567789942871
95.30273102687778 42.81868944380811
5.294520235674294 98.04167345345797
15.583736196525644 6.1339232595643
73.98519350091242 0.11724661286933724
32.61573784740648 59.21385165025692
93.5532670674347 6.264355990741577
60.05278479186473 71.48356934067156
15.91223215351536 85.81641442232444
67.99008282868154 1.338621394407169
36.774194877643666 39.3217512017626
74.6304013522691 70.79697472585632
4.903883918973251 91.5256514303495
24.50683079160425 16.29760134591254
21.45697738876262 2.573926589649922
19.71994123112757 46.8928740183127
72.05763648185987 90.60866438684587
94.33609256879296 79.27052890063426
63.4927101218703 85.56844547681455
56.18425144419861 3.022824996095097
72.23860846824121 60.96613854619872
95.5430335144972 39.724977396360295
63.37254686610352 85.87937350714645
75.28914992059161 73.71630030305182
22.148317796850424 35.331337321682874
83.61753036796338 66.75443068833667
88.41644992999906 96.74865062223807
27.920429807857605 46.70721810997542
30.267259947433157 89.95725085673905
57.4641188806476 90.85176726103201
6.690958368835664 12.369004086916014
58.47926149266651 20.37512093940954
23.99298774176566 16.82674726711786
29.171551825297826 74.65205791732284
61.61524206577438 48.480671460336296
2.596486325593861 24.270446100391307
29.866814212027858 53.29345990379968
0.3251709491385091 65.18198306422667
62.9083816575226 54.80214003899655
73.07500300226309 85.6172713073757
66.00528779580227 66.99757631193735
32.56901964750219 71.3027701015828
86.01322666202917 71.41995746838215
38.36541842948176 63.63196428511269
55.38085350035964 12.856037921321107
34.88482810627846 67.90614511664339
58.05822926426472 22.344094448350372
91.61555092056375 87.51583947111253
26.734208256754922 83.43708281211246
96.12874176660907 90.05129578188547
70.00995897961818 71.0700168851395
43.085106652658986 44.29695976296433
64.80008009075459 25.507038246338375
5.096181762255858 92.64634673762613
49.93113073459905 30.162466560978007
66.1162163787674 33.80352995956039
27.75284189749121 26.39218834441448
58.45279267763181 92.60081803449309
6.721318638050078 23.131247965132374
43.36005508499492 11.540484854383571
61.12694920800257 21.30389938851249
31.63015876449995 28.374142789904244
49.580853439926756 19.047605703697812
66.83294623826752 26.548690373006423
38.49054727437111 95.65434469053926
3.2119829378302267 13.72647477314346
64.43350220338127 56.99696371621745
86.46830849174809 66.92458671393271
25.68099891649751 26.407289863487392
96.35929306494495 18.07283985257735
72.47392429306203 97.44218370212165
18.51980045492605 90.90986795874902
61.581693696566475 36.95994569543459
98.60928846279693 57.08712515222376
17.323628977933648 4.858016122823461
19.120854381668885 83.24745313115385
95.44997165765743 61.037927609521425
88.03639758777584 52.888407972431395
95.27682760197042 87.67868011750448
63.85902107227373 5.34243485220296
76.69661217542827 40.316751778081716
55.55442198867424 95.71176335248654
94.16202374254532 65.69810345728729
26.615344237093332 3.839675419849531
79.9357405435922 85.38412718976983
78.26091865654891 51.81960623237316
87.00609071681686 50.25287884359402
82.34619654712357 23.872158926126264
51.85569317160847 42.18591596860462
75.2485923658975 52.80433629105994
79.02578670053893 83.62992624337791
95.50501146798767 96.80138165919985
99.58316866915555 5.262431443406856
