660
1 3
77.5244197625936 23.17598357212971
25.790105868156623 43.562307507648335
53.36575595535666 78.34079898544258
43.70608927990507 58.49544527111592
70.87617793244583 48.29252185122299
72.94774169523932 95.70865658761186
2.063295445758828 66.03531365792261
58.88150980114375 83.08785131844184
28.0416671434476 2.3050215524857087
29.530631583630917 74.92952731014597
79.62830742447818 35.40072768049143
98.9387998227945 62.85213036142687
65.69496597595939 36.15738248202123
19.612847705374257 25.026634706049332
43.408352908923334 11.415050340464594
10.239814809692094 5.075687297478004
60.884599855927824 3.053397141623382
12.073861921034057 90.37466584157453
66.22964191628617 74.27979873801172
76.23308800736046 22.51344480233819
0.038956655199862134 87.6705678285469
29.94976012174837 27.349469437628503
87.69765169690615 55.57980517972068
58.954713839863615 43.333073758789055
27.08298004441385 91.5496216724422
70.07147809322353 77.68263393660317
34.2375466814576 88.86989742632392
68.576336748883 41.986364137882944
0.07775118209909504 68.51088594989396
80.93321056020612 54.81838253146929
65.94346641675763 18.886118828030483
14.787420816966224 24.872805974671806
99.51543947393387 71.53257234039461
85.24268011623282 26.321518601170958
24.43846160892267 14.792832346602314
67.86667929361276 79.8732722156409
37.543317926904066 32.66671045823601
24.229141053309956 77.2612682963882
38.63877679948358 75.56021286923811
12.371226432939132 89.08338435366095
2.0260618276745745 19.306926543000035
99.56190773935192 24.4664412983955
62.5963989479918 49.30000521934834
77.86122448147972 13.690215971039255
2.561709678153412 40.25087677603345
95.06989109847916 99.26324861499177
21.850952319275272 46.019830521102634
44.13450998809123 67.07726275077152
49.15826046671887 8.484860891518341
77.45433091973035 35.29540045002015
14.801631332448295 40.51582870028936
44.442067758742354 6.996929381387851
72.16928219873427 13.114451478642764
46.9385518727687 77.5946980776085
59.75556255704013 36.47166741460235
85.63219228901914 87.3195459336663
56.86629436076327 78.23566811799046
99.88957156203764 42.487314951542075
2.8105494967285427 71.492104620302
45.590763449106575 12.843345317301736
72.49226160599835 57.10494027880431
85.20765379334092 68.90063638557191
90.26041868636432 44.68214225835445
19.286358759888977 17.257151867576347
4.1382562997350325 71.0333094935061
49.00434970253424 88.44137094996267
87.07121499862687 43.09150070514283
16.17098559437149 34.923217170373654
28.760493288423937 3.4292505882187685
18.12617011495279 24.801738527950178
91.63420037981489 85.12354967349978
61.17954518451816 68.89813941704897
79.3946308745218 97.01506337403897
8.978758631789496 94.40363926045492
11.809111374246406 80.74685441858209
23.50798020155269 63.944345520344314
98.72838425957644 18.160658280920682
59.423013307715664 4.301482972549864
85.6671102263886 50.115194613817124
50.574042937729956 90.21763988047202
52.59639119716244 19.454600178649926
36.01089186736684 92.024166250554
83.77567457723656 83.36079642136451
95.42051597081793 49.97738454196665
56.05517983188977 94.96976799027614
75.34100612696287 35.917817781241055
95.09179000641184 17.166602889633854
36.06923701178788 20.113252804362048
53.547507228209 74.29543632838671
28.59945859930997 10.679261508543703
51.108865290836135 20.775983364190843
32.55590872620555 5.994125857966881
5.640320214020678 59.97035484472308
59.50942101315988 23.97098960329105
15.36657900707974 74.51586558815033
53.306886762234164 85.29934490155338
52.29380094646228 58.71667198362831
77.72419838346862 91.89813320940547
41.026926893918095 98.65838522770736
88.40272646421987 45.79669361336829
4.459329570783743 61.222005012647294
95.06612833117909 67.74430899329661
49.28423804638504 7.637220950172141
18.0856962764125 70.72975380881745
26.17450636670844 24.03164159640736
56.62973727028313 13.742167748286782
59.47484799212774 29.456753395130274
46.848881879014705 96.59250510986259
84.37580690081519 90.45618664460608
71.73283963106036 35.18544813252116
25.58896525172749 32.51206274795053
96.8636446271396 17.637102603761214
60.30502214815636 31.559154195435134
59.5995084522271 68.23365571418339
34.3490469559814 88.58931307515527
15.901168082284922 92.01229468135293
32.884872603114125 74.33258910239996
62.865540972396474 5.32612414298399
89.57356353121047 18.243654715382164
56.61644568908466 64.03554487155807
51.21615974892968 55.98686904120691
34.96078730288343 21.289607897856012
79.00573202935794 9.866592472266799
17.180677625768737 16.673592127742797
26.9762234228341 28.895338162558005
30.14913831217254 71.72132824538868
30.92315038269473 6.976488284266913
85.41511191323701 91.81285336172817
1.8934834171440817 1.4047913938129986
70.05380120789926 98.89903637359039
31.608581531947834 56.194438044947326
72.66256082663524 36.67926379390822
43.025333301182165 38.85642754296627
85.71539142063524 25.75273905760971
71.39230545831414 5.407816744093097
13.427355454481837 34.683075949097095
31.673379520728375 25.98776354209611
59.123248283264964 60.20981399183345
71.7465199718435 81.93596929999596
15.660261757226191 71.08010377354697
54.34908659916822 11.093897312105415
95.31965183012996 65.19004951447485
30.648204066290962 28.07872801909701
34.42069317290846 66.8783463936096
0.8840483898385321 40.576562940602145
50.43704760609224 90.6142947215252
80.50409105913012 82.83213155311758
7.268434745822017 4.4484442522769285
16.370398018044874 33.25635101934279
39.341995664220455 76.49009833489053
74.2771586577589 62.63626252782235
18.933292399816537 17.55206303086183
64.99327517738378 98.75153272304524
68.04501607821012 9.727205879806533
4.884648150191118 67.05857765042371
13.411347381842997 39.931919313078936
91.78275745333065 67.69417884367708
73.34176792124545 74.85028213298499
27.89812707139532 27.707091069459654
6.967327974730564 44.277050470463934
4.884796471683495 17.46241792809591
63.571691429034495 1.9191194606802187
52.38122860083243 54.02186983917942
20.795795483475253 29.667102652372336
94.47202623040904 60.876668601063685
76.07673100335887 6.358253740360964
9.728981232036338 68.49002349703326
32.71445921714018 16.397501051568053
24.849304282363228 68.5805396310866
8.658378028440584 62.36507387888359
3.4473985066219903 56.16749804255898
75.0450668166452 12.489080667467611
5.828393926120623 86.38654170106044
27.67294291994451 94.50539343971283
7.983343962269829 75.09438602982857
4.140210687036494 13.601138787426216
58.2299285999621 80.99518314629579
15.139393664313472 56.10122027708413
9.816169009487075 54.23393701349622
96.2950373972618 52.69060601839559
8.979255853660728 39.84728716395405
90.32268066056359 59.79586387307163
73.8481533501334 35.32632554810395
30.870105387733005 86.11414947932701
40.262387968611876 6.780231606917231
83.77227875026401 66.69128343911248
99.90119199212624 76.82936418313233
82.34195584186179 63.421349166653826
7.408043916878726 84.61673955816667
16.104791831789655 7.205579274450646
29.714831240677732 60.18658898961093
75.62657197687288 38.63173730572671
24.67534725066878 2.5180974489596997
20.397902194090722 28.59401506521295
53.6194399134327 65.04497239851379
24.469102189437987 23.83312077303823
61.06698789341438 13.011424140662164
4.772339930417635 32.92019103935899
50.884118256210044 51.61644023982321
69.6327488361541 13.505145131988062
51.32331022196883 24.048135964949058
19.578769681934773 53.859853962700186
12.527521662662933 20.249982919196462
31.02198842513133 12.308785231928908
71.60160533858095 96.90975113027437
53.01153699663181 18.382744592878186
56.601001106780416 12.575583907191689
52.38220430857361 53.478340222987654
87.3868038469366 9.949466085644708
56.34592480412368 24.505597128308644
73.36242963683779 65.40153005382182
9.876454189807049 90.61546652718732
37.276493179295315 72.07975760850391
49.98858041233674 30.963144126066776
97.02850838228032 92.60889900007132
64.0398754334853 98.52063963389348
18.229552963044917 62.21916309658331
32.77964761160419 59.10776647127349
19.15751435842914 71.5200099087143
3.358819499238863 87.12148534658999
91.15131543583882 68.36879055865144
27.18719441855617 44.45814471457905
19.344107133057985 15.931097823867546
48.95177289621708 39.863644359313774
48.232010829290964 66.39342980687628
76.45509986531287 72.3987017755823
98.74223197978982 13.227541186780556
57.13802208358361 33.5891096982754
27.420278354828454 88.52983145527034
59.86856451043965 59.095633417764226
34.9943692302864 36.20153889157709
19.767334345398258 40.63077494548266
63.95279231741966 1.3399682308332217
81.89991110074159 42.29326155629658
16.51289520924033 93.0128968491315
18.04240213602477 24.903281368144505
41.83875447849024 79.12514914804423
9.911179184553731 46.43321756065764
3.227729669424595 73.28156618699471
21.878703383817232 45.51384629175561
19.2362910389797 15.459515199893126
6.287684725029341 30.290179479583166
45.29231769476427 90.46568919477676
43.80278599016083 27.39152436514296
24.718641579556788 64.99917420349408
61.21555892643731 73.50917881288824
43.03202259578897 71.45357021587446
86.02032503615611 97.12113592756273
59.656006580388585 12.291889896058606
7.6451529518657635 62.60394141774568
56.227575883011596 1.9618459552793732
16.41519963415339 76.4587307912215
53.775536022783314 21.515105110627687
63.02693303406528 59.21048603979704
46.62537411743892 99.03661614487767
36.58909733168556 28.84780042879025
81.9072380093294 20.254341546431178
23.744474602235144 92.6444058878203
41.66185378242293 33.87565047728953
88.9753537922511 73.67744574598028
97.80855771120274 96.04995813919923
92.09050411457763 16.26576935671098
15.174884630274876 97.00769895463479
24.83899872150266 22.988452075793873
43.12509511116929 9.662837949005688
94.98808101262983 43.4842670327938
4.008283099795129 16.931604657429023
68.00797505153777 62.36080563687827
79.73828517054503 78.47603258055943
98.81452240588115 99.44698096558302
89.09352301925392 38.000566957644466
0.06183931236727336 41.30661764364439
29.86396139006886 77.45841919142929
47.908300512166235 56.50560042038464
90.01328431907889 88.41462274401017
88.71525383660683 76.3942411669356
35.69989280914143 77.677171874932
20.425470250388212 99.90729952415327
31.664837491039165 68.2045313615391
91.13813016257602 72.62282461060387
40.600324425445876 33.06549309753937
2.344530962996627 38.134514575483266
4.192073286779929 49.06824358581141
75.22950795717152 0.64732856103078
61.923079410412555 16.25582715907914
54.6334403454039 42.91024239634409
90.03810086991773 8.074295703327694
42.15774614596719 0.27386261393311795
63.916750245276035 71.06393683421007
91.59076789146792 44.89225167390525
34.97551494850462 40.25492515811662
98.87983419173531 2.1126898875639233
98.45588593567736 67.14133487966537
6.485848805205374 70.68477996569764
41.00023281707203 6.432796167414789
15.870751838745555 15.551793881586185
74.39687319139097 40.07282466219269
34.51206712391459 87.22132896265033
72.36670201719448 58.265171072420976
62.841412538874586 67.43270002705873
30.767299743864427 60.60862970999396
26.62951573888812 3.9897248689426013
87.78511925066785 71.34607349533833
76.30131064861419 65.50468599020407
45.1979536861798 60.01879086732001
73.89031478117299 13.837042138009004
99.81238353496937 52.54906544053624
9.373632246801833 93.47124787961738
74.30721512347938 90.5882242127207
25.48188196912622 8.839972290242182
86.94998042194217 44.107910526923355
11.80965766255293 50.310353751616475
41.62343677623757 20.748173714117367
37.02174240627571 72.14420111153757
59.91631497898469 63.92535495658882
93.63704841720161 12.198486515979013
71.67831818472014 19.842126572890372
86.72169819214457 69.52683738908054
54.07836597152171 2.0838151832072604
54.79593741386057 34.72414371836818
25.016937670700013 84.14170460655879
81.915545359638 2.3840748460061567
28.2237833488195 48.108183171319176
98.66931677527495 62.8281265711905
6.244302679983416 87.63748484578122
34.392723746961565 27.1322978253715
93.11476062138114 41.02414094515554
75.98464256019935 1.4850030656378355
25.443564203236146 59.63427932883478
98.19790577691508 36.44339946881028
89.96291444048386 50.228609773101105
50.0549789929325 29.17556657665914
96.8047363227704 97.7207085593655
4.755315482628397 60.925925847974426
60.288037906261806 40.324029876064586
43.39214715445128 12.981389473850925
43.937949304742396 41.48484840274402
8.999239347371635 68.09612477242763
0.6924738633948824 0.09639567806583038
25.33924475894849 18.347476847216292
95.06905015079239 24.143012633661275
86.62221112693645 51.418929196025175
9.593109812111233 71.14632692513425
91.91206909777154 55.121663875249816
8.057205701627911 1.4223172289108632
27.281692647143952 99.05040278527902
24.39439789391202 68.61749228618844
93.98757073182603 28.715019984134504
5.569991448075728 37.734992681508636
64.32656772462377 66.67134822474556
40.01206541151472 90.3062677192918
93.68528883341394 88.15859526030496
42.87989331277513 21.197080520067146
79.7698464763663 20.35158838514024
45.01718241993484 29.09076357712488
2.9521121561628005 28.887996963362216
53.26972621004791 17.832135467547495
3.619750590022064 83.18732324162828
42.09861843577307 79.79360204467459
46.47449455135222 17.806904828177817
7.523258537820809 24.299889168717172
45.74630482732647 26.157817531578686
91.24132436417747 70.13123918778304
96.556973989748 68.4066652440918
37.514878821242604 93.34605501186965
79.29853977356677 99.89901295967607
42.39219935453462 78.59045425672315
94.83824639304952 27.040509668088774
91.47602609745479 92.29730656962245
24.273415737478143 86.97541141214327
38.762513564597526 5.780263573905731
14.318516730748044 35.403292097864856
7.726161542289645 74.4242648413163
78.8631736157634 8.911520950696827
36.06321544750508 7.490923515263503
37.5314437123933 52.47248308081747
65.07791223244351 89.49143302068983
94.32336803176278 8.295276327211054
79.48112537982246 74.61448879403581
42.461960778659666 15.25415862075372
52.31090109912353 25.55564210649033
64.61243536202706 39.05927312198558
92.33722005830569 45.229104156487175
89.51558832780961 96.56549975682245
63.4240129770552 46.07839596197525
48.44119759974082 77.67948321616491
48.27232970165254 62.80474812033936
68.45759809329344 28.667609608827306
64.41030308142275 37.51729445535079
65.86181123295648 63.141737254512755
45.07032584537669 28.18521882010707
45.70015841585726 58.43898617205039
88.33951412792062 93.59314544537702
88.44726355495871 45.53034130254148
33.35743598951009 75.22125030584456
22.0969724039064 11.632968241246422
15.557263149924294 99.58406553810808
36.60052583583635 55.094744808782515
39.44790075621112 81.04504977802327
5.955725988003446 55.83324210218337
96.15645265787161 50.10989268388377
2.8624197468289925 13.863612319072494
26.330533924851295 79.83853640965417
6.514579695632161 53.02460262548727
50.672824717213686 11.703694219116612
13.767530719403908 67.07187640159826
11.145952926433234 79.46155483748912
87.48271193425576 26.355621431389253
26.7021679350989 28.185790503472386
19.12569023306585 48.87685827695365
85.49328217600802 71.9499085069768
91.2423940811572 35.31285310731405
50.67356352073846 10.093276740044743
41.86222394954222 61.2024329918994
47.67311209745919 23.703649990902555
59.40781638159098 0.4906032511565295
26.835006848373567 65.17616993942079
76.73584783598884 27.725275802836325
92.2080386167088 24.364412154949
60.857206405493635 95.7520822074714
1.3971429990799367 35.952901780948764
34.10966128329071 50.9469401378404
36.08532542569065 45.53835123547947
44.80552948845657 71.41069158767705
84.56753180178482 33.559748328914395
63.18127745976017 60.793882910474274
12.535958681289516 96.63607036577018
22.34078485504678 56.84539937717297
1.37230516258815 45.174026769198704
65.97814186323241 1.9103183599061158
75.3665449806901 72.53518014371605
67.87762821639005 45.01410761663778
53.10252433142117 60.22956284285455
99.95139184801127 0.7529039797629311
60.49008323839347 38.33708827446885
88.4285096439535 36.46959949602344
52.392105311549585 73.89968890932153
79.31511605028372 3.200027197587052
70.65119428039228 37.55432952137914
51.556082528681245 15.360330916579112
1.3394663809326524 53.890368331839596
41.103591344129775 27.998559834716417
54.40701325985127 4.228887267327686
51.96610420737806 62.84893615848453
88.83767282016208 80.78256791787707
22.14276319941788 12.345129116664456
7.134110152770656 53.85756270703062
72.54034986813318 26.325816357903918
37.44437313036679 40.596593902399334
99.39536989357052 66.7776286149252
26.250612290304097 37.12778778609629
40.61284400735185 46.78302572587416
5.648410281412297 46.50673078386349
91.84740471455393 34.36396259165158
63.64742859530441 24.446392938595586
64.71870598737827 33.06520738369427
1.9247157542481519 66.09234182215913
34.977804585382 65.76632495711307
18.987436560874183 71.48383893139167
22.861395403977646 66.00812479434164
4.5239878060144845 78.43458725238452
32.17973745253566 39.000443039580304
81.4208919384173 29.489373474545456
49.45617350316935 67.32784132663969
48.84504047714455 56.19297609725742
76.50495499702821 2.0194365634360167
58.135081322473404 45.14591381363169
90.22634090555985 38.36839232881031
46.90284951456953 51.51185926428816
65.44861604716263 16.26922583844761
44.602375406635076 21.858255872883504
12.82359449921504 50.88545142625165
70.48878762854882 23.792123453232893
3.1664714177207953 5.989607288175636
43.297665332786586 82.3736168500742
50.997094160035594 90.79200953375515
11.360372670452424 49.151085197280445
9.000082939401555 5.020240675780152
88.06448603775823 24.41069688490689
92.3265851561393 38.872650712735805
52.34527041912334 4.381746989275692
23.048866446087658 72.47838618552053
97.13877109504863 1.0185199921966426
42.87126884962549 45.563195663224555
54.90972584788949 6.0084458428763865
86.41399401261145 37.094319298791746
88.26784165183952 11.3595874775428
34.84458612189629 26.028308346191697
53.88546363633901 1.3048421220143602
38.385199831158175 17.57669060759739
10.949089189054838 49.034665358418536
64.9325841631651 69.21861730632361
5.06084812736578 17.179731847611833
2.369487013791516 13.262896288667347
23.27798611156535 90.8720782656774
40.34607850398508 78.23437005532851
22.02314841649531 57.5325497562776
37.697546297796336 96.72093139935991
62.791888799431646 39.586148174848226
12.327517281221123 54.483441392607986
22.93933458526707 85.62095292528006
18.27700555996321 44.33537257654538
17.87283903692827 94.4216504233414
75.57234277066682 30.922680716898654
87.86484999736088 83.43840537526617
11.740469615584681 9.973228291387759
52.85850998053048 15.12393355686028
81.23315341754882 18.16392331884733
91.73288945611904 37.31062867385726
72.37081768408034 81.13465590078268
85.00370501496943 99.06298641263605
64.2210132739836 24.56673205697375
13.317099043288504 7.074399884185811
52.9529078946293 74.86242365978455
99.59117886881619 95.74186275933295
19.63756827259846 83.91671763559276
56.07301274065144 33.35444906360892
64.2866189648807 89.12750773682487
46.107718136878304 95.50015304744642
74.10436436684502 66.61532827173096
27.268385210413104 7.019730223386755
1.5771335304873402 69.91295681708793
1.9658044089461146 32.153249829306205
8.55685099142065 23.129463327374644
40.25384497892524 97.97374311056242
10.597162790756553 28.18907997827256
38.054903179953456 47.64603821747393
98.49219640966224 27.250769605097645
44.924739548493164 54.159833262829096
88.47881304431597 62.74103715427144
75.50277219332105 53.79595782663556
53.85766279023916 57.72946784719173
97.99518449981454 24.975176926340126
35.257256822756 51.096715251191796
35.626309223441964 65.8544339765577
11.93580246521413 73.77986379984556
10.372426693695068 62.37480483252327
37.17190005080062 9.792323196640496
34.05652702025914 74.13110956722258
6.84880266966863 55.62309280331505
42.34989734689738 56.655925801683836
61.98760948966815 34.673528123314945
39.42149214663786 63.39961660849445
25.426253628797756 48.32764989617413
11.217750808796566 48.64942997535366
46.284720166269096 1.9550653901897697
17.99438693354474 33.618553133583305
16.72529561973186 24.1881165660897
23.19798819747114 0.5336143676786032
45.5029814701003 11.862465541310762
4.300739894909955 91.00079711603308
27.75401674669371 49.2521349746861
35.640545927846155 15.009582568970314
73.84152024576889 25.421614279227068
64.3771872777241 46.51789469714684
13.039360523954823 30.193783793057307
11.486394707965598 3.180062338123757
39.191264496881 0.0650540180461956
15.935055925515496 61.77571383417953
91.95610003891284 16.677042524997574
9.764952434043494 76.81794988046546
9.777113876242982 15.373943561514913
5.9293868910155645 80.65396600902332
40.447583533912976 60.35736122118103
22.187833490646412 51.374496240358795
66.51115858514136 46.676869111622786
62.558749006648064 38.2807568516212
33.08596538699751 9.775851775866418
93.55221918819929 86.45425717808182
30.759318809241233 64.62661032093102
56.85913920825283 43.35350400814164
69.55223863679751 44.576855424375836
11.974390451714445 71.24792115960248
23.480178591165203 84.78221424100201
79.05491805913026 84.64127521559637
98.26859817308322 27.02671315859746
26.35127511487896 72.8720462574997
86.37093216930447 50.74139206941937
28.321121080700706 61.2849440566223
67.63834994224389 7.407590268989073
45.72788516761277 93.4246002870958
21.256260949953276 91.21992959464554
85.75810295268778 78.95469883164206
94.70280382396952 12.810716389527022
29.925953949518735 45.05543600905027
31.238549287546412 70.78236684407966
95.77850731236491 74.82180203316886
32.37296369352664 78.72931305768267
17.743804256187644 94.98825449694641
36.84249546765332 92.28751748679471
24.967426287800865 26.394026666946925
13.834384474448157 51.16961714333941
10.770263326299222 46.355678436985535
64.8504291493265 23.11785283083927
61.627386297417175 49.383997686173096
25.48767818162505 77.74040381212171
26.908886915163798 16.38935999756479
86.74010658834091 48.37938169488603
2.21917283327302 12.016911513968576
49.68758873405863 80.90348429585066
17.61522831659208 35.46548847225714
73.91497131292783 57.22152121560988
84.72303675556714 81.64771335124266
53.81892486819135 68.97522495581295
9.717187109684723 70.46110624266335
25.161254048664027 82.41481097480852
89.94014040958194 71.97368282915615
55.115752997814084 91.83011931521297
96.22601603761368 81.54963625783668
21.573714985663162 94.06666519816835
33.01070219950448 61.050109387031746
14.014619546219297 2.464220073050094
7.771684844023463 30.917482876837198
62.51961323253155 6.993119203795106
98.86758669840864 54.695543796210664
18.183628088570856 13.703539814329435
61.44967528176477 57.870940389832626
4.479241954052449 61.726290199448556
87.32814742814763 10.541751213779982
71.15559595705747 59.1875502906755
42.302741673827725 76.32995911375397
93.4672442845891 90.03265310813975
22.67825361167466 21.151351692732234
22.205423667030466 12.6579329993465
90.7493736692906 31.1044746120986
55.447162362577096 36.841064669397426
85.25069899836033 19.025467882321156
92.46699660331934 48.75167154150575
94.28762070622025 40.01534905454478
32.752670364497135 44.61113862540882
37.21700125195786 80.29217824616003
75.36128495384295 6.750583647012265
8.862189937375664 72.81980137957208
28.747113976859495 78.59238368119532
65.20489396465592 63.880411300188285
69.19941186226981 39.752586090508004
25.67094425332044 50.73887077767101
1.6625023941021277 96.9514950017876
88.36851606313428 65.19258397629812
76.59517070841684 16.701948642099328
35.82963217312993 51.34171309975082
84.31036916475925 75.24985877247022
67.00445449464345 64.02628958101886
82.68112025241872 12.887123816186596
60.009745785033196 25.582545416642176
58.9604754957269 93.26670589782032
65.22847051257743 59.33129416343361
29.48738696692623 36.721163194432464
0.8378883560070882 6.734945537715875
43.43971833621936 56.29653293841557
1.2184664497917552 36.57343201210632
96.04093634667356 72.61886483103055
26.483043259845097 92.60708466901926
47.717178628471046 61.9699234795831
10.354676307983768 92.51136756535314
84.99177895284966 42.17396206521167
93.94910694141142 66.6835920910613
92.5292322600612 79.6339364812528
24.075752304523345 31.542033159869874
82.62088826297875 38.641147543160436
