560
1 3
39.920515062399 18.911454677503812
95.08214846706349 59.13252888831859
14.53278879776776 47.538684502349035
17.019737144561798 67.88685128327342
35.900330376403254 26.84774583109002
94.86709218035274 45.384374127023804
60.22666981866778 84.86195022566902
4.506585342139502 79.37283396925817
65.6017003458433 8.336179034074576
23.832085708095143 31.61071408877745
80.4003586332802 85.9978024885774
90.19088105111481 96.78091743392807
74.0337670821014 23.096484815710603
51.448099476046 55.3001482687882
67.1725769255327 46.90789140896723
29.63393896725226 30.473780706839104
75.30618313411117 74.3571680164785
20.6614622936238 57.01415810406776
93.68186249680663 87.9889959949885
48.255661033789444 93.34100269215926
13.898861313925082 31.740009809443116
49.674390793623566 79.22823049177619
54.820006451708366 64.38751969339714
57.857467482742145 24.859438264886723
73.51170655261241 33.18226264315874
79.9976764495383 65.60945994073282
54.37769805475725 33.34214780596027
51.93188018157997 3.266023433995735
76.53639413320079 9.106596678131362
73.82645542704643 46.87119712170884
66.5799397588079 59.827108469053904
8.413118042221669 11.238424143127169
9.813963798000414 18.380159230291838
96.83215803149048 59.691458536044536
69.38583234303147 9.611660969212599
43.04189049440901 13.212081354644534
31.86353579453909 64.13498478351212
77.07450153897884 22.870046195168882
74.07902864349755 57.22725135282545
24.319928483135268 34.931479660585254
84.7804336511258 51.75443150740955
99.07124689467088 43.592904008832576
56.55536486891417 4.345399524950122
6.559349483501875 88.44039699360273
94.73076082172669 2.912523194389016
0.8907980759186529 8.180668186710527
27.03822633481703 64.17495941590987
89.95649760335593 48.311650770873825
40.04798228052224 76.03677487790392
68.9173694754668 26.38728897115361
91.29632693655965 5.682933340717633
85.724381832862 40.982078266825916
3.3809717602861777 5.041359567651349
18.31951124778175 12.614647709362536
36.17432450942171 33.708815468530574
74.81236776282032 2.457331347868119
26.38880572497917 2.2104564371249413
97.44120027261252 54.620024560819644
7.726915259553668 49.009558895131164
25.25926324114174 8.246411920124963
40.772376776869756 22.243726785436845
66.0413334866216 53.883688802231646
1.6727627021871694 94.0852050828294
35.94535467596083 40.9184554853218
74.39110927200387 80.2727537375713
46.71647304038107 64.86783052750127
77.81465733569696 92.27488747239715
89.94753671671019 96.122960250804
1.181998493387093 67.96566123598478
45.42042159691662 29.857259126951696
27.494800330752533 30.203666828808572
81.69890765566635 11.441702220117534
45.53751555532421 89.46150014351622
7.724116002968828 53.31621018633565
37.046755553075194 25.898793657993725
39.098730130901146 28.705807205767254
79.89437520230489 48.16641875736802
53.59873704708953 11.316097029614447
84.80527356812404 59.78344152480661
61.436454847918085 72.81253720277657
94.55824628345653 45.230678309036776
81.2636054323545 31.19399400867533
86.05021382343791 64.57601824617069
23.938805068331636 97.81231959329828
37.45606744419578 63.711763350803665
65.19530307728675 56.8093849398287
20.64330766184621 98.78036876699045
23.657047571620062 39.13122620376765
4.705116636484652 86.80199137404121
83.66555967245088 28.73732579876438
12.692758062044241 89.91633461969566
93.27173758175698 37.29977733832423
61.61833543708819 84.17104320427875
26.490287871523833 67.22829699318717
79.25903508736394 89.96806419284331
37.44337775780302 61.41494353811707
52.18296559577658 98.93926827081441
0.6840937541588321 42.650682683911924
16.762410837798814 61.54065009454464
56.52114768658625 36.148112622383685
92.5699179879887 21.21456268084323
33.989410354866976 79.24761197355845
68.953566418159 6.075726089841238
27.882915352815996 25.594907544090816
47.95455630240924 96.38191175859107
47.12617907069192 61.306266359895936
97.32651721689025 23.62013848761759
25.60678648996062 48.583948496196605
21.903307736139354 35.575114028475866
64.54373049873314 75.69760748600089
35.65476293592522 95.59532093302789
28.974046656820107 67.61241449796971
71.85606985246605 66.21639772364732
72.96671148565508 99.0141638730055
8.591966663650986 26.039106213889074
52.28397900667863 21.87717332429886
93.94826471278776 22.902126937685342
69.39619972298084 93.0397222925567
41.07793294976927 76.02697887373466
72.94766937921942 54.713188415235756
56.88797807544299 74.23777588803627
75.6552322150074 78.51489940814305
78.95557691867985 43.57571606105051
68.29201504622124 95.884343924481
97.80729122558736 39.753754005236
35.161694517851004 5.508995482632528
94.3170769698978 20.464130432733675
79.72487349479856 78.3739306819927
38.47765914655239 5.749826191125229
88.39934865932939 16.783670708275665
67.48856980763568 12.587259042746002
74.99194586049562 75.97297231250957
36.79679941208332 62.22219767812687
53.47611997482833 15.602282671596734
11.816600925383103 5.125304926008689
10.384051235324288 0.9780190034056613
48.2009865951125 22.88761811373663
42.83942480711054 61.14442407167271
49.02669463053195 69.19557336267926
75.19700441255573 19.35896720901964
91.13824152610353 87.65043170115135
4.872959560661538 75.52791157744232
52.147873901306355 95.46091531750851
92.65487694815474 42.6883428648573
7.89933589635774 7.172887407639883
88.93460856858614 4.6731700160375755
93.455425982517 67.10677629233308
20.74358588412746 14.188956368842032
69.7217458182013 50.819066832767554
41.33689854407534 60.423647964613345
80.65604385231357 83.97212391052982
2.095653471594261 85.29512520360103
31.590378718917233 21.508401806343436
57.333850036609576 75.01187640459841
71.70896003215923 44.62902231635568
44.03979848016482 35.27375495311258
32.80736929523505 65.08816333492406
60.35512489880015 22.8620111038053
83.83709329862307 79.65768763243075
55.44036689023806 10.403174375569947
59.148967512819524 3.116048339781563
29.772649238162096 61.562758680320464
22.02134115903329 62.84218301505198
35.16930080246126 43.98330385330134
57.18756415998871 38.70158275702052
92.96826781909479 74.01018208983253
53.10243907818448 70.4028479517403
49.39257627461677 35.91997336528263
67.81873236266563 68.27804368501569
85.55048767016116 75.93268878548554
74.01548222925021 22.963804630583738
38.09806360522403 75.89967438430207
33.12581625649669 56.22994096838574
30.26635936772322 54.95990458867923
22.754594279252906 45.933035340783675
14.764248079904796 63.48884812689466
82.7930614627487 1.3824632775601087
97.96822463886856 76.30472480263755
78.5076175937343 15.550490338421795
8.985881321933675 49.445498179426096
58.12990299018903 23.577141204595755
14.237957041950743 82.82486944090475
32.535946886806634 67.65157978166552
55.512151138063956 0.7511685061134088
60.444805683347 89.80972188511502
91.66155923951197 3.025888034359747
29.72481364819504 58.869969415559645
51.51084678854574 78.91673636798035
70.23252136882539 0.147953728354544
90.69656406713634 62.29116926923086
1.8297481539945482 8.684555778558156
57.47756741498804 81.12517341763818
24.527400697481493 29.591225080818152
3.7074151173573267 96.75688130111935
67.24580490310402 54.221235127816534
2.1447337101878183 81.62165950347186
8.640112241650133 26.01550625099014
86.8743314514079 35.74575241097286
45.62372858237256 42.926341210321105
64.42442045394763 31.69282537425766
43.16159239984796 34.48373855189264
63.191514645792914 6.127648062727586
41.546824260026405 32.68466932132172
98.88192145722157 77.78988382412462
15.573166225082336 25.924070696384625
16.11729684004859 26.630949028440586
10.592826949895251 11.627595857062767
63.296622482225295 18.05458936612809
81.0926821140309 33.791230298946815
72.56203029887787 62.004901189930365
12.090185193019408 11.109681934478077
13.162734712278512 54.90659517753489
42.992251383530714 88.55787137796524
91.79245178362451 39.242678968022695
15.348961142998508 70.81792625708472
35.13687156818119 74.65809223266095
84.8909822720628 54.15536743029554
30.010925670939372 55.07130576633858
20.289780464678287 35.291664561737555
63.74365205291903 85.95913545242185
61.548106589653685 43.45329273153613
55.529185782941745 47.36159288774184
42.57434134293882 23.656674811312396
12.694026984186202 63.61174150704274
96.0358749247096 14.724616289272241
72.6464831112188 49.735302955226636
70.99637052589875 97.65449669589101
75.22370760009042 45.52386649518358
86.97281541715284 13.916206028436594
24.80730122538548 12.224068204531724
1.8201231349213476 18.788942650177454
89.05025417499617 37.30317968686503
94.52814961507363 38.076180570141396
34.742258709349905 43.675360647544295
74.29685037220621 72.25724133493492
76.06208472592053 28.574507893641265
21.508433706106068 59.443176982972986
43.69659721297199 82.88793600955533
7.3257021410428 48.985722635827344
29.14267606414276 14.772366244097569
96.30535463667307 90.27693222304521
6.052972120545386 6.930322394857802
58.07239561652864 80.51138933187853
42.41172553072386 42.37762679968624
48.166754950075074 28.032791245133517
2.356803987150635 56.00957651288927
84.1355636275519 67.73930952744318
57.26914762015704 59.26334433811844
53.09234562766987 34.86788605582205
88.84773893491878 55.352285672538734
92.80370014998441 29.537981747283414
25.470115042651397 5.39538552367107
92.14402146058171 82.85403608181548
49.506855143732544 28.49458173365256
32.27362147701789 79.0080671257081
35.338985029099575 61.22349990393803
4.736724665806125 57.40485990725808
96.29717741841174 27.46028566808567
61.05452271973495 2.8855229431569374
33.098672643868255 64.81669427711418
44.467991613817134 9.487068398533193
65.54783968553389 40.714180986318624
50.32967187073321 4.307560766378993
74.22533949657011 15.44284670117959
28.63030981132497 84.66737863689416
8.375579304603708 78.49408642012965
93.54179448323154 34.92855186645911
5.400090110232814 71.75907448347527
61.03873194095903 36.52737416785288
7.734827195469052 40.3805148358843
51.55751861950251 91.81087209014073
48.525462488389515 16.562194911647676
61.833472339923 24.278484548989287
9.598954939823257 8.802013861302772
62.741158992892345 34.883182767792434
53.67719755898885 38.92719095121817
88.52545540453838 4.034087888996729
15.497521406297054 10.385292993911111
48.23363878686975 66.16744437313571
8.815595207708228 14.476764332423798
35.264008139884794 13.475403140359866
83.37659199367036 26.15239757641237
6.905470331727481 83.52234961943803
45.71955211273029 54.48901244917346
64.69650019200846 14.110971656281258
56.35226695091835 92.0614002554548
85.47388130042575 78.88130900955537
69.1482718590674 97.54474587927643
99.66043981715585 41.4764240384935
30.140802728124385 84.17308293662455
6.751637036219993 96.20174115316773
67.42922268844751 10.488196753794776
74.58079854137898 58.72915001696541
16.50932382138015 80.44810573464429
94.8094528222659 16.5986397183987
72.25564172996954 54.169667483212855
26.63638055265618 44.833214857299296
2.5709851220444113 45.43122092429979
98.96172060743153 39.907942480000116
79.96657717528726 46.22056474588669
87.18183346371057 94.21678075238364
4.5464309258482105 94.04827252818686
1.557297650213041 3.9909564585704604
77.34809246411132 7.79725715390962
92.60282181228155 10.987776055184106
81.62018844892908 85.46451950257503
84.49601871673846 60.62376875719491
89.58087952997786 4.758878127549626
25.978072734938774 74.05820028113538
41.22206484866944 41.83154471051316
33.069989269169575 37.95394508242864
98.04404372259361 49.00916770955388
46.10099277409632 97.84425655835724
62.97751941713421 42.43802021361931
89.86914075158559 27.966186276448934
21.435920347384464 97.626079455067
34.42373199454196 28.273479496706443
7.911348284833952 82.9099133566527
64.55879556425268 10.885678364851792
69.84311329376189 3.2582437894675964
88.71938463532814 88.73447715052363
76.17311072933175 43.20625715278177
49.89520189580987 35.340488587634965
39.80731699696829 90.94191236830144
10.678030307359808 59.40138020077386
96.8115943116459 45.20883613921936
94.24167399611183 36.784718750243826
7.312135024664013 84.26592283119707
28.11098341389804 64.41910849305515
9.60430242981114 88.05375229165013
3.976889351103674 3.5023818096000303
18.7994339737521 4.279926424000613
68.34042745592129 12.839556856752154
94.85031453362758 8.960824990895787
53.97293772555687 95.51531079277098
82.14345087367599 93.4973127064792
14.955465988142125 59.26222663331744
54.91208949496846 43.45321585140884
84.50695677921134 2.443462129606333
86.53495033142313 1.27996846706655
69.05960657798515 4.4379999650716595
73.99886125341628 1.1360682027517166
34.54088779077129 2.168891979763332
96.54807454092843 44.84724798788044
90.15923818488017 53.41922827649663
8.099114017167587 11.505485970142182
83.4178359209916 55.469685891994594
42.38798639891124 58.371138023074984
56.39983354396571 45.35580125102068
63.42448732151003 71.92060636378825
67.97160311257674 92.70213791749539
34.45455092597462 22.545418424181985
25.642873972038373 22.562449805421746
70.79230186092494 96.92115860971313
25.09998622270726 90.20729157969656
95.74434867009852 45.53318937037694
99.56476447119356 27.62165130288372
78.09611266232442 68.72812763012419
32.09502035506486 14.144396258728676
84.0334886644668 78.79859589371954
21.305290999091287 64.98629181167763
41.7411148636905 35.21487912990102
15.766885296187372 54.432222350793744
17.609451287823585 10.217924512492903
62.21968713179498 36.66558970158511
4.941834007152002 54.98009777995949
71.92295522605363 91.25830813368722
53.17410223833083 92.4338807978771
63.866050605508875 76.49254969182624
46.36312193529919 34.93680324449553
62.586773099318016 66.49874206105346
18.118587157256492 44.276423505095885
41.3360871174054 8.856734408042378
20.87404018934087 81.60709526563845
4.144653049972913 21.547071098321634
10.595403544979876 93.3257989156405
4.469648316826791 66.46158005548016
73.69288587681709 92.23130404185449
35.902238136874765 6.059336059737674
29.24932919977139 58.773413748126416
67.36730184300359 24.972275844989955
79.88683975321025 19.015026484840057
45.81193628546909 95.06147923413708
33.265455798731125 87.60234309103743
47.714615491569724 15.813831742445995
1.5191956774655013 83.54187379744499
42.231717757246656 98.17714703508516
34.49300679412561 21.245602685128183
0.3867632059968651 47.45111401399418
54.85212351299775 74.75993977032387
10.824376380819922 77.62099861528749
92.31658729606823 14.622524241850998
16.65973310821538 36.55803911312867
57.79825698352461 2.2533208579421204
21.94663069002192 90.71963931898321
63.58895714995694 48.78933480659708
21.67267162787836 80.46749036634206
69.54998609168443 93.59649633053162
11.41696246193844 64.43045635798094
83.8850974661785 99.15700114848943
2.5530634338998937 74.92483809889772
57.16590773032388 34.428595102545586
64.47693536087587 54.28541921275305
92.9690706020232 23.763830561216672
40.9567696029022 73.57890129393539
73.1397158777703 47.915056605515716
58.120851904046724 29.967049912616805
50.78036330122975 22.680282800886296
77.70904201666171 25.13409347877471
99.70794713225712 23.99131988193821
96.1178500476913 66.05674304441284
26.885151434959553 12.212621653923694
55.63943697211307 20.164276085737786
2.5663319237235305 87.8969045411775
90.99912097390863 74.27429523713542
91.87173499540584 35.73947039340497
58.33794200037534 96.18681746284494
59.2848750876601 76.74258207215455
86.107563078508 74.96109909142127
10.598557702256507 96.65113121039113
63.09942340088534 88.49538020957894
95.657679898027 7.441128401513297
33.8180306553121 42.49677844214388
90.07593488160795 61.09948108201624
49.010942446640286 21.201644973522416
13.914155414438723 21.196195538247366
6.222660463550378 54.030286253774285
9.222451324716307 26.451687161324024
64.02539154362896 32.71329017709501
38.729019842341714 91.52551557399306
83.55615052347474 41.083298248519064
1.1670840904040913 0.13391767719115322
32.78880031074427 1.3576754741628116
58.01118638891387 63.93656992116033
10.527075481772652 82.59740168868615
11.321745500175261 31.410421936073707
9.268272562326608 75.06085694471926
35.083428958778626 12.51264398670273
5.546370214496532 71.62228220969445
27.050803588557294 27.981285345905494
60.05594797338589 91.48183001024175
35.76260127529258 99.64594900763537
42.59922749530398 37.34221370546078
26.55235504421438 42.08046706847139
77.52720988563438 54.7624389555887
81.57230242458394 81.31706548075519
55.64684799613473 53.26757212448678
35.71960946237036 75.71403040609093
1.04064935213517 45.90892459658045
30.024146406523975 33.003809280504505
25.626690873952327 48.31262541218282
2.984455761111038 1.3643474527563315
65.12384778674705 19.901255815021933
54.018140522284796 79.37178278871768
62.261116794985604 25.38303198410896
53.46451712947582 68.27086829944837
82.28510161992624 87.71929146600885
62.31645564057307 94.81398019190424
19.443368712217545 63.11800034935726
44.03894012369287 54.45882777645945
63.98844247326132 17.62882846006162
96.6115244159423 1.6353102025725708
93.81873662847238 26.796894680356687
72.13821582585125 18.125832227856154
78.6164872824437 8.025596036531901
4.265798312909763 83.5387789306165
19.36645778497499 83.89999407943105
86.53149776070204 96.71797775580409
32.75794471583102 57.502847638199505
6.099173960244841 83.83736095463499
95.83631756652846 85.40848427206875
26.641564842677123 8.003611693114188
36.91143441484967 74.47073501161799
63.829160632486314 40.885236437623696
35.683107450055786 95.62529651520755
27.49607386645878 36.89608350584772
4.426607737323218 56.04737395576289
7.197721309841887 72.8577685186433
65.20254978789299 92.83487143953997
40.065635877165185 27.7950531784642
33.31728832592597 68.62614047617686
32.18873317261133 56.407581152683825
15.097768902874819 21.114311277241526
51.60491292487836 99.04746898055512
61.32569162264734 32.71822467719734
67.62912276399568 30.802455626796466
28.200848721786187 69.76130336017454
72.27874813836456 99.36289606541362
70.92609356703 69.12597728462866
10.811983914891531 74.8998632564402
43.47845855907244 86.58321305398471
46.2973298178047 33.9103448273185
49.26158771038362 8.79141028079169
57.73576198710346 0.7833499372150499
44.423992161502255 58.80640893428124
52.591773171465036 20.500246354596175
36.474765327900286 81.07450167071768
11.429780778002563 45.48856044638461
49.18308395080062 5.340182828749862
19.947324765087735 68.46054917597996
92.64990873271847 62.35560705773639
1.7853791439649047 34.063083526578495
38.47737171281271 20.37567304130652
86.54731958806359 26.310560300005136
62.96616981678864 1.1412367368099474
80.85835053652725 3.3983152577229614
57.625167748104175 22.06716493269314
34.03144133627411 11.963313327426661
32.809524315538894 39.29675121868852
76.8659993914586 3.027470860803305
79.15596969306505 99.56339419290616
24.18333068700118 0.20557073583031826
88.97793919711413 78.36878778397688
84.65075542032699 93.2325148349626
3.2518458539010364 49.326924031439056
75.9868760595472 50.42982161251934
38.5487205816087 75.75310730221227
95.49468502052174 65.65336330967659
38.28443898340721 99.06814351503303
86.29233550295652 63.26604096623314
3.683944624238644 35.07753740981927
24.49332405234932 57.2892799059376
24.668652996418228 85.09968060202688
1.0636392346066836 91.8152106448765
76.80514834294696 77.60111548032302
23.810182665379443 48.55464524915079
20.942578424693426 90.50654050911466
67.1325207894323 58.31000401182995
16.22019869913578 70.61960885802026
38.3756331725605 32.09141677210936
48.142571928306246 12.516305296949737
10.756801800512438 6.6305911729946265
20.062572920117283 51.73995017133728
23.553032684243203 82.35966174980433
75.24754718269395 90.33106725265725
70.79104900735089 69.94962149258961
62.6141316091968 23.75627114139789
55.07477199174782 43.82592889335346
10.002716694545487 39.095083960883706
84.80788779096584 43.734291985159565
92.38629062704922 99.50699915947413
12.544483779585702 83.1065663180601
88.47944349728787 16.969584631886537
14.730582179159303 63.84371248604581
17.109981284590692 82.46212840674711
41.79590102257254 24.385141986386127
16.667511326287165 86.68997466467188
95.85044030591932 91.12462006759378
85.39511720731814 59.963899315367584
46.08486742566495 14.228467714864724
28.334346704038982 51.387573876175274
36.20407043408702 95.0132421682194
66.21059268362576 70.94608814363423
65.54570745997286 61.570187175375544
96.74193893513903 51.560757761618234
83.91628564595896 26.28647055248752
52.59419463499848 67.26523020965192
18.89358264948715 98.07495587598538
36.58306782004948 99.59500382532815
91.59088165509006 70.60643452243865
