850
1 3
51.779082475002134 36.83512978448176
86.64154932374568 15.189494056929732
67.86918915447946 39.39047169863177
40.227942771836545 73.50146447569254
8.096102943352324 99.19059759127782
76.95696834208405 89.1976636758747
51.10063642128213 47.72730926680742
83.5783863811356 0.4912114866868933
41.15443356836188 91.67884001800341
18.957214699621638 20.175803099309775
5.110387315443643 76.9747570398964
44.42860479463056 34.87556194709944
68.36316274427551 68.56697620179497
38.76385197774066 63.70104828566452
74.72201682003366 2.1668855538191645
5.310114456383097 50.21039972821764
41.18314323568939 71.81657478927393
7.85607011331988 81.65061193746827
50.90093531531941 5.280710248439258
91.099318883506 3.239156421695477
57.04171335515041 31.116505495957504
13.720321504293631 63.46238050593145
79.46592743916551 13.371969160026765
24.37784275578805 80.40159907849417
80.70491710344587 84.08323854421762
27.611018238398355 85.42593487859934
88.68946802731747 70.92987460919866
1.489655344595131 35.0141643747036
54.205524943491554 76.72598923311496
61.93921679741354 71.96540277461747
37.91815103223812 73.10169476242967
53.158851867885474 33.479378011211125
57.28663877669567 84.68389221046218
32.291880133379735 93.51703927838066
69.57509970942701 62.604478220323244
10.464909453355142 96.42765243559519
23.77918219441637 7.401603958604541
72.00635988725081 54.931273346399266
98.19460491502363 72.04572449023394
83.19663260417856 94.11690191355584
82.09809317442964 95.55312917112508
1.693784042832358 58.775701293032135
93.01716604211936 71.61615651701933
24.94698181564463 51.42204968940707
41.34332181028542 7.194371370553965
27.911928175264954 92.45890435577815
93.2905106245863 48.83775897353013
24.720183104299863 10.661462831118108
10.42405696613029 24.020556337612664
57.83358372499785 32.026676080623375
13.257349738146473 0.7442426273298164
94.88314858414329 35.2052411234679
16.18903550045434 26.009262810822875
1.1858517666764712 73.52899491345698
33.821991085884285 18.761131247698117
17.804792066099353 88.90792938784796
70.18332693828195 53.308354919889766
30.67030745578321 43.35446039181583
67.81200335193971 99.50264482995163
38.80259826610843 43.855357035798924
27.903332159950534 48.61257805846486
71.89686733210068 62.327056124133875
70.51231943695697 54.29776521683913
99.9358116270078 14.080888203813057
22.547028234013176 18.99538594646375
78.4716110339654 1.6999286128349889
8.73928025544437 85.46349774603898
91.01805632520596 99.95838245203021
92.90991735923693 33.987206697156665
35.14235315948084 98.80603654209376
92.63025786008521 85.710971068896
41.90051515737332 35.224700767057506
49.162684626162026 33.28715155324959
22.865655903856762 67.06037192077645
5.730145574911738 58.404414387334455
27.160840322921853 96.01328668315759
4.489941216578974 98.44317212035662
83.90159554421813 78.35570832086074
29.877472315300203 5.775374252755472
19.659981172814444 5.977783060243369
41.2376185163291 72.21018646587207
46.054919885526104 6.795518607352324
63.21585638607203 82.03667135478298
37.56589257759495 15.13609421458515
87.98049339992451 38.99775263735983
76.03556307710444 55.269633478838955
61.46283865405424 58.46619133633717
72.10487900004314 21.65791416640934
86.9034407007846 94.4562281187369
63.437357891184476 36.41102917758785
18.013918887587455 44.192616209668586
55.231703309375256 42.99768636306487
47.36118111540093 40.150495650341966
97.66226730140237 91.70018725033793
93.63643756816494 15.92190588562965
11.720917445765334 2.2260364363397844
18.921541831016974 21.14703293263056
4.586035694439317 60.2331325826291
67.59999012645596 83.94278513401541
70.50460522045667 14.690342115074762
97.0986990651136 16.168779518631048
43.43410732546937 97.28785903733772
41.47273452548681 92.4333562565344
2.1116932012370304 27.616480612395055
85.58559441866231 60.67609590547034
46.757366658775034 29.459826363189336
51.552743260036934 62.11006424675964
82.63777744582845 57.50083185728953
72.31486626834327 62.73688011073064
56.821413273463904 56.31756705519167
54.130517782809505 62.819411947165335
73.11043893598372 91.53924765933343
20.248179045720182 6.000514725512152
97.48748550400524 82.07745267222239
49.780301412765304 74.74122786661385
19.152456399088933 82.28772031808198
99.3898182322845 48.478756380112145
58.638458252587064 95.11044138186651
91.27544349096407 4.088612470094022
94.2487409229702 9.91496710575477
68.97411554537534 5.435345587728846
45.71294391031184 19.05013487548546
72.27901438781655 11.598809348000238
81.35535780806357 7.407389311031931
21.718864824102525 79.64052728149751
24.197239114748335 22.152707959714355
86.90574483523179 45.37479046906989
52.452268512913115 94.79327708654115
34.90315446998278 26.68391053578023
19.416526514975317 92.09514253798207
41.905114864229496 80.16362534569336
56.79516535426483 33.92984623699209
82.48355269396367 82.17742704372051
66.44818271697596 5.26259477383928
61.296892567489245 20.218337505972173
67.63837616058075 64.57990617504198
6.566744645560374 90.81449586570716
27.204194893559517 46.218185289932336
18.825942476963895 21.70640205067773
50.7382999655847 51.32858476279565
83.35185515709 10.105740573010635
82.57162195887817 51.22144689280108
9.013054095158179 6.020812030300915
4.225157054742246 78.86420678991537
85.92347503677983 66.2033645646297
42.29011691332918 74.04993350877905
82.02459642113784 86.58055464888088
63.03650114407351 17.49762329964577
20.411392684476336 4.923897889860118
68.38451939096957 33.168439350407475
92.4531870932153 21.253563119411425
76.54416687669232 72.93525396012808
18.915810357861005 66.29799825875673
2.044993357401381 89.65757049783072
9.309734781997282 76.15026443870492
33.095173956956494 53.98703573440273
45.6297790290771 87.09164181447922
41.65073534035313 24.28397266608502
3.8606448336734767 86.03235124136359
6.580509969019976 87.54255087614831
61.71961499247076 57.48267004561467
7.663618682567175 39.43371209308337
83.66401492036586 75.92722708326876
88.73197155408907 74.49694759441783
89.36179076230992 87.56547654525997
32.05687645613404 74.2753938483021
16.96795446807744 21.757799768956797
1.19009884415342 48.2120879524538
92.0068314522009 58.377677840070064
31.09261172548019 31.812305331232803
43.79799900404326 46.98116959406076
7.086005423502706 88.9931742519281
50.74578099670188 41.99876710262149
26.747154922250836 21.33531298963327
50.682908241987114 3.025240792250816
0.6596268465375976 58.36942338634443
56.71955892941796 24.25562264302674
40.396092050223345 6.193173832318832
5.946031346269964 58.00235754329064
31.194236846175016 73.65121696756573
42.125158375844876 27.657829781507548
18.723357601134794 8.721013543838229
63.76049183144104 63.0727811017137
33.10370493508501 73.87261564745134
23.634933650433275 44.072061955521534
67.45226282662856 54.92484669823745
85.05464780359182 6.176729791591562
70.01094652410235 51.104129768603414
49.560820215388546 76.69476407375365
27.789013771398153 32.93077711790468
7.996714782612879 10.893892768842516
53.91818557700845 72.99835098500711
87.61232686037937 54.20027039079338
32.449267730626865 45.43985549716481
13.788455460433834 17.844648132450057
72.03529460506341 13.726732126370988
46.4919146542915 21.98197224338825
65.23091343483067 15.867512384760897
54.83731418708635 71.42520857485533
75.49391147677022 32.79771215188283
83.72316306991058 0.22153311227712802
81.76493667521527 46.21300019507433
65.5778127339288 79.04521574676966
21.539393101021954 46.59221937514921
92.72324207518206 22.416774222538404
36.41602518290603 89.27753353585994
30.20238494063605 49.48105623903576
34.11943651161635 25.577615279015387
92.91800076049952 69.8185460510694
64.09230279828131 65.86611359891472
32.707595348479515 18.218254717929927
82.76154351673193 63.28880721820178
89.79425205112032 18.672980302908073
42.5389742147102 91.15445404299078
2.099319486644946 52.916048118686774
95.33030118055153 15.997386716494976
23.696528856696176 40.44929517616234
49.518988355983076 60.89570548152723
67.44627154303122 90.5428314547737
49.0419973921526 68.33472553806021
41.756139579823866 0.7132930981398111
2.5539187498055727 55.49118472072452
71.35400811366938 90.51354650785804
13.547036233377142 82.52982104956013
29.289119659063246 41.789899970796164
19.1917652788645 60.1585921601979
58.00827223064153 48.6405296053098
6.762133327862441 86.36962065913647
39.37349943772506 36.33826550712651
6.354299965210108 22.721011804732004
76.93809361313775 10.507985909287498
46.19731858769891 29.81515272792481
66.34279448625722 24.82347825256692
51.17107764410951 94.55064236186979
74.89855710197244 64.0270945754226
11.570494710220025 63.762469750784014
65.98179455940057 65.45446351351252
52.957159882211656 56.98910472907881
38.55678613842364 90.72741827591034
93.46488561690809 22.1381544902588
13.98798852952079 25.802414380308836
60.19061583476248 93.18673981584294
11.332349441026413 96.3614945585434
28.434740681542614 31.963977194990314
68.1367540310906 89.7309735179913
76.75920640738295 5.38247872797879
17.387738837139622 76.23678175840212
33.92380855789854 24.308326783839938
20.74619728217786 20.117417658193727
60.4671762255822 76.61320450896373
18.998857795520617 0.9881973470057925
24.273629874831393 96.07958480820456
21.080964682309265 85.7392578880481
86.03379114648418 15.90555036497352
31.176181875704945 1.848308462331505
44.95844688557149 13.498812151589213
92.48731774365888 41.702717326342366
57.10432361693807 39.07355148012219
33.04346606668824 61.27020471771534
32.75830776400901 14.065053349766576
78.70087940196042 98.0937121867964
86.5044512234476 25.772104318157286
55.50561899635578 74.085779392593
6.213769268541425 65.35064185559956
81.88667673356318 29.56449621005759
10.056073236053642 92.95571285919577
95.07346820161342 19.572000340008433
29.770510416100883 32.99466993254929
56.85986520705666 90.46894346301242
93.21016427839129 67.59389131069342
74.78021056339215 98.64897587622934
76.98251584638555 76.50650697947114
35.94489283110565 92.65874851572944
2.505780284806547 21.158411523877408
42.28972471415258 91.020340055652
40.893200075591494 92.06106937726477
83.74068677076183 13.28503668707215
19.372774522715595 5.902732447173209
10.372274826172912 15.469072382246353
6.666251977456228 10.568947093192271
39.26424001602602 31.654267167844164
73.97059608665472 38.62929594477313
18.43930833366858 24.67337789373605
74.54800525940864 5.1541051594260034
34.851121786046235 85.12524463571367
35.05634622429197 68.48065038427463
5.632923397486733 17.071050546316947
90.95846338994697 2.9676261199456544
25.54388035325321 17.818494817970066
21.34384071952049 31.097342862853218
37.16278785003577 60.065590005204974
80.9809697579544 82.61072246595276
43.13985315046531 57.143997704405926
28.77214100820551 47.351770276875335
50.49040796994475 79.78955611152297
3.1351585685795325 44.609709972075805
13.212394534886474 12.219563472065587
24.18086867784306 32.59563488642498
1.8626018879355222 2.399991228505338
25.32446636402934 14.959766744636195
67.53748161946025 61.00890487368098
65.16852015990129 65.92969746684221
62.66582997966053 13.98153897046772
72.05398573481403 47.49183487491007
57.40080048914571 5.719016778141195
39.14804749592069 61.855319045898405
34.05700217006207 36.601863351433785
66.56069815922498 47.698891233134
7.267251011998899 24.930917947053956
3.6559463360394284 17.488444550837222
22.33215251568117 51.36555582935607
73.98817313890488 3.7487552710365746
61.96058668501887 31.04195486572443
20.352134667135058 61.204203386754116
60.92615119042255 21.82783991353212
84.75640737682009 38.06664843173451
2.6667026231518953 5.765060254190657
55.916273752291445 57.15596936438738
84.74964601203816 44.72835607419508
38.737109478838704 78.65875491505892
78.36051455928515 48.142741038784756
53.983140833824294 55.58659580655527
93.23808531006559 77.9680070388806
7.648635290245376 69.90127163628034
86.42145458121222 17.938916513811364
73.16373873477279 80.68980411735889
89.96644387422677 33.68120403719268
47.43481134729628 13.24987729238314
56.865114639576596 72.92236681258926
86.05031834270815 64.84421887703809
15.960267754055923 60.10648243822059
11.969917996876989 96.50191059903435
73.69051175987909 62.410808552236816
65.56417571130851 48.268003731122036
56.78221601800837 12.062434609422358
97.37564026683243 49.666654671146034
5.305662164349445 79.94857822415527
25.324889054270393 96.58303592790669
70.47692009772122 60.537366267805616
60.31657376986037 21.289714122632297
10.869435003005478 2.815991276535512
86.09640934656389 45.98544684899948
65.22540954050444 26.977348910665743
59.4800713503314 74.36186169002674
53.69087352343285 50.292036901241424
21.337890819446102 84.35709962053537
96.33376222430093 67.55881881998194
6.572534936422003 12.783025426186278
32.30251288723727 53.579810097872226
50.62004631301653 49.24840254514511
31.953003010361194 74.5337248065628
62.83528106944898 98.14763364118974
54.345286122450155 31.942575574829867
57.51727495247088 39.46908127364641
81.21525936601932 62.10665766764472
14.616374304718427 59.57954854410434
96.79322989676993 20.9887187236371
14.813968863348471 44.53494502768442
96.66092231344692 77.22945598778705
20.542587718147765 93.24475328278827
72.39635638803881 17.97054457917968
92.84568793889851 53.485788877732546
46.81227180208241 68.05076830686676
97.0826737903822 26.982052956683344
21.48738341603562 16.645651310035035
2.7075948534666328 20.357918613238326
94.76020197245896 74.39280919098185
76.18103225674626 15.614270527008479
68.96046118251972 35.436079358621186
25.596694168145117 12.289920806624721
0.9192661657689616 49.27545896872398
13.22387922672652 4.30593660754317
62.622860926623126 56.862382375214196
75.74749246654034 21.165951825821395
41.20549973015106 77.14866509084561
35.309107713202856 18.55627803092561
98.01970673347698 75.54319493900772
27.298360087257013 44.62506221824298
60.85440117878387 97.02602705246048
12.01727815873095 14.839960277446185
9.81789331182561 14.067126863610845
82.1108732898544 29.062602584195794
63.34949018420899 72.67351470211716
85.55872374076515 76.5185452917566
65.60108538711748 20.417743893904607
31.628797446427058 45.774157190810946
34.05808557196672 55.71970829970454
48.57401538668942 27.77176367228613
14.08150625696818 50.36709381977189
95.0450320662314 14.667838616349883
83.05657967218004 0.4516489088561393
48.453392763182634 88.99765833014104
53.96559016635673 83.74044861182854
90.44967267267326 95.00179602322964
3.575392300696323 0.470493629922597
6.086962931007678 23.01830399269107
56.40862171395828 87.8055718564463
2.243664901443565 24.07432124099884
20.161542580191515 75.03368640145143
76.3743147897878 68.46779826879967
39.365763889671015 68.1587675880811
79.71725802635474 93.66064935532663
26.80053072267721 26.524952602977002
60.18875596329592 39.670438515100614
69.3500655146058 3.729788322779082
38.78899318115199 50.60801458353692
35.389888838462454 39.810682778968776
70.87168602020633 47.14906979196387
21.318529883814552 71.57743136403995
8.23265645058977 23.973321864336384
85.54829775986373 93.02369073885306
8.376551002534626 79.45042436838663
52.95083898070387 63.56607649971271
99.47302859726399 63.930830198288405
15.762487155979898 95.25018258889133
71.44645001776315 61.20766511852549
55.19873610342714 41.063689849361396
71.18530711672335 97.06558921705638
25.49705173341279 12.105449770633792
89.00282251886296 53.65795168272476
25.49459026621821 63.35329160627534
47.300388271042394 15.174722117172701
50.5425257919498 31.748181390559015
64.66023464317645 57.307297611256814
93.81337437625454 75.7474739220294
17.59933414171877 64.12930215239592
99.81412555834603 67.73754167994251
61.95390179713547 61.907737742828715
51.576194588324164 62.84239433735923
17.811052677804916 35.18140579110647
67.50088025996568 33.630139533268235
81.5854193771191 18.51982712619833
54.05844999014246 54.79640903939698
0.6685831701686906 12.81998109899627
50.86612071354013 24.79299434840383
53.26949148472675 66.41602402799518
83.95795533795902 98.46988426809067
95.27167502756566 60.543930913852996
66.65960204486811 80.13685953389427
21.52072542026864 66.74932081109542
80.94609089423561 26.73450701397133
22.75044293980486 62.94422357397074
30.04985171514718 79.58434339592912
58.46779125199617 88.78602765076326
32.29391177707648 90.94340005869199
70.32641756668248 20.56832286782644
51.71078211422644 19.324976763274982
23.175522619911227 61.055558563722066
22.238269853548374 33.85354628663768
68.40900686957228 13.177571513189967
93.65173260851437 18.450693880404103
80.4778528437819 20.91369810457968
33.94818010962861 64.26793171654468
6.926398673236411 25.041045924952577
73.91605746266893 7.6441815218434295
49.2125843430143 62.42976021885684
49.96588525924679 27.46739291014695
45.15370106428509 68.56597865689382
25.726006181438898 71.79338600859076
30.585882974782287 53.09327243483484
4.645465144299754 95.63997746551665
53.16881639628785 50.20940855515812
61.116836005938026 53.89499784123639
38.458999453474995 17.79964249975976
87.64254879806941 33.635176092731456
57.05340510435535 94.93353963096331
69.70009388163977 50.45070654344157
23.72055349443325 75.78830539136356
13.41881557150677 66.68034178311953
45.67364588283163 78.77765192099208
94.77173335966465 84.36037638973342
22.607340728394032 73.2432534479421
82.25618645518739 36.53359676821619
19.660881193081316 3.2264102892609614
3.191357320127186 55.42783055598504
45.987825047989084 3.759821536345509
35.694371229237575 67.87917873852483
3.4252713801954604 62.30342743455963
19.095892398978087 22.908043295057734
5.013522853197205 52.7351646392308
55.271966998018705 85.35124962071596
31.39922581090977 39.14776226594496
37.122258854374564 29.14574064763711
21.30757569425439 91.3468563159596
37.06026054007528 41.91239570496248
16.613085018087425 63.92483171944472
82.48710017410006 13.539634299742875
30.56148344438794 26.944749641157273
78.18810936550132 46.21267197149559
66.12126276440094 41.93915257262877
82.34984750827623 54.021839905997496
35.63089127449539 87.85931274293179
61.34292522004656 5.509831482690375
58.332215088722236 29.860141138378914
8.68420091093074 62.85038898023567
46.382322364743466 58.79901091322806
16.88813476439346 78.79957788686329
71.8394985604182 95.40220598169607
6.099779559092688 92.84051680684775
56.37931727729131 37.36200040989006
1.4913309348660642 50.14734443792943
82.85492152449376 48.67829732626328
43.933374712523985 54.69518885070115
13.414214794950464 46.972604355005565
13.33600528340051 7.927897972161735
31.276654043921415 9.112847609859953
79.66306803724726 60.520937439061996
5.0362459510241875 86.58909959194673
36.244524254519646 34.50411185530009
93.97906075022506 37.32407290991813
57.743430252035324 20.244454632704457
49.79932615949012 74.10954535363695
76.46780448935932 88.37076665495456
55.567905304582446 60.4521083675954
62.90671843176665 83.67827356528164
5.729462440053301 23.66334222691304
88.5550557109529 45.12886984296478
20.23414021653096 60.08305413694952
93.8795872221773 68.70357100655917
33.84188813383779 34.331122198353995
71.9988516004898 95.96264091487842
39.44444425725984 58.61267875809575
54.42007310691801 37.53326294882684
14.16110885302504 21.147465896056673
77.7751053925495 31.33716907349331
54.405868831421955 22.954491866607228
37.09076203521153 72.3645005479672
36.0371894445487 68.47172946446081
17.153551016371814 99.45389383951103
79.87040478880283 51.43422095855752
75.23970061351997 83.5288558239216
36.00559824755769 39.16788092527839
15.076647749312254 84.79376520476893
15.181858540661676 15.5752305713448
8.099694175283666 28.11213266362873
36.63437152216913 72.17451028159914
71.53977274829266 50.52606124527279
69.40819317947522 45.76409450727057
63.09260854953256 54.74843354062067
18.52289946499144 24.808807933134847
32.99175621897745 74.34496030353878
78.59033467009988 88.46748254844216
20.396062779185375 4.646910465606902
8.460572845165482 7.727322342889753
81.74253242679363 50.41251356727279
39.32270225601411 75.05527926996277
5.7118174210603945 22.245348717690106
66.21494416682859 53.406940446473314
27.934299176051837 34.12772074504673
42.409354988424795 99.07330765353832
54.90006769204578 27.68909120320606
67.03152816369658 1.2008958044060547
94.45319562013378 58.7151211888298
51.51575329949942 37.03861458232569
83.7422300219771 41.38403655964431
54.12580594777439 10.230372933196374
67.51100629308813 4.33311028234582
30.412501068900166 78.38652514463153
53.643236402380225 66.08371003489566
94.7545554294959 31.540148109340983
7.7340261635203245 94.56174484319074
34.03129132519736 26.872287457396048
43.39310117998183 74.33182400209353
8.720153394085184 75.8390879522026
21.609005645068603 93.15610301010435
45.042450055032845 38.886549204897314
34.188101418744424 21.228966884176216
95.41936651829343 12.786662331036425
80.63188669710888 99.77073128252762
1.4195205296913649 43.44547422967724
48.88784726030482 25.117455059788863
66.01618159152238 91.11055678861166
92.80804206521731 61.34406527472376
50.183775320918485 85.74625114479895
13.890079222693075 46.62557034160972
57.51727119797951 9.451558426734286
49.52145719348706 54.52271659586974
64.66509491627521 63.35870545330877
1.5112447453089706 53.07940670301261
9.82156959199314 82.91348024809572
80.23933057687248 60.18207218249145
59.13836162400388 97.50244980861382
37.9979209426152 34.734485535523675
53.312892715365145 78.03192652075927
48.93761175250697 44.25908020787719
49.7245729554084 20.031130128127383
13.84311771625779 13.789787936726627
83.49774974406915 67.97206928227837
66.50078682660383 10.146805847496587
27.277804078967005 14.053674577980235
23.67451679690067 25.60730031803351
38.24454671331754 13.0158181954239
44.5194940219986 12.67581858466551
97.43103466238689 8.50535375408954
55.42997678685708 40.3058340131861
20.497765304623883 87.53912373008133
36.64100246468869 1.4709999240367422
69.05932351395236 39.08337425356181
94.89567203317814 83.00344466265412
4.312471414164887 35.87730838559855
2.413527333619525 71.7928668270418
5.665347476559912 92.73483603765268
99.00346818426624 94.77403424960104
80.7585502109881 44.00043810854355
79.9392303495482 32.117816961124475
35.23572164592734 73.9714561616217
63.804334511093465 1.0148413474940776
17.87443770532271 77.15739387117715
18.676458257563677 22.52087497444384
73.45125224819904 50.8295796576516
41.48417441739731 36.806507556770065
67.10959744875919 77.36622784911387
40.35577428970054 5.594845229793743
39.48238619046691 75.27901314108163
44.40071674226982 84.48148643034006
89.80218541240752 21.820921661378947
15.564847931829595 54.76711307449715
27.815732292693383 7.447104786837744
50.553833261460056 32.634431714697534
34.824751212484294 69.8602107895769
76.04472782462138 86.3272812132914
4.99399940183447 81.38387001665454
84.26969983163492 46.650728070471395
24.96844552201196 16.931196375143376
41.06639756919357 11.738787710643074
78.93560890837539 69.2344024002009
3.7857197273445387 86.77740493940942
47.11370421385019 40.811821780849385
21.68335935175105 93.72302461769297
52.85760570191882 58.64421345694781
15.036500162981703 38.92669243103859
39.78021543632342 60.80888717848576
91.4109614814918 67.27415247771818
11.773994523414633 18.915549758326165
62.35291756349353 41.17979040397526
16.84243323021355 17.87615245369856
65.909942974768 63.81074898034414
41.46089592704967 51.55453225434681
73.97036075781782 37.93801023692633
66.3748351415876 18.99096756288725
53.451808571450485 89.93868708308968
55.38155922807073 72.45342379392442
6.630601454660723 25.90985659653704
28.250463077431597 57.17335646945641
75.7128723754051 43.51957269587206
10.926905734871294 15.608829026740768
97.9134119553982 17.476902622214396
0.7876102813184849 34.874227357766976
10.11120222253885 11.007226047247665
43.114044594872915 48.20504448207139
18.867428962665933 23.341507226935178
52.990456015567574 56.87808074608238
91.47083468489892 95.42944600528969
34.15738741772536 39.04303275606995
85.44570137162049 18.39590051801303
30.15957882867175 96.23549816659762
26.80354336425035 18.852823850351097
7.713103273145783 24.839865136399087
87.39858747121968 10.545286774914642
0.8675820456638395 94.60392549640704
0.003620542082671818 65.73879533560341
78.05837407478107 49.307159680690106
15.338502387529074 12.53469399432252
3.8957308400769275 23.062545628323193
48.76448742657884 32.64846238343235
39.47041815367815 27.63473230985214
98.2433308122026 95.47500782615748
94.10826490146313 9.009348003922014
83.1065889911536 54.567421089077286
56.455258624204774 75.40587341745027
31.217941946238636 73.04379694392492
90.3256376555738 11.42509781078651
99.70521933472516 81.05329454674207
49.77824173227703 92.2567708268345
94.9879292916954 67.97012584920598
90.68553668808237 18.62069632258303
16.788740718202334 44.654234963325166
41.99195010593837 71.61054125735555
25.924946676663474 65.32763157707946
10.129315392463711 94.94478630572311
88.25111580680425 97.14296847807053
37.30183104396141 48.76413011097513
77.13469147549412 66.7777714070448
81.28964863363963 88.0750419816643
51.92918914192091 45.072134925954124
39.68985140064096 53.600328534431355
96.00907078330681 72.90998342959996
12.708802347191472 71.2577167516257
40.95185422025776 81.73705045221244
94.67943098324079 60.18711048545868
20.424397253057226 71.46663867222935
76.71794684592896 71.48206449354555
27.023767883178373 97.47684787867506
39.672338069109344 42.44164791722093
53.46362702785792 43.88969195138503
76.53491993252067 70.98257883666793
87.69852277295543 96.9321545120201
38.06144471345523 68.27625542591893
87.99274871336593 53.34402002556078
66.64299129276891 54.613643076924866
52.724132226747436 56.97288237115408
76.5856308483648 75.36657314615994
47.331829923741694 45.01224477206196
87.0804941447256 97.96851758507843
70.99243250130598 99.95574852667734
61.814549833075574 23.338633743624058
43.43499090006557 83.06616085653467
0.2720238550818932 64.3854269768563
54.08752100390639 22.12526492889293
6.278348102175912 38.19078241440819
77.65177414992503 71.33388584184812
22.16324860125787 19.535524038998386
90.66637930409713 40.62575029778941
31.07497189093591 39.50343283487272
45.95048613691593 79.69590056936808
42.62608333065281 86.54142212295197
15.943807270950305 9.22454125516654
27.06416487536165 73.50053794479349
1.6538356389652398 24.234114336753176
51.97890207070248 65.44152537071066
24.201593879791773 71.49166032568517
43.392492031928654 49.59020221351265
75.37185935842064 37.40903970678215
64.35104913544762 24.612094176204046
20.009820257598896 96.21905955321533
12.228052541628553 66.28110205572288
8.477404417032641 14.355298103812398
8.441163444535071 84.5176036154123
51.985252926762435 14.818168704987844
82.63150634644984 12.074319760045228
60.86402078211564 79.53894415308463
27.847694458936335 96.22976258975862
99.08805840732411 84.23756976974157
42.270147405769286 21.414735931661365
58.38135484565434 3.8130498270597446
21.67823648821532 81.92860817105887
37.92120229237579 23.76398597328242
80.9617365132187 55.10248682982073
54.50345151711493 18.513979928206027
45.16439399346761 83.41863585006135
56.946542857246655 11.739008004593043
26.978753127929124 32.5762446071427
33.97970765509346 45.9767663044651
67.17318292193686 66.06338717140952
51.27363736450463 45.82459645393755
20.00535786518487 98.59480867835335
93.50059736227855 81.18285933703804
66.51086504552315 78.21433718164121
75.6915777589691 66.127311973047
70.1437515537427 52.21746048317464
16.962841527370266 87.66719673317931
8.727135038122569 66.59192238264072
91.24832552384146 20.63374778126301
55.96374423893886 20.981835806593672
75.67079624419016 87.59491891350754
53.29944018444552 95.53785008547027
36.19590834588045 12.300568374991538
81.04193208096342 96.01876007603329
85.81867170445543 23.56221224513142
33.38177667696141 58.62744390903516
65.5273147364593 80.7381766371468
43.034681734397395 25.170678761596466
37.198805264827904 80.40353948749923
69.06793931986066 88.84401480039837
7.755183255610221 81.53901488577435
80.96037599356687 41.22755917999466
96.31284865366125 0.49747925618517375
0.4931730468148432 10.025170132712024
11.379969299509396 2.362573297414894
94.5368178899421 15.869023263266646
12.390861201598469 75.0513666992646
40.49871232256732 75.77724386055849
23.013716194233915 40.49258943018796
5.413248922277303 13.620027115523214
35.869872695642435 96.59658665835273
46.052863717558836 91.83386415041588
92.86238651630008 68.4446772410992
85.3409016351651 87.13149723364893
51.20116246945994 96.63762323303506
29.45266708534511 77.39013663971133
70.16192537947623 35.844319960966956
33.638899277800725 8.535530846466699
81.02665398094071 55.7192973363136
7.833398348497633 86.48475709862082
56.40791783666883 36.769314083267666
17.24867572233326 79.95834411680754
18.64214261699835 80.04741664542252
39.71384439741945 43.39584648902219
61.977304172665384 94.96301515699885
36.51622934709089 98.04151058272032
95.41559116960347 90.46932872181416
1.6015447282224926 33.42941866708675
13.403349661110454 14.205921226955054
40.97278686049568 9.165703081586107
69.82033773314222 18.345369649766006
77.56574475123654 0.7963832079448396
21.915808900440716 86.39321310763215
31.600492288826175 12.62974422920533
2.03930322373711 73.09723851402694
58.99001685750926 5.372240259557515
82.20128152482363 17.94019554730557
81.39175267123018 30.27247841248841
60.18978876593628 88.60862358902608
27.539699086086266 99.11068508664793
75.32557946820853 35.51222865221004
95.8258449859632 34.96595466644716
13.591504794178299 30.78431500771068
63.83197351211363 52.508963525140786
56.32320381634026 5.935237054565046
85.1887471911208 95.83339067089082
36.9241356824918 65.10664251985907
94.39988486789599 10.718831127059492
26.940091584138504 85.10768074018289
72.50649723777339 12.495007850859707
6.02440015661676 49.78518485574235
24.3599884305463 52.57092810775874
27.70390391129627 58.19252110132136
40.73041492288043 91.05807518102311
2.36860096256859 15.308445651899305
56.216518773133586 8.232114806297307
68.50497765681192 44.45579721689823
31.59396180112597 59.510590100796975
66.56185818774576 76.05950300346058
10.684832284870938 77.40556792181825
59.920342739914936 99.51407219492303
24.49917332899332 59.43522264780186
90.1890269659992 45.29010386112833
11.516942341295945 80.85600953341547
13.696478175975946 0.8705503136605897
15.556308317388922 64.20050349757538
87.47137535265324 97.65475207114982
30.958595034914495 33.42625748861603
58.685153633028996 82.53142310667121
15.112928976603124 48.520276546421705
73.05204257704732 26.537470546921927
65.10407350443343 85.67387990444854
54.25440295160697 10.72417544242854
23.928306162946345 30.189742838172194
92.08499255742444 72.099279786069
0.3654526552192561 6.786523603598904
85.03380469367714 1.5407975658888962
28.611751642347926 20.23215186366263
39.29383944735949 77.71544288003874
74.87247004724114 63.559625917982274
9.292851910946375 68.32968686298715
27.800239375872525 59.34777275324954
16.40701404179632 45.27679242718197
82.64021223903842 5.774313088034044
29.128200942120586 97.27263784442357
75.05931999772532 41.84000604390876
