190
1 3
21.461548155690437 47.40335696843418
10.889167910335429 55.20987662261698
25.990317412550358 61.68820807511699
13.223803154679615 12.697756816683059
76.64669768034918 29.70847214988659
15.835679532507552 63.375994065769035
59.96322804628949 25.314449763037693
51.18452378317841 65.73722658113408
37.11879462819696 97.96435210993124
37.60298377461015 34.27407914625506
85.23298383295612 34.803806699927485
4.93258663247278 8.859755563814442
65.24969437988287 44.853054754036805
66.77146222115005 76.83927282258219
70.7642162165634 33.79294566675976
14.590541474121466 39.73249121950806
15.32412992024772 61.402047753831425
73.71031237436145 20.092417531755945
13.252949751541276 90.50258087752181
22.064286884851313 19.18999251479152
19.880965363530144 75.73116317405955
45.184314909257715 76.05460155600203
93.27098284698448 57.58088706934734
57.43894854517437 67.47018631970083
99.02400459247858 61.47842943658126
54.32416005240746 66.33539451652449
57.55519433935336 67.37723787894751
45.69798274778836 2.0508156524720933
8.371597157075206 74.13589880458152
88.77089928549225 16.775734895662996
13.153386911509578 29.582354338291218
72.5018716497849 36.35246411563655
79.62094863492607 96.78961037874913
18.945431943488146 2.5154630581041504
39.970210144089144 51.151132797392094
17.32543878694901 73.31258013197206
73.53205023485849 93.9123806247876
53.612614161696605 16.04242539472782
13.27211698118671 85.9218112927848
74.29928666471078 59.51976814970487
13.408739520367252 35.54040144504265
20.046845596513172 7.888223432357377
94.05984393190204 30.710581862430853
97.11468696846497 44.5358059748985
65.73614703207949 72.89229677463209
24.624355003753085 78.73817622557905
1.7008719806818506 45.161054902347566
24.64422916540132 0.3613924287644954
36.4712591571345 40.04784293756038
80.06404245459633 62.28317270406563
59.06500392723755 65.47742321822949
44.32145759873249 87.54974391386638
63.899300564518356 95.37215658431035
62.26183981606679 67.90599009618938
52.02000951701618 9.26539131867492
56.09080770138875 9.20851808471932
74.38969614936353 82.86317309885705
91.7487829364838 57.62122443652562
70.53457163621404 91.71011492675606
17.494853692359037 62.89812450936476
73.94957530983429 33.68656972732125
58.617471369888754 20.36126727700587
74.6039849323016 94.13081328631499
70.54228660823793 78.0919886607939
84.35521419321945 92.11389437826926
77.44152875032806 72.07532061286479
32.07935134898834 6.703382341515218
89.84692359619046 47.17167111763629
81.12988132917911 68.72585654064905
96.64486600771158 35.51804123439894
66.05691189102738 25.26385583903319
69.1291699558616 47.30569760519408
88.44957384582443 37.79136937889882
70.73958915707266 14.181360682124055
77.22089530500926 51.876862597821074
50.13420623616396 57.8742909152671
96.27596162802115 21.1788801083163
60.67016739423363 84.18514972536495
25.70584187166103 70.01831921683659
88.29961669560285 80.87370940006147
42.55984124845919 97.44263733402218
10.358038285406245 90.24455431713996
0.41733479263870166 82.39806769261261
61.140334593699365 12.263955297124053
17.19280642611698 46.15706823825292
25.06558969292241 1.822648601229826
53.011621042016685 24.154265296313437
45.299200040521285 4.9619929753987435
46.55414581900774 70.03758450200392
6.701176455462066 40.85182193241215
39.55258124625698 51.764104696208044
33.34575188113516 71.42105416463124
92.08804138813844 20.684674413901895
92.56191419936184 11.633222619087746
44.61065509014335 25.677697831692804
75.05403565720134 89.86683986494197
84.06043567357754 80.24679897569223
86.18751549614691 14.685778260204208
79.32181478342926 79.38519333426865
78.2555536181454 53.982410903829134
2.701702224210556 99.2635721681911
22.522350732103092 83.51853421212783
68.22882552227556 37.13268173332036
5.6255394546256055 65.13444048969464
95.37369213088971 98.98601452989027
59.6806172748078 38.53730359945799
80.94254386644175 49.25233228142236
24.691206879001037 17.551132776064705
99.62486841543499 42.87309839961087
60.375951445078215 74.2801401095192
30.56709428239266 14.146626055794309
72.91469600626996 24.650643601350588
36.14098040527984 58.417466475370674
40.25618992260096 44.36262722102118
34.527220819581906 78.10072106546018
79.15945984655718 65.53186733188512
83.68626973062487 50.18079931743091
3.9281571255559866 99.01845916843126
90.33780079856663 93.10921679034601
26.142585804605247 2.9692701965385426
41.385896741936556 82.28324624267441
3.283404856149641 91.99771657987806
55.85034928853676 57.98850530831521
17.360576657278415 72.67058769760123
86.68918949892519 25.611965340859655
18.179919188035697 81.68404434612324
61.448257914243 52.062949150114555
8.307913131497035 0.2848080188809332
84.50351437456993 1.1845530582515584
30.15834110326898 80.51107200775185
66.7405035685585 1.1919126903329191
29.73694704341994 50.9245956194839
65.76933795294708 83.49088396287141
36.67541093646625 76.58329344393184
41.23759804620377 26.635076583696616
50.40227554259802 86.59528733217931
80.11860483199098 90.14546204170608
59.26997620664183 11.914194311893734
28.331197158165967 58.92022441850755
29.98794155953215 2.447220503141012
73.47727045183048 61.67942656546248
45.847572216609045 63.377351927535486
6.105760742408517 73.38573808585052
83.54674285293528 15.88558906524451
49.298147480128996 57.67536277968357
36.5149616144993 85.7864655685409
99.76669054779342 62.47637080465653
60.19456710128961 14.349578737189074
5.522965704210847 68.13120469469065
79.77491100707728 88.20658500381803
15.135189999399357 38.26679358558802
49.10900602203099 81.16827152577908
59.317851047089064 53.330635125025495
88.452317890005 21.304903722800073
11.583823974621543 50.05495323234677
66.59543266461169 26.756957424383444
78.94973688973528 23.2728121253613
32.84233917303992 11.314639883447274
48.91595178875914 86.07408034474608
22.296078779365924 99.52959522397651
98.33644779917184 38.2204150767528
11.55227148443041 31.476732855889832
32.4438490359729 4.952080176679474
68.4356103523974 25.990742421681222
14.312624595126566 88.90823525420531
35.67960800634189 50.57241333004367
9.765737799361563 20.739154369856184
17.94014638598984 0.47101529962212396
50.29141919972484 75.5729195678309
86.99428654893528 17.978647249188896
22.69629064838796 95.24041089149058
5.755271959461816 54.01572020992242
34.819042103992935 37.17465580980159
66.74459451336214 85.82535310906243
23.550293969129264 55.09726299430615
42.82242376708014 51.16223136449554
66.79174896698473 17.56762027342087
32.86427729800565 21.86436433372494
53.03155482315678 31.01127863870772
65.44363923264878 34.498959751913596
17.201568941194246 63.03195726011064
71.688355242975 44.76569830128931
81.44041906362001 90.51563804347626
47.19491211420781 30.820465639299123
16.69656895381566 41.77111395474038
20.747804567888185 77.42864938837705
81.08394310902607 3.7673047716213492
8.140840095173928 85.11530582124882
67.65720552305605 53.6600484490519
52.29451997828922 43.73231990586619
