400
1 3
73.42473616289737 4.1030233220709755
24.976300452613387 13.619640285254109
5.215804520718148 23.75113548317278
94.16342187643616 69.37405701547755
23.891514249230195 17.399289650735493
2.546856261387642 95.93897555556437
26.484602755452833 86.08037806541047
96.14025576265377 32.30039783370449
91.84969619428477 96.2181106665006
75.5234809275841 12.045908118509342
21.058854575913145 39.01606579297516
27.801388401233872 15.548367140581254
33.420128610950094 78.81039010269014
76.34502651071489 75.37242132535378
78.85283594904647 62.11708217332581
84.41786277898538 22.59035422851554
31.091509047177013 15.505223289129887
72.59205195198162 45.99674255595727
49.08244580788701 43.009084367489045
88.21193267053961 90.98088946099725
39.64525504649505 17.212365535639186
13.443929841283953 61.31868378622241
70.84116936772733 8.817138762658372
62.106185834395156 4.697010885303077
83.6077394200021 91.50873820272008
65.46814453910316 17.37106796945287
98.10291303962721 80.89548207815889
76.90850841818846 38.1729786206555
87.78826550728265 48.79357432146079
40.8762496856379 98.16563890971182
52.27753381489313 85.32613119222248
43.04701103176753 54.38053361978632
56.4959154919455 61.4921845448825
32.43907745593644 21.846451712150696
40.27296450885947 12.450632719050759
13.849932221803929 51.07840379610038
56.09903532369982 57.490300759418766
32.86534442196574 71.39717745900735
43.44641838430767 8.95334409857691
53.61212807168092 20.020265926438686
44.69121311251136 20.927283656778783
49.30522024842605 81.33055139616405
85.86092374916008 10.55058455495379
88.77027063051108 17.81347581881805
45.74274742920521 20.84181383189465
67.59392965625683 81.61097599923966
92.30626428843523 67.99251257749617
66.69450749214963 20.772533316835705
45.28720223158083 38.60769104101378
83.40181205655335 36.97701472812271
33.26031135217047 10.802420760861754
71.72278789172874 7.808256206172537
16.685808787430222 78.44790026557504
55.70935783846052 63.215445232362356
85.07177388226368 6.702701780403997
53.34256301328652 38.10162915156528
21.23218704648202 79.02631468173315
64.62882955837009 32.39749352814596
37.378652087819745 43.19825353532101
61.89314513761044 94.48115900181975
69.47449363152924 99.5165045628062
43.151712302278725 18.111748222127133
62.82532761088433 36.39918031661489
10.946840355354404 62.50884838075756
65.35218680149029 82.18041124615365
27.521251926148892 82.14646647769194
23.5502778934362 68.8526864404593
41.87773073334833 74.70327281186147
42.09235048683384 65.14446763569539
72.34643460409127 27.600144337298293
88.79959383363187 57.434873108303776
37.74921971206642 6.39295372431099
16.785306999111516 85.05137059271703
9.708005178464019 4.674982528397664
48.69091336322056 30.4942562143397
74.69627146442626 77.87406166393525
70.15887713169569 53.679477522651766
86.04514172395518 3.3837647623778278
38.85691120127277 83.42653071907824
6.3655560037776615 95.89833581540815
62.7189234044432 86.57873582501824
45.72575400642527 69.86528260487938
48.75488907467667 18.404003879912167
21.10025480485924 46.54892649164177
67.9504965938958 19.56322617598665
34.48224829492945 1.015260079394098
32.41791450765354 14.219095552077698
82.2805898699955 75.72540329293551
66.10845729487866 64.47629339197309
59.749967813607064 41.430944251795566
63.09892800712491 18.826254495869456
10.060357527602303 76.29977427505455
97.80286990093832 1.2748774411051267
57.729813062690425 37.69137151137083
88.32285100485203 48.554574851714264
46.821661331096664 95.4871380732914
49.825564414637704 41.20598833676452
54.02809076730301 58.175267109319726
91.80644857048239 83.18390466255703
53.102074721930784 73.63338036172723
40.80849152763311 52.76419899944735
8.372411618573361 50.27775682826026
78.9696681149574 32.0369610550749
30.973143688808413 4.960505948735872
3.283863254398689 56.20775436408974
70.4735795106109 98.68223328720771
3.5198011428063003 5.576860722629884
48.221876302107745 29.011191374431444
88.67690671144925 87.73504321855967
20.771560759552308 97.52355868271283
65.85314037710882 26.22042402208935
75.22350761179489 1.472632093579862
39.51210511719643 24.55002119303775
54.426365583186055 76.37955833415681
95.89492883980665 33.00561653096376
44.57958229924406 7.413600973806789
51.85900599825373 57.889851331195615
66.30702063301317 13.443954690114479
27.218819116660065 78.35806306968823
25.454353244365002 41.31522449986387
22.093264144811897 33.08597967949167
6.861661319635837 54.830989508511394
41.47265524233737 9.76555531317429
10.220406612318357 42.095362768889146
88.30301827531267 95.56185442338179
57.81349409768624 50.53661078365182
92.54804310645592 12.024373193948733
10.5167770024301 92.02087076030452
15.331657342894388 79.67537786655461
20.689188107965116 89.95836847308114
59.76217027245314 70.91937769004592
64.07583494152249 18.218753401788447
47.786278097718935 21.95770763425311
51.14995204133097 98.11001444591933
25.35171384744197 13.272529267231148
45.173358213274064 6.725659816252749
78.75348083678999 39.602149194167865
86.95407965948489 73.57734912317343
70.97225222897158 99.19056463225364
22.09338716010243 6.027439132584744
6.364804816364478 92.12214186695708
15.593758835561623 44.91869553778909
9.339151776574074 5.7983663512158445
49.16047671166515 3.9239865564073995
7.989009850136197 89.992368350234
11.617497923630737 9.629961689504452
95.77594136616841 40.78803324931846
33.927836192083575 9.852484820294748
48.32759760327781 92.92748310829104
49.54909219106591 34.57302761674463
62.364851863271234 98.75585512117154
29.05831607015381 11.82360416264543
29.784853933838605 36.91003753739537
90.46302797201773 46.006246672969795
47.97180165221493 31.545296199271
12.68135569737112 97.97094314593633
81.34479965154094 49.30571552400791
27.35074757763689 69.35919457920544
88.88562154670996 97.26538619510607
63.13086460919195 32.33393754500133
40.02208654558033 28.64110496567236
98.80393304655585 31.825703642591364
9.59181062248855 41.29426350378742
85.56462399030558 39.687564359437474
92.7812924362283 97.91144911441529
70.05204199013077 13.986681081402065
61.57486991693193 26.171379304292074
2.714804221073708 61.554182265334354
17.105844412339465 31.766287398149196
14.934130374458432 63.73348830551424
59.02016184702632 81.0243342978904
92.5128952288271 33.05198321300908
0.8600724888327083 32.43784517312345
97.46952993839741 78.79798910831406
92.68758239498204 73.6168388576981
98.83543181311896 3.6452872909976675
11.34981916400022 27.64859068659049
66.46052980081896 39.06745348594374
70.87548322757395 76.00815578179987
48.32490512646164 32.901164016449336
32.522547095852275 89.83280228015174
64.64242223883694 32.060458809504524
3.3210813344865198 94.73201729732475
22.313546187834454 54.16726477690821
94.28297055716985 89.45687081142593
62.21404859016844 53.07411822776573
49.1689484551971 34.893820021495905
11.926371356656396 89.40891374615592
21.114908312194338 12.631348522637431
86.50824548797671 79.31781629329599
8.82414559094098 12.7931972043962
2.3307582227592105 18.344454179551395
13.447797278024565 67.44133715856616
18.516039108980852 47.4356977375912
30.871433304146013 56.423816013988336
5.317247420111038 88.30883638417986
23.79032406395496 67.74884934662275
84.56645411312454 9.84590928496969
25.133186345377688 51.59713007292317
87.49732703719737 82.77398579919601
16.68250225266581 5.799767446465731
79.64021553207796 50.77680691104307
67.15089111358236 43.63076938974218
59.06747219954449 48.62223907475504
3.8331195213450187 17.12808033867028
50.83795253466603 49.605228985487585
68.94017271588702 98.19905819155947
27.925839669811104 62.17515448907038
49.022348043724364 46.265638699679634
13.284635461039596 85.52690723881578
27.452284920562242 82.4247338114305
67.09570871194195 95.09046725530645
44.32140241027247 22.44605323440063
7.4121932828624 0.24645093132196205
32.04326418588111 12.036317678320785
46.167853510160285 90.62610647054747
64.62802015145004 78.4819771588831
48.73128264267723 94.33400854616166
34.56455888957011 16.181558052087187
88.8300582787364 76.0647041094592
55.754676923000666 96.03922070203599
59.45922531477292 37.748614095780056
36.516678407820265 40.059688448670784
98.70097026729627 87.70077012285775
34.213957246279335 45.93482257763486
5.888669238473754 26.466449132931924
70.03182087914301 29.69452568968862
82.91638092056606 5.043556456237641
29.00012734234114 47.40433711866419
96.85214423159485 42.06253532275355
22.167834442575284 82.76754785888869
82.87793983047766 60.16780353199702
50.05328416065436 31.321351552816168
1.0538426547402002 15.49972066391505
97.66882588041766 19.667288919481507
11.826521204947893 1.5058402443867802
86.09313982274524 11.320274142156972
25.329040727467465 79.57894014473975
36.2243168233199 48.00657486580371
17.816215515958376 68.41853712253871
33.02529494379649 68.49216181770753
64.20528673585287 52.357331689287356
7.798183430053673 78.10623427443299
81.89177683608222 41.79081029660217
89.07263385780465 0.7917276888987912
79.42292935239604 50.58656223955407
92.40590832487881 90.49836328872887
2.008432131631732 1.525857510883899
5.968678080587009 41.62751776774265
56.06974744076949 56.34454101308304
11.826576612409244 35.23688165740211
52.15676313214459 30.78117364981461
67.76753954940679 88.25906035383437
63.670686398012435 83.7777305280316
83.32001457884375 54.70456068691065
64.06793938325843 61.693625317878364
77.748297494798 78.6295340601497
0.6187804726964563 30.999754233209686
8.474811713165753 98.66225649958564
77.86579018835842 92.16177606650338
37.031908957309525 56.48256383451633
10.90869192066286 20.901745400400685
7.819229113779591 9.13191630253436
85.04542084525151 80.24438329505293
5.041573130321209 60.119314224139806
53.786357523336406 28.966987245734323
18.625557498441236 87.9715169843958
38.43235017590292 55.51765697402195
11.415660905589498 43.936665338630256
21.552228723477374 84.44242529200825
44.51717018452219 75.30098824857473
39.03901951346009 81.53415344009416
57.30211926624569 47.38062270138883
95.97250681757208 73.68039426041777
67.38120569113019 74.52774602177325
31.00305754775341 4.67622734992974
8.579505114071395 74.88119344934512
34.922643258261445 66.31611853977526
60.178979684732155 97.90138815145968
69.86945635994563 25.925679669940173
60.05699734647478 90.41851921469133
88.78554193051123 28.87750924504642
83.20565400916465 84.87074859133772
64.5363588561408 96.1969371034326
89.80556378278939 78.84915939216452
13.990890622371754 22.594177304949746
96.1523150282238 48.2415698026396
79.45740103633088 71.52552651673685
54.20226039226144 33.76534883490186
88.65840868440861 82.0158250652666
78.34402341035643 43.36176368771836
82.75441577520577 53.328950661848815
20.80994778502363 38.95880354082837
18.09797004358935 8.953189505909442
22.7123341837296 9.840714543811192
69.87900257554902 1.2303564710875792
9.958343481674259 34.64784248409185
11.684048838209327 69.6086185239174
22.768834501736812 59.07433983589918
57.23200938388444 66.75676768137623
45.75309282059652 70.15092696610733
42.441575763326455 52.65719191292146
21.531045681772444 8.763808682205454
25.145370655060574 52.63064964623234
11.529607106691952 59.87118185192908
2.5085686485771364 9.331667038803882
44.322493308049296 63.40051975768386
63.53961017324388 21.288676396275964
4.554014974117582 27.191778553357572
65.784616940408 73.41144100443393
30.52461226935521 38.32100234005116
30.363522389512386 34.60240134089159
20.339713957590867 50.79437610048767
89.78062859422727 39.791505649909745
55.866524091180736 77.47029493453346
86.56554765470817 92.92714346291189
84.34574456190262 64.47155487746348
57.71733524262723 86.21324594233677
52.236605500226815 20.519822452523506
53.316670785812306 90.16227436282588
63.07922936766162 66.9894982356062
66.2380249228745 39.54484275377466
55.627903593681836 96.24767629693957
23.846750021529807 50.373095686722905
91.33736333145622 82.3457971314961
34.31927850452854 93.62005091159827
85.82111094623906 75.04896899498803
3.1744364238806 60.621161535602084
22.158991691647213 30.65627747006785
43.071392452015104 24.01925589647229
18.404013635610994 67.04568724094364
26.916738108992533 95.27039444985574
21.773516577141304 14.396064327918424
99.55908477962656 54.69954645403428
45.605561562841345 62.9880005017863
72.85904021238821 97.53144053183738
23.586744168288455 76.22956809868478
46.33589447309243 22.931308300780984
21.672582396160458 71.65359368973267
92.24860512807422 38.70322795041139
23.22197674965858 74.36546976963065
69.50073950886465 81.16503823930499
45.9608863386199 8.036133507620026
29.94141454141679 67.17056772435508
74.85955325497858 30.90722703401587
16.04197582096245 53.875429312387645
31.837388209842587 34.93659817734074
11.960951916567852 45.72889783562992
14.245016976217585 1.879443681218529
71.36891775362241 84.34746392722252
54.8853705563211 1.6174643026302338
14.866786511938223 61.38516671869756
56.18035404368562 59.5906491034943
34.04307151288244 40.57070486455348
16.502309054500962 5.648799464156329
21.18047211724592 53.34048438273247
33.06723841839039 23.466037336034653
26.122480236414614 97.24673890006873
2.6415975106599987 88.83803185981824
27.628901205894408 46.0820284242615
53.48639977803151 29.33088786395548
53.19868512067747 92.59039783416831
1.0059908485889224 32.04223433730211
85.61374826743572 84.92300504084082
30.501001310434162 78.97354564482251
22.581711831786144 14.888860100969437
89.93472023862697 43.35288226292404
9.457391602451203 96.26557597563816
83.42186793536976 89.83301933442442
82.40152349120619 18.410631939381794
61.71384121913741 18.40242343670755
73.37385338826014 47.229377665670235
63.92650403095428 56.61375736211862
99.86425431625659 64.06263749815425
56.316320907027226 36.13541521350256
37.43931705693046 38.48875165328052
29.194991525814594 16.674938850053444
69.37329115053097 23.431654168764247
78.9532104867607 89.78278940074853
18.22415843611931 32.81255574166395
87.52435103557514 25.50360663844895
39.900834067701666 45.88913796903582
30.32987123445885 67.01087289054169
63.01860586999353 71.48706684429533
8.58259136308519 64.6633284600555
43.347755759627084 54.430366085010064
86.66856786511539 63.38044666414475
12.568875771063471 36.32035234033471
58.837337174203654 43.15798977047815
96.2752865241986 13.03914151657677
16.421851307758175 4.388661346482237
17.553169835944903 94.56463525466539
88.45952810094721 95.95734098367919
73.51200130039686 24.149607646105963
44.870494718411955 45.786948355909644
23.807416691857487 85.60824326971861
55.67491573234173 62.90519057261186
55.25184816127433 51.30707150989684
62.655296838691264 22.682601932051337
45.77240743836863 19.558326476112885
