830
1 3
48.43357406083595 54.520856700519246
99.7770579667334 59.86510765421556
42.66049237961369 1.1956948863704797
32.41031279122593 7.068600743632847
65.69791220704558 74.16828452183395
68.82435882161803 23.637386082604927
70.96077244254127 88.09463615748922
85.88745172636234 32.236793138603346
58.570802452358706 54.48307122522387
59.28977999429299 22.510263124180184
73.20942952096073 94.85921283535465
46.92533754250674 29.96743237433599
41.212840987023554 20.211406962852752
4.253328493758457 89.1423906198334
55.18666902339644 13.86810542216872
97.08033508124197 91.915720665482
4.2282737869418385 99.63934683474778
89.03457037841991 36.19029811684411
61.10177547643223 25.367447070684946
29.942373254656673 87.98241436333099
78.53392186937921 38.14584194955846
35.55945784699905 21.621261683955638
26.61508628765823 80.91423113583063
48.159786490775836 81.2677705713913
39.84477310284813 82.58340335428646
29.66940635500346 76.72584383498342
28.86427021361375 40.19578191242567
43.52088353039751 47.35335668041467
36.55591519903416 37.59371390493733
58.836404590987115 47.7883729422244
13.544825159451968 15.79135221325152
94.30730079645117 39.266697461135735
88.4396732146475 6.113794455127564
10.996421707797222 73.80235261774008
11.375913154576512 73.78397792399944
68.01397026363276 62.166358378557085
86.52630602674219 26.744252226856545
78.43355786812928 40.1933249648007
30.24877900021947 96.36307421063267
65.09211529320149 72.2017346760826
57.7040288339306 82.75930056613521
31.322449622793847 20.94025438871807
72.73513190272493 67.99484527335215
71.1821171449928 17.508901512008123
16.101163465515 95.82860433812395
7.07766863813204 15.162764553452579
13.444707254485099 76.67373242244366
22.655314680552685 48.27348097880315
8.573493237621822 28.464537267842793
25.420815249239315 98.22298103115511
91.52265467020794 24.618541090131796
2.151049914080305 46.9082931010224
80.029035710229 41.93778305366267
50.52635504634557 92.88148844918061
87.45348103526192 50.48084158564266
8.845925398244447 77.63234182019258
40.9527690539963 25.656557665457
74.67911688101265 79.86018266122925
0.10490275429200224 4.440082465785955
26.38254278937655 73.36745631014354
9.850397773042108 74.93566692861148
16.068923133132262 30.160281768334606
55.02495697417928 16.543949540494317
0.29464207691922706 70.9324893380335
29.67556947900065 45.08411715601965
72.18064794491754 23.489374949223407
85.41962313348628 65.53263073816782
60.39101929308688 71.88437775551284
47.572526347473286 70.31851295243423
79.18185311275896 67.88762150275318
25.67569232226903 18.69536672180523
22.73768810819461 67.38469313916318
7.407125186941221 24.624090732529336
93.49636808440754 95.45677914059496
65.85517727987505 12.975411396755533
75.01335587785347 4.021284954471316
2.1070755283989273 62.953725400610836
39.5422280192711 72.64818855214818
76.71324370770243 76.86921703380546
16.81409624485457 87.40952670534587
2.0065495340765516 22.46292188003669
96.15974281944486 61.94552479057538
24.865979366990064 71.23265891469472
41.38826359664591 6.541629086227596
60.250228917056425 33.458641912949986
58.36501076197751 20.509664991322385
57.98870232402107 24.558152992353357
89.73570587921267 6.356029422027287
23.623289618611267 5.242914573508606
64.94912959621608 42.48239594444887
39.470757889842936 0.05733651473542878
21.532428663263815 80.78245644902793
72.67735560666733 35.64865899018492
3.2247657844659328 79.63231964453088
17.795103057298057 94.34332983148535
28.482969298319173 38.55812969288881
35.75083997353572 66.29305674265105
1.0174760893169932 83.14935623804298
31.027277639733764 28.888235028450392
10.832554263847726 14.129039475748373
70.74428643030576 23.38732539837236
57.891894593809944 19.733412051536025
78.27207025922695 37.87085205903988
35.25815868870068 81.06703371341834
6.648636543343622 52.79149019076657
46.43294036492635 50.82977119788383
8.362692289744578 78.83746606071414
15.972124073494133 41.92321505549075
21.588983516899397 67.64249611579609
68.62674625903207 29.691023656568593
12.863646120094053 7.299742775822704
20.678448650627978 74.09372542315367
76.72747853038138 36.1525334098159
33.324829910494216 40.06828521386736
34.14117259812637 62.21621034428249
53.64207234353082 91.08336225944878
93.68388391298677 8.734132969893583
10.7639002297671 61.39475632608742
35.340477176305285 17.85404158646884
24.839212398957944 54.51535977183495
98.38433476849356 65.61090942426411
78.91411836452747 58.10934269169239
91.18705244881271 72.0897146306665
62.55216982400567 91.92170883424681
38.14446344198612 69.89156490345572
99.91054378694557 90.5119609720673
96.80758937743707 41.323124898621934
2.6929341759981407 93.16054834970295
6.9468027330739535 7.458797246473914
67.42314955446341 31.62276811122442
58.9022858012362 25.027877855015724
37.13349909257051 28.37753978350863
20.466381438497883 90.85784324359444
77.13734658582474 58.31420467392627
4.552548594947803 25.51572134335793
18.390479859535812 88.73201894416445
83.95944413590333 33.42022165541179
73.99506013247328 0.04680506691192576
32.31136631645892 36.926402068147304
35.81943232258193 40.181071201007
82.71043365626906 64.82932855320907
54.698013580552754 23.58042365316755
66.30348964643579 56.25901613495614
84.88140763132044 73.05196820577433
75.53032517952427 41.91375343388846
55.394124258760336 43.44771221674579
84.1448904346608 97.48783217570008
87.55117221009412 76.51142980073378
13.104337217477191 73.31259301247871
51.69271113926992 82.67968391058889
94.69806078505756 7.1641985572563405
13.900484651898681 30.667018511480038
21.112334717097724 62.24765737862008
25.784017534293202 9.67050991460987
61.2438659490951 73.21401248267614
51.1667399635638 94.62693870642696
90.06269183451796 31.993161978333685
99.0629100565451 11.859985329199297
97.41123650742523 70.972984015311
97.31596571003772 68.03139489713983
29.89581893409938 11.483772759416055
40.2577962207225 16.15610572967958
14.17076910432935 73.51740583249298
98.08202559194787 88.21174786830643
33.477518001304404 75.20440974846929
18.527652258531745 8.31755276997297
42.21002517090891 77.50675920152266
6.948866285417954 58.2804012317889
43.04004417375891 25.5098532606604
21.685087355654066 84.65283524248117
74.53937516853098 9.086396912790384
35.32763202222866 11.605142732050243
83.1241771648503 22.04180363184618
36.77617275969545 10.804325473784893
74.59009120880673 51.63573480381489
46.862986322023524 46.715912597221966
32.50030911244315 42.11120225851863
84.1588549154239 36.86687062462819
18.567418186368712 23.73299028944571
24.324646320094768 86.85779549293402
53.9126894582268 81.79024407929762
47.66620212313186 27.089715242058855
58.58276653698713 72.84889083892925
79.83791435329314 82.52185884794648
35.471667359771764 55.65586917454923
23.879998857750206 61.30335948050241
44.039943140343254 85.47712721399925
91.16287093489812 28.16476854364538
43.83486779841492 92.99267379008751
9.640412502100148 78.83301447256552
46.91037732960432 97.08501400524551
18.695470384508518 53.88757757122904
16.948018750648686 32.65857358569344
24.55854326191027 92.99633439032462
45.61223568742763 15.818348797883775
14.382593895705686 77.38601705054194
86.22338201979942 31.92822989973876
23.810730067571395 23.494517177850206
97.86649870386287 5.319659163243173
47.364795758465064 79.6567012242889
77.09311805778569 83.559814923599
98.33989378607244 60.955238363030915
49.3289007904387 8.661520350315888
61.298421149062385 91.0549349680066
54.05166266415606 18.3337143521908
95.48250348709719 83.6407244445096
81.05561788133298 93.54995911751026
12.300237044845264 98.10936996386876
38.60225706169993 18.17182495369629
39.948434751563376 17.69926506427588
64.04919453427726 1.4338243196432954
61.39937259562589 91.29908687270208
51.93614485566363 20.638742446295733
64.15398603522466 93.05118300276816
25.910191028942474 95.60737311076306
36.73014161899344 15.611309664412087
97.34231688992554 60.92638028994022
46.42996124749024 44.58290238539011
99.14467394223352 50.43047502059332
38.668604915686224 49.28007393702121
62.17526635439556 36.17761461428455
18.48376740033988 51.93973540647801
70.49911490737597 22.199197821804884
89.49456245251488 10.904639144378514
88.61966109328208 30.04369556161295
24.705183742082106 91.46006057937828
1.4132567307393096 82.5122045779366
84.00836326698797 32.553815199885186
5.679300334811699 15.139964648633853
19.182513970358283 90.629743137183
11.124919517521725 33.67664025917858
6.216936806980344 92.8397559682449
47.78907695012129 2.964696891409191
86.14102697167576 42.515237975834985
38.1126446042241 26.955386938992575
1.6886266737367706 4.387727371776706
96.26321588018392 24.307264325201004
26.476823823653774 38.22727481211587
10.64956592368993 99.55770664870091
98.57908247634448 91.1987414982639
16.37721276112092 33.945031034362906
51.01588109839101 35.43312147112667
52.86831209921825 95.34407319492932
38.79768844723264 18.259856289909916
56.76475637521001 24.476193561864925
90.00725152222256 13.204863026047153
95.89198738479125 84.09661723599278
22.478301681039483 72.27727191553382
72.30833844855707 36.25116825265029
34.96959525448844 38.55778671686747
20.603827989274958 52.42344136984851
52.40499082669021 95.35731498286953
70.12422129219391 94.75735290434832
57.90058376281571 40.62034028436767
9.367401665944609 45.50097969021358
57.1980131526669 94.08728604603832
66.64703828248872 53.14281096563853
77.72566398390278 65.90483366350648
81.36072513245757 40.004309474851496
89.32368518253388 94.31597278052656
68.40605149374798 62.576303797569686
67.6228783360872 55.14758186724726
80.12038175823277 51.907013553843925
51.616973266823216 52.20405624407154
94.24456235654542 78.39864605413895
96.23186714987185 86.81949002486876
72.27380379102917 81.56631508553059
84.14290883561549 76.74732151174221
15.19878748634158 32.60381970427062
88.53614912333055 16.238404035158148
5.029112601801966 95.7910331722798
7.91381307650465 80.8335492500085
60.300770934367456 81.99480080822097
0.19925709576691375 97.40709680706978
59.280047302112 88.14775581879977
97.96082319000938 96.66782579972748
67.35218028927802 79.85865686978076
88.20676354393937 92.22148747073781
68.91286239256358 90.17623275569089
83.84411602660882 55.71273752610546
26.238363823373724 41.9135914690925
18.767088033355893 26.566298093013785
75.47076458857089 66.96295048736187
21.939857358157532 30.13989795991503
44.519056472548726 11.346068171634528
32.241449387195644 5.900138897814511
75.24717303280937 87.7069637155139
22.240753882558483 55.849362709311315
17.633899152611953 13.405448268081477
99.9833803076792 99.09972701367218
4.697887702069448 62.303840942068156
3.6412258314427293 95.73151076236273
48.81641804681909 48.831512277796094
75.67704394679046 92.02297708376716
4.452705275177471 26.32980483057381
89.4811812852819 37.10134601489503
1.2359876478990284 51.14337965599389
32.68975676176342 15.407706256850862
79.69086525913455 20.453031102871755
43.35526641689904 22.422906852580926
56.72250096553266 98.96003847213939
79.6331090240592 33.72197304729181
21.20267701027272 25.08246317543339
87.34935944216669 1.3472340314699016
53.5886250488145 82.08317305998321
1.877412174300308 82.44116136901123
82.10796115559675 5.758757242843293
89.49137674787491 43.49039388403164
28.5506273632401 52.25441567203119
0.8331454717699582 94.69323352657604
95.88507363447489 26.447360630329932
62.04510821356084 35.56873971601826
60.47942696573789 25.203137450282664
11.640017128737767 76.30183271488522
1.1706487764792994 40.13342143431093
63.94628597401215 30.915744094584042
88.02104722039708 16.15777639049345
60.96375035397803 88.62471949681752
66.61120508767056 57.15691229903035
36.53869584696699 75.22859233829793
7.322422798772843 13.027801396028437
77.90089693126087 81.95172837930234
68.83943612344478 80.93067559744141
57.70431211286795 62.27901511436944
12.202362267858646 23.47626239081333
11.771977937283062 61.107294184478064
27.169457653433817 84.56608964045557
98.36817409251492 75.28276901262691
55.97086779654021 34.53291074558717
78.52125341106151 10.240055104878799
97.5401410641839 45.26902086438438
90.92276301698416 35.03696497795965
10.984819423298632 77.98795534747799
40.21683176784045 0.3617237384116123
11.287237966729457 59.24302615436967
71.99424789805302 83.10783520369895
92.4871427797121 31.980398888195616
34.8102549005205 24.77106870539092
21.397596382733376 15.831043686135814
88.33255405864541 84.93665241752322
23.62257863656312 7.31062550892061
89.5630420037574 98.40446095992131
15.538131246835562 91.71948203088816
19.8581391755964 39.73962811413454
80.78160533786185 29.258671615136002
70.05617156895873 45.41134138118683
24.031211273091692 29.180018039565425
42.59098195526836 96.04488470118928
51.25823143854473 63.33032433366568
84.39915755666128 86.09449482472048
84.31994843009316 55.51016625189544
77.82271482162098 42.49194916506545
73.3959094836204 74.2021467109935
27.017674596179496 82.01278599459786
78.17684103054626 32.57838945292795
69.75516874417251 40.894300298488126
25.101195029066048 70.72638781617991
50.2852768629751 49.131733765595186
61.345808507909915 27.35017689146144
80.32179726038373 28.43982708753623
41.23208068258648 38.36955545283123
82.69925390524378 17.118339066451348
77.3733012046381 88.20334428733985
33.045829238747395 10.098629049734352
90.91537152286344 58.14550392151443
58.233606212102494 88.07147759897913
68.10795179944738 48.74158950719492
29.260373988774013 8.181167431537695
77.06424265723018 48.96992618010189
44.91196981268706 26.167316916929884
28.922471631372137 6.31819013017576
36.84699874897348 51.620171116224476
2.160478550763867 55.831880606493556
56.753737428332116 13.909268844732825
75.27614232516461 57.754151885849026
24.104866341562104 9.218975618645931
82.31863939796466 82.42685043627299
91.28378184732739 26.242314532904732
82.01549478619276 76.53079923358122
94.4616183334627 43.432305407190185
95.2500346447377 52.45310771961855
51.80707112101914 72.44242484171156
97.91658473192729 77.13030833517698
61.00408548402181 91.17361053435896
45.939522988276885 43.12455151539516
89.4368369778538 96.27004307918124
27.324876673325992 32.9191493273687
87.13600225516625 47.69053990987233
43.653655515629765 24.65625184709277
97.5397469463211 34.04035747458485
43.48650302399084 30.49867071127199
97.25472678854932 25.04049410713367
83.07576121974441 35.13865607631701
52.57502227745825 94.68813979836317
52.31014827446201 63.0092570076997
96.50461124580782 43.766185497510854
56.416334744178684 11.281059324577857
46.21519063512769 20.730387916805793
19.983124303346635 78.66907308744243
14.26791572171593 59.774283216423065
93.61527865475203 19.866227472757746
0.9282777897125172 90.23798391951836
52.281002888011166 59.418201918003845
20.68262565955066 91.10632766213523
72.95771224181027 76.71502586705815
51.44880117754327 94.03596483799019
24.431706431137435 84.81710226754613
25.411812685863676 71.29673599900792
68.59351480442042 74.47668217175503
93.10165535737917 17.23000888076667
47.37665966658155 68.21296134482866
71.53591036839282 59.99451982305379
50.3031232860264 4.722581367184708
85.90537428761051 90.30291690930696
64.93371657249855 37.54032911546206
46.85189457009391 33.10568025070999
41.83347832001723 68.0510202148517
45.29089908520294 24.564917527008667
32.2322021188455 56.45652439741995
9.993771907015137 97.10983613445885
76.86629131505525 29.82970291532503
46.91530697518209 12.742723575736846
58.77556704333817 54.62567166636014
92.4226706065297 51.34027586393801
52.480467441664366 30.81373067111386
51.911631908561496 97.6832223457416
35.46284885227995 41.26482037199948
54.27227715960656 81.48771394338958
28.679634173969994 5.335853106978905
12.374948617933267 50.716092403542575
30.472243464805636 30.740859943359244
96.67203208808903 98.06790607464207
64.67494351760155 47.87083809927004
21.03194083740525 22.27056745055225
64.31469045347107 14.843079617755128
82.83975450646793 16.289904306667346
30.78407755886696 25.620307817536304
92.16490897153076 25.893525076896594
76.22482479869093 62.462675680214616
94.58259039776694 5.479225924741882
29.24901878402657 29.943400522060102
80.31449851602632 92.65445556393172
84.76316559940038 64.52330678519382
37.26672858654388 36.537471444363234
7.562765445720943 12.572953344609484
89.11152070084323 50.18815304985371
59.28362082747953 43.31309032449444
17.152907876383196 25.902798271940174
69.41322324423302 10.863980589292389
61.27949854973096 45.59892470218217
90.06817670593034 6.275813051564683
1.0663015518119323 48.79911390941856
29.696809966620428 3.789734130699718
11.638471745553748 72.36434094638878
35.743800440846755 74.90118725128734
4.0022919187583605 6.5746006262614065
47.693329281288484 34.192480097305754
53.35184088180036 42.51024858498085
96.85501885895876 62.415694530080444
86.53085898549999 16.027366882979965
81.15547177975687 2.7154684889770575
37.63001775613646 93.28622633286854
99.07593974911298 73.6847116710926
6.611489417784622 27.712517806743865
74.98972753775128 2.6162649516475733
53.43602857030474 32.560324024124455
3.483517805543279 18.631887144674053
75.53330479031712 98.40929378913583
33.91220782245872 55.07413348667119
24.136685365798407 68.1550448186657
80.72815566685563 38.903946706890544
69.17060709581419 31.741210332245927
67.53047654960791 34.20138374860338
60.80214879555801 87.4058017781647
51.80572295917363 10.987822714908567
41.78143786345987 55.117771450908684
88.93801962563221 43.214332746205095
41.859188238114186 18.00557580751494
96.27882797960565 33.891910343629974
83.58264256811498 98.58739253223885
35.55106244452983 79.0293210030105
73.00873031700131 87.44592558135196
65.95211237180311 6.611896178753884
93.14898391389595 92.3669101262256
45.95806578455428 26.99531922286431
81.33052852252918 11.523231990537486
40.23116070576551 9.495256699962473
47.08967172308043 92.61322424529901
89.52154514269051 6.013271003276266
22.18042846643211 46.66537833845044
3.7071466612658144 99.57292272560807
30.49637320789187 78.26497259952308
86.93705649428098 86.94342545687708
51.44134681625505 7.751524163103252
79.01451988106103 74.206800158595
84.06663274446136 31.274110252044473
26.324049541766193 98.89127178849523
87.62818507931709 73.7964132238968
90.2268614409855 41.229854009878466
91.98972443710561 8.166954390683179
43.15191141024979 62.289098788537544
91.37716370709367 0.5174318750979845
46.38578502481017 18.708943496512575
74.53484388449299 99.54025789388994
2.9032012697222553 28.473491491549964
48.02146334558639 70.81762185930687
26.274659262603194 78.30383901041486
46.726742450949544 15.845426491462145
48.783182279872946 23.25851249943738
50.12029955641872 71.97277418729804
73.82146463072661 91.20655037037444
75.15517678828712 56.74515979815742
4.939331707748407 69.65581456518211
20.350735108282848 73.28987407917012
68.69419070065217 9.909082723650343
40.86975924956497 63.06006890270544
99.87258808787469 1.3870340547874394
74.70656175463711 17.274818559232365
53.75877617202549 87.96210095598533
47.578613578766074 62.19513156301832
58.665646417114445 5.5756116737508465
61.49366595904269 1.9139391087509283
89.43198481947667 12.469828331629973
69.57296017586545 22.480381640458713
77.83774157302695 53.29501130907155
79.26334618059792 47.233551895616
27.046288938565223 54.99238855103088
96.35575376170269 83.26913904911166
37.47884269947181 20.307367869845084
95.00893175208283 47.80321784540562
46.18321582071865 40.30480490796955
47.71038426883059 58.96002810991543
39.21330541485584 64.39542874024762
38.80522807868134 76.86347576628158
17.22693424309931 94.0324080988902
32.98964108979272 66.93693911295267
7.030263206799026 31.05802998040663
30.497485644393763 2.3824928633874087
79.25514768677758 41.19360629229223
75.00857446519275 10.06128875087391
42.19476769265804 33.99307164274572
23.8995138346745 28.879512688481547
35.36774970025627 52.078716461644106
99.68194687039144 63.43553354642506
29.098098116447325 70.04172688601535
57.25121663591499 81.00498206882787
74.83850114044026 92.79193157825925
10.92132078479995 23.640465163639668
76.94953528562607 92.59867183786908
98.74994794492797 25.920443712680942
28.11799799538852 4.613759332514911
7.14623718109324 26.27851169006381
14.088719708747877 85.80569317286285
62.38000235975303 90.05386593384117
59.28405912826553 92.31753511713852
27.516821853730676 79.80122092986991
61.64799724980221 18.971361124288745
11.486755396567027 6.750322788110408
9.384133228183744 57.20646595931307
2.699381398072509 16.986213972200016
40.16692286094388 20.921332047550088
1.1414068304066882 53.891359037893864
42.3563309215502 17.73568156580847
49.13002871036187 40.61107227690726
78.55920814180706 11.93460348480051
8.976985993764686 98.76814744221105
98.27629699845204 83.97136063606689
20.613002563595927 73.38788225528587
91.7653759994097 41.972992355461905
12.936086143164571 30.78679655594858
72.96515562891932 89.33442659645789
40.603651863579884 44.84389656043311
38.57754584387105 28.224593666516085
97.71362300561293 59.917243319364765
33.745251101188025 99.20969414231232
75.55821301816046 77.52669779155961
99.75998459531719 30.349716708236897
14.498897203746242 53.975620188696304
89.44271579873883 14.716850327989484
96.35136891474465 17.442688007422056
66.58764216928301 45.919463675167925
10.864533716667735 14.619276917875833
37.5834167492636 95.55240009344128
51.73778208662492 61.6728873028874
8.239183311398657 60.72235805566108
14.164831632939867 31.51047256249424
98.14186360141139 90.88368967508362
49.199016600242906 67.04887963482066
2.734662283377931 27.68764496124465
24.00240300115948 30.24149088940593
64.88524154175026 90.69717892621408
15.027415857648108 26.66198613738855
97.89412913908475 56.94594784830389
17.251753475921493 96.7372360191997
10.067147646323548 2.6599900349183025
82.10600790381548 40.086426718439185
29.928651176064356 99.16399846682178
4.9424437707519475 29.473593022042532
32.85708114305452 97.36613933111843
95.66212590769554 30.462238261211816
43.453716583842386 18.358983751559332
96.5357062470513 76.82231041979732
30.23947558445146 57.99112940640656
93.32363291150266 30.45670869338346
78.21484574048989 55.586113041946675
88.87114495582813 71.6864133078951
83.73887219249485 2.837857287331258
38.86656395062378 97.55445326915297
96.32363779767674 21.669967725830475
35.30006209769794 95.28618947902913
75.60231709543817 66.91384315242628
32.433080574199714 60.01484585230017
99.93802375920546 71.07795925473856
22.585028734152026 30.358713439591067
52.984261469697344 85.6169307722951
66.04814201387235 49.04098534202277
14.200129913362947 33.30425968758712
64.21857554457037 17.114289608545953
23.308407204466917 65.71537080090006
3.3999760570162296 49.695692079952146
20.58935074655239 0.6481685168345352
26.18004047372786 73.27996361351319
34.12202087065488 66.61633321332098
25.320092591495545 87.78953467594752
17.338004884360437 70.25438119476681
99.87463485205399 98.1191779511181
26.827167245501737 44.72419857728702
87.29784360244489 87.61097528774062
31.633431036840243 25.743326568796054
16.470842749762383 85.2471978942744
37.54001173731869 11.641708005416174
99.19278181964373 83.21551200772413
39.829698149112616 87.94682545647
17.827086071600597 49.700573835401826
71.31226935209224 6.99434683159712
58.55545311616699 35.95696929684282
44.51866308289101 8.588650200482073
17.671721697418953 1.7849297571466805
29.43367422806924 87.65165708328217
8.128736132159187 20.744960679703418
11.759841863452314 45.59584542144186
33.7965371306034 4.861317011349131
38.515674598556494 83.19326779658003
61.56338571774018 51.72126858178734
56.185169993855496 66.68837983210965
87.45651307802247 54.38064871024386
58.7419030231727 49.47318018595308
18.724946107650187 75.12106785900785
47.75160638142653 38.869081478412795
87.98260726357626 71.63158187402163
98.52116972535778 94.6513796150394
77.74748088937461 11.581466855496437
89.34572101827045 57.1248267574144
30.14522460406677 88.25328130132337
9.730579228674197 44.73938576278218
0.12101685236702853 33.90819553634934
25.974651996868413 78.97729417623016
18.800944056997594 3.486990442873039
34.25532772157391 36.88441674766241
56.863982297794436 11.63852352607675
76.11990718466124 29.29737023293313
49.72150056933955 11.602909388936954
59.71632420985773 83.27730093305506
18.098224718620614 21.889063742170013
71.62086162087613 72.43121097140634
11.995486840390178 7.743569695184771
63.76201741418341 20.610220877001908
30.969802339956832 26.580895422764804
42.30875369393814 54.41050299083554
59.459583343148225 10.670227585026982
34.85931395129205 55.52665854768202
5.908165062338533 8.776644403371602
16.63806036756208 93.19724053104235
65.6655585348565 35.243601867053485
37.051594334230245 79.18732869101753
20.691702887677742 93.18351600239232
16.069958308970712 70.96716274248529
88.68191666960399 36.64503096017151
50.3790311358506 64.02692158078706
82.92297925366239 94.3890171148488
99.1271794592685 12.031265101283605
99.59131426325993 16.276147969240707
1.1594082696298802 77.05488100536519
79.36942867316972 8.62509126617459
56.18806332455173 14.33322919384985
22.593694887362158 82.88827354486877
22.406933917215355 6.589238618048032
75.91124838912782 96.63000271289638
1.5066540271112538 7.016300652697405
17.424321655072504 27.63432928903398
49.58181469738201 92.46701676661687
67.39133105112667 19.427001401863066
9.345423322259382 74.01904125178731
78.00085299862924 26.964403023730178
78.27793845754766 13.910806331151292
76.44694292888057 92.7455725517913
75.62818416359507 29.249344146283175
33.65061772204643 18.014932189644007
23.69667707405796 12.944594824773992
91.26270928966971 99.13708627594183
60.245052206783555 97.95015449350038
48.41297718892776 31.41458544325506
74.4686634902084 26.865950824460395
89.99811886025148 55.663263450189795
20.80344650673689 22.130551354914907
26.02148499419108 99.9372388688324
92.8499400239915 12.753244190693746
22.9362946144418 32.67168042491531
51.66386759555361 26.499147003752842
92.00158736650322 91.01470314520499
85.60069457164441 83.49931775276079
72.76763849997955 29.826400277137388
86.07605045123312 10.416886489424005
55.80268926526253 68.63456258784773
88.70631828736775 34.24762572927305
4.768385462626812 31.800298487122003
21.119321725449282 58.42224761557389
75.66958443290619 22.058655536604775
2.3957563098670587 9.255909100622617
96.0212258443286 56.10636444937496
84.69231820977203 39.19874265312367
83.44222182005359 11.013498464437955
61.494725242237756 43.51342197531623
31.66695778991555 5.9951656514713125
36.38272464099481 10.100004487616697
37.41993383389954 53.44885388667573
59.209804798028465 48.51133336510822
2.1662368151239786 6.614647606123691
39.60327507220931 8.253694005248736
87.09456658141008 37.50098408974773
63.40793974056815 89.4548540323629
76.351624440298 93.6178044754115
43.65459598702641 65.43477336957343
21.13136744432054 70.94382713488332
95.61280464556962 11.191106671942919
43.7572595156039 13.232647420308519
66.27052090292133 88.35706997604814
7.278202838109182 38.28982265505996
82.30406673785559 53.77303101773067
28.067809198069327 66.46242288209854
91.9461694623071 56.9755748565794
61.28371856510939 67.50729022605755
89.16915209673792 33.46400083123846
3.1432650346651325 64.86241630891259
88.14132181906619 15.213177883035733
96.26317443015051 81.68462275729662
40.186922447464845 56.511112058017396
43.62026094628047 41.933454664764454
35.16040126933575 93.77651236739308
36.913431182527944 83.83562044356042
41.21857164312346 52.46640155779634
98.54290479189325 33.785848401530785
47.00029507653887 98.32091485263241
47.59399845117014 77.91126247753999
76.38426043972852 79.97807137753374
5.454570722652563 44.628768765906734
10.503880122338893 88.47238530250895
53.62154031830934 78.68181515064995
70.6558557820831 8.882755242709827
61.18799101584243 24.20852089204417
40.96799843337304 49.76307632127306
96.61008745987489 41.216499210248195
31.415420130796058 64.44778593542628
59.71528154035817 22.072323445238485
63.4448396464463 34.98936021545318
15.518570882275885 53.511013484293834
42.25532278219144 87.48274487868247
90.99662162174648 75.62033606051817
21.33661543612886 94.064459496066
0.1694185296938988 68.39393366268716
94.87351561660688 64.79388961865939
77.9027787414773 93.98111460617366
85.16481119314685 33.81847505421742
78.13785029699017 18.919442158528877
90.01929369900878 18.795122786190333
90.19361296325843 47.480721590069955
23.687306009120213 66.57348438557594
41.61643376154407 1.7826079892741875
13.310912474846216 78.41806048368196
38.92852579441835 50.543225183543484
71.05312246407468 45.02753298475155
96.10034533422522 27.432801039514775
19.239386959660322 82.98716320963284
38.85622591902545 23.7592799770564
80.85252699058599 88.88437643379214
71.76790709142007 92.15873380277966
45.644024239142844 79.0888427770108
87.05199634473884 31.662520211427815
77.31294295825855 72.15332525588984
77.24518969559217 97.26984971669283
6.751818572559065 42.59504154266565
42.00046341660553 32.51848718936643
68.68899406198936 35.70264857220482
77.39794655262064 22.269475344555232
47.77499576280009 82.94945264888045
3.496057512086548 53.3197873973027
53.86585918191207 52.58806161810201
60.2891524634529 88.17611643910057
81.99186911991474 65.81395145982198
62.397837869292474 87.87788090463695
64.47640694027628 8.729523011418783
67.01045175935327 20.72079024667479
37.546436117037985 45.04418241695098
1.257600592649366 57.76921030904305
73.9482283374509 79.24466331993104
53.41891758197157 16.792543160525785
1.2043421479873695 1.261189831392806
61.08119949879365 23.952118569017667
41.31304142297076 45.690677518169664
96.75064243013611 90.49559272693098
40.367544375931395 12.26887665178542
69.041368139539 31.316068370169848
27.081917370010867 53.09734228346408
23.895250588306705 30.380713497096412
10.336316709596073 87.19151095941939
52.4887083736141 81.46835760685218
95.68254201268935 15.415442880065445
16.422610081217503 78.07846057593399
23.810438158674806 53.73393776700115
92.97006611833099 33.370723279409155
57.278354624052106 76.70962098398304
18.18126438221832 4.822361641641426
39.54384926782575 31.40048974922356
25.667165549644942 71.91145184336385
33.647420823152416 80.17482422889739
74.65087448866021 84.78733537741286
59.21780172187721 30.929912211866583
62.04333764273866 31.273295160044334
87.0458316476318 56.06925990952607
27.8644248325983 77.32967048090791
