110
1 3
95.10127474500484 61.05700448561411
98.04518488014102 80.36041141455745
44.26569127960429 2.2256992020912802
47.95223961004442 61.74505294199364
65.07363008425745 75.37896713725567
91.99398336360318 88.49687880133177
73.12299523117693 88.6094745464046
11.203682922155767 99.1418245891968
19.67335409701041 53.412826169798144
94.57019387138597 95.00540563115176
34.36364958666127 25.814659574245624
46.150613348401826 1.7287927480178045
90.3012746142025 69.54888481831121
93.12535876482669 70.49634078168157
28.87624602292562 42.0180590863124
90.26620501929364 53.300913919508844
22.460959531328605 31.676061071589288
56.86569721731794 19.790412056766193
26.861676226427456 23.9015454495727
25.77371020021191 85.17998173870158
16.601315393611536 10.396178657097078
30.16417064796315 76.10077728090585
55.22826250306867 22.536802485619756
53.19736628797145 7.895854517890544
21.90752900866315 1.4570051101584491
7.829593876894325 63.822269701442224
53.944089243111115 56.04719348145295
48.88899496228607 8.643309492155659
30.255595886783414 6.8410433401444815
29.5786521358393 75.14823397245685
9.45320668780598 81.45112991270173
51.08893764111859 58.932327471336436
7.247682944548295 13.384257165888158
28.118689494109006 98.58189843021343
50.192779896393326 43.037030872147916
41.38308874289427 72.17232783060138
46.57429136275874 63.151813536396006
0.5466456340100567 30.68311122611762
63.756708856251464 65.19053347550445
82.90286925382935 69.58850169193542
75.12807356047881 67.18491739026106
58.33227747996341 20.706669287940294
77.90363186259188 58.409402290132164
80.30969857305392 49.16681836036511
19.68956126676693 83.0940907740372
21.820370454694714 43.56222490302149
62.79908563661492 18.088302814589397
44.59412215570404 95.33147384625454
53.142889057976106 86.84503039746355
90.35720763350976 31.159605104770314
87.4378019926414 32.58940955918352
79.36624666947863 41.435137366029686
32.9316360220955 15.58699888657069
74.38671185254135 82.343693951644
93.00359022283287 54.416965555940244
41.849394969305955 70.96581787571678
17.62067664901974 4.9488042172201485
94.63642817063219 36.345878115990594
56.3916858924038 85.6007074408285
96.64200444748872 41.307963194633324
75.9768752479673 96.73625980321592
49.39134215095542 94.53696312825687
75.60109151137104 60.6849860704896
47.65583202704222 47.71222182838959
29.20908862013354 71.36343328652706
93.78266087659286 57.2724018194745
41.777878369843634 72.35366103717762
81.87016665574815 97.34848733181167
60.39898323194994 89.1921525314135
37.94314415397957 46.77635336344235
86.94257074564351 48.167330704301904
11.860641385842863 75.00201607397699
30.155676500051353 86.55084218132254
16.679855996890613 38.82337744064306
76.65293709945806 4.452378695264114
81.20264595665058 75.4913832250729
88.14325076407712 62.610210047105696
22.79390580494942 56.690228499842156
90.97674202936084 54.18906265201622
27.665901056088018 30.82454013519729
92.56170607020336 97.55033225471888
41.77417791232252 56.62552840213551
29.68285941410853 67.97049950436134
65.6655296724065 10.396975392938135
94.16955314496572 80.34992169561906
83.28949112127223 43.4605606665271
15.704533014976608 22.783183265517827
79.96743529109338 67.23450574346923
55.40253163991979 66.35725966809511
54.474473614857 77.0833533706607
64.76577534489849 99.9757008682331
28.053694754612547 37.91021577676392
10.945091939351027 22.856177324081784
56.03911755817413 3.9857937130821197
43.37873647352013 53.78193011750745
98.03680362030063 64.72183292329785
72.56361180482374 85.1624272091731
42.69275048116761 22.491526520518022
39.43707460809034 97.27930765471685
67.7987131816563 13.146592772830568
15.035208265025934 76.21903532741452
21.016582387055326 73.9554069949196
79.1513899503114 77.71210958460213
81.433963830711 64.70967317405791
90.70150425723449 28.052024780085016
49.27664872810871 8.465684436323052
13.072077130536552 59.250941200922135
61.3530253529446 69.97728893301172
0.01054261728159478 5.944696685602202
36.07660998901532 85.66205352703791
