180
1 3
38.15695702846613 4.362111103412136
23.018216222008302 54.41316264125948
16.384377158647755 38.07799559519871
64.79095223194444 90.88220594401206
21.917798977605287 23.052778004972584
7.56865412272929 62.85136015507475
97.8834065034026 72.52982816989042
75.2951162482906 70.8928494751251
76.69636412031105 35.390776489478505
17.09397643747932 1.1514179508797406
54.81955587720619 84.71496855702709
95.09369057531609 21.204874121065444
49.87340563983107 88.89185149437007
73.86271564147997 55.16074874498549
82.82444018709766 94.87705878341022
55.794024555108734 2.1989083583764613
51.98775381577605 39.07286021126135
32.73482801839593 6.834078603427174
36.562175388963915 28.475918773278153
93.00882143256975 13.50569293090591
66.9527885073554 29.07321762188033
33.800166820506305 70.50587396832032
83.37625976869325 67.59147816455065
65.23108394817572 5.4251597201737445
39.280109498838065 52.18212280339649
76.44541671785629 32.92580663261082
13.571887666672966 89.9534502093903
52.534890714305504 89.37009682137717
95.51043640591234 82.26146423120124
2.120495831871927 83.70624643037976
94.5167918823266 55.90187139859238
3.5048862320958385 31.065172783337825
35.568258687925855 14.32719530574904
8.545417574111092 93.21369316340677
94.7849659401825 12.837773238626005
56.33363459480296 74.16911004002938
22.67150479006339 68.80956211560174
6.726006418469055 18.842050290096758
6.479422753445618 51.02700098050927
2.321506897855996 3.845471918857335
7.805351530778104 70.88747272950235
52.285848689223016 25.566362038790192
67.52668789674291 11.184781847498893
27.475794829059062 0.6907730917125932
72.4239381994192 75.01694320444707
57.46779403375235 12.053886550891214
48.508980994148686 16.857945646857807
91.87106041274919 51.594220387872845
20.19913929651258 63.64857159558437
92.2778927087619 85.14057469232226
73.77271346197219 21.784958158156552
9.799017888499817 7.675243801621812
60.684097575468286 79.22074283888263
48.638012589590886 54.70868398776141
58.562170320360416 60.12597188350597
13.491666384905132 18.270029571553614
77.34952415810777 86.37952256616718
98.58532300809179 58.846230348233284
63.02737293649818 75.77000786984962
96.9383394166742 33.41568997935336
33.05338131748292 63.43060341534361
82.11199192976157 74.01168042559974
4.422941767290789 48.09709907845799
83.83473697156649 57.45211145938853
68.50128220994107 6.17286652803406
34.20332063909832 57.57590274781532
72.77542846561214 8.991054974590472
10.464127067150987 65.3346401335256
97.90579047342263 63.1956671358826
35.41636280266802 86.14387149247638
14.380329400897818 31.53385176447452
11.92212624807949 73.81909202258659
31.399762332438197 92.22230714699313
9.974491639925652 22.34392862889529
65.94056613149037 49.05668404949062
91.19474606085663 41.67558639714662
68.9205767086776 13.59487689832244
9.75916038294904 82.92739465843273
79.07348459214955 37.3647124577275
88.91479563804702 57.98239131910088
69.71544803975948 6.6667827185658
64.74876917640754 81.58580446284563
6.833191041653408 67.87477904015834
71.31751455675335 86.58569556209585
21.49169290218522 1.0981330266217837
59.17802256050515 46.38289766779855
65.82763072741594 28.909460394800046
12.29566931687942 18.055792352290112
52.983305642635074 46.460088402847546
6.659783321823198 53.44357135785156
66.59638935839394 86.3923893563936
9.14474045130451 44.22639331882097
26.880828133313408 84.1917657625902
42.09668717004384 35.95474988835505
48.05934509370435 11.97825719393013
94.09039691726062 68.18903671063
84.72907328007533 9.065729409996791
70.46525723370385 82.14615962752481
83.04645074690544 19.374249895049655
50.84253159804872 87.65825328095795
14.478334061252095 7.1105501035911844
8.09528098290906 79.21669438495407
40.69038327070651 9.997277644569946
39.518573999670735 46.881217907565606
35.22254480281266 24.089959699532628
65.55992046407206 54.09552747294075
36.05952437876026 57.131945225513505
28.562562880432797 15.218072110038715
33.539765601769965 10.459465349405717
4.745989781639315 72.67590602569074
3.671200791807272 72.78390509091123
31.056630089929072 6.220211862585545
41.277845764003175 87.13518530115101
96.96483934108132 22.99156134378133
14.908401801367477 55.4616538118323
95.44204794617595 81.6857950328052
88.84073369852857 35.38385566312186
18.336548500102047 53.60060812498666
48.234981503347726 42.085843335609916
3.1057671796624886 13.06269798704105
78.60959255847217 6.688134510514576
91.55012243640167 85.96958386125857
7.831715302873099 8.685961909385998
14.067221723156287 63.75113797275165
45.986890071183886 83.10110062802158
41.09618771022738 29.835281965086892
65.48103064377682 60.56726755229573
13.243959556991648 16.78477852001037
80.41263213111361 40.48741556404667
31.220387106829573 87.37269034362431
86.52935114954666 46.725379266359866
90.8116772022225 32.31402063299092
78.80426820758768 69.22969776030203
86.37404200578591 29.048543378479575
58.21348959846861 56.47831631643703
83.99807333151278 49.233997452378645
86.82880328993619 72.65920144378386
99.36100936944914 81.45626570644258
26.99826204260627 84.11895142082004
85.42823381540869 47.21286616381066
32.1185243731009 2.044197712064988
44.23912441156974 11.20878562954326
6.729501054480624 34.46994735616411
12.909900095419102 52.71052359709601
3.5333266348988257 46.55127940700665
75.48161416552756 65.19045848256717
45.751876721804585 37.79951811782429
78.14243897340971 23.30214735700857
9.031710377620872 83.55934682320347
82.21869402554987 76.62916420943611
94.09383730468998 32.48976172641578
91.85539961569222 25.84717456795522
84.39235781599254 93.82719479271185
54.69779008599185 0.4255522856561278
56.84993174337218 35.785445296844756
18.785280284947437 75.51247113419761
49.61267328916195 6.041115321485879
76.39276475105778 86.20017486983727
52.939256904853885 69.26275090608154
84.54932311740025 86.28821020971036
3.383884716848873 80.41078601266962
77.39362303723283 47.24217112984191
62.29012997438612 37.443417946420254
58.554637727184186 35.84587499618706
70.86109440426792 78.2852747489081
74.2864940416178 14.358598579040693
59.248362005653334 53.48337597538233
66.23671611247799 66.52212635322769
12.922083677883233 29.455301730484184
80.09135708381778 98.006243830919
11.66285168605703 67.36216342874928
29.660898067377328 85.90079964640032
75.76611530146258 34.91060348683923
73.52596061698561 92.95476725744494
28.292480824246113 6.814479096378467
42.57372594672595 41.30011222977357
92.692772529452 22.768275489409785
82.92262575628149 77.31888364374721
76.13644952370038 2.89331870752374
86.69309827062872 35.44292442946213
