570
1 3
14.532969158074227 93.6790636846198
71.66937890089282 90.82791985817292
79.58479184289101 92.92114429692779
20.715043080996807 57.41186885249214
23.617432721966747 9.945904044542274
93.15927463238313 79.60063316948691
77.38070254719318 1.3253125571702995
8.914054554259888 89.61930508138872
23.100577866026416 24.018784301401652
42.68497277587524 3.685869486448534
71.26757482541073 64.49295148469068
17.71838173915514 41.41197844261939
23.354629776059976 96.2631984116018
49.3649832825944 7.907324375708447
14.939422980983386 58.63992692178903
21.61152174241099 94.75536558755302
87.06840555814085 92.71765411550821
4.933478978503736 90.26349966154837
57.59620524249394 49.66933438648393
37.183399430259854 7.437057776885636
95.5308329196137 2.387050356546494
69.5054869548537 57.54827405339151
10.713138177764536 59.23763893533918
81.49294604671016 62.94632219192113
44.14578472668733 62.11785661281945
70.31678794043574 36.16893312565084
46.563245523651744 48.22974638708113
48.393158050752504 56.18406454874783
53.07604538526935 24.053409248112033
7.575413629312422 57.51897731544029
89.21324543905855 25.425031337972825
35.07996543395249 48.04814940283633
31.52072536795858 7.217401134506529
52.40671010371953 38.04619271769667
47.57750517291868 84.75199323891059
93.63946163505466 34.06706732854579
66.05350795814844 63.468859753286225
1.6588381201056546 69.97048815754292
86.80396219753786 89.02691430428635
20.220275558129575 29.85913030578451
58.89897228154592 9.855429875608635
85.35940322156898 63.59530846598944
63.6697614952159 38.39162878050897
54.231812217250706 63.20839697622513
96.79194511173263 81.83296721851517
2.3492214620557395 44.548675649190315
16.164577590152795 37.59340525930279
68.34241848545118 62.567044222123954
90.91024222649426 55.81759616516963
64.09676007614198 52.83924813524856
9.350286167284683 15.066471916569824
90.05383224013134 62.14265224274287
15.536996676824133 17.62011374896273
1.0024570223456264 4.5325889046536005
44.71454261566761 83.68066903791409
74.2356409115359 42.78210863869112
42.14324661052464 96.56935192579019
40.99956446515938 66.61206622252145
99.15346138437968 44.89094764053176
95.33994978285192 0.9858706996504374
89.90199295514063 17.238192176201615
7.64345806405331 70.46940569953057
36.86241077247055 73.93668880880308
33.887787302592834 73.25726273371333
66.94755346650831 76.7356065732364
83.14219041868543 97.60918118004305
18.31177718586863 15.306714159948708
42.83303755721148 84.44864910111652
7.28473960270779 53.534881049760294
98.4884488300515 97.79137035601823
2.2644467275505953 3.9705437175733715
83.3909723526673 87.82610209283361
19.343908324102664 27.744465751440405
59.56062036646226 69.28085207956349
25.53505881359419 53.5002750140763
15.708546373764797 43.493515090267266
53.225728305446516 14.45434594914843
44.7771100263491 92.00538801100475
17.97639667399409 70.42229691669206
56.73217819946947 57.78380297054859
36.12559399196438 23.61969883046622
41.358594360705794 38.81216539522985
30.728142998515317 97.32585334566454
39.04051352223337 54.05005386118204
16.81800076458815 73.7594809714347
50.9190284178888 88.08701144049942
77.1518685003371 41.15361893421632
32.07263101335005 56.03034638276627
5.4633524047909 81.79049743726641
6.4069424940988995 98.11669354827642
92.23521893802216 64.18909506505084
24.967509117309383 81.97427684781256
1.132961001725974 31.973955839031444
69.87308111749371 91.37637527820632
38.25039830025852 98.57259578543962
43.4844805806627 25.18575306632482
59.15050683408452 95.68003727391896
95.208828013848 25.536398925773085
5.774743922721015 71.8826626080527
54.47876862261896 6.270851889261442
7.442034469131031 71.06220914635348
21.47017833172178 58.45750096661779
94.0828136564102 37.569622450844854
7.081495900919377 36.86032432336803
51.275152578206715 26.124216899855313
86.21741060154771 0.9231382236696506
24.97356657778127 25.714218258631803
50.064032406352865 31.054089134167363
25.082782274989768 96.69493934222469
45.89214089876836 64.68958839194381
49.42716965886886 22.681714632874893
58.14240809113767 46.23350630513221
47.84275349572968 18.914950903951897
63.2828635082054 14.862640182750454
1.9776493974143605 60.675509110975746
24.89137086008317 62.74855512151753
30.84877550025704 73.7867606654401
95.87407307752271 48.06830805215918
78.17770210340002 14.394139134975713
85.72242927467653 75.6211867616873
37.33834897513888 0.3222885717047985
45.9429909089653 52.712009810127405
47.88722064254696 4.771451042255892
81.45185469611609 84.4973852467118
30.64028419699354 66.83020064361891
95.79478941538085 2.4393354899111985
83.37610289172514 27.475099953217885
77.887007572842 63.598544113478184
55.84200196113189 91.33104419353334
66.44278681202486 2.5370999610164757
78.2857999279204 55.65258600412781
48.07947337953884 85.64839350471722
61.96435903024473 16.576057965546333
57.422766599361694 27.94024321087809
40.777862994752056 54.39206659570501
84.04011270942347 71.4242748091616
21.555845292650023 16.093837256497533
88.76826472962954 41.49012218654131
93.73564269946866 40.921944014488545
23.189269559337156 24.488319277343894
54.872941904774386 34.786641279108956
15.873678238757494 85.76526384882438
27.670827500113827 53.387783041732085
94.41182681872162 89.68725059937086
84.65994963940379 41.87845799312073
16.579816184004905 59.95027387627631
86.2105010538211 19.228890953388913
53.425841065010935 63.22132198214372
64.19342092183133 99.37587383880924
34.131243139173776 32.080393916394925
0.6614579091196893 41.041116575875726
1.3301277575396897 46.85836890232509
94.16256486331498 53.9197155246941
28.919641382287796 31.287367282797085
68.28573026134725 61.87724733282871
81.00385246163795 19.60623644136472
2.9070926706536104 37.93030558317834
79.02637405462853 16.075655695308377
75.08396587835627 19.973577217930583
49.9011569970983 51.16869534085178
11.354762976457033 16.441736512088134
53.595784185414196 1.9002272036123369
61.35172247306529 0.0253879107242172
88.07549695607703 62.0224989078999
97.39864538774144 98.57030219471075
50.33306890070624 63.36006312688458
74.0459225315677 33.97486019487608
38.22842987006152 51.597026347842736
38.26548658605277 60.711211845594846
60.022067724159896 73.83514852639956
90.1873831734352 8.914586113816082
50.945994912506954 55.28939827299202
72.36083247149448 72.15954906004964
84.05851927513166 55.613138593471035
65.8883948189278 20.982042162695368
34.57048896914851 87.94624016706094
77.93729726941368 96.61340997662025
16.506354843708017 53.99766521771312
25.043398112080627 97.87441460691007
9.750265763931388 79.57687203826099
59.97785149832418 6.419702260356219
36.23316139563202 27.994201312544178
77.07683088395203 78.86571521751429
38.10016134459657 56.956024854921154
66.70707334921038 90.75948297697374
83.57044670056597 31.995386495786903
73.35714087565755 64.21206674876139
8.94053635864438 17.27997437614073
51.76320743451248 20.98318100417007
37.80527033544805 83.1938855237742
13.61166111574037 72.03642267530266
44.53791872556116 79.56300233484706
76.22281219156224 73.83104559740863
92.94088922634039 22.26668767635185
12.32903771993974 52.76570557168962
82.45992199316075 37.749792620832004
37.02267796885237 95.05170014107162
10.125590530155936 35.073301865736184
79.01486042416361 60.13836508502723
79.33331368867577 78.46593311308439
14.631880208366542 12.481558254731251
52.98772929792533 75.74881147428398
35.66707175727337 93.44558055969354
48.298901404966664 89.22005607500037
81.56275678356626 80.29141092595944
24.76819497070448 35.99944982770631
83.45391285203037 37.218583300446696
79.03585426345647 54.3952212474611
64.05234536644713 4.8458949902001835
29.671631052405843 34.51788153680582
91.97011824887238 11.638680188965122
43.33114597547334 66.7651373939164
80.7249673794753 0.9159224547373501
84.78716107318083 57.96846678147123
51.375237187587494 2.6863947003520128
89.61157959045805 74.12335006679704
16.255309743459524 51.626814778610395
97.14634036578464 14.440605312405385
55.96332264048816 70.81641608027032
36.58752688210099 56.346107463499415
47.61828070250087 32.87279012977653
74.68285052402604 78.93295561287201
72.57107132682943 37.67772663764393
9.546472797888427 73.01038615303158
65.07716948191732 53.61972523306369
79.3533667501151 84.70291950853036
59.624469739433735 68.33907631583571
49.07211453270048 70.98500135688049
21.848097789376464 28.676070080844408
63.69305598016217 42.70373334554498
67.8752039087988 82.4489945599437
20.056750902969878 86.19415124806704
49.549778491594274 60.517788314645074
37.92626125109131 31.940451597852327
64.22703938808768 66.96822785591922
32.476438232615365 7.165957973146897
87.17533562273292 36.50150603825581
85.56298482898971 76.78002377736118
39.298511762369756 11.392239630020518
84.94079368199033 65.8959467975955
62.48034836872169 34.171382656529104
87.35835287680666 67.22119263188797
36.14106431289279 32.4298764000097
91.89406715890473 18.161084263404636
49.924625526035356 26.15843180583246
13.212645095061015 46.42468424479278
65.07703387745924 48.78809708345968
43.519347914450954 27.06760687774694
43.99187277859304 79.93677697750714
71.91111502257557 97.39949238189634
36.490012653816265 38.76884778943934
28.923836046424434 71.56436157627759
33.59877622491603 93.8268188387971
68.0390166639089 31.408222150512778
63.02218997085933 33.192042179894756
87.46631059030933 57.63507200277074
97.71344816732083 75.9839448606799
91.46006440456667 37.78645816774644
86.93376673638159 33.29050886815366
41.39179565735254 87.96306706107899
59.546232050564704 10.767182861100766
36.79511368914334 11.648442065034214
14.38706712674518 17.599560050172293
99.25229147782444 40.36866601860265
79.3992833827108 38.91521070018751
40.39109072923901 0.3348028589016394
61.61000171737601 37.103713547173726
7.1754376086272 47.17494845201924
40.38224807391424 77.45619597752211
20.21282314747801 99.08281019421135
60.929737470515086 80.8803381370463
35.029677837749574 26.033697639456932
91.60738395638273 59.41484400259445
68.97820939665067 11.614830601198566
10.436991345232883 94.11534537184193
33.36242309233774 24.326967193414962
29.864904736975582 2.4250214127306435
87.59656208498406 94.34061397334985
36.07108331552451 4.365747034237799
0.4402186395978003 54.300323981214426
60.2928184872775 58.887195512049864
56.09689081273304 58.75391993014658
85.78966204387493 96.15312784453118
50.51375342998921 32.295624114654544
18.312943967738082 18.57495109731655
82.08050007095729 88.38292288596756
50.56666448771683 27.16753786952324
16.032141958151303 47.613236264987194
71.4338143543689 57.6222564775531
40.59733022343097 76.39676232623707
23.618992058576072 19.58166498169165
85.08535994741786 92.41574875472445
70.44300095789609 57.06184262939962
90.382660906938 9.159825981309645
50.368666467400615 85.96414601924974
58.721228231796 82.4030879789329
88.0217551115256 98.76228289790949
64.34816000532733 5.404807853407845
73.83914016922168 49.14115438626501
86.57767440558158 13.26982278253892
18.230519760982133 74.33743032396495
18.99703409494493 57.59269549127772
81.63492635362759 17.720467119342164
85.55991258880313 10.236579720536
80.46239580200304 79.8212448704518
73.44707739562581 35.934835161448134
54.68116886742385 66.53033291267701
60.70864979216643 60.553966748213426
48.313269425220184 68.37251721691338
14.747723969895276 68.67316898006166
67.01097473825037 83.51479513640494
46.549480684765186 22.024449948931935
3.2946407492810748 89.97126162551952
75.7686769230994 30.61284178552328
81.81569070448897 76.6983003603267
50.40786146784369 89.30953582449148
11.08692240889495 31.58270316562144
43.859778207445956 92.02952822892874
80.6459744915927 79.5857415701331
37.65910616807355 6.909314534303834
13.684003220871222 51.71667455234139
31.214402243615957 13.295069970468543
69.29137162332195 90.38433084752234
32.82443174021141 2.178657727494615
90.75704634460186 37.099287235797185
91.04818821072217 22.36886227385586
64.13216788208716 7.1977610409669435
69.33597625301964 46.00037978780001
51.242167079845125 49.59994213667576
23.771968793320998 96.91871842300091
60.11987979554536 12.772709880283806
23.560543371158936 94.8092741547547
59.347504371867956 18.292223424859564
8.51064810539408 46.8854095613346
79.93433909109 9.059000261665528
9.82539228033561 24.51769641725776
43.91160562297238 83.94140185749737
96.79025624318412 25.409730071159807
1.1496695690621728 48.90272480541042
1.8123228654524093 37.57028887179097
45.96811867490727 11.008881081874456
47.2676233293124 15.527665647391963
81.59348327781953 94.63760844925338
97.96328025007944 53.30222355403331
19.413220630646766 39.58553394795139
86.36900422475875 47.61240123530974
21.403684034713 44.788158432883904
90.39439611937865 6.4258677571968015
40.01799461258342 3.315903602207415
16.836650342565118 31.174321465711042
93.25751797569043 39.99190460217707
84.85902740472962 64.62393257019193
94.76161952799565 16.82525529772203
82.434601450984 53.50107579884447
80.20169340510431 97.25641225772306
19.098388076352734 63.18518329231353
38.379314367961825 56.46743259493026
83.99078727042514 53.73375242104987
13.63584226561505 69.18770371985738
29.074612351930252 4.688259106130954
90.15175347285434 89.52996693238914
89.30826564543273 42.36982484337335
43.336101235369284 22.084675218921703
91.18144980793403 70.36879872193131
90.02898631112328 15.828702506288739
32.359483517911954 79.86041971900231
8.370006859027313 13.01381141098721
20.553191420503047 97.03783743654401
73.84948200890871 88.90981625661144
7.646332425005986 37.30802893117189
56.8006723150017 41.20689959970525
7.597824469080128 67.20135968976497
50.53746269566952 47.53160353374817
20.114921364211224 37.541838065017565
79.05283662353695 10.214483417180364
12.097273183139535 53.43758835828933
19.983019522564316 82.8460582490997
30.85166938976307 31.23255275950583
77.4200497000006 47.02622323194565
32.46243375366278 37.15806516947913
5.870792682470771 17.10529368827862
66.92485965613062 81.83642645336239
86.39779610471041 53.48635230997323
75.46216197091138 37.491442185508525
29.852829076224797 96.99543552358394
28.707683379830208 41.62175532936197
14.610071784505285 15.86180740897818
36.06684731832457 47.167784075555815
13.120498640884826 51.01219603456266
54.802649018396934 98.86784372902446
45.33651098749001 17.442243704058846
1.2719692493231571 68.88901108734228
95.41904094291145 83.78173820814514
54.787862450899574 18.996224738455258
59.57079517110515 48.42534375566305
89.45588882272799 8.284029609260735
24.650150808075356 50.984875550282126
97.17977053089813 1.6000749338966447
24.542603741830305 30.93505845791271
14.57152987298449 74.05045239217598
72.00554215602428 10.319543817586885
74.3523075709366 55.21076560530982
59.662484866768175 10.571675903897937
79.49589899910931 34.815618745881594
91.95224922868974 1.795392224656589
8.290481854941522 78.82218591154037
91.56424291719902 69.88873703673002
18.428705764782084 18.028967029022525
22.23006135230534 87.34064027970251
95.99657161683413 90.39843616730936
9.20674450066259 59.22861833390125
54.882341220142436 45.71401227576275
58.84064499234955 23.378958709185405
12.19767300497998 36.7812359399416
0.41633140185202144 92.05394561718674
98.92004577681324 88.10268515415076
3.439062196036069 39.07019975543919
0.3477187783119451 34.88831985195839
11.589245507750068 61.121337788871564
28.700900497672556 25.765286453855186
10.105325160166245 84.34399481808126
96.77324857265737 71.8875248393636
11.86992504347726 66.05320864691542
43.892072858293815 36.337825523222065
69.2019533082082 65.13177586600638
13.753637971555289 48.2586757783428
65.98839742018122 37.64005238642747
75.46350565075879 93.86985483477746
24.099360699504622 2.5349949290164764
15.004161506168456 27.904040238132954
34.034656368508486 42.7502744770172
76.07509510788265 90.15128051978448
19.135160817425835 9.948066893360853
91.7949893077469 33.754153937781695
26.839156007087972 12.930938356388832
93.1961259763466 59.75544608840608
68.26815169748615 23.9854543003855
32.134027239193315 62.32011970388702
46.05445808880106 18.9534241825849
52.39870457944591 60.72505033997204
4.785866844944664 12.323466326785336
68.49639503956055 91.92511817042941
76.41619596710183 52.96155899809369
37.68427539201309 10.451117038819579
88.67342003279144 85.26557074928742
19.698678770984657 76.91073322758032
83.70008728136737 34.99111774961563
64.07830799284334 75.52786043891871
15.805518681748175 30.783700919382095
1.5733474120833923 6.840874493863813
51.35109585281339 11.00604877190885
49.906079597300625 11.856276711008839
39.087298805825 16.40239930615852
88.29035569143493 29.44175101745199
97.72634318822287 27.988760582675166
83.00600530168035 53.00809916393352
86.95505094561548 41.04541349083273
10.96278913036679 8.44487458787604
1.9276888201327447 47.49676205210698
25.57143577915566 98.28594430550272
21.92733187630427 55.58783256539053
97.55350368860911 83.70092081012996
4.438403552269432 26.122992577175587
5.222044269356263 73.56986047480201
69.90521848092605 82.16559327309182
26.321130107037007 49.487502300344154
37.55709287820477 32.89992768058034
31.27208875287648 50.40318738026461
55.263354800105645 16.375014814194834
5.220615704410414 5.960763756837517
47.2559610512757 20.1618406196054
99.18324959540892 72.2480467715906
96.86518428260624 95.48035189367896
27.989817918868365 46.731508496788976
18.424117276535124 76.65714926919338
14.6728572423938 18.976998100689002
92.21002015948683 26.000588790503198
29.146748850741755 80.4453816888767
50.95328474902192 34.59466654444423
25.903218767471014 94.30464082778276
18.184420138493994 91.89216630648231
7.450858892416368 67.91670439896419
12.497460618559497 83.04376925733112
68.02150192119878 17.665628943438662
26.410611031464004 42.66025523327177
3.270426358796108 38.034032941702264
81.72982859122125 59.00030630738191
38.85054108216046 46.72412288244483
94.73643273741953 35.66752732254383
81.61905582809364 87.31402887508023
27.326615864303005 39.19352719968745
64.97760063961007 90.2166170837734
30.58083603584936 50.84129919391393
8.681258654703395 71.46739711494776
9.844648863102744 85.07915603576397
54.947223710000934 41.44861510882167
41.99427239102462 8.073001884450637
84.19938830782216 4.924647430361673
86.69911799498861 1.5384844737563963
78.50734844902792 17.51192959767667
35.73746355065921 62.24653932692461
89.57201739921801 44.55843594705766
93.8323098664602 66.31936135188002
39.58415535640647 21.35486140423737
50.14796054567956 0.16798001307560817
73.43913342289892 70.55453331447976
21.22461507948934 51.912178225106366
84.81005519338775 95.08924256521803
19.703373466918215 13.445606761589435
24.78548495427686 29.479249971129384
32.51477784561314 48.094579671826665
27.64206418842161 45.013842281760574
85.46379697227533 58.92532751902271
71.8100349861176 13.138166911501493
63.31654364935242 31.746702202866196
8.952855560049876 6.144480853303902
61.41438136012034 42.96926527447671
9.067841996023107 79.63376858045636
57.71521469239333 90.32983923162664
99.01091879077288 77.0256222165442
73.38487047069653 98.04287025416318
77.75467770987336 91.58936563692444
28.911787351813523 36.79926617751745
8.81294505338548 47.630883870098614
47.06031824838919 82.61355976864758
27.839795101978716 3.9832273551548836
58.06639564344287 77.05873004632502
46.50643001101007 62.154223143248146
95.48002263957125 68.87830797231138
53.789211576321236 55.29697121229831
99.6720592622049 37.39589522013311
35.522499514942886 80.69834725568813
4.9074081815315695 49.587015674238266
43.5656322985343 39.8678963468446
68.38604358937188 86.43775315785108
28.18684563384568 96.4791726500321
87.56023679294624 49.427746783771774
14.511604314912674 55.69273469971869
26.342078888950926 83.0907388780886
36.973412892431654 46.21087399796684
62.714419570632664 16.80007762311506
53.24914817063278 69.73911767356886
90.99278236317019 81.0263560798202
7.846581555075982 82.22731697829285
94.00340913603964 0.07625817309411254
51.67528505749181 86.45310474141475
41.43137200211595 10.996444629421243
39.49347984422549 31.9647320701931
34.10782913206039 98.60399701183758
41.246814060893236 56.573979601206844
5.866393870315778 82.30856859003165
27.762006814185725 53.97755544421885
26.2405773951061 83.04500682564301
79.33374455365882 50.58813883695452
24.652937511250062 46.27613921793008
30.68855063077416 86.28365779849135
25.38695750199176 28.74380997419066
2.401348994086705 33.81066733671949
40.60880265168683 57.25556651397628
92.04951766080217 91.85261380690702
47.61827610384215 58.81889615491404
41.73173052420842 12.889226652683394
98.74455414654331 63.15042856296251
31.52686877094377 23.404245672052593
4.992265955292963 28.115363272574623
41.465192634442595 69.36580027840738
71.84300902639238 85.30901914614704
7.760129735796051 43.642830818832444
78.86226106761049 67.90569875314017
62.82044196138601 96.25925584306061
