980
1 3
24.706162104495654 12.040459420791016
10.791174278305714 53.70176129616488
53.41152683889003 18.070305204254723
97.12303948336474 13.323025643074327
10.388292230458894 76.11149898656481
9.82257254198955 33.56188852421202
6.909176966258657 76.77366530754215
26.48465156251987 35.35185225973842
16.389955127902887 19.627250064021418
44.42655158958506 79.1751982486498
24.617886030588522 99.99914344741374
75.85050088680563 17.103373124020283
4.698148973748717 68.144519303771
6.87528852584578 14.891732154128622
27.696907042090068 40.569765511039925
49.76568213368968 67.00928203832343
20.413093944948724 8.532855729448642
80.64786954669853 72.30464044572787
21.289748862493173 34.453728916276496
13.051013402477786 22.218584611592362
49.457008118084914 73.31067490401759
39.142581994062866 19.916271088435455
47.45878739605036 92.26306724786943
48.50146029637108 90.00105892273211
52.009025589392934 36.05084324554642
0.9444112864318344 44.669615683021924
85.08687931722703 8.352270328095312
86.32383904034329 46.62951815576024
39.77230389207147 12.365385658580408
41.599377298427065 10.675372126619243
8.962274570429285 71.49681835300984
75.46672534384533 89.86305106680837
56.747204573074605 96.10841492044555
93.64247480442253 42.898430380619466
69.3381003943681 70.49985024830762
24.29877895625916 44.56086015345599
27.079436992897364 2.746327249087299
90.99768253502954 1.8034682355580811
4.180930370276492 27.719063392580523
64.04548639769546 36.59567462341231
81.39142548290515 20.154297616760108
12.92845538625549 39.06346128994787
92.63289702128795 75.21472236530204
19.505707481543855 30.386238967993595
69.03323758597504 3.2839823227008846
11.298673255942138 72.80526108650587
24.309337468512936 13.782922817291944
83.64251703986285 19.996246510348236
6.763300719397636 90.76547379356361
92.24700853282393 6.7267832073264255
89.91565402231707 50.738229022753686
68.05217122047478 76.34673134538534
54.246605288682346 32.079560693324936
84.65658168104669 95.34945583958019
65.2401638966675 93.96038653011296
33.714963442944715 85.93529348089194
59.89829120626915 13.059343148491486
72.5771259597906 45.370633116256485
36.93690920661774 91.76726502180748
58.24305385426474 64.20951594355715
46.022171814381196 5.779547658616746
25.43730724380122 35.508030169923344
88.50346035533738 25.89412517554901
83.63504285338148 86.2678239901872
52.39222998679727 64.13931688021309
35.15260266312301 28.377376452126633
36.606523921301324 76.68985635787702
14.612697168040057 77.95528559883363
33.14071661913622 51.80428880469261
88.28172492215907 1.9790382370727055
41.5011786750074 53.133913521447184
26.177027748958782 76.67005582700116
14.054256440981149 90.4091170949236
16.566191545889055 10.200298493527416
52.60575405266172 57.90013434362442
37.1863453068747 63.528799012928005
72.20336323120019 3.9761687511201904
2.925746023890219 41.535230407633335
20.316963315966994 86.69464259214661
56.78954174629362 58.0078045407042
26.42440268596522 68.75897586481192
0.11322788236318715 15.97298744373401
35.13437410806392 30.74267284025034
49.087902241939396 91.31209648609155
71.93510932992244 40.76087912709407
5.599565533828366 51.622795435827044
33.76422119468248 42.39790500514737
51.373626820201544 52.08842560219236
62.57688744287111 2.1477043834827736
84.461449827058 41.33312365311206
35.940279211668866 4.161183329503526
20.11349240494258 24.387265583016248
99.0299887462693 26.43095902337107
59.23938723235693 6.150010278896789
69.92363402415745 6.956659489374761
67.72255601503574 23.534009604323145
81.18785013218144 9.431649714308898
14.344624042607412 96.51096397798362
46.79103882744955 15.894362682333242
48.59112697950285 68.13852635219908
57.34779629683431 22.79341766783123
38.20067367487909 69.7705601959466
31.922995672516663 59.09420050417968
57.74360909917107 74.07130773223889
82.46344879617828 42.89686662343768
12.930590194520985 52.986330443223565
70.50673525556917 19.043429826339086
43.166958420731504 42.74540194094551
76.01468123608603 19.576873760950587
0.7801068239603692 63.24923922285968
76.19150387349218 98.2105787346357
31.291318739720886 80.40209225298508
72.18820581620567 28.820077472018248
84.78750019322776 78.40787182744882
23.714295556447397 35.18689803028423
82.20603386922083 67.73775618619311
3.772233902292399 26.993610167188244
48.170864422952285 47.445990553281824
19.089790749600688 89.50755135743394
76.3237179118438 24.951536153564557
88.42392443981456 29.72385677490803
55.65240628516954 80.11606741597512
81.981789676355 97.45597759017383
18.22449814323983 87.63866436515417
85.31093483065035 7.4908150791417105
40.19655846768049 47.704609268926035
8.297390071946008 39.61726063876772
69.18201371199 22.031750900995494
11.2780457632782 4.425070986223956
99.26392390486596 93.87227872771926
6.869161179488703 90.80055286314943
83.58584368166366 18.94620347001601
73.45737119960533 13.933805067789118
76.94678854593245 44.55744254025984
17.927341771470328 93.52594451317917
10.66589700368552 53.4768282623052
61.069632400572374 16.708412939888873
83.30093491581194 59.20492237122319
44.555816157523424 40.764159915696126
52.11698956198192 65.55464500820935
37.6932667522601 16.419929376924223
27.82793118983482 90.42392573844407
80.16198351468775 22.003494679936942
6.131601498609718 97.68790429289476
54.32826367815258 77.94029991603466
48.9659777877409 46.17157196268498
57.19545048559729 17.03708311972294
37.032856091735056 2.0405372947914335
63.794028964655716 62.83072912415311
92.6418926595338 40.65422114185855
65.5264628212944 90.47121144202377
50.789848338945575 43.39299047090306
5.408704570062572 90.60035842957133
49.65843676012365 80.83118359839723
31.73795901801293 1.3074800829810052
16.673233708003643 49.54346276932225
50.35583258683598 36.29058163169718
61.43083034352814 81.21003457226851
73.8797655909464 75.40387727680682
65.83395040802904 35.24366527309466
49.67573566954007 40.15546461502508
75.15397423291546 28.789364517969783
41.233246372857856 59.05703478534434
47.96112313672434 86.19745939856413
67.74039186747396 80.10629815135759
21.382032433496722 81.0640318885617
31.297614656077343 20.38021574089339
68.8590932049494 58.072194101629734
90.95414510608002 25.058376241316573
11.394880734388458 8.993308940845157
43.78831849231655 16.0258240728697
37.82349745119651 72.9259844865091
59.924668300791 81.47380478484092
87.99209222004016 65.99654758014269
51.06241851582416 63.77930307100572
92.02374308500715 97.16304475680815
33.856453635131125 61.404812806256956
89.35298891103669 8.35837067244043
27.88497441050859 49.10231142145498
70.35168598643007 84.99959334170183
63.536657519863724 17.682744988218623
32.429182701395035 24.736140724404866
66.15461214116016 16.932805673050222
29.494991441968143 46.763292161052064
16.643305651330543 57.11046936086639
8.7849072591901 51.22947929505703
20.395893644655906 5.553947738523091
70.98204712298362 10.31923737173619
90.80046302567777 98.52251713858091
54.55043434566227 57.69208549823905
86.92026401149644 94.33672090268072
87.07719827854838 14.02594524449694
92.92398332657793 15.075157151044817
43.313563588498916 38.17811152257218
70.40946551103269 52.94910330645608
16.596384625068428 39.50518214626775
79.64688194977938 54.92307041535251
93.56255774015109 3.1818367997689556
28.882920850846116 56.53406999368799
86.99119540739613 51.624063886096884
5.580805078089979 43.390247518203196
0.7189715395037322 95.14836966601099
3.4775300379343843 57.11602501486759
45.10796842757105 96.53563511308914
10.064319108996322 26.840147138742722
61.37164583646311 9.313242784445809
10.521710409892382 16.693410539638997
68.13352731105596 34.953835246167245
90.27168283013131 99.84206914762403
38.77247980155063 85.70094986639027
90.80153740724182 35.248184887153315
40.35515034054298 37.07823818418059
58.08491079041704 64.62089561824287
92.95241499246423 45.30622142062304
27.331427890819416 47.57163214267606
12.611063604027194 12.583063994987853
20.969872726894234 27.859820297611538
9.63597954667419 83.29166689834592
7.237490240375655 15.01844116939921
68.64846520625754 19.170339555794015
84.59188828153204 76.39122163553816
29.877452735278954 72.20854995558594
97.70879923513054 32.2545867888326
82.04211106416489 81.26897066774899
3.558678958121231 89.88338434279801
17.774920687382647 94.06967550504068
1.030344140989703 43.46833143960347
16.806638304576737 26.702466345418596
93.97105516883137 36.18557893412824
21.70645855453457 5.548478478233454
82.30993100825974 28.668514118997823
42.65362378549877 92.81749977396817
97.49722199495592 53.396182738145306
12.056016568427697 65.14655371828124
27.24980947875175 13.022597450985307
23.57848268338236 71.25151145029362
35.96221980115597 53.89445357041862
11.469499348824929 3.2677070300136446
11.825045680299851 60.77654597053037
94.70005500633081 59.22679755694791
15.711146363290052 90.08560973983437
42.32184496425124 55.339929268137446
21.3614288778611 73.68658867653446
93.04529200968123 36.2633338213743
17.369611958320164 19.424191556548287
26.888975027569728 16.012466095531686
41.152074499355095 23.435420863346845
97.7177409183044 45.412199163033186
89.74807278192101 79.54702174017956
99.92386099562356 2.3709869423159224
85.87189575133883 77.32245589402926
75.66277012005781 98.02819448191262
91.3140549787152 55.42600377183475
49.39698785157092 67.39402711638228
51.463931906158166 1.1980350521586303
68.6773658020436 8.87812914084165
85.83548999082271 26.226862496310165
56.82444558972617 46.27943436353716
13.243887608241556 24.353181472558227
4.377955023196267 79.87913093293335
8.119848558923358 41.23069274680393
6.834432197700369 76.43586889545813
35.60759559319284 54.642913228083415
99.77953445994608 67.10505279932772
9.096863234455732 85.67314326403574
1.81852080387237 9.036668057199027
17.952983967717895 59.38048868442096
83.22605655022866 25.80120791170426
30.782415251469185 20.178087526843868
53.60387011688663 99.61526116553759
31.499040549348557 94.77754824565893
14.581835843115588 13.613467849697901
10.554554054504095 60.099000181581985
54.72068198696649 92.45641871006067
38.889444584667565 87.57630785716204
61.02429880975031 97.51674271554765
47.64426859562158 34.16878771639416
98.25929043798554 23.732493699524994
77.8819633312779 59.05979396617618
45.42735387020076 52.79148802810036
42.82021456482461 62.8505423519975
18.59465591903513 76.71728953689576
22.48323679816375 95.88004209050362
29.525158058078205 35.67383528050498
72.01230285343989 23.810535766627396
76.53903719419336 14.421381130807486
93.83902587966053 93.48950646306847
2.7642919558421353 94.51649580622951
71.37288685362849 65.03676546033734
85.94615668643564 61.520453603148084
12.709890552792857 24.059612295828448
33.01197693775115 77.27719634337224
16.7420068928128 59.46939769606867
9.75718855110166 47.93440539319842
72.86123149540909 22.93959139829631
6.000705235865111 48.10188904667891
92.88398624676705 35.56223033749899
71.0977374388651 34.48150855456602
57.6796346511832 51.78923404393092
46.75828624483558 63.216065946651966
53.122427121323376 44.64241231079657
60.623080400326444 21.500608806019493
89.84524485673613 46.124708407026624
16.474765746101273 43.25528152237928
82.99025727530332 44.36032731683779
82.39123796107648 62.129396066171985
92.8088566243103 81.97305477000818
78.3442269766837 84.7594187396035
45.249852034405144 88.74317409974817
27.2080907040823 82.79210806813475
79.49250877892828 60.878119517025596
43.910802506928846 35.02511458385473
57.90051522476682 60.40011927960018
85.43791235397056 42.849573831763685
1.4524071646046188 68.29989781398511
34.67488768322144 88.98792870717232
63.23078649231213 45.4713362312964
29.28480441048198 67.22976212804473
82.73969150622635 95.36315417785677
59.6120417591377 6.0824612626541485
54.04232932940707 91.7873062252583
57.18677879065519 23.613373130400483
55.91927388858933 71.02023041220818
45.761269754035226 6.789049749452514
40.41171000260406 49.31096250741853
78.03499432813904 82.10413989920029
83.71608289173373 16.49846663095944
5.566066362465172 49.04811811365939
73.90312221586919 73.34614504159191
47.19176131570679 95.33461026630864
44.19933384180017 58.183058093480035
58.65045683275301 3.589166348373851
97.00512282948519 70.45265679545247
20.635688844619327 46.15491451367013
48.67570793822959 72.81076042453908
4.015587125558051 27.38776985920508
3.206315176492791 40.608148486084914
6.616013622125094 3.95305936927679
90.58576109196086 25.517105728904642
28.30150699819587 29.779833013903723
62.768436139476094 97.52917261007066
40.12931009486505 60.21800833484543
28.10140344317844 11.287861397855004
15.944937682241589 37.178574922587096
78.70936363160288 99.01920858333703
9.148015486003501 8.138603201616812
75.4533727275241 72.81925987954445
41.56091391676367 28.00548563304268
50.865721694692255 4.270928124510753
98.89516827951843 72.91557909684256
91.92025642326203 95.01665692610521
98.27779084547694 23.554947139942595
54.6852137983888 6.564666438359401
84.60500687104975 85.83056649896439
11.110135448285053 81.87719749830018
5.697236210343881 52.075689832381244
51.67263618555178 85.37277530117481
97.39093178416367 35.82744359486247
91.65375434797716 77.79822763115274
78.32027105393364 95.15812318621614
39.76976787185726 86.659012062873
96.55787749165097 14.044831112002143
11.210691368589432 9.659217704514568
72.18659437035444 5.566002895424216
9.730130810744008 64.59881121786873
45.27728978496843 2.6654282456658684
19.906959195411368 14.421633418924106
35.732380959406626 30.293458023098594
40.9806984628418 19.89810844575426
23.97050537739258 48.01459630469984
30.63524336028973 7.6407402051298146
51.21060873587611 47.11829399760863
66.93306346484418 53.51687422180993
75.57031979465816 83.92704716384407
79.84979176727678 37.08425748141633
35.31800760783091 88.54068300323542
77.80641855377426 70.0438801542014
72.28298125635206 23.537694182040703
46.765946379581 68.7032226034899
29.807811528269124 65.42431361098471
36.80941674171769 31.31501958246887
63.341721091141444 82.35002277285315
49.59751445927421 12.725766653871684
67.11056706734854 30.33104171523908
60.58980196000094 92.91334610179709
28.998956761768824 82.77601333567048
93.4299123665018 34.80123914586311
89.66115809411934 65.37654453697459
93.75200059627902 16.98825912988491
47.44019586021686 50.27194489227276
88.95401183709176 90.95796664776013
70.69986617074512 42.76316133332132
75.84539494536114 14.780024789786728
32.5854150962756 87.19063174657862
84.83127977439257 0.8171110136458548
3.3470021833365005 47.76146604340239
21.477491106268975 12.756635369347347
93.77300742633614 39.40391084413679
94.20363090581345 11.247143718228948
12.959188027670088 69.12986423681326
72.14500479157695 19.130895496671307
86.29155369538546 16.857322145666707
19.7598175249899 89.47364669837373
21.494734148311736 32.70992990149644
49.02481880205547 39.02579878797785
94.52903969111188 29.959020214492725
12.935009880497649 28.948993849842108
29.328120523574675 45.52013603519529
59.871527604443344 36.59689767558913
66.26727247650427 56.28061001737208
41.002686070398944 10.896274431670228
65.85574118704555 84.23021972804376
21.035637140231778 18.414789924442942
17.65610590227542 95.20061872657826
0.208328910508504 17.42559653163349
2.9077094173331375 21.642029345535718
53.31903226750641 35.974696448172836
0.7413621167929874 58.591555590297226
5.634044970504837 91.68188153532464
78.59478250985492 82.2501813317934
70.78420751896795 54.755517044084414
84.16414740096232 69.58763303546559
66.95501062725381 92.02920300385391
33.40399075914537 80.65299767731662
30.09492841865573 0.7871917196803357
23.00837942104399 89.93893577422281
7.110308937256304 60.12634217543295
35.95665765304676 92.89965076189657
63.55181254546562 45.34851544428993
87.19168130304196 7.410955115515239
82.10791247727079 23.204867466676227
85.51892725877698 26.675841698869007
26.48820464517194 74.02449155455697
18.794282702145114 35.05064828152096
35.21138718506096 29.15015133335317
20.466612023071427 11.644422381497343
48.61044648582249 94.25696075649003
46.26941037707171 26.804721420569578
1.752213509740952 60.80831882515412
82.41409101014077 72.56336710222885
24.38790407292033 19.281466666297355
17.503950826306337 62.50688517479455
19.080379741553056 3.056522348392532
7.417652035354139 90.22784569437829
31.486779977745694 99.66701195201813
24.509533059692814 12.205849753016018
85.54936389540406 75.1462444783854
60.75493619943477 74.79363837477723
52.31470762468042 63.182507649234786
22.31979411556535 30.308123499663054
0.5105995712798128 49.59692004096081
13.175796060217237 86.09098629299801
90.63380335495876 26.089634310298248
36.78854694786236 17.046461574967765
27.53094119785655 8.868859452559308
3.4820957112711604 0.09020425871415494
1.2922521127520348 31.841275817256044
60.519624484086606 49.42402835327664
30.034535333163447 39.305110057568136
22.372599394950797 76.18040425639552
57.994906939540726 48.199018554901166
26.59883938933154 97.82716526059694
31.928550364101184 35.71601272869487
44.92012860344259 70.61417520278948
73.36964436930762 73.8143648856795
5.51115494842449 11.855233739451565
33.52106802708199 55.85511429563568
0.9717125976705931 64.43931372849585
43.646363935268816 13.37264535144842
52.634167990259925 36.63090410950516
84.1478449021956 37.03189847327959
25.47853871111938 68.61302475223907
34.150476927079595 84.99581930017999
80.38536858256644 72.35111810121253
98.09133294637495 67.72972913423247
25.672436874069415 45.38619787072018
39.89538603617946 42.52226240797212
77.80208002014098 62.049657892352286
44.95199298527617 87.64249747712316
75.43540206116224 97.10655574846001
29.8476125358929 74.02389152883482
96.13257894163402 75.62961105379316
22.790135039350325 61.49258014412218
28.664155590374406 34.972023696751144
54.96668573062748 66.56320874145368
10.073786612804714 61.000963698911036
47.438651234972795 85.45596703347465
25.847861499929635 81.12966064731715
55.79046746049183 65.04552362305648
50.450979207464286 98.55699064426935
57.09750666351787 84.0694316115445
92.0325306573336 33.81079329653729
52.03862034770217 63.124105675213826
73.0355364956268 88.28894115428679
14.232933473580278 66.06314335502165
68.87583912745639 95.38335079111133
22.983891963908132 70.1417992990878
72.07368594662505 18.550781138759298
76.66555577955087 30.21212263721209
25.7630915080346 53.62814654532833
17.305622282974564 44.65177890545804
65.26147079238227 99.54803609716951
4.293613416865094 2.5548185011742497
46.79631741654051 42.40720332196963
24.069873324408597 27.626232023683905
63.48039732497492 8.815167604699026
4.167709925759011 30.276446825531522
48.443042036746675 26.15161941314339
74.6437293008056 20.62884520534243
16.189575984737136 56.028133308933725
11.079327418004702 44.54875091156709
39.795172609587695 3.249260227667339
32.24162162073605 95.03989871653377
26.19151632150598 63.259310208033924
36.26690516989477 47.71601527960476
20.816663575176708 94.0671117883085
52.66944727239895 16.8145932482481
25.635007312490288 8.99664571001697
39.910519123311296 77.93580994063088
11.496528608063517 51.55618840167695
77.13311862408322 90.58149905207034
17.35223371900727 3.0284969287728503
98.41637466116009 29.585147499402574
24.129132873847436 28.277636804698638
7.64162670639954 79.33617728096478
55.887760786883334 73.84351197821756
93.34398526205925 71.59963863980752
54.82833801798144 18.193840744811986
33.07181211964032 66.74749131000759
33.46572006816086 17.59104132448954
75.93199728472801 86.01670282258347
56.758981784458285 60.979851998003824
6.245965490014416 33.75550685638691
29.8348764504063 77.79545613922542
11.843066830070082 51.08917556739097
13.760985202974263 69.68009635733364
91.33179725882574 42.274195598270815
53.87894520203893 90.12838110762782
27.50110788586553 75.61342649637568
15.038679063686233 69.70566668319597
95.10605242066339 87.00885328086439
5.095841057982509 5.965589938016769
28.644053204343734 90.60571222795805
7.0244602733353645 73.72795571334794
45.735209690100184 17.57729045151162
81.7046879623606 81.13185222374642
28.635469185878094 12.13347001589189
58.80244819439739 72.56775297416644
32.35329226106194 98.03921746993282
58.57959696114045 44.17198080555298
93.1275526798361 63.349746752153415
23.181277417298073 56.30928744310775
77.83362880168396 31.09586498098391
41.50276929068972 20.700762633122018
70.14397639574432 40.10162049077284
37.082188582552675 15.024116203119565
0.6416392928860537 15.326972816306107
99.00338080671295 86.69693926869242
67.25437546633668 43.21877826820213
91.72254073980228 67.69510026038927
46.72120256116472 36.6267218100591
76.47090559597365 71.19800208388796
18.08307700006737 20.01662879316615
62.83443839589329 29.902774665042674
52.56547920366821 50.338444866214836
26.2054025774324 43.28299209033488
5.787588734215365 17.423669564032895
12.323034352655938 40.535137112705954
31.882640496613934 51.8156966290696
72.9768492214045 69.65654791104667
97.78327024770141 34.812926531139475
30.357637662450653 39.79781277631147
22.34943425278635 8.861732850816617
27.808962972249816 11.043130606236229
32.859444281818725 46.034183851896685
67.83159670861185 47.61161285452795
43.59024460162022 70.11547384081365
46.60468545745287 75.94640264283963
84.26515746195858 6.177021423263995
6.8510307184545205 41.03135721413966
93.09039811302038 32.29023664417448
98.98015521601134 74.17136068331394
34.63040629795666 16.381164273644156
17.836386483196588 22.736681223793774
6.551317928284295 36.64047492622304
31.430787594917618 87.96266825153398
22.706760866902954 20.027719291676306
49.23489165001396 46.06635645132444
56.769972750336436 13.406697172695026
53.819786364568415 15.090388946123534
39.18492454317168 38.79148180237122
51.16893176999293 7.460115052431027
43.266355834815194 93.4931167496599
48.23660769750677 38.91133824302584
89.05690350865147 33.218796344240275
68.71715524809743 69.77594084345165
88.34312637657209 19.243398089509988
58.86083622651481 99.15415702399821
42.697791474534675 33.842385459848586
21.360264695376397 83.22988165938116
6.430514544432642 33.65333555875792
52.505177542725015 34.21165958356951
61.379376256695764 38.81949685144204
52.99532204170197 7.847987389065336
75.65524191237675 7.936587943069018
51.540590166758825 41.36634333746396
58.485347093924275 24.172872720540784
31.454511534776852 53.069496459517374
95.13595538684119 30.674767944010895
28.208860503026912 79.37341058422393
71.31462988519846 82.56982163267278
21.2728229893832 14.794465194153506
79.0497382356706 22.662851111197547
28.644768722497417 64.36608025497985
27.40191454364467 19.59592009550113
98.68321698063731 62.27440493361609
51.859490252492876 55.16606078980022
61.13329840248747 56.30625120177359
24.622293878054457 54.251953326994105
39.66512674540652 14.190686155816866
20.07654964781027 52.99881081821554
30.344648157430786 12.06506405876504
99.51484753598767 72.59362167792744
87.09463836471072 27.957759580694596
52.823300717799235 83.23912875864706
49.14229548170312 96.90399222777476
56.27097644328784 64.32172544489814
43.2591358413027 18.490430395204637
34.42359303427771 28.65954758962701
70.9566767700768 69.23591913008758
43.85757794192682 93.3650199227728
86.54790856247452 33.2066003042673
79.19953550390014 84.20492777345106
56.85231092907801 50.24420016489499
69.70310614572013 54.478553843876654
25.508552496892566 52.610633161973944
19.25603120635142 70.77732651451704
52.91736846181823 62.61519457683185
95.2536829043229 77.71799563603825
84.12273369618886 87.60347577610194
51.94975440859575 96.01201683313182
45.35851642420747 6.859117442330698
47.24653410687134 15.495799536513012
40.02756504223921 86.10901832308416
83.31858181037177 83.50291698864565
28.71934195563439 38.19353985266049
82.03025135712483 99.5861639004008
14.917227033557978 81.92659610748242
90.16399001714169 34.49563243488845
72.69739717771506 83.51715604974679
13.82856833209718 72.28409475458741
31.109504595765802 52.28867741524334
0.7619235976685346 84.10534967197061
73.60597721575381 78.91237939576669
74.50361855104634 46.269423688245645
14.268919570062133 32.34506526236858
19.601710135866934 41.045907192803725
80.57187904922267 23.801173735716397
58.97815580193691 79.88970598280056
10.570479032615566 93.81130552036672
14.407230947300453 31.131454523360368
53.74953812757282 47.1548589801599
2.761245071733809 22.49830173996832
91.38243362573309 2.026952620314204
72.12040608086116 69.79329608013167
63.77368604850058 43.070369169425945
46.11180832489437 63.39676595798356
15.231142689082876 70.73038629044636
27.427829032559426 87.92717423166575
81.47402816190066 81.91711733206377
2.472032394688717 43.21358842933627
74.47964455356781 9.895214221794934
91.09779037236197 32.06063958885452
53.52774519558514 44.8796499490129
16.782800868213755 14.200014634768298
76.39577160872942 96.94518851272352
37.381027717655016 63.98068214728039
22.290060843098523 93.33631095576305
70.00281879288663 38.712894738444014
63.95782299396458 12.731255249145645
92.02162228705366 77.0732047078532
88.06878036170984 2.7929372450027357
10.350258965153426 4.718415057079506
43.25966829215051 46.301808754780204
74.80529789823038 89.94942863106523
55.7074522080353 54.40437425968576
29.772974258618934 64.99167264004657
20.087792112827742 76.21500611511895
86.99290644513478 58.603188930945336
97.40927978238389 4.621519247694761
97.8750041536558 60.84232964104108
95.10037102977691 99.73166668465471
86.91804601026448 24.509963436902304
21.57585703783431 86.74585428579205
72.81573803914594 98.04138234587857
73.04823178049485 89.45380196204955
86.33766552689337 22.708770850396398
49.743789843800926 79.09827640891378
31.81044180235122 76.84372842186056
68.13008499192958 68.06816629832961
94.71239751441641 73.81656339686124
8.699903558661347 75.62298969406764
75.56753848583912 70.92980582228788
58.35046218734368 74.8495910178961
24.607343264059978 23.454021854717055
62.88462846515206 60.25748771546553
82.19338498146413 43.93302760882922
74.18708336127891 20.87129403043797
76.68291912887608 12.048135965488903
47.07197541443215 96.71885090007193
39.323471969083236 74.70282802881543
95.61349832121577 22.85488212094591
66.0947828103039 16.560385368688667
68.68882022643253 37.97063391996976
19.16607572208271 81.66595963019286
82.3887736452253 91.62863293236907
97.43546648864519 76.19158022553319
42.624733977738735 52.49661902030325
38.47994332879576 1.1231878618371383
3.9304324425076143 12.841085322963686
95.43554847901254 60.61181529555022
99.25954022417227 78.5969078189426
21.628325758364042 62.62093829756752
55.683677359567184 28.964816572623487
54.17925530345118 21.87632931469672
32.81839611337423 7.003353302768356
63.22857702765074 11.680067579246046
28.699102560172452 5.50501409558013
4.6652303206973 57.41328191016313
47.68601049598915 18.443729574267298
36.74636233884492 50.91891810602094
56.867824639059485 11.523898311427704
3.6178992091471462 29.652593686640106
10.423021515033138 0.6044593282006128
9.599537211741517 45.26785670258127
69.78625743883396 19.36196121511855
14.474518585352492 41.99549031557228
7.448309195561031 77.79928847067869
19.970787558952008 28.719898589200564
49.00836251434746 34.13535564834551
8.534029971049083 50.989530491197186
14.508141205926384 96.06293411161026
84.54486749269259 67.57650499797734
95.00969430664195 6.380412331352536
10.1130436165626 66.60514879784027
14.763145204851158 88.23229566266787
80.65970240757112 95.66545519185115
61.00402817162747 72.07928768356628
83.8645436646907 40.44382467000602
21.268133765630726 89.64529410550564
11.928439259070366 0.8256407268531163
16.623247421179688 12.876061609219501
0.24409605433313164 33.24904493838283
67.71139753147348 50.97533364031115
81.11340803085429 74.69755413749564
51.80583240930501 60.054269346462895
75.93889873496342 11.6165151690115
90.07202800340006 97.84181626465069
81.95978375459472 29.462182190190433
70.60697873491803 42.172574640159354
90.72259498340827 85.61096567783974
96.42633603704607 99.55285168085621
13.990091093247937 53.28249645593961
50.1157605189956 15.427948120236646
54.791789228664676 76.97287260708536
7.119840906150943 66.75383259712903
50.338276748342345 56.08811144921464
39.25736343133044 64.47253435533904
76.24506115843772 58.618892941947486
47.30758166974465 0.14361020714024342
96.57060936371127 27.127760255680332
42.79016110116349 33.50508491962627
13.059756307951286 64.49546673341328
53.37462886152109 40.11325939191952
45.29598680988747 11.5060083878072
59.75002541417032 2.357456278451453
62.48722234379627 82.77366962071567
80.3227886097599 21.81225754914149
5.460187090252866 81.59332481200362
55.426597676024045 37.48904493393681
17.728266340566968 79.42912570142691
46.161302447404374 50.0033413542545
36.93722754620663 32.54908196318871
80.76299635186687 68.17791682667524
20.69968502405606 51.89307989008385
11.704926340362443 60.45373563954157
69.2463476711892 76.96957009502708
53.36492142415486 61.98207798698559
67.07085304794028 21.22445410553464
54.13687513116008 84.46398103918358
86.36941020846037 93.2201678427885
60.11868900553834 65.93137195940525
25.454869796722424 21.572003468797064
59.288549245270275 7.144367773336713
53.07702436503477 34.7177003881898
58.44269113667144 42.54499802005483
23.419466807737834 13.509661305592768
39.74306900981601 35.09918405800543
44.50710145103589 66.67843836612988
32.1620590240848 19.81767465291351
61.206014422048895 38.96802990856298
60.75275051926465 28.56448846743507
42.36854460326367 6.321880649933886
27.66370653918515 40.328917909295605
24.505000775207186 66.84627371083403
22.85165950998951 50.285206257704914
57.83666424078402 79.21682200672468
65.1253908114732 93.05782750840415
70.54329188933595 67.37444262432388
8.94342220710218 99.92456159134038
95.57907624578743 17.409923031924922
74.75026436882332 98.70282892957614
52.60059671338486 43.10280093312366
27.465599131813722 72.79624221103285
88.1712071580184 9.120781011457236
69.25664252822958 93.04426233161183
49.41243896223857 96.92854492202146
62.675395415960075 17.886114388541973
51.963280295942326 66.8278254840667
49.849645219416125 87.85828900295871
27.90321854903286 80.5030313207662
68.5115191860608 86.68280506760028
80.74731239064963 81.63846979096101
49.48459349624039 13.838561886706335
70.92057535299472 89.0256170256134
92.78086205259027 30.428168589689708
0.005790946369610417 86.67234078167756
24.88679203330044 73.10393168813378
58.24701830531329 99.33891890075421
87.21554616234147 28.399174824056583
78.2977680811482 17.071894022968735
75.48513268256107 98.1139333803345
62.74586312956922 9.447258800031921
15.467774937808777 39.37835322636711
85.86480354350631 63.47432773414761
6.987239505001308 21.77236022316782
74.2917059014311 55.18391248626089
3.7057512660757297 33.343097250395374
79.202798059984 83.87045325027411
72.23916964473422 13.300909046878617
6.608165875202632 79.61454019394294
74.91774910622372 59.32357383326379
47.99733700867996 87.34197036737747
47.3485689916681 13.538788486292063
46.843486792366626 59.35735489383691
39.42405879433393 45.44724307418946
12.185783877294742 2.7658240216774654
47.89718299899661 19.371797381862855
59.1336488699808 57.06166623697098
64.6954464442477 59.91533353098535
78.68845907355109 81.62253777276113
22.552083784937025 43.8711798885
5.9435630400831885 85.71938174975561
74.06681404946293 92.8765290098381
95.25363426018012 18.130637801226456
3.424722729958196 51.16207754238084
73.58482572131506 21.027830136629166
77.12110594017662 1.6250681743483097
69.99783821826003 24.965984316210022
98.62426792698378 48.51376846593387
24.03231743196872 99.02379859954522
80.10273724224122 32.09826264064215
44.166882917483406 96.06416160183717
65.05273512025373 61.461478371555955
29.66202970356635 0.5058775707140084
59.10917927117376 6.9803651596187954
50.344215719986266 11.855082976048848
52.393388323962874 89.17075842385518
28.770529874570027 26.723031437362078
22.22242880567955 20.759095801781015
88.55703858750607 99.09265880854134
28.370033243137694 89.41156378978104
54.50835916165146 85.8629001484731
69.24418878761773 6.170034511725753
14.212636458934913 90.98054704158776
41.25610443881313 94.97825019528752
34.55951538037383 73.22442969537349
5.2916131479247674 74.97889716193865
33.10909969771754 67.9884923269352
91.05787375114606 93.19504970413755
93.7744583321277 64.4866244328968
84.80039987809229 7.767634154454739
78.70783465886856 7.133763894180412
7.064930610918085 54.534315434975156
71.54535043121182 56.60134717052971
15.545633306935102 23.20742040174717
82.09255426890816 85.29384962647187
10.326033237903133 97.32583475527818
6.588112670680979 6.798373700040794
3.846120189318647 5.917795224124034
17.51230624391429 15.286952445821633
12.740750025161397 37.703482196648054
57.516728557030206 51.17203897123868
30.26185315906613 20.889235579906227
19.22091205408605 93.45642812027005
21.410807596815285 94.4201365728577
14.588974088708584 11.841958991058931
13.14325858122205 89.28138734846098
63.47896909779387 19.60765732177798
89.9417197322268 27.64038691112416
54.884962476037245 29.905189366491737
49.619399559968635 21.466377336105367
66.82041405444359 96.3792676292248
11.441068652134412 71.46313690370893
15.188368370156425 41.337248842973004
89.77879305834186 74.41470142488531
52.12407478607402 75.53835005641345
84.52219426182184 58.30164905159121
74.44906093090351 36.180276571070124
30.393450203505033 71.67253352761833
35.258956510930076 59.94253487598644
10.122524865270211 92.54302617091406
55.31755843891788 5.337887223752413
48.06783289462393 65.11945293587016
35.68000595558021 89.747309761097
94.89982915492176 64.57807366860835
79.89028652368451 92.41999825625979
20.95745190012275 22.46338903866667
10.678133186277039 69.627186517545
25.09780966659512 30.615548151144356
60.91790239464918 44.19072205763304
23.308241909610892 70.90966593666583
19.893429707797505 73.43761151807054
99.1084134952331 83.32503552358259
38.45479088708081 82.38974893424404
57.225888196757005 21.396026655716803
50.263717375266445 27.901047165188864
47.21875682053416 20.394631395717646
4.719112141835069 42.65564069181802
68.61803051187367 90.46326230115073
81.26782582454058 70.02877509205739
93.84853893400506 11.844344635768289
84.79158316781235 85.57326047079441
97.1055668096409 80.34273725204999
36.77048591965655 8.140158383561147
19.705704522956214 87.81042607586669
46.446308328178645 81.92620246059046
48.41679129556709 15.708759805299334
50.24428209243832 33.16676429201646
38.58007922452824 37.4463474770798
24.23343093259316 87.16951314358994
52.380924899994554 62.32024987304765
86.13986214813237 31.60499727267261
12.45862266407971 25.49710690158873
17.245563477515514 69.30754614913633
52.24453678953913 32.08344690992766
59.22435637833034 40.0499254090801
10.766033551883503 85.99005838611316
80.12549621843831 30.456552722047057
46.57780713468367 37.36010643797203
22.861377204570953 16.64418132725065
7.941197061309246 78.65533540803682
90.04918839401688 54.13405897737127
55.30127204298081 52.0995984596377
2.7827355331305315 27.16249585946031
92.01921052216215 61.115509100846246
62.13200638350153 8.918301625340286
24.072693744073838 22.938419268521383
79.40809887317783 41.55458681238382
10.393174158262664 9.137266083974405
10.959847984292704 65.7925097012084
74.66452037393974 5.475601552123899
92.05752057526806 76.93934883545064
10.728953567092049 88.32582689777865
21.999091848541006 57.32789831414746
53.098430261923866 86.72123903632394
27.871423925715444 93.79693981793247
49.150903006887425 16.70678116890778
17.772891897163934 5.1401651574334295
29.45056435946878 88.99737846583251
78.0602954588883 48.363430822873596
62.560007551137645 51.110801346831416
15.452831212497053 76.43348699224819
70.13903131232475 3.814548768983994
8.870348824228657 54.44603410622486
45.4226336502032 30.675430435267103
8.056282474356436 96.1913003051184
45.9336031024058 17.166596273388702
80.11120735991054 24.976294821311672
15.902312065203205 89.16102372524959
