240
1 3
94.21782500939983 28.10714842654494
76.70363766745845 79.8513696868724
81.12344849930588 2.358050937485312
58.607968599706936 66.75678194360319
97.38982791179762 13.063888895927844
34.99355055953328 13.670457369040157
83.8619935806715 14.960978448893481
12.072050417257941 80.36732739345838
67.9622240401144 33.62613826958878
26.365295352192362 95.65715938881655
92.5806891033125 72.14410320987407
21.86753395031964 74.0148218345747
36.187944598159014 58.84733525095876
54.395299711573486 73.99345908559545
39.845041429423134 15.28977002242129
38.77321803643588 94.20258472102843
59.53436063052329 11.16347396232451
91.8802736569746 64.42076313907157
48.913868489765086 57.25425419814116
89.60071867277514 41.790361915693275
4.931693263852854 79.82853778692667
39.06555738436186 37.38292408337329
47.708816299079636 88.74101017301166
40.59151530959193 69.98761724948415
95.9728465677257 49.17004154635396
75.91434911723735 83.27553572475486
16.836269739687705 89.9664906681979
70.3571879697448 57.45664576958016
38.25309108046868 70.28199767536778
72.37327528730563 27.554894615225688
14.82239327454411 64.00067654720185
89.96138883180336 92.40188230004706
19.977102569770967 10.27549467423965
67.7031926423993 44.36916123641548
1.8939359300001568 11.322990627360042
54.47118184215552 40.0612349643841
10.9953698147635 15.985114926429311
1.7561039671210477 59.53817700715096
51.02855811646896 85.37300578473183
2.279702661381444 96.600882387835
82.08588024343977 76.38932955181461
90.3558942258169 25.27222426236524
84.11752615478281 88.17407306093723
11.103022660481132 99.07855553842255
89.77316816390612 49.05826037598662
26.634214306808968 95.92279148624226
6.714897817598486 42.77488774892555
6.884423212800206 65.04673165442267
3.6439815864057534 92.55637694315763
48.82160749083173 50.23542688735372
34.62123191666733 93.74538732374344
3.752545417510822 94.0645028065392
3.289117320139745 69.53268537178863
69.66351308355496 57.50061730145399
87.33556943434363 69.29381525318847
24.64976348010486 86.63181424655575
78.23321620515466 72.55733970075673
88.23837820312251 75.37419692139355
42.220692711939556 88.91978826532767
11.70608791113008 1.435772087126752
74.15985531097822 26.99745071736992
64.36422684157053 76.20140056503593
38.71710114984346 41.87671789820311
93.96600591331217 99.14191906569918
22.88895771986754 18.50732626863667
81.64916132787606 89.20091650836173
32.990011147734236 26.58894055172056
79.87716136300449 15.629342275655311
73.54376039319067 42.0129757326946
49.514928667491674 90.78896454743719
18.454046292563575 80.0036311249143
13.215156562461994 71.29253596260358
20.229591489084854 61.23086237269399
60.05438439391717 50.906223105898675
32.710319686004084 78.20593352174625
17.00830765517378 94.77239977084241
9.060142120327974 0.18252886614222863
43.67726625035486 6.464390941671527
13.043983977834372 24.4110709576548
87.00083296731309 56.35431760028595
44.612636829114315 8.885428609976831
72.87764196827975 34.19734617050081
9.69226383435624 37.06631686713378
97.21169956174795 51.76854599462104
11.038285421651839 50.33394413549892
80.61014140491507 2.5207707768817977
52.11584140464429 68.14205651093003
90.9659205116265 33.98542682110399
78.23201755359335 78.01370709165118
19.316137704121505 93.47664147339918
25.387472839251558 9.236646743011745
0.04000617351811453 93.16777852263185
88.51023986365607 40.09094422558268
78.9255741369009 67.87919537806602
76.45663862134091 12.777323336552481
42.26178370444049 84.43706084890343
65.06309847911835 21.755392949309105
77.1665123428392 95.70631597257648
17.209214542427986 41.06732163988729
52.71691854490628 7.759007384426253
96.68962286779094 15.711044917965689
30.80503695594956 33.80391482148426
95.77742575746895 32.55695501904032
27.386088975472234 16.71634336675698
82.50212361744865 36.02752487645595
46.25076640162013 74.91673785374073
64.92832256430975 72.00807474033624
70.95080046283158 57.456532783306336
13.660504894396585 16.314876049427763
49.53050696083592 56.666571466068305
75.16878479071885 31.012921616224332
31.870375439402142 85.25534355566653
45.15121866482077 63.290002217389876
50.170497374179114 18.98580249887043
41.74621152751881 6.1754153438355
48.005684613456225 85.98867363438833
92.50786841479899 93.82473697955895
3.9514793405932336 46.511988775259795
34.64923280324501 31.312794257654897
71.15766948182723 49.52263405319117
4.777782179241363 35.44072157471489
27.7179493552989 44.232510381324296
21.480790699758234 67.5773410477427
39.11188860711887 97.71430306818752
1.6150793455952828 56.26967043628832
86.32433161938881 11.247869617079132
57.83665038774251 70.1484154072351
57.58932894548996 92.5602653063411
2.080129689641619 25.191829843460688
41.64818912183617 92.91387035304646
64.36307967881586 80.23990886973769
62.169078243799646 88.4592851675049
20.3278597016876 63.9369763127982
20.600816706323055 17.874855664308598
82.28018209803847 25.25089924870794
34.75314149259414 58.262996169253924
46.31810472613536 77.79035172094365
47.93861542441134 73.69628189613628
52.017347043117866 52.39597630090786
35.870789020558355 57.191826095976595
9.853245813330291 28.05151448468135
32.70843836607331 65.14877077557122
13.10193127937409 94.34318753703985
77.26058554632998 67.29558485576119
88.1098239310369 73.61726083821512
40.093400239577484 41.839811759926214
53.04197121351428 39.53504832560666
43.963818305635 10.37309970536564
35.04034863284271 12.501338050131361
69.74366296717791 0.1591327869443937
57.584981855889914 59.714608604128806
17.49160082226686 46.448118811473506
45.730980638225624 74.94468294496046
12.124995515834991 68.960049974533
29.89905764477958 87.47856184081391
16.350088651485507 29.150458154137127
64.1409684432006 94.44245963688233
89.68034363857831 8.266293284018623
24.696948642314243 77.05961496187987
85.61513146377813 6.566675446958969
45.71986478016123 27.071702963351196
69.63929556539736 46.05832825272873
59.95226196330474 6.946303676036614
58.314986381703406 33.68221324520413
38.72818908710549 1.0128539970036377
5.942723284420515 53.25902452708115
42.18844197716578 59.96935391834548
66.69659564428092 18.603957929202885
27.00401621449011 57.681426887288744
27.999914687460237 67.33802453822655
53.18285592676395 8.806462765649336
7.100130332796972 92.06159888323742
72.92735859459557 6.099884228218833
50.06540343766852 87.9232455607535
16.579701288177873 4.555000635794815
62.677985527025946 20.110156253805854
54.66955761483619 6.075909951092862
98.09643170625849 7.919621697183388
9.816223495515764 45.269951332948196
57.6550323533642 12.986955273185385
36.80458854545303 66.52406206286432
3.8022412003249517 47.745667316961374
94.45047329377223 32.86253448279957
27.910926688618567 2.3190135554014724
82.57845892033404 68.58109902198741
54.03423261398659 0.2572847980573112
88.36873883827099 35.77987073648903
77.27907848142901 70.52879115039539
22.444861563449603 56.08334378156281
32.07476364675168 34.318786687868005
58.55783768084963 71.89142959569142
49.69081842633392 91.2332279867719
51.976757258890395 6.6613469776771295
49.23660210380483 85.6229566827563
40.845987279067785 10.359603130762673
21.24531943811734 84.98801708052403
79.83107346916793 88.4752156954468
92.73830480316256 93.3565570534435
68.03759519414368 77.02049303195047
23.883887300268757 26.341092450584156
11.162998593977536 67.67578086259024
7.948337830693308 81.34157569048574
8.463950722611902 66.77354877025566
20.979956192787697 45.35542716510697
79.82436127005334 55.314250662775244
16.42707436958757 88.82332591308806
91.6532265113021 51.60269340743859
56.30751191318293 64.0613281824604
89.29351833253898 81.41522375112386
90.55326206781942 50.07097910651039
33.35587024786617 67.13061452760572
71.54335115982249 60.88875158919522
78.13139172232944 1.5828424006735897
16.30189146192549 39.63626373018432
96.3100605588644 26.15000347454528
37.74956925777413 3.764907152974728
86.28069833862911 21.707535328222004
78.29679324324783 21.817733801669338
70.1846545948491 39.82863577207891
90.46557045559958 0.8615036453627045
76.64073243703848 93.97968137585657
45.72913100570499 52.74438403389563
26.126243529556525 62.013523089985114
32.18557835540068 19.93899446213998
31.946921937866545 28.102937988486175
28.864038022686465 15.089539705528665
38.11258357580947 19.972072680962793
91.78851453298562 23.379236501589816
18.702844131182307 97.67531567148173
70.07792211839474 30.22415255446358
51.573427468148346 25.060507791272624
49.294186288433295 83.84827638259604
4.000965749365237 13.336832827658851
18.50753010239121 45.2668110104903
44.974226072215 7.675411475604976
93.16684144023486 13.289925052570473
69.41190850387665 9.850380463221153
40.372111707121405 61.40151979082113
88.30810302367256 32.44847466813488
14.99125294339969 80.64844124840265
