510
1 3
63.9849915489898 13.414436215201553
76.50139638633686 96.50319368703644
66.15286185399289 6.83722620310907
2.1489823760260984 78.98191172936453
9.924811926415789 94.1874961697865
25.829390419549302 75.16248741991116
47.47433251339616 79.0562570015819
45.13800220093405 80.88333446964147
59.00598544659326 84.85196784940952
47.45494111067434 74.58209122217599
87.32150367716667 8.152165725417237
13.070127296616608 70.91672378846047
84.16712467494905 95.27215502244353
71.27707566586643 14.605622673721697
87.80120771493736 55.76504533573334
42.62515396744868 44.78596354032085
49.99537368052063 15.787569001479195
68.58093573246491 0.10058174340590309
87.26209270726177 44.95724699249517
84.1663165536852 81.5259544712893
40.78009224624854 87.94495617689968
41.42596282903439 26.394423652986987
5.095640043967231 44.073983226403634
98.72196816947276 49.40694383436644
65.88437739121078 7.308928684319738
10.575727204744801 28.52289048173693
29.301813623606556 57.73108061166643
67.47177594158433 23.572768108836662
91.1891708187492 11.623002405548434
50.91198712253655 4.286594812080158
25.118533995570512 21.821469178874842
25.78685443179234 54.58439135789508
21.033778167802673 10.542601778041295
88.62010630546095 70.3834507344862
19.95595840902955 9.970789312350625
21.283288193668625 12.268003865989318
1.1654368114403235 38.269161093668494
76.9211891864767 55.96370047774677
4.560509347542219 12.413693240837986
45.02431475078821 98.5401209478102
63.51891132643597 72.21135817482156
47.22859591308784 38.43070411886331
4.3328754158247 69.3387018151048
61.261274645652584 83.8799269180773
97.43192212634419 20.208677035051025
3.4630489487071703 83.82312834437904
3.191186694773074 46.883664545754186
18.034593025374157 95.5522786124867
41.99658945373481 9.506709509934307
39.29379521387002 40.704744012862484
50.42168656322643 72.79407291923337
76.12292035148238 84.43777220398248
98.460278971747 65.19098836817636
60.20409201022097 21.210541895642223
83.38132752631697 15.2132253152655
93.41152829909392 18.016345455393523
39.445097803499166 43.28098992668503
33.158019434942034 32.716731058673034
72.09121693511523 89.07171935524234
37.0129232743021 76.88116834128789
12.523760120649952 23.368873858358906
22.861104192894153 61.15047286705053
11.886958687072436 71.28320927421264
79.38131506156485 15.30648835067887
55.522011398083436 95.73116817842215
62.80427634241412 34.690239316265156
99.46492038320314 46.776137535811976
63.297623154095795 32.08477810908874
49.80268364094924 62.00609112133624
61.6478208266938 4.209589720647444
40.7098210384909 34.4039879392887
95.34560450578329 58.88700530917761
84.55164556399612 43.53668866629552
79.99811094040041 96.90911785544651
36.646369205210114 41.48338234805629
92.54039105218597 38.91533082600815
63.149733190856885 69.53381299808498
55.54271102963138 14.352730824757632
93.07322597692074 44.89642394970521
76.80019027957508 13.425304551598426
41.29083178824211 59.55078027304248
24.680064452717552 19.719201027771717
69.48488557598989 65.45421151241655
54.411876687101525 65.22812856717056
79.24647844495016 91.71449418148259
27.089870746834997 9.7379589663118
87.75186190706053 59.02865832369966
64.80572013615604 25.077148211300894
17.514087563005365 2.930642036062303
48.45598961380138 11.271672475610895
48.162537231907045 58.88916643993119
23.35902127121574 69.64221009411087
60.56174503846581 21.052170104915735
50.526570408086656 38.468685113244774
0.7214711479141434 82.10764096199085
4.738700849347888 90.1577591919413
70.32714217288738 87.0455747081628
8.869265903457269 15.85242255854924
6.73196339638531 11.262850370106392
58.69994699974414 38.441553221933965
52.68014306950204 13.687369337476497
46.5462266485251 10.135629382686574
69.18881387119946 75.54941594905766
3.6188649803756245 32.03726358557755
98.51549685350246 96.42810230600848
31.306790638029014 7.731887593458686
62.65704299247885 21.638907400874352
48.36661142675172 21.97821525025281
37.4626653742167 48.53304092768522
73.0119140412159 55.885874104695056
86.94037310371827 52.54741834537195
26.352595749952368 85.04114808618756
38.75442352943219 84.74932984673036
32.587508649083574 28.942893537942304
28.276747783043298 48.22623443129408
80.45805970318136 3.20056721272175
88.21354449051455 38.3106213612969
79.29447931184444 34.25368779795781
89.97992614112206 39.301462130896645
2.872146713753332 31.450946169123874
88.64654242398208 91.09950316710285
55.053040472725726 66.63301936066036
3.649510636384945 66.53572740215085
45.61253292456819 85.88737232663777
12.534694422746195 54.92588071857514
78.31484186231212 1.8559641522089665
0.6408789749989374 64.86348402520701
52.887708692561695 89.70054027999608
63.945679617439936 63.16223259542384
91.58085786349959 84.52230337150625
13.987623923684644 49.633578864626045
9.484393722024675 92.37886094528147
69.94197413895094 51.40958998745844
78.98611989735882 31.86706913633188
33.19629148645926 45.630523851835505
54.2428273416907 14.779682895802093
81.93159643413064 90.90088150053516
97.72988421656765 25.251828575252677
62.960500587351675 68.51507691221454
58.13634599561157 63.958203743574416
27.719940955543223 90.95568986466749
34.23295631153693 36.403874808031354
21.043133538327318 37.14537553171997
89.26482501850859 75.28544719001088
49.36904181017434 35.68395303315346
19.919223934473894 17.68739637411132
42.59921202354733 36.1314702930722
46.762555539558036 71.73758640973398
3.9429589969624868 59.40353970921572
17.206183136596962 19.33424359668985
95.59074423345362 8.165009747778008
67.18842493743118 89.48218539790611
27.58125142691201 20.03929229189998
59.736644282006246 60.09275676453192
86.5376790168577 92.18552044701991
36.25776872806527 83.54945322169038
99.24957403795338 34.36319665968108
30.60612356101604 11.268274469590022
12.735842137984378 28.48922778103724
68.43280349978662 23.227407261626375
33.39414555782856 99.94266148820816
99.52142730611158 96.58218066610445
24.97360294880999 18.999598894156634
44.754016909612204 17.33795926721038
31.34786643318992 23.83158718772367
37.07460764967103 12.105957511262178
3.6254820821320033 43.0179304128681
98.04402166381922 1.0173695934831084
89.04021630020438 69.00754546135468
42.39254104804551 35.673268379032244
61.1434633686555 99.04094229048293
46.37913381975607 35.956881477906364
75.39504315077433 33.559602662233566
99.64030954533449 91.45319007562745
80.15642947692297 69.24181720375
99.47448471142056 47.14315014234618
30.38858541793472 61.872950160024146
10.292884763507448 33.24244115156327
74.0050026994536 73.01877116591524
68.73878642885325 57.25949529302095
9.360300575323999 98.53492526672282
46.540355780153476 71.72206068627418
77.04373900141836 85.03434375231791
49.65466870556921 76.61679654755815
91.2503033259375 23.404469147004136
90.63053406808947 71.78502195036273
22.106483029199865 92.3315397710444
84.83974743514355 65.01898767842953
5.799404529503049 29.2302145589167
24.278276335188444 73.52619777945557
64.65605874196444 84.8636396401989
48.537634662854835 36.74629602738897
66.05442736894756 89.55723243298368
11.824840641434964 71.75823148168767
75.35148003989 5.796757357932036
99.72238122676235 66.76104826667071
57.55233288504695 56.478163580424564
86.77644816104568 31.82536157066762
71.9940696222227 19.63054914930855
64.28452409252172 11.415101017564954
31.827727815203954 6.6046051742300715
6.959729138744342 75.41992754891875
47.67294518589675 9.552272292017449
77.77228077863758 71.24995067732098
59.609462182400904 36.32742466368237
53.75976144803487 15.037324518908513
73.77080206343139 70.30520515580119
40.77174728450541 49.19427540270771
12.222094213678169 79.16796372811083
13.32405247604207 80.00614999461526
4.585298864520326 35.22849291224135
69.17373393576763 28.433102767129736
84.91318249666281 40.433156414738946
22.736704036871803 66.55814916693011
7.334379804102875 76.08443420135409
5.681252644344248 84.16837929784813
48.066596622295734 56.14255984925616
98.45688755277415 31.827666626776075
91.23825674966761 4.959355061492365
80.92223885219536 50.07767852071654
58.00254618285787 76.41082333692512
55.39774086445923 77.75771681322512
3.043613546407764 10.28738073226907
57.5048540782364 11.84496443801104
58.50591439031243 35.22994322851467
36.57382378415874 57.48770650361366
72.72379725769369 14.216139189313214
19.967518652998308 42.06846313016654
12.715638605305447 11.785784016505453
10.336709952780554 26.91018212771592
0.7773321776277653 26.57435021991561
5.252312263927061 55.30679749145511
3.939548506053181 55.61318282160788
66.44107409575379 16.332013392887255
43.85788103975743 74.6687355132313
52.07290840886154 78.63629942770977
59.23653580268211 1.8066088655832369
45.00074645523251 80.05169327924517
52.295736215894316 28.857828492256267
15.102862393259242 37.23570738131423
3.3138939794287614 75.28203605028065
24.43285999716627 33.43304848788004
14.660130967318219 97.13322809268958
77.32175126875727 46.512921820572075
1.2794566390485596 32.17611187098255
68.14856565295852 65.18963765633423
38.78158060162773 52.82167934743989
58.84471273591838 25.677811060203414
69.60397310546323 24.65824697014922
43.318293628615365 83.52817451433647
62.78224352858604 61.84246562724667
6.276987197186612 34.58533684802898
37.88985736774022 91.08458751971959
22.91210701027282 55.65601846715032
10.89593127424504 58.05816193884355
95.60807758572338 15.354066222774087
78.5756211978442 12.360547435762893
35.90392319401043 53.251252478552516
69.71601089336174 72.35667968004536
51.8916909280291 34.9391967158436
29.730960035785525 74.3070759448635
12.352757215105115 33.08621782568948
39.100615954067706 33.3728275433935
32.77692518766169 52.271574898934084
7.869597163116726 68.91060957530615
38.407274899631894 26.02283236897631
63.21798058093011 68.04360365134868
74.52937313571002 22.62317949060599
37.46616418075388 96.37158633070288
21.142450171041993 66.27357977060866
26.604581742476064 50.77305672629861
13.185511799597505 51.01293139928566
85.76526763428119 44.90552011245483
81.94768094010772 2.5849578577690213
85.84684740664987 65.4447947353753
98.58296666133822 49.15734151031512
52.73778620724545 29.8362601811871
46.38984953972793 60.41229348882196
32.34289574397317 68.56204945587103
66.63802130009873 86.86900562999251
50.38533646449317 46.863703933963194
67.20250945394064 61.53518272379166
40.97557316273897 53.42583831551144
59.14414022165584 77.7998772947516
93.24288590506806 77.01807469655981
86.02599483067168 59.05031785597872
8.646831627664241 35.623220276864664
39.3466525016144 56.58191598884845
56.952967487941784 29.94887904815169
42.37777491871224 11.325569722007312
61.05620967843435 32.38832718835849
82.36268926979204 25.672296962570982
7.872445056451327 36.28458741694365
66.1845570284231 80.12796312574213
44.60146076947851 20.89610392792256
58.32490352429473 41.04362754443469
90.58180890159807 10.664195466496107
80.47241816624316 70.2571556313889
35.953759004546605 97.51411727042989
86.54438942575591 23.652437841413153
53.29058537228195 63.148256184120214
19.04824610121969 53.866730293768875
0.6734197120959795 98.39698921332136
38.81568231359216 21.0399857157068
88.69285276904873 38.55923791085858
25.133729605059973 44.15478087088302
48.05159547503115 98.36670702947781
28.5508146646964 39.38928527507362
46.603786694969585 88.76185369161824
17.423966533427592 75.24278839573817
11.370150988220583 35.98697399627881
92.33696778710329 24.07703590017045
46.663969030151065 80.38037657838586
28.146117206891507 15.923409187272775
42.10129426901301 55.580503722307604
11.59548089322071 57.27179233854982
85.98011680260404 4.133330999130758
49.03556780240721 76.8365622836787
84.71834187418754 58.294404683578115
68.3786221164236 15.132172111308684
19.703124680739805 52.5411889435119
74.42566849097155 57.35276815380019
6.374790466149305 11.113777925142386
48.467400073287294 79.64121662330177
76.52776676122346 17.717025986097124
18.222596720154804 12.319919773706456
79.37387325860085 28.91027117408791
64.0458089840116 67.24377540297934
90.00305201868943 29.02190227379462
69.24721687377398 28.390205947015822
12.190013125451182 93.94423167578071
97.78949065296989 45.003036606145976
78.9246538729619 60.94798385777953
58.67492783716444 33.97591179553447
76.55105590224163 51.80121250638425
78.44452331483629 92.8429360515036
75.36728847486833 97.49636337524872
37.80549520046126 33.59206165249571
81.56982725840349 33.054948782162505
45.982292940868376 34.83389548248304
84.41485386031553 66.0883625845727
70.30622051070942 58.03717240480535
85.8868437494408 81.4979741291015
66.75788088314563 75.68898890671316
52.04952540632177 13.456363034798535
32.71871670528219 47.5857607989082
1.5827887941403551 98.48436158146376
1.3875125161502577 73.69532641798486
11.373946482734754 31.2128573701846
48.07498584491081 81.87104980875488
79.82108515682307 35.90637812043194
77.55364256003591 9.171298080700097
94.78719162463211 73.57522376685823
77.36860522188162 25.529461394268704
37.12396650100822 42.33177029486461
62.72772569238365 87.79648264391709
3.736277762448359 55.308592720351356
23.33839931729038 5.5302031451220035
45.679443988582456 93.19575600970032
19.62725181875684 38.50459774300137
33.52321028501941 89.48396707769358
74.5645931289888 91.69375411328673
17.010430298689094 68.03095148447615
88.8106620003301 98.69760830562664
38.55892498586808 96.35139014336293
6.38253346567641 65.72018537608173
14.441834123414532 0.04361614798409352
35.20164277347089 61.971281970803595
59.47818848989013 37.02729258600692
70.64681442847025 69.49474424975894
55.3614181471932 32.60760786329706
18.70508148615304 41.0212802992566
99.33088680797553 58.24864662814222
10.279818415863918 84.05874660467354
37.705486924762056 33.34051565368761
3.3489109914017323 28.942191375601833
11.444032826478633 32.53092538278748
79.63500441483534 68.81709406931232
47.79422564278568 67.62061948700753
51.076261680630154 5.230873074283715
62.97972091102899 72.34566145541108
5.8897797364264814 36.83587671112814
65.50644163217908 27.21776120108279
48.91934470327062 55.86224985860326
60.14139982079525 64.23054448077943
53.517783199789015 13.119440174213048
61.728299957068785 23.660684193880854
75.65514343137711 2.2549859505803127
98.34460592688575 69.03272849076718
20.980417467330792 96.689416418366
82.85001350597045 16.373340336486052
68.23794201941978 25.45164629071399
44.36950274207694 78.46080996632152
96.12707041356249 11.08673684150765
82.89372631087811 83.84405328650185
24.49595472484645 42.68818744985114
69.74023022889868 56.974330356947014
94.34658152657241 61.93044538627288
17.47335525109799 86.29884526327562
98.85498715365321 94.37035929736437
90.82792551506245 61.82032527903267
43.60245419770623 76.6295738639887
14.676007985840167 67.96446517801111
30.399098801276892 31.761565107695944
98.8575651428202 77.25274410358661
78.82188466423436 43.816372101526554
9.455758914764111 90.05705460195792
49.30153429982216 40.522955894422786
1.3778613573845577 33.0176289193483
99.26206273023193 40.672218431711784
60.18434262183094 32.41040678603908
49.80433405826459 68.57679776544859
28.181107954473504 90.12488412602741
93.63816306989182 26.900129420336462
42.513439532242046 10.1550123347115
79.70484296121461 63.00487684632583
11.513533368320662 2.0707671854719
20.95025160953248 80.67533982125772
52.79480957375169 89.93677687327842
36.37603350330198 92.04723073263428
4.129052687106061 19.872221394304024
76.9010800714061 60.28718917263887
61.38909508998673 28.58628372335097
65.03300473787084 9.85992468344612
14.498175608836906 54.495404415800984
10.404857929949873 31.34243273689632
93.19614591556484 41.42286196061957
94.77430211123581 90.91590324208487
33.1903793565437 19.281954576820937
53.28024376317788 72.6873875015919
36.08873298573909 41.98028615538638
91.73758703158241 78.4446073963715
46.55201881471673 74.6270924463863
43.12960500845111 78.72181400197564
42.368654944039584 9.124354013254333
89.20799363789264 98.49906066141185
17.764897034776016 15.819295016307787
18.868801781767864 82.04757247991373
29.20026776082092 88.65128257765403
81.86754428010579 77.88552856343543
33.576733304983584 45.32495106852943
72.58105974431292 73.69584474438228
93.93508525160841 61.21553259882195
84.81223480553999 20.269581927832792
60.57466958981921 59.789026435327706
76.42457586126929 4.466694756244105
59.68050931765345 15.544633478878556
11.737193060286465 10.56274411019913
35.43912185722613 36.494762410611735
28.007060663466234 85.52184745446523
95.80061824937151 41.41578348148194
22.78489345491188 64.86608642162544
19.00693041806838 55.31538152946589
82.27550186602437 54.864766099985076
55.14252018870569 45.27374671269726
26.63248681750039 81.88264959069342
2.9551173276426868 46.22403972971541
45.60389514646537 54.08277039881184
73.62971232609978 81.43603398298463
82.40112186365297 52.641164139153695
76.93023134756547 15.081356158209491
39.974699459688345 23.27300846630289
14.74604723219115 56.07392318738182
84.37573379955154 3.7700118754573353
51.45785767570232 54.327108851323366
92.73558411048342 47.14438929011722
5.711544386532319 89.06601205769344
64.1980868236747 28.753187601013042
88.61429199249483 78.00694997685285
78.69843443284563 42.01873772774258
10.773322087012671 8.721498604259592
65.75963648686826 19.712640511270727
31.874584142660154 11.03288180778339
80.34443193414246 92.41099781100381
77.09610975972039 57.10298931639508
73.3512894694544 51.51031903778189
34.464965145659264 73.43587777471754
14.39924355329918 45.48048135162173
74.10260154724537 76.70578103817766
95.26880323869614 76.6036446904383
74.40152451976073 94.33052642049067
59.67864532611507 24.195997271561676
2.9193076104063076 61.44646960941258
21.54162003464677 85.39145982590924
9.827184896009268 43.09282110818218
9.42221811513475 87.88383906494235
14.135868914467874 89.57641609670908
57.6743825842386 96.08662183389197
2.123376741855476 95.80014097145838
67.93349514961844 30.794171697925176
0.22666719660575652 99.17594556318608
49.31968539076561 57.38072470876687
54.554638814536574 99.57387752781588
50.08458336483945 30.172743883446085
70.29350351495384 46.07581735557018
68.20324523097997 81.94968089318245
73.29172209058366 61.87135842940701
84.73596380156448 34.62668690313291
72.6675293687921 6.8491135075713805
73.6534915364317 4.156397439258641
0.4788457206894581 83.81505161770899
19.77474969662527 64.45726130376157
57.33005716507669 77.60050389218898
73.59715324156258 58.71505223510849
84.59686231604778 76.89525724842143
73.07603283388977 49.69808096151609
31.1384731306934 10.623784297456918
45.74285883225462 47.79374730830224
92.83781441285916 93.79363368079676
43.72832362827066 52.20932397978375
