410
1 3
12.733077657503934 23.61275858011207
21.593276144019246 11.241720415883494
31.318669464283765 50.210846123047446
74.02964588370584 61.856248573741254
86.14644774765998 37.71332413123736
96.6148512798074 5.480383253894816
21.762815280185976 33.88549750350776
96.66531002902683 17.11350198180135
24.444215302096083 44.95853950381772
99.16376682044081 34.4976664373585
66.54335959844143 67.38287826640263
37.710316817298505 39.92557043183174
67.03776600496869 35.4178021240936
76.15894593143233 92.3118607216862
66.64252020362184 23.25933339849935
42.68464787694774 68.7724587661616
42.402281577764796 16.024191761072217
99.83972331808108 14.429461234545515
43.85670254935192 35.71291327447395
74.93847418344212 77.83143009370627
22.784325454035546 9.5518511285972
42.53991818676568 57.65014162977733
13.544137503860764 29.534127729713045
34.372872125785925 31.591722071082494
23.53751446134764 81.2830328943328
61.20334410918873 66.03241322462571
41.26862565994902 44.44608495751958
17.820415260299207 88.62785705054486
77.14682432136131 41.53982480402782
80.87173815378239 55.9242653816445
82.92135701532284 53.971648218769516
33.77928575853568 34.089208042292185
92.71798201633841 11.82991826690738
40.59341116992052 72.13595477280161
0.5277189651623937 78.36516627707266
64.35831915464271 95.47672172959285
22.488059871513855 93.48812338627974
62.31286081059497 19.852112809853818
25.28838147511532 43.578399561322875
76.35945088253979 36.91938340102634
54.42141005931753 94.41767546326932
51.65995324123776 71.21543152547814
99.42360015014087 29.109407950704046
34.72440057059545 57.34097919933201
14.127808922402242 27.89731157451203
75.11972464342433 66.67071119395287
21.728863095286897 0.5212222571257641
93.0267768394835 16.606779271139317
32.47597281923866 85.72720559910734
24.94696860980543 74.8500110454576
35.464441097813236 81.7381975154292
10.695365150724644 88.88330333479185
17.573614799266114 42.11441698629066
5.267432433619557 20.17735097846831
79.62333531387733 21.665081026395573
32.62138930617846 2.6061892634032358
9.42953963512123 53.14500356695477
80.15347754373931 79.65793553829852
54.09719985119976 10.909306439771061
77.17979424305848 91.48557580887807
46.6975007446609 70.00536495906194
92.95841393541463 68.38951845928065
20.203472416971024 46.05159079301468
79.94853171891299 87.43651506238741
4.044755879993511 13.754924878056407
97.79137595194842 79.19532735939663
61.86639666356688 68.3995447861635
32.5977999579681 26.76269483566285
34.823030929107055 36.87749540802625
98.97574162348678 67.70505955911443
57.39275625440323 83.89223181120389
7.643097418920464 45.23357369362078
5.455732890145604 48.041984769698274
42.24878130920773 27.7692019762527
94.47097652283409 58.27628678015395
46.14856895658357 95.135637076127
91.18076144118896 59.098998359965194
25.55813451209159 66.4262282941477
19.82111830038422 23.647090809583382
54.109077984120304 97.79904473578651
26.847512577521847 94.9638516935603
60.9314163182536 95.36737838125158
49.493236602951974 39.265276627007765
61.90358481414528 6.2961447983460594
34.32072126961532 78.67154439909008
21.434609830953 85.89614653044913
83.77538619050056 14.206785702351233
78.97172264606236 98.59574409261612
90.65385414776735 23.28697786735581
95.72769609588025 24.143711166456217
40.323651499805344 43.50565007239917
68.97284286251046 8.643286293500395
51.386077736534055 94.02239641026102
60.89952626460142 17.725284772984985
3.1485030343502807 74.68657323160677
96.15358583178208 54.590460121385554
75.04649054888262 74.09191214234309
21.964646366755723 73.69477997558542
6.769543381651322 19.962784060851323
64.45613806305089 87.6732019945112
56.166557697799725 20.224838121852695
55.62607362375758 89.13991938562931
1.8442990738289256 28.921536238349653
3.1202796092172136 68.07638666388998
23.231900447098752 93.22545009871837
50.807281608200874 85.18641546124803
89.2057099100036 40.01652030654772
68.17597245648656 8.439989946433023
15.869025188213826 40.652290708712925
58.74615349019694 87.50897507020485
15.376185501565963 42.48836873849369
74.13634789839656 74.34055317265064
97.92281266514877 18.623671826401768
78.5503615287149 1.3573533389974468
76.31962092848168 13.736527378343744
3.850346942997618 68.46011585604195
71.5774271813892 36.6067324471093
52.68716721569777 67.50474996902372
70.54943752572306 55.419641302113966
26.722312997474983 63.89298014401985
26.753880820495944 5.675395249415249
19.184458454281362 15.116885630669795
18.66080081926733 27.985880772632488
62.05915031116174 63.84364222161481
38.99456894145818 10.589294472164145
48.69301317116648 79.43518251546524
53.73278485584796 26.167154886880017
33.67178870609162 46.438858799533044
86.18791997406674 91.24961552588631
50.67983441386541 73.6115772853014
55.358703813399444 58.20177573595213
18.68656053552533 43.96404422961262
55.50702416060855 63.25750167572131
32.66378784274308 49.99482276560929
37.02211627311696 55.71451361678912
89.16651980168663 0.6215991308768043
9.32704580463215 24.300589691829664
64.34247854687159 33.241861473986624
88.46798041295219 25.348998315657244
22.267277285899723 26.680916237149187
66.18169368318063 80.49749461188733
77.47060005180799 37.310695685099084
47.93679514323126 95.84114813832076
82.11374892366898 38.22271918108362
21.070496643419247 83.14304877268019
67.83064409021652 87.46550189127137
52.896397438892784 27.08398570560224
49.36053975440107 60.71197032751119
78.9019103401854 30.987711386680928
61.810558250990354 50.864363734936276
66.76074456076489 76.42374181789002
23.72592440537231 43.803926213456876
51.15770364327867 47.05527494548787
68.16008685766771 44.021123826996124
45.42698438564305 40.548963012404805
31.077212224448992 82.99757357535849
71.06926787412175 90.00930382850481
6.024834740323093 53.35159053851666
77.72461725577391 30.75530941737099
38.27140943980047 97.93584356067294
40.57148897820255 56.541351272283876
52.824038989395206 10.402596707541933
51.52893688253921 41.08551415750428
51.70273179284213 23.44180604845212
58.66875605823558 49.77435742195826
3.9744839604731963 62.493719105427644
97.89760188480979 42.86825702154113
18.43976939663832 43.708082855090026
44.537815025700155 32.83111046610374
90.04562675237099 10.003674695293952
4.181118934509209 17.40910984270394
82.56272033745475 94.33383230705078
40.57946160351011 56.07966209777893
17.995247255271796 96.93017362056311
61.19837857792969 59.23303920971952
56.81672385133301 47.62188319616085
67.69941484419826 33.11178507282237
52.518653083098776 98.47292366111748
64.59474759208396 53.3950231662772
27.030077455259782 92.84858518479882
79.56976611133322 39.66465782900605
37.27558728224905 82.00383805439478
80.35106654687434 35.56740520781372
45.35691470974834 26.75585353883214
52.61049048401032 11.478579170982318
87.91526527168996 79.31536106739736
68.3101410021381 4.382305694654387
38.555611985659596 89.70604015619963
60.29504212931811 35.55051796529263
84.99519673316517 5.706359426252128
97.99999427108202 81.1778563008984
53.61112090303819 44.03139349730423
40.172742858586965 84.00560017755456
72.73921911220155 0.9849015911918668
75.88596764715898 33.5081535899987
57.800138444804006 92.44924063179043
30.08921310662611 85.28301861313477
88.6973050535002 4.31164214650781
74.45273986239656 38.779157207292144
51.71923215345369 45.19437959323578
77.71302803909632 42.08095344614973
70.03186525861393 57.853801921782534
37.54630334968652 59.55054735969212
26.921519853191867 97.37602156099787
10.941645609756346 79.5450239357829
85.88194595188645 48.13776394014893
78.27937895542523 63.321263190063014
31.33469772611628 11.885881662832954
50.43691276112436 14.195853078623477
54.20200396223063 53.90621182682687
30.666124579532838 92.64458424806325
51.47993714795527 58.627226701134916
19.802912977621133 73.76152115564503
35.01941717648969 78.18890003359165
4.348071054582681 99.80069404872047
9.655267013936285 22.04945728846046
59.79097450296007 7.167273174228428
5.448749947123588 90.01915360644513
4.598514392888586 62.279715766398745
6.553451724559323 77.55286028495101
80.33106936724027 51.44675490436583
29.17357380277341 41.89566220452892
4.084325764667729 96.55182652621666
74.19274235659772 67.30925763311673
2.232255691472673 7.388025841686119
83.13478505285798 11.453929141029429
56.300998982975 6.866625599765364
74.5428498692412 34.71914077804197
40.34647002172018 63.38496418759176
82.05112941147632 57.77228449903306
38.11405198647482 6.581264992386471
42.1960629281134 14.897897156869
91.633337159437 94.287765857868
19.85695619109564 0.22590428902107274
12.869361405692992 6.611822080761143
34.82908315580673 24.976006371175874
38.68855476273143 94.30457509285897
91.7223299437602 0.7205099670425597
40.502131631359006 97.20274496837251
30.630399430811117 79.41921706129646
64.85733725834342 9.221503046688873
98.27750531525301 99.34272730308398
55.46779113474143 44.68186619691616
1.0912546391501632 8.49370988489564
56.99570796542781 9.791445412997057
21.877054730301083 28.390490177573447
73.5309257682162 35.50359230127296
31.07513105429036 66.51600679567109
14.412542111735416 93.69904119601725
54.60616359604269 62.832679515879185
30.401629956145946 84.47703014840047
7.297445236105404 61.2764592218823
38.01653904983135 77.17085610628696
74.18221643292644 53.747363823731156
91.40678053637967 51.434730125894234
17.46995498563453 58.23051918996897
4.963324125552027 7.974624045151191
30.60649844608456 30.565550946649434
57.87108936328769 88.68272850531041
26.956344053646397 25.82852939967768
28.329620372776066 10.972958711037517
79.38923118889096 18.04075015933375
87.09321001289855 74.33703408439789
43.219442434178745 96.03908170751916
2.0532167371629217 77.93422469384677
27.082439308993855 53.67621433244389
49.49899023922764 99.30673322410901
63.117956769111096 10.383408964656304
5.604962655207979 49.776865277777496
47.70028147065168 29.248595595699367
59.75304463197908 40.09533439317325
9.118693392147703 51.96467641136084
48.417068839270215 98.56836134877969
44.34489948919469 77.74501220086208
77.5957491601479 93.78948100588984
48.68726961713132 95.56784696879919
68.55273791862204 66.01744117687423
12.301871056994518 90.83800212946365
28.644874590682278 84.03965843480012
89.53956556039554 49.800531295547714
3.7694564450722945 16.79586154868995
12.42262384180206 1.5608982113520575
40.5531943760302 61.29925294671703
81.69876879943538 76.71642907228258
99.09562750408662 58.45159841464813
93.84441375961288 34.68513955834946
59.522540705959656 41.10423981153151
84.42072173554394 89.41283145254417
18.072451285823156 51.17841734946178
6.910905704726256 68.39320994878086
60.745993392025625 32.0585867690669
32.61134303742166 67.51172884624765
51.56681780286965 92.81757712371008
35.88187631443229 60.32624139194933
73.16704612753708 53.47880656024719
4.993569041655954 33.37037430424314
46.2739180340936 45.10319002468668
43.49458237050743 21.114552554705135
51.730424918757414 73.06119749226296
37.08258550313532 74.02057394699457
46.384363780769974 10.584834334644944
31.418336084983455 85.3739289373469
37.112312608335344 98.20278249765381
41.04009064713223 2.371275705603204
86.34383272587908 13.26270044530624
55.03781421121836 39.57782440090551
89.17946527560771 42.82976144564652
37.964541954578635 63.70595505539636
0.28532656804880485 42.89401913227107
25.996473383249572 21.78188664554068
37.93767140092981 30.511968144982248
29.88233769980524 40.945173023542836
68.88243863726149 39.898448049097055
59.866885767048196 32.39539865870176
34.07085261294003 19.920018505892777
96.52813561570053 4.223159369946461
35.254609921016545 41.01097212545752
3.531370437314729 2.3357507495891605
8.020021361802844 84.22280515038618
22.828990179598474 88.38603466316842
26.965614843351226 55.93345326623622
29.474570157220924 50.937288962020965
58.16258577732416 46.146415553264596
42.50849445066747 62.537083541286954
60.26464622373866 74.49391897606712
86.67494239534183 84.53670545151564
69.13935306829353 29.3276206545007
73.92202224784799 2.2806743691160536
22.487101514715956 59.83886486814212
23.65634944038202 74.93567068211524
20.134774835803924 32.013739309273845
51.86826055154936 45.11441426105625
80.50953365412418 82.19591388643586
0.4776218405369237 12.549505847076702
82.00757071195144 44.0914329899734
2.10355245102658 21.123729963980665
78.73397092280301 65.73093006511507
25.615099947537857 61.33011524864538
73.9162554255858 6.576417947677182
66.32596831509478 91.32160169976405
38.11382630726601 49.01171686011312
37.5173430577451 78.90424541571362
28.396994502076602 25.058622644183682
6.908757545004862 8.398750614016649
21.467005109586125 78.90938886216571
4.060558233524003 96.68639673012503
27.525643613238703 73.70359314625894
35.28751574314708 42.81947447205696
63.37130549972476 99.80617516205206
75.5138788821554 26.227678739669493
22.582053651610657 16.404244482629025
91.72263421506513 68.58767551041483
66.46174326174565 74.3618055874411
87.66628933284521 62.58086083798453
65.12146817810955 84.96913917593487
50.825890754338474 27.50488979214971
26.777691247124768 71.78449081771446
26.31623428348375 56.59547423290048
85.0119634210875 54.15740686004153
19.333432584333487 20.06181535644118
42.49099779617631 58.48159049669874
63.152193595922654 3.798055061891903
30.333909010457695 47.70758539807514
18.034366601191152 56.84554207513373
4.740807372354006 56.133394279836835
52.31042347725467 14.482380330815015
18.519078968796077 66.91412033716556
46.262172820489475 65.22731320988058
27.48190237897603 82.60487423506572
99.33765985896838 30.63493033382425
2.154392670597205 3.919136106794574
19.049605369235856 79.5669707403365
53.33504742144575 71.26054514929243
31.868692021049448 84.68360867430911
10.826341115961991 24.358721456055488
26.487429400426834 57.61930958596686
32.7935363080655 63.78823808420386
55.08447447407574 43.81089453526572
50.42792159838094 9.671852262829294
16.43796206422108 64.21149830806326
14.109713550774217 53.585898298337106
91.16493412828991 20.95900658738308
29.770041858935524 5.445288862395681
12.5676452563386 4.352324647075934
10.429588267897994 51.94739086012328
91.59138956175934 82.00564003940923
59.88276921460982 70.75042268692602
67.24709354096285 70.50879170524193
7.367764459480042 48.18669743714536
26.24642273736044 0.9915636423173835
52.830923770484084 65.95661379112468
71.07213068433846 28.651737291988823
43.77895952014059 56.11802382926094
50.52479033403958 41.417183229990954
94.02270914306878 65.49494599459793
83.22199816508906 37.95038592750946
28.18268649389346 98.29577312000754
81.99884845022245 22.42255230071144
38.30249878737631 26.887036970785296
26.13492582743795 10.79562672644614
68.24375229718942 88.60608953718759
40.818483727600594 48.67478295842107
67.84557527685178 80.88857223129126
34.35063716861062 96.26109315784652
44.10800951239406 87.72936772849123
98.81467472241006 61.930958873008166
22.637081258145297 43.96770030815975
61.53966270280622 37.176508038501325
98.34853868004667 95.72552713377831
49.97253532634633 6.738440361454301
