310
1 3
46.594442133151425 0.05771513699399655
74.85187976398574 6.299115745164996
18.807021530488477 18.580601283650466
59.78849086756477 6.943263563042135
78.55786101988728 21.469694905580305
69.74714415125993 71.19827851002667
44.65659785632763 73.33845953574662
92.6068357336505 84.21951219929733
66.97324277035844 85.9404908862349
7.444238601205577 98.49549686948865
95.59521911909101 57.84911388672378
31.545063449728584 87.72626497947687
3.10137267712145 9.288922419293822
76.82152131935598 13.848740875045173
41.07906780124151 94.93540454180246
91.85122257246347 71.31580906244723
62.518697325693154 39.46644439176013
45.55413904723211 40.37656581871361
43.57535215189863 55.51579630291754
46.959918364425455 30.740295673589955
28.81313106626098 48.64193525624947
76.84716971875511 27.1364135680062
98.06744734757599 23.784512793625634
15.244172079951612 40.09752672877769
71.3217529132421 46.394903096592024
26.559077437971812 25.906829803955667
81.97283299659695 78.24365156485382
73.26859525499081 69.72409753217941
15.105022725683526 79.3135219779582
65.48864696373604 30.895139732864465
47.984773983509996 33.00799288273786
33.332614554956706 7.696804788349398
33.663730757622034 25.1858994032623
52.88681074865844 51.00822179478905
22.919848482122852 20.450112967540335
58.854386470457484 89.64246762764625
24.69805458280543 95.82782435061952
78.15612595944586 65.9098576052369
41.15982151153954 36.289620566191786
22.9387887282698 51.46543645527484
46.4408946488839 21.020971819577493
31.66546043594454 86.7000417334544
40.90146606479061 27.84705215403558
65.85936597406806 46.85232071952426
50.30964209302036 9.37536210897607
47.93702868758072 90.83885377349962
44.94344989874091 68.46858929843943
11.043563213573693 10.918261841629295
96.44015793113876 95.19541677282253
8.395147637268563 30.905388381906242
76.49412097989806 44.236532978857525
19.94618347532713 13.117551852054653
52.249118867654666 83.11742989250226
11.82382412067724 41.9653018100004
53.64565002225865 80.31692922666755
26.517957189318064 95.64296000993092
82.45665590559486 65.624944868692
40.77821712782499 6.051897279567919
97.24276508204615 92.18305098601462
16.519270666431307 72.0004022144948
61.57185859043315 89.13352182941796
52.380782205812395 50.7619512336994
65.8122075947055 92.49170501991071
32.54458796440702 67.9013733396743
34.770266517912106 24.71372320399894
35.230966779063145 53.265054165750094
64.5479700341725 64.1008763398288
44.69575217790529 51.64025188172372
87.80263677297062 2.169185338800106
6.8757965141232 0.7812879998340572
83.28749313368205 8.024992939817711
12.107659668271452 73.11036539301688
26.48868322271516 73.26785259742326
43.621237824744426 28.367757166248133
41.31875604730519 49.68534999303851
24.65190810350355 35.98817608176024
24.564357900422106 20.413978249739007
70.75434058151704 83.91126382525627
34.27184815103954 25.36038498068287
16.36649659562277 91.76217592193143
34.334508538224014 78.27641883146354
65.2396460753558 72.34285141162651
41.332242138227684 17.971339405779084
23.925098042317284 25.74772027475929
24.267748025882785 93.57880439804995
40.90934556901558 27.471211046794906
13.378254672714585 44.538967810727634
71.61936641063097 75.60063338776119
7.622358915683747 95.51510795906913
49.51187008099269 29.247878789190352
69.75013154229465 69.51873132562586
40.106769495787354 33.54879487559796
95.20712314183339 82.10420548774991
85.01304268691146 44.73867330646919
62.90908747899711 54.33655994558051
57.73110847795224 60.143301759883514
10.090404721772162 75.44776933066117
95.58885206820338 36.9914569571749
5.063830119349744 75.40336485051546
22.16659348878014 74.60407158928773
77.54119870332465 90.91283724751
0.24005985273838348 39.526934422977476
33.35117712257731 28.39753053613776
29.509781132334645 93.30867907788596
74.10121657955749 82.63611246076874
6.408051349385135 73.03065758801294
0.9121451515671897 49.287387909050295
33.50229887017946 74.59793609383783
47.1238663573694 67.00934450645701
3.457325085926888 62.37123117338734
20.691383376052585 54.65459586671479
13.999595009711573 2.100580131339269
0.7445200509845318 23.52208652073835
29.501263060005357 74.21964030532533
8.921327749408814 54.742966700060514
6.667065878487 61.54506667895521
96.10377870362929 47.49776663384211
57.266614230628065 40.763943022131286
86.5392559256526 69.3691042580685
83.12933393150004 80.69200519425183
81.1389266118969 69.44606484783846
50.195807045930316 90.10648239835959
4.854704759244144 26.086000313405222
63.001256148152486 13.072821107044575
88.39746174889449 52.728021359477005
48.60608437969978 38.553354170954826
79.76137641970024 23.289327795592364
0.06493891793832862 38.69054560157228
57.244841228554044 29.50047032934464
42.740876146525444 87.7124688559469
70.18485732524647 34.29124560258492
70.27254645864834 30.038482195944162
87.61244640565408 96.87856967261746
37.115051712886185 26.062544821208576
42.16832233100718 45.69249530043511
91.9172065248939 11.106604711899571
25.08104737723851 89.96910245807084
84.87784293239413 39.77323508030695
17.378203376066214 47.35740305805343
9.478228288533884 50.017278708083836
29.576704466627433 22.145237943456042
0.34372292716926545 45.700028196203576
49.13875210904568 6.502218216251099
16.458201683277984 18.637088962063196
46.31958818249626 97.63196384349781
70.61461935204872 6.1875404244673415
37.45645232759907 89.77258850200509
20.086570819069372 23.581501781528825
53.27824601520634 55.380929321860336
54.34613192208071 16.704688711921346
42.04748986808937 57.351711452473594
56.419933129420905 56.5456011152184
80.63467844649242 98.47092415343435
66.93251524300314 48.119173777452275
62.91148030155911 3.26517891738789
25.790773860120453 35.91746393001263
10.370479193741588 15.276216241202278
2.4816118690913713 89.4639159737603
38.73278991310036 63.678862638520826
45.435018127089386 67.54805603861465
26.735579250488684 46.04850300448737
50.67731884449274 61.503842808284936
84.25164331831209 25.59805179714507
81.10972634083036 66.15042619572844
80.0876021126586 72.85167066022215
48.76841022068417 99.85082236269692
4.091182416901118 1.2421067006695985
0.5252834808848972 26.76713683228371
22.074582324230896 38.51936654187209
73.04613859518787 77.81642458886297
0.44816361763473367 45.30662412854192
0.891652615636418 33.529376176474265
54.27285767403658 69.00267238108897
67.06709866206305 95.51593454972318
27.773952741892426 19.46610386087455
31.03947289806208 6.90788724926501
43.060897140280915 27.6903971142352
85.27839409720015 59.05433984047874
25.199405841627986 83.45863522718469
54.87231446986267 76.71476017208394
88.92953717739978 74.06718154213937
69.25739384319549 20.423429500033684
16.872517323339984 11.831304194403502
42.90748340353747 91.05572367610242
82.36765206256966 5.07684540373976
32.294569196262415 18.882296727034852
16.074733862899883 23.41891240781586
82.59203918858402 4.271920959963227
44.01654287334287 29.593580173137003
10.419366937373864 42.08815627199942
79.21196085274758 84.6748549635344
41.00407022158981 89.38039766292529
64.37262273883432 34.753189131528295
60.01513152975644 69.61776149987955
70.60928196314616 1.1188221969375967
56.40032054994657 33.271680554546194
58.12523333086763 65.15778555362996
98.21729416560676 73.75281590065619
45.229816748876274 41.71258193543081
88.97676222623723 83.9783766382182
18.550937127093903 37.3937992613981
95.78482235339929 85.73634177886169
32.65786632381553 69.26418406779295
81.92790820602069 9.863842543932645
1.5339620623273875 18.967977816973992
12.785865894261473 96.65748494625926
88.94046392367744 22.174081655955092
69.55031665148002 31.50525285983059
57.30332240882539 54.634513134197114
38.439514458636225 98.45703401989945
42.24375869338406 83.89468949612333
9.47542487630253 19.42925182137698
40.25702271993281 92.94467450624136
83.9342966149894 82.03182433886822
21.9484044011385 57.73713940730283
15.037048047053148 82.58121591859941
58.00834494609495 29.453556371166467
2.706418936516175 60.78308779840873
25.46564482064799 62.971263863217345
71.74918316724752 54.20540510911698
37.96039225415668 67.64239565574121
89.73329707485263 96.04389019610747
40.098258543267804 30.08305317979032
71.97933318294557 46.61668478252166
75.01397079241255 15.853227262086778
31.228864793616285 69.01911755851948
11.48099853288933 49.2968736975087
1.5758370371321995 77.66994361466644
80.39308847117081 80.20773530091736
37.393781275959626 71.9344659057765
18.69653977163328 91.23493631054384
15.69714046128583 24.736233597830438
16.50975786534039 28.6166591231942
68.21025602618502 61.46312804046807
35.3832408777333 10.855634583942608
14.126886921897984 35.18362990988266
38.5329588652566 47.412002494105266
16.948490887807523 73.91358766193004
22.006353945164435 33.691910352057455
24.912237276486017 39.631149591495074
47.94241833224746 13.504859869393915
42.73133721036524 43.90177874704864
68.0832589097048 31.90971825019322
18.669042827844585 82.7614635532694
95.23362317854505 64.17023899856609
25.8213492949271 13.552250480332706
37.27024132838941 17.501115199275596
63.49144062452288 80.29809889366423
32.81573236235946 94.31636773966028
8.373275908019838 97.01406720888261
85.4299245070138 71.03371791620098
50.659217894891604 23.264404196066657
37.01118765867797 25.98781651997799
94.39265083569333 43.90615863153358
19.116841736468103 78.53420214616614
50.35391535083917 68.39308493239389
20.134413680947063 94.62240857478963
87.05932886518501 63.58817752003061
59.605977306366654 84.96216415861552
86.16671195851113 44.01012166509404
27.150083099297582 94.50417567006862
87.68064975183296 10.822426639434802
21.137529643381935 97.57268507359672
61.36491498022427 89.50487147621385
64.68805461705396 31.063847132372825
98.11808595552671 97.32118440973187
2.9663189161931225 51.343014557485624
15.512552493452025 17.184482785339327
33.033575917385186 22.55771509568436
40.78244550088521 4.426785254192844
32.15464291311183 1.3077490942019931
17.89054943464128 68.57645631461837
89.47878041796953 16.361309939917668
98.48106673233153 42.590478957196076
1.1853017994641668 54.70497940983905
41.991999912501065 42.43879075079573
50.50021633822479 62.52928493490657
18.983664088878726 18.75832873950065
34.47966738983948 76.09114175182764
78.1241416771377 59.43177196986191
14.353561090869915 93.9690759328527
58.865266555941666 30.969168060684105
17.371313286604483 69.45952951496082
19.635334914279333 63.15831601613262
85.59256144184371 77.56195316222654
76.01337266169439 9.72574105562083
8.933288254374606 66.52070551919167
94.27952977109658 38.68445086594689
48.73364976016843 77.71686905151685
50.22376365046157 78.68477474352014
95.94919378813131 57.46035015894022
4.908562300626285 3.689737895787637
44.34408744769514 14.588656373286412
84.90614736400546 75.00507532471423
82.21381590158342 54.365639008388285
45.99563905691151 88.36656503333076
28.737432541351502 34.75904158781069
52.787720896781984 39.422704285445384
67.62170590236354 94.83662464763442
65.72526480834564 45.21446256861614
32.59712523421365 96.96747974882946
2.4561143014553144 1.6293060724971165
38.82831787181902 72.57745527685533
74.04101962265759 78.58168418742817
46.06970688657795 10.230797382460599
35.15276898930368 12.934684687285758
20.37569549113556 76.74432944587704
58.420185758690344 72.02392335525833
56.51203816733257 1.633018645632145
7.992090609475011 81.78928035602118
