830
1 3
59.0705701834219 73.22927221892745
43.20235699682697 42.67403431729726
17.873753332276678 49.57586754141292
45.531696493472154 17.56204637049972
78.82064888451019 63.05151983915154
63.71940482667002 36.87119603449061
83.1176703816293 13.25832406702061
69.18419154765462 20.75445623458865
56.00365305305719 7.969072939353072
96.4807939064118 60.426673185045665
63.36677450180026 63.10534144658406
59.642591207326 51.99394995943712
86.91947176811077 87.07468607762043
94.72932892784863 10.330741473386418
25.0534073231389 53.840934741499915
4.204957081676497 39.97519309304893
67.11120858740765 87.1902869431594
21.575230076554554 14.95825295182125
60.719339897254756 48.74272877111254
31.57844777959862 38.03395576901445
29.473966398483164 71.3755852819624
33.821704160112716 48.31809155767264
15.766187696212386 3.7447009325822123
1.2297799951026755 95.84608845024351
59.125220621039645 40.59119485784781
71.90780105040808 10.907202039721419
66.19007595796364 83.06994683519898
68.96345345678156 42.25321766291954
62.00087402171468 59.802820083522775
4.287150160559072 49.373742967400204
94.85376918343904 84.97318014682868
93.9391622656344 9.494658990741222
52.21363217149928 36.195971695856045
82.4718911644587 29.629224059649673
13.469165115104431 88.72504059895827
8.328592704320625 68.14544222999545
4.4630629349107 42.84981464507389
25.954068906474603 99.69691434238122
59.48023713466877 59.14088596259766
25.505928573010817 79.7236390014141
23.538777958031567 33.11296692249375
8.79335659338112 40.40829011072014
63.60763718613658 19.777109427045268
21.0488329081012 41.398848899598086
13.63920417747304 32.236474848689724
46.58995564612782 38.3488857630651
88.86574274481048 82.87530991490219
9.407681254415735 23.147214773039735
94.47766637347013 52.86755443881874
23.856348433041717 70.10941991158613
55.44988741968997 92.75594805038916
89.6182402504444 58.72734163378206
41.054090217212405 58.04317146282709
77.90842254614176 15.12920156781512
95.46896559294737 52.294443425586465
26.8820268622044 36.0978394740991
86.03583145310199 69.5483265099517
46.67801225394961 93.268354899252
89.44791900304054 2.5330186600832194
38.41220383326578 67.54338168104866
64.74031530805895 9.007262910633852
45.11961630620793 36.57512492250454
37.91464237996938 44.39210061830801
59.16362364577166 56.61219224747993
83.80782371258067 65.2878076799893
57.082797304796706 74.60434671721548
96.40116011644231 47.21502137128404
81.92663333046025 76.59394085730722
29.625134112179865 61.67831955380454
21.498298440599694 32.06304009094965
50.06196869333193 44.03525530576944
33.40705901642067 85.0721791929421
61.385533849678154 43.556644492374396
96.61451219999422 8.817564112183218
56.71964281477706 87.00837779177529
59.85176410010429 64.68695306497779
2.908748081919077 55.71775322088981
13.860415222959976 85.64508081354039
86.04695650256254 80.7593435536899
89.65168570639945 66.95600181501074
90.15443224561733 12.584272125265429
6.221793405099119 78.69370371475814
38.60838071703077 32.279905610576435
63.298463108154635 4.321344419342954
27.611681275664335 99.00438217739422
12.385785160712404 39.33871063255532
5.347477271579293 90.5493774423914
86.00234649479519 70.81283896806983
48.2598327083144 47.482409022705774
96.20392071229173 62.73073074178433
45.84345660053128 73.27038722498875
9.786894523956558 76.0781478059331
41.50012323522172 57.65711078222282
8.677427992699505 79.8314271394926
40.755214454149844 54.42265021653212
47.73348764834855 91.63928606979903
93.37609548237464 41.06432424275177
26.672032605344498 8.031117823338608
78.06759912012147 23.922990575025118
31.44345769652277 55.27344335791289
44.58879861140483 82.19541311604699
74.5167958358095 30.2293780153811
39.76480615181208 33.830985193298126
97.54431810044231 54.055953222989594
31.491729053565365 37.38984752069396
2.7423552286218955 24.903413814122445
97.18473252966608 41.38928753899869
42.63298991949425 86.46941822953215
79.83314253554717 4.889876438815999
10.12097058137378 47.95450255187079
75.15931814367683 19.276542138516085
30.240607151024925 52.362606648751566
12.815267952162968 41.29194474340867
91.6013925173299 61.2657993781887
25.33864073811538 84.3828234463881
82.81369659188367 19.774891607597066
30.711386207809667 61.33226261003839
30.644237063416192 47.79267958113873
8.656417415442297 99.48296292392067
11.211048773644649 59.42207342097567
68.60081204453058 21.108295386720698
40.80655627407283 42.30410047404823
56.2272611258116 93.5862134419651
24.622017613569902 82.54832852730034
56.416588293564416 8.534088673837935
89.18595856396058 29.034399295954284
31.315490640207756 83.68823554671575
62.970748672378306 34.75859223585018
17.520482141157913 41.159164667744385
36.303833027438074 39.47057848762656
68.69023242305236 44.5940150101809
66.22330681708748 19.44311777555445
63.08430595588934 26.917013617787955
7.225524886826062 64.15870453740575
44.09971419395813 80.17349455362941
67.90227718831466 84.48204016662531
65.31141877390358 36.83646996292656
1.3452335204101162 88.68324160228045
83.9255992324629 86.74076043988343
64.05085824658063 39.0915657770893
45.00549222387122 38.26649610772075
31.528618322502865 83.51407572569937
69.90996302809307 59.08474972663675
39.00381837424962 7.927354512084461
72.55574586900129 80.40325532207883
55.620803149617394 75.51212317912146
34.300625332795875 87.02499859796453
87.6924448022467 64.8192223625895
64.91608019140284 98.39139774454814
85.20568857544994 37.83373061732771
51.40780751819367 78.50040482312475
79.75157437570705 13.61844312357281
60.94219057247907 90.41721326723984
65.99909358911451 89.64481614265696
50.5567819413699 78.57042268068153
32.43729407137514 18.91182304167225
62.93513302905285 25.17245013674494
51.21429057423208 64.56348110610581
92.20114027534821 47.43806625460834
15.382186380226637 69.95996204194228
77.27710197611908 5.168738696898401
60.15850311167434 54.937917236171806
28.750927335377185 48.28054609426127
24.63262079919182 6.769113154582174
43.47542128007886 65.41431725602904
32.71001180448203 25.109995664498676
72.51288313989683 16.388872317645877
98.70519371592917 28.042147013379637
66.57209845808643 45.310779017527516
36.41077953341845 53.472037329527545
87.1673997645706 7.159879558108173
52.610109528747074 79.55935799503324
73.9678526593045 72.97595881923749
71.9469551611939 42.752922335000946
34.22456425615692 89.92608556947717
47.38392186788762 97.94723078897043
4.281138684054664 11.365307869789977
76.4470737143279 39.50042388004762
83.19920467401938 61.920120706293005
43.408387116116856 56.24457492324482
7.260289711552992 32.07795443960093
25.27301248565259 72.39015635861887
64.18775845421743 79.45134455711127
45.87558579066897 9.367369354060973
2.0328910760640584 16.868427016254728
29.407456457458125 71.05819149224007
61.75772382276345 41.58261211126657
9.716729038289774 66.58635897601198
80.1406203540132 13.465018190512357
63.09335762147301 43.42085180749788
80.88841491208845 76.8594510232142
24.03770774284524 64.28481004983833
33.0732038903099 34.04640151624905
2.3773984105896817 21.25263864024125
89.70662538076783 90.20290583406599
48.33823075324084 5.069207951399224
34.668246412805125 72.97958287394606
17.66378328248326 98.59108544137266
36.576842864878614 74.42079506750633
48.120652782199905 73.2742833731175
76.92503194521763 31.076561212123366
77.47390173398885 95.64514466541219
69.30611603257898 36.618379528212586
9.329250420019486 73.66047391105062
92.7136883592248 45.09759193557932
15.820144121707624 22.05874528757146
87.67010196100624 18.385435967488363
36.84885935036692 3.2781739093107998
82.31375815378522 41.30250862539309
88.25935797534487 73.19365140958074
87.21570218093635 52.01721955749854
98.00780461582146 51.867958280921634
1.1972185481673447 83.90419964778957
88.81973852875376 15.304240566222415
81.48391723064043 86.22010873903764
42.80215720390077 68.28323399864932
75.21696003706522 86.17501067853597
34.42243747206402 65.77187718293041
84.31829127054647 47.58450070615589
73.89167031022723 36.363761228898525
31.913616557909187 5.031304482728682
95.19070943087846 85.10790675221867
78.61779537168707 19.422295582317496
17.13709324421666 4.426818537067301
93.88058007161834 64.07179913519782
62.658385734560284 41.531913819133635
41.3560892680858 7.6859380322440884
3.881617182162156 15.584478213833108
79.62282803171546 57.73683438330013
16.43079401417671 14.709551371944073
33.99378277137617 14.641346245357646
53.66841385785408 59.23270741332642
66.15696318817908 12.213575766956119
91.37409945467232 94.36798915397087
55.38862372060409 89.20426400422174
69.42730084199302 29.73288933223173
7.750347146150993 84.6521828003236
71.89280663383562 84.39065703662078
36.65882140902068 21.81276934297678
4.986662726466418 75.32428761762759
44.70679319850775 86.82322747428177
22.027478293604673 68.10693316921252
24.211002226421897 8.651762748449876
14.679659555563118 62.81520958234397
64.98176469519544 67.41706220216265
69.11543825796423 78.77868304549871
39.13077376667644 93.5466385378542
73.99063346908694 66.43236663054257
80.81162620249485 77.70639127454248
30.05500939089798 83.12900304362894
89.46131487323264 15.122973313960575
78.03507907847127 10.356497973568747
11.195878418855365 79.91639371310836
2.9385611767510422 62.129474102463035
65.28655615934818 48.192818128028314
49.3371048525804 59.397998123163845
27.920728993405476 31.607842798779707
2.2666095036663503 49.79430936543796
77.60440966009558 7.650240129939689
17.910014685017337 51.678126608071736
57.70489873353408 29.647888418043177
77.9921275274718 76.91344133044792
62.284809699202825 76.83745856391
61.05164156780385 2.4353763183420085
56.59094493611807 59.890124009586465
87.41318328803487 80.4624089689711
2.606904067010718 24.632927862789987
22.757165322375617 59.61682765983649
4.1986009359998855 51.3625561424657
76.51588299541683 82.74130904634451
5.8070972695408285 78.59440809211958
98.47788811343796 85.0639385024361
75.12540250712556 76.51968650184253
90.92714741464565 49.22855451506327
82.71288357699693 32.7820246622825
73.05559420705659 99.8521016343332
58.15127778955893 76.14943049871515
15.240571246315525 26.327585762815975
52.97457424843341 33.11771622746005
44.45960492751835 74.89396637931738
10.475983701786085 21.173880345062713
18.409462882566842 37.925824130190676
34.29440295534929 9.845017376811537
39.237064648006296 84.94144511899032
30.238202205526953 51.67355643491891
47.062327766779234 24.34910842163134
57.981047601973 88.0973676127264
72.36890054842966 45.16922679229505
33.42499011701479 65.45197101067002
90.6282235791081 78.66542625487381
67.63149061976694 97.32541808606628
66.79314702049372 90.18182391346052
3.4323003071797142 80.90505977911589
57.63098605548513 18.44017681611443
68.70652188796362 57.74932586377697
11.371791852746238 82.10241727689196
40.8965350753008 55.23379466760232
98.98699248732865 17.883916102216936
40.71429594890119 39.45681241777979
27.548929364678653 52.38011317670674
13.993060554887071 36.68880879642873
99.11409762716465 8.74173138615426
96.21178263510916 8.449196564835027
26.16277431456031 19.95263537498928
32.02037045016459 18.74120464287521
31.148453949767287 87.00786980957575
89.98549449487665 58.6809256551583
84.14885462425534 91.97856656617304
86.14304444312424 6.843648375004441
16.077552944075336 50.34791416789304
56.920555194165765 69.80046917861695
93.75513362918522 50.04283643561285
30.348498399728975 73.08688489824024
11.385293539025465 7.669346155285983
70.46963585322908 64.3248179208446
23.226356923695235 76.66468303136449
32.63750146915729 76.53125030137574
1.3191515570489587 56.70200636142057
57.84867373946898 96.54060275801181
26.01621320442835 49.22405285016333
60.7807281706892 40.78098212803596
32.264730995496514 40.6258785128695
41.947920743042744 74.45197178203433
89.4505365961811 17.34077901089053
60.31019342944725 56.58859650505577
98.18692351683727 36.58631096363698
91.28866151858885 52.874969645494964
33.34800604373045 74.51472503950608
40.8476323558828 14.566845770502933
48.53424592195354 22.88046201506726
15.900168408245063 83.38692250830132
8.898717875870732 14.097933987138456
99.8047345206699 72.5455873025729
37.21385213509221 61.05350030010035
40.90207695024135 8.476905949891322
96.40519906923339 47.910355943968284
30.078804583860872 27.532672703028904
44.59600053896571 96.62387453977537
66.94150699856947 71.17187502455779
85.06806951131827 92.0388416232994
7.193196346644282 44.48504491628504
50.48524785762349 13.514432408540845
67.3025553852093 60.044493577784294
94.28476743842363 47.04718356963371
66.22717643882481 70.51959757045279
35.15480193350389 62.978541120398624
27.431460166222866 86.29996662223962
39.29116084188369 98.85848494498457
74.79995114605447 82.12436161594016
13.279028180235875 21.940577086723213
53.64772724578548 63.030031599604186
15.477953673509548 81.06548649695571
82.88157461862416 15.812305248341808
61.934962277912796 1.618653020224703
11.269435374528602 93.19154117973873
72.83871798218246 59.264549292954996
44.55906959557705 11.439514902005632
77.63133818486403 85.99942135623566
45.20794211174801 77.50712819722716
23.444941222047078 12.016343018720633
5.24896477760064 35.2022755680677
85.59472822025444 66.30996183797153
73.44242206084417 18.266396543251485
18.57668328784563 32.96557120679504
13.3082837152249 75.9242390043842
88.37175110156359 9.148245385732888
18.002822461451817 43.90180295573059
90.55580448133934 66.36636634431545
17.378699544484455 77.77305780254062
43.971302743026456 82.01539475555117
10.752547151606207 47.84744792558744
30.220148965045745 43.38687225593334
31.02298857113177 75.58165048322114
29.399935721165193 73.3482649191215
75.52750415144335 58.95326002917489
76.67291767720717 94.58107408929604
56.497744237281246 22.20352813682249
72.70564915221055 42.543312041802615
78.68753577019511 33.196721368933744
81.63308006609262 69.86766594676517
2.9787394704007264 53.21006040701406
38.26865400073116 30.465847073546783
61.10619483938764 0.09490096009205917
92.6538790429811 13.709244629981798
30.422042839612317 4.957693168095956
86.41634874094993 65.7439483983445
93.15928889231138 41.5017791140746
71.09531416654119 50.11552103949255
30.724815307292765 60.12402170131428
81.9796844768944 27.84791802796478
84.54112859204524 60.17659092144776
70.67993401861969 64.26105093277403
37.958877648807785 77.4528649010033
85.64288686221022 62.18117547691027
12.038602550057998 4.615405065546763
96.89674296662328 21.000349784285753
37.59126871442269 37.676715236581934
63.4720968860673 30.07217742264605
54.80698526718222 28.295278652440214
69.6981886817326 90.2772699588328
37.91891411535453 17.39668214381409
13.598443125443449 40.902222195302905
43.15782020085186 14.076330107053758
62.69744060751654 61.59800776734172
69.08421030860985 56.12901565943833
34.759669130905266 44.99341023097551
41.491459283374674 32.08437420605652
4.603317694871212 21.310693459338204
26.19921306835449 59.573018609357796
46.41974584888708 96.27544812300026
55.02489362694312 98.63274563192476
18.662712363020283 59.03068256902828
57.17691454627079 50.49558343291989
10.932792577117434 52.8589262884436
61.910020958033016 11.887262592010828
14.606822845326594 19.44811055499138
51.380665642786695 35.98995068304374
16.492098783354248 63.667479771214474
99.25447503651452 0.774261266093923
22.95001434471322 51.74507475912036
83.68728765807629 93.6909891203876
90.99563034624643 23.17966575320809
45.52696163469307 79.76593451502605
3.6603390194489327 61.578025017821126
12.128638714221962 58.41702817241246
4.215387678524474 82.86520479033366
10.206487991473413 11.652179195860747
3.3870551706843166 37.733971915449736
10.461283922878394 73.02909126081217
8.153739476804112 92.2290084515911
56.421801135829 78.37463495775205
36.17510390990497 2.5402556772784024
6.993900537048581 80.78195698569421
2.196360753245008 11.171537900053586
53.94522362080751 60.99928679285818
8.488058020663036 71.59836634751056
80.88018185506085 15.731257128788133
59.842659788454114 75.40082705344314
59.39709247690163 72.44859603058175
85.53057986364306 88.21560986952034
14.037369794070177 39.06868562481196
16.10790316727484 98.85140082949424
18.37413324519952 22.09474187396765
14.077223563665854 48.37303346366249
69.30064959255877 58.15916919171236
22.163212441180203 76.72950737654018
15.5192317760243 37.28393572021851
68.96285436987235 91.18396122960138
67.87189157565652 48.739738096890626
29.005878768142534 93.12311461172837
32.39680804993901 70.44985201466405
3.984239886707419 40.11643719026328
36.94140145249516 77.88437733030722
9.430158543772516 32.43656204682812
87.96854974459636 32.66659717715845
78.18421383221983 69.50148285699622
58.07785655961845 95.57401893768676
62.241809942009006 19.21017807979979
53.898228431826524 32.980915909689166
98.59178850926966 31.08663932896696
47.962335480794714 73.1124226122356
13.716646819630562 28.868808363463927
24.360578606423843 4.616479204693702
0.3522240375094965 75.78521517255297
6.219118040159399 17.550912969845122
30.381645836994498 31.123725048055316
98.30864171700493 77.13545413579234
26.651691387116962 73.85954114672049
6.6266491294281415 21.831881772509256
27.613620803520213 13.172336024807517
67.9224720141615 76.39937406250942
51.04608518132443 46.8176108209676
73.4587145933818 58.657298439267144
7.009258347792335 56.48219946731625
85.6871509118389 30.781737681287424
2.5567860733403114 70.84418114929802
88.9608309085776 46.34094780198479
1.2178610541128343 97.29443417709032
18.93897788327934 34.79615366739672
99.39696315056537 71.60508075417364
49.38360335265693 78.6309513311426
31.765730106959843 13.007092469364068
78.69779978598498 82.53145088449622
89.69044294465593 3.125456130739135
32.888419717861005 47.35882194320289
22.83274287837358 40.19638123387688
84.30764136577366 30.32958723943775
63.548641596401126 8.527768108715073
30.314707324540468 88.12669728004498
3.723329787809293 34.06410528090158
17.39211165272345 20.151374784492425
55.07154689335736 24.37323371493918
94.40112015903877 19.96581921518128
41.103034237064385 30.390741692065724
29.89752994350543 10.234013322820768
29.83819659444189 87.0476424032355
56.55950960654004 21.78096513977632
30.245538173215003 12.112181948453205
68.501969877736 84.19036550928503
90.04662463353779 10.432298187526158
28.782980214443633 46.62043909140547
99.27539963430753 22.618704155164938
30.353073482901284 57.68183139647471
34.00939957839157 98.27101552281236
28.05162003798991 18.24712784471576
6.284549439884213 16.599697953380144
82.53995616958024 4.159079725360582
10.961607364688831 30.191609926311802
87.80064614930687 30.954413016879755
22.744612151093445 10.012730826879967
62.044202740328316 62.22392927037781
61.339358699963896 39.49455851218959
85.27239399226386 98.05960573659549
73.10040376176129 94.4915845260688
45.46092462393041 32.00956028382522
43.30160001873282 92.93696083492753
42.98154294081626 67.56130493134849
66.42862977422821 7.610397667807178
72.76738284489117 38.11000394026347
93.95124833167966 40.249936465881085
35.072717326235356 44.04085172524066
69.97878640576205 31.476203381345826
12.871311118834349 80.16261546520258
83.07515317844067 91.5035658545632
76.60928427568999 52.12106164877967
30.81859929822459 42.25109388652828
62.581526348450154 47.675583931102516
87.10167608564312 76.15006315362429
90.96867369540556 58.38300092843609
53.94259345115946 7.057896075938319
6.836362992126688 16.880422746838832
58.81086766477319 16.238977289515354
34.799149253491215 60.67760740476891
35.440528978222474 32.36415576898772
7.329232795219753 46.20524248999143
41.15679177145948 27.237080554724756
75.73975171323266 31.563772864404925
60.10351865024368 16.535614181956838
20.920595014496215 47.6850695648575
24.269129579741143 93.79999908355722
93.1631285739863 35.66592907800163
4.062655778906743 83.53675936830155
9.242198842368321 84.06405764245687
88.15673203479373 90.49780907872346
52.563235986996816 84.03177131274009
72.66811653573176 1.0172215256819994
49.933300118505386 11.652256763066738
83.84532404124268 84.48376904292441
78.44683766725255 37.491798859087424
46.10533020223304 9.890583360161909
88.0118261600125 4.0896836736910025
34.49013205274029 99.7271626252591
60.84184351327258 57.75222014131269
58.01734183348939 26.78503294077259
48.650455369617006 24.51297155780583
57.21115293634542 75.31850727678169
45.19140498104275 8.138162913065038
22.285936580550825 66.81316287200131
41.16062404148835 33.84401106713047
98.62556881780944 68.18917355348337
36.18539811693082 35.019917985306705
14.24453085032531 49.902406073730134
67.14432429011904 78.56403953503299
77.66615953643358 16.363178800377742
23.251794472161013 4.173073219264678
93.07054869231646 21.75983008226552
72.32957057703071 58.925001902878485
13.163040373366442 94.01273319932805
1.2135164665927345 55.13516518328703
55.96311126674025 58.18556257771388
64.0997282563962 99.10981020172429
3.0608693776586815 64.44377745421659
0.5907917284283304 20.889287906990738
97.95491082986084 76.14067780622895
69.27132171081294 82.13375993275267
96.47533073570227 40.07128069775045
75.8213383672022 94.51935090550121
46.34648645053652 97.17094997037987
9.488841185790564 89.0845067342204
7.805767050306467 73.81394804316659
73.50435465245863 66.61504157367091
46.3820772295243 60.871565336297785
34.06071243118265 92.11593494980758
79.10361273063971 54.30665412442086
9.234637720674188 58.21135590081374
47.47721858511249 68.08197192743037
25.766269160192866 42.31956459056123
45.873714669083924 44.85339367486845
57.88425941327225 61.45560340423968
44.831018667283054 43.17044787421287
67.55329202047537 0.602361571083776
45.18281454631621 61.415084534324336
26.77012648873145 44.05487681122131
23.80056221537552 20.05338227316218
63.540169229663654 86.49449568563163
16.03906769369545 18.92720830269412
53.892456283862636 41.01569282796691
81.83862157313679 16.143119347693613
80.90091064671965 41.1155165871927
6.019307171600596 29.79002857516506
61.46169729428814 46.93315494196917
44.3584030915251 85.57678590312827
93.49713427257815 35.36024048825628
15.74892240953114 48.40829005138963
15.215630609361153 32.61325210966377
91.19048515079741 46.0565163945371
39.59298497989656 24.842206060938388
25.94021920909444 54.25941273505759
58.28428553219667 22.235975423662534
46.34777284076348 64.91063824260178
43.88833772131353 66.7573706218711
21.737719533212683 88.03448522623054
30.555673967013487 91.52484875520264
45.89081070651837 99.58783746979461
60.77059959150222 74.53827602016538
85.70613760896835 3.559673718236178
57.9606601730269 74.62072706984728
11.608082895075889 12.053923635576002
23.24360841119688 18.562136490661942
41.85359084718463 45.95813449377501
45.5223864145828 43.77978266912652
59.077263861091 51.46464032029545
83.3669654544896 78.95354252393724
34.685386553589524 36.190323227787815
98.75863184508877 36.69669912719682
47.407714265501546 4.928019339918199
83.0741663347604 13.349765306039929
37.8690744346448 91.8533005573271
64.43384329326676 89.6197566377851
70.42802886736945 30.505234260496138
56.08184669431131 25.733170700487506
99.95317846505354 15.40332054706981
44.79292027748647 65.1655580933963
89.82102567442256 22.435042395759375
25.35911138605993 61.930949309337265
16.903581329777584 52.50514025594766
54.69169668188347 50.378492557777285
61.16080318998034 78.66495810632925
77.14392677983932 37.37081521076144
30.407702617627574 9.009888930269438
34.2471600707269 59.74239032076345
81.0825440132321 57.14397326699658
76.81624967577024 70.55238730842702
46.373723213437444 10.424178448860722
34.25310151027201 94.03630339117022
32.53311563135026 77.03677250899365
59.459665232591405 33.218187633752486
29.73258518046087 96.5442407676432
50.43652571419748 34.1023681856756
59.29910259703546 11.405676360010375
10.58852033569504 83.94340522844949
11.045507578872504 80.50026044567538
27.29074818964259 68.74286050716707
31.870022924162345 32.51425126976679
53.62279625974735 5.7689136794900175
96.356327112091 11.683534441392872
90.13486949004243 25.833867851149073
6.973537351933157 40.91518045290079
57.03206298312686 41.83538490699523
34.139769552848406 4.797592221939517
12.656289096403261 50.337353256928985
52.319572457494786 84.14389834915588
34.980038188577645 95.9647103712815
17.42394841686197 75.04857073750027
36.282573505967484 44.70750028104222
47.31145916027095 99.5018098234778
38.1653311333771 39.90599877261203
99.31623035785844 8.989586358992208
44.57349167845231 13.074048892932133
24.96624667085918 40.77214144203205
23.445134059405582 35.632854393720834
64.75178655990672 4.787653199436037
17.914677485022757 53.731526939188655
91.11375881512487 23.014915067539054
73.89532744571613 8.229376648727161
10.814899371529174 56.66046170068688
38.29456500936439 66.42781880742643
82.4421531824923 57.378207605878174
67.52404151913889 49.11819865596594
47.198726925651215 39.62580012163976
14.928588047874847 16.820844768046083
29.890267229638656 67.55870623174509
72.50089738457082 34.786253393872066
18.320791475930864 75.72721931135548
87.89061569888857 61.16579299750153
0.8443326045102006 78.88882560421182
53.11019532144705 43.00289314207384
33.95501027397945 48.53143309831815
80.51509150111262 34.1939804401487
0.35669393198085597 50.39161336319891
60.59620644229054 42.64911588746752
54.77656250079246 86.40033372781024
5.367602198881216 69.8433903019884
54.55367998669944 64.87629734551597
28.586075288288516 1.4674226328824425
32.96299805970173 91.82984340041342
70.8730465384272 3.587385473914373
6.554804258222258 6.58665402311851
3.8321648712140943 86.83102067698616
93.79296116012831 22.580239072216045
83.08778605781757 32.035507642540374
36.53801845233933 17.507373255675553
41.71538468117739 91.25305215978987
91.79764421410835 47.00159715774277
76.24162531916635 43.822946794979934
47.62521927871681 32.537504117822415
53.933164987750736 44.486957703235184
27.016822096455662 59.58820963533129
58.85412085659403 50.199476363283324
62.525707011370216 91.60612145937392
81.76672977447026 15.51764484246636
23.10145898318874 91.40720912236806
61.470882130432855 30.95204541616088
21.484516394942354 82.82326361737084
57.826546976373464 65.09856023195117
82.19189419671613 93.82039375871231
43.04152199824676 47.172710125485985
91.95194265773094 45.09207828977151
67.29356606788318 99.48597120076359
59.88425116307348 4.95454361504466
24.763238411414946 97.55186881764676
5.0141333575013824 10.658727815151803
55.66836809665836 83.05809869094429
71.20692716127763 23.669861425011884
69.70636024646828 11.446648586993934
88.28940351859103 86.12019373200408
69.90810061767809 84.72949299296555
3.400914681414058 16.476162345000176
85.35526640599782 49.861011927443585
57.42315336167645 0.5183849349299496
23.143216859347525 53.69582742601304
24.91249909685831 64.14136622642968
15.53438133299796 64.58169217466396
23.94303364159711 32.93539550005764
70.94118422134873 54.84196095783891
55.8353588354922 37.548788084991294
45.2745808039378 39.42320767851788
1.0488459458215527 31.298966548270535
29.964739272086604 28.74091160926686
12.016819573711679 72.52622786502127
25.107329760744236 96.78242314518886
9.854171382939336 37.199495013645254
65.78501827109014 82.6516990364811
96.9290951329325 71.80331908530606
13.666190342557204 71.64580631455016
81.94998676469095 93.70876072508625
0.5519187504256617 12.322822915458342
27.406620360075085 50.533683928868875
66.20712965770257 55.94748964840495
33.82567773924523 41.4851506604804
20.872421116113003 18.891711808175792
4.068649226014598 96.74563885110787
72.39487887447847 15.596675431055317
69.46755028520539 8.887601962734859
29.976574356726825 59.33613219890002
86.37466222494541 7.021567768106518
88.07235250883288 49.56036263129575
96.59153735364245 16.431262588553388
75.25125864025617 91.82624289865684
22.361751659220207 72.21656173545479
89.14044290233258 62.49186942004379
95.59608449036243 14.17556792960577
29.096997410847724 23.56286016401503
50.24894593685658 40.14085866111159
89.43725606117896 62.042136458342576
90.87060431000438 81.38708154015526
72.93621127258709 49.19904404672035
15.77061706343381 86.85252011545437
68.05839666694784 3.047015956132837
61.295175513245084 70.76618239416462
41.94645490640292 74.29832937239023
53.08494161350126 39.86356973908263
77.10393605417025 79.80917974836493
56.15114870664832 54.814443427657
26.090982376820993 82.63336598395705
58.37051499343411 83.46926956591034
85.39603760082753 74.54689647287196
48.17940974847919 15.73279275714099
73.54226977498529 43.502604088564944
95.35181783188473 93.68529190838275
71.45443017389232 28.614472716761586
67.3655744019644 77.30310345655
77.80901722126312 62.55947177812047
51.58911014953733 48.32317982055638
57.30624549181644 4.526225206886858
46.742366294810964 90.13615075755692
39.339607820442765 93.68219293040826
40.99027419102359 11.577506550498606
31.81235454350453 2.1411623889198372
59.930319065445595 8.36766049671105
55.335283401129075 93.66329942850334
8.317323232793106 55.05842028091641
44.85540063910454 84.80125081228731
90.94107357297634 41.907234015169024
3.2966738378205296 70.26196265541095
70.67066414642463 31.840350247363492
87.37268910519973 86.59712542306917
58.537190469603104 72.68167145914575
97.04505603862614 50.93915043949138
83.46962612189324 58.19188491881875
70.13787849940665 67.54400161832501
86.03745411758648 41.12486696590432
71.07302578518915 47.557702112287316
86.41462379430409 15.464350214981959
39.61343874679113 24.150966711004518
98.52419929856848 22.381973665937416
49.32421247802448 38.13262212589221
49.816676006818916 85.93157872818387
45.7589347027707 5.711442208605444
36.26283723672885 80.3602026102621
39.47400247440098 27.461941049378446
89.28785596486858 59.354001623960116
69.08503999292054 89.17872565945173
5.38112044601724 60.40312109435673
59.607172808826746 88.76416195371282
30.14939042771525 39.19100591439029
32.0843276862768 76.80624396167144
47.53817544292917 70.26806258757613
0.6767750931603089 78.00899198144432
54.28615507857384 55.36821483059544
28.157564460958273 80.04823005571295
81.07031282013826 1.1062990267899364
89.99714902915841 1.0659529895627795
61.613615980372714 91.17716351474579
7.420681485576508 34.069981087870296
87.63294849912673 80.37026451359117
92.44434621444026 57.908148989374666
77.15603992561068 68.70204582002026
32.33859841500637 57.34783837408488
77.31746613485109 1.78859807096714
