910
1 3
76.19140785436053 17.14146871461013
29.955904861683223 18.683485488589024
54.41377116201696 9.45437523230237
93.26321215219863 58.956784958648846
90.28689762466134 41.041101300283714
57.30308269033579 92.31259146943276
87.3102671724958 34.5838690044743
28.11947883722803 17.007886005164828
63.78222854059161 8.230379767993057
64.66578910648553 26.418916165897244
3.165639216703253 25.826714950779195
32.00985677449022 73.3869213892221
32.83064955786112 69.18077196199728
86.11507026244267 50.81743534335834
41.743609431631754 8.056314962700494
25.864635354933306 95.59619517256503
64.29273437533611 18.894593921767687
78.5588330658891 81.5834359147954
92.8625459205871 68.55982183837949
42.31990694673766 33.888218986292706
86.05434898748405 11.662768215180797
13.714012219314275 24.466337185461363
4.659109740390521 2.9982891777219356
96.2915071137827 94.59057888534355
99.04282836498352 85.52952648377298
38.52268329794111 84.44513699475766
17.83996766557545 41.947214286472786
13.740738497496219 20.662204478677214
65.88393475857323 95.13794021253541
59.894647261919886 98.60399503869128
72.53871190016116 10.968153275462566
82.60054182545873 25.767225486314338
83.21209239193736 51.84543269344219
24.695379778928906 23.83517634142287
13.651197265047688 30.37575145046201
98.44835523960285 24.01609354869889
92.06311597629382 5.076427021374541
33.944366923173796 99.02497937271038
6.900610625537373 49.74253409601728
46.20418155514061 88.50905371827184
10.31587198413899 54.87220927286221
58.03010345447972 55.207139183631845
19.702524084803976 20.32855958149762
91.35726229298416 35.28608434918268
59.861266424237236 73.8515228598569
65.57156572413363 69.72248489532124
26.255390193819572 57.087395994721255
96.37761204478525 28.81111595260062
16.325160540948435 7.136722730424561
21.303630666880082 23.984127351378824
9.135317881254345 10.618547027345638
16.254625632210605 63.16379830773462
97.9330059757223 92.26138342364021
32.031692247274954 80.88131226438225
21.002872837733854 16.558453920703762
46.288400284540444 71.06832624561198
20.526274320501937 76.74144061613973
88.91886419775139 93.47297879947388
76.6425301438493 42.147120156191534
11.101263038173315 93.67735714974457
33.57823534967095 56.36821283944386
23.348354683024496 78.18039645990855
9.596187013323831 65.11321527711151
57.17488480370043 45.167962145728694
89.83714787108113 41.60107102636239
20.0512661756451 72.2041129784067
26.098140798049418 3.3704087614174982
32.32754696839346 3.6365308556151055
64.31745650703841 12.233195869415137
11.238748404542086 27.848937311166356
90.91525723748937 30.627223465628784
34.12014910887675 61.04264164165263
30.16216355390686 99.12664206984947
17.497427596675585 71.39467666962005
31.375008600409913 61.72036163736858
76.30632777997823 91.26892522135984
59.76191515124931 7.853726935199767
78.1966807483574 54.11671207106716
36.61824059181076 67.05828687560098
75.7392913632134 62.05182465357035
0.8239476596009654 98.98659165042703
52.83250783322484 30.596318905017373
78.07766773772488 37.910191264637014
7.194353297636513 37.7819602075498
71.87791803722573 20.339509414050184
1.1541677329697908 85.1683720545831
91.80762747953202 42.474442163067664
33.66830415871298 23.178931755684285
6.134823018280167 27.640294246914475
40.8915918596485 49.98429113069201
81.24432243907161 87.37704843361989
54.0313552063926 81.7361566330618
76.845039955421 37.900147916096614
19.102473385616282 85.41320989309378
18.270664813934978 40.784745725688
14.799115638306803 59.08827943588564
91.91358681707835 64.293521294996
11.858766892394112 39.3522362665848
58.99938314526938 94.29933847222706
11.249933887579044 64.72352558974683
35.38909918802018 6.375782431789889
80.69808736068336 33.6811017332729
11.014057404058342 6.517053388269689
6.694108119593989 43.3727859451549
27.32434085619182 86.5403360828657
96.75240660334177 43.95212623459257
65.05786904506374 14.06557715528509
62.61868569300053 76.30186407116884
70.47062637068579 82.01822094351768
14.121263082584345 92.60877165808066
16.726342529440828 53.47300854689936
7.225537562415241 96.6269503779714
14.313142388818555 55.51822729467233
99.02876501678399 54.18671885452056
10.472346727148496 75.87143066042668
51.62784149167907 71.24639688730632
50.013959900255614 86.2251989624417
13.091881447321384 55.554526676870466
50.30976714049669 59.225789055861085
93.88375197789772 42.55596927263661
46.39014787803839 42.55304383220424
48.80329243538068 10.808351780928405
23.865175642222546 64.36039741532014
3.467120815334135 50.25800866399579
95.65315444484203 95.34950994791612
52.2373822794832 22.309696981716787
14.367792385455713 73.64273776455987
16.211614335867907 1.7362330438909668
14.947027894357156 61.20678990809631
6.442642253962005 9.571029079192318
64.4912775485514 20.89638847664712
85.6075109554551 52.399502013073615
80.62081601350069 91.1839981594022
45.06471650274655 93.49505848665301
62.34652902533144 80.6233414910873
8.830043904571582 69.13234883607828
59.4203210174856 11.402258558674871
28.747826368562524 56.0031991037224
73.23470961147032 82.63609578358691
37.95194854967843 8.094202298903008
51.36950320795244 33.708807912713645
6.312302239401668 78.37041251238487
0.20604017176035772 71.48292051716068
51.19584673755708 22.505559120982575
1.279444004207253 66.67277110276247
16.899168927016838 34.34198571218414
63.96148988939976 21.876558520327748
13.913350219860888 95.45238748794362
47.81195261175064 48.35768013294932
56.44860648525454 73.98520984293661
54.58384850357771 96.74417231050253
65.33011993569906 23.419812200008327
88.62450298567397 11.79213905179095
69.91631633198054 75.18353100202798
38.12897529209287 47.76009339366589
78.08459052597132 30.76269104398066
39.285551270198816 25.82399104616162
99.31951824422617 85.41117707224338
2.6320555252393296 78.41771491449518
56.022224839899025 69.64141747982747
16.865547535215676 72.1975439000323
88.24979871894692 42.52004692777484
95.05595238840434 11.494063906707797
80.30004600507723 88.9048991277565
77.60602369300446 79.85442175217395
62.97444110671544 82.60083182120918
82.2405575568082 87.87163229854085
56.66468147305896 62.02612846378657
18.096016897557377 77.4119764076427
69.17093337429598 89.5684981723216
19.538871950365788 50.65869072540339
33.63640458484187 76.61118706723435
65.66116116780162 11.565998967563385
0.8502618100642456 62.91210688975948
93.93923047683607 11.829845541780681
34.53660984923328 88.50530685324489
56.68416508430614 17.711911189850184
14.526611460491479 42.63853896973067
27.8484566945308 73.74769887200905
24.003968233235852 84.98299486257974
44.54899191962143 45.30375537331539
23.879722182665432 49.85490469538079
38.55045873909921 64.64741967682616
26.112165415559673 98.59033317985492
70.43183667427178 51.53063995983298
89.81427746193577 18.741031550756105
30.0821131832296 64.36234782635759
77.02193595685965 91.2292252010787
13.656681100415668 19.23136981536615
59.683655235955804 56.23716649587032
67.36819986859311 38.48832668379192
54.21480357626627 74.01900402536128
48.82172555751427 67.33663371733005
82.71007727024787 47.075617155240536
7.08325811886823 27.844147934533446
65.538743966902 76.57394448362605
56.81946174791859 57.13618591683585
95.88904074196773 25.239419191579305
66.66752142094923 12.621860635255832
90.93902422732842 71.86754887770235
90.41319157994889 51.15449298714161
69.32066324250886 35.71847691980261
77.76627572428171 58.87617760819486
1.9423019018304455 24.248264231963358
91.1131562267459 86.75107268246862
94.15080489439691 32.000662773433255
51.355527605694704 49.61309414028578
93.1552019770972 22.847910836192597
1.080495780166224 3.8114259273295925
18.71752815491119 13.380908861524453
39.34088621651792 57.59449052334706
57.23247707882171 77.23313999007746
34.70602322711582 40.58943962627932
8.478537891828042 75.13297942561043
82.61080201050457 51.982023934746515
62.05073949272819 31.556871019306975
88.14109783119362 57.58527361591612
97.92918393448124 96.46195129742404
7.49595389808666 27.334729294001335
27.275522372866078 31.51941044705331
67.71141488204348 67.2271435635199
49.68061592540016 28.265145508757918
16.495948551872665 97.48316441225322
30.85247193648768 95.38520110058053
9.328419638097007 67.23246765478552
53.953113073103886 32.522922087282424
21.669291263385617 48.460453106093084
78.51309764787821 37.91987768423235
20.11171218597432 73.59317380293649
49.734958062287895 64.18191184370541
0.6708993330423851 43.02747465041303
29.598215723618935 88.09751168680316
88.25320802854517 20.605719143452706
36.403017711525784 77.04566470662108
73.45198572435908 84.9370922759208
80.21685119416173 85.54957757448823
13.225443940040504 49.43487364622199
67.42759970027848 67.03986689244044
81.37893512763188 72.81665158381239
42.96943447315709 29.10294101138342
77.21901043816193 7.309402738680482
84.83637488564679 45.40487252708796
67.9426408257972 65.24544016618627
87.2001298701643 5.510085979786417
24.818493907868387 68.07890000744526
67.00296622500177 81.0138413234619
14.181146678871404 98.30747012130274
40.71336319740075 32.97169275059877
0.6773316102452798 74.60395285959054
81.3777465676702 43.221818516431235
55.4846671726998 99.17423695245486
7.017711816698058 56.54415336345906
46.586639529383355 58.375183045646885
2.512936187321513 1.3529359891969461
67.38653691255014 32.532789758118774
82.70571139614937 92.52104903613456
5.9915307205201 92.62986450058722
53.422432206895465 41.17809892596118
36.03316296179406 84.24561202279217
11.419468216593387 50.971494309536915
48.549570623962346 1.5932555988258823
62.82106452613099 63.056542628669106
9.725320523043269 53.06818122274524
30.356095428258346 80.24713184930677
81.79911865869846 64.76530114289751
43.72741019656554 29.24422625986882
18.382807926538103 47.335345339327596
59.49909026223901 12.017719559906492
75.9394092684853 75.13465698659418
52.361415021618285 37.82811847639205
3.704506210110048 20.442447643249984
28.160792321895144 58.40554503772564
28.76703730358068 67.71591742314769
33.48998398088483 85.19123474019104
57.27361002212257 45.29406173069417
70.43081949429413 22.540317089862107
58.235347306681476 83.75312102009735
79.1466755632475 44.102947231571356
98.65076134152895 0.2865290576598012
83.84259678042467 58.17182092042161
93.65043691053113 98.85561483974168
3.3334894874419208 61.51582674004934
44.13083302445875 45.36055005983262
39.151472567519804 48.37366054003789
50.90045198009832 7.841535417240064
77.1581973398801 55.109631982017994
0.41485128172153996 76.5909993804069
29.554228313550478 1.7959618022574508
84.0628473695616 45.55519764731626
5.266084739611143 6.632297986673996
19.061950545241714 79.26749660565345
15.903792309103526 15.829339307507828
41.90085961974006 81.05686193384302
58.715210180281076 75.97253751387332
54.778263955483155 27.245719214913077
76.36872684164348 74.13581153222314
38.06635203655582 91.83531184742517
57.28488880527447 72.02591693625138
75.63526135711601 21.654973840068447
69.04296351006145 80.19875081837704
88.30551896619765 57.69190657031118
76.13547640105187 19.37263411352339
16.87092311737843 23.281214877171074
92.89957731579747 29.008065477031497
42.42647519695302 50.98936178617686
11.141311640141382 34.60124074704056
17.117506946779628 51.66240623328242
55.53095454610371 83.1203060553437
60.49569843140725 4.883552577135197
12.470556563726 50.9066150874498
2.1626721866623733 90.79426264498774
0.2709160110087927 60.15037275063886
74.51845588241572 31.60625522549052
71.33897669330369 74.09294460810374
24.904468398499134 98.58279869335544
86.89859722260591 43.24094584461393
50.093424594686844 64.36075964628229
61.23161259413419 24.28041666553429
21.123980337675754 83.66567448609092
46.68063129289839 7.065179200074145
45.060780108737774 4.947334825444605
84.52332054160145 56.2876544384743
32.076839771747245 88.49848073576918
40.33395564282838 43.84117596841672
80.26604256737804 34.58782855166955
76.04291261489247 5.857776784659374
87.2018663175987 58.19403312243203
62.54903532525675 17.98066952918118
66.16896404279606 55.622031686958316
95.81753600944845 55.803614885039444
44.59708546355073 14.911590723881352
66.98217958939594 87.01596288205675
99.58408110471306 74.52522141832829
35.28607805937738 61.52958663026775
23.111706705330846 43.77929348265761
56.55680714780311 96.42968638090579
81.23034946408987 84.2991579411031
53.44814669404554 74.66165108687706
69.26717296781095 19.305860832408882
37.74170620675869 1.7915551483725478
44.83614876279025 7.705175931462471
91.31486135757778 65.10604996497658
67.30022433462403 93.74789262841254
16.914588862494952 49.80732622119899
1.0959071841982082 32.60973739486253
51.698482221608664 63.67505914428819
22.114166726991492 30.72744125586504
22.9914954806153 26.77546499568102
60.967580949314915 57.6073848189977
63.04186843787025 96.56038288965539
1.5912782119105406 82.76706382766059
16.201156626916656 2.6827455377262055
76.01381517679803 87.96085715820784
19.198562301250767 45.93279546972848
7.067822292998449 51.992361810357
5.424418713700874 93.56429141540265
53.8818279703855 54.128356592680184
65.33168394639006 24.49173449411015
66.63441462089061 17.711428629707846
62.9299580543166 68.355080242053
3.4031821769307413 16.110451297968353
98.2376493720162 26.843183688403837
32.34408068234256 40.486007759097944
24.713085325744032 86.68349786320096
52.17138736267772 71.06395271020027
82.72599821571234 92.2167915641351
82.47111933475924 31.3434830507618
52.77798586942368 18.313184264268266
75.4914265130002 80.9923907626325
18.304184033067372 48.10182209037923
57.71799129295141 7.519714919480491
9.025493644554782 51.0877655390672
91.87458087305728 11.00773671339641
65.9180964369097 54.334581812313345
57.182289591098055 47.821369163149654
61.680724170414905 39.415492196803
20.547886568759765 1.515634192102766
68.74146938392455 65.14909369130952
30.768003015285416 55.565348344627765
70.7932357186728 23.468213766885814
30.151799697133242 39.98079643369661
14.831442834663754 20.094217833897865
55.27811088473047 95.85989663949385
87.64456877039999 66.74842846741925
26.074790543324777 25.161351593217574
48.57992815004464 82.25589861676399
42.928817383989724 42.47247794185371
24.651782583372082 74.0211582005983
29.33865773187707 95.30333918780607
40.74513342105912 29.686680516821127
92.56668703441674 5.533786390898787
49.558523173128876 89.26970975769466
81.95914669921042 69.0368076829142
55.64302795864238 19.250629151223684
29.88338161300581 27.703968270360903
44.7271200093049 26.241646872568005
62.269972572424194 27.70972448001785
86.15378268910045 85.25926883284569
23.62625275533341 12.808325265902432
35.66521946905106 42.882399315182184
74.96989413672684 54.926645694364055
77.33547356966315 87.89618195711672
54.95415919930593 28.48945279821773
48.65396184411637 94.56896301141408
44.93903801258266 94.83297215865068
94.25192542099028 4.299131951438229
74.67201728931818 65.80791966799298
64.1273731960401 85.99102973054504
39.297712299000786 4.865093852945623
80.76754344247736 67.82008342876715
89.17698047435034 30.209471536836507
72.58028036905904 67.87112481956099
48.73601190238814 29.188137567499627
11.740071195606827 41.48511858113508
53.29028177087307 94.31757984737983
52.02545780786325 33.78564396172949
20.02920614121102 14.33473268426988
59.932364407270455 67.3905867432943
15.576219787578749 81.58837392739848
6.360366020696162 90.47796451014017
10.657909475876925 55.671183583926705
45.86311096592033 99.0901571687767
67.9479172254146 23.17208859839075
88.86197692284318 42.98819567556731
68.56182125479575 55.76058327398516
26.418756456310287 73.25748221764161
67.2330602848248 49.75684346073397
75.42915207190669 56.48418325034474
37.73180288035947 99.2954741371255
38.71453732562698 82.91184958470954
13.918295113414846 98.29400523649944
69.46362191887101 71.59499928192841
34.2447354659176 63.23308680870539
20.305568205966253 9.791454065726125
73.93736087644676 60.16553542971388
46.277381697705366 64.37245067259137
22.477597844743634 7.658566934290212
27.386716850725467 39.631989418390056
7.804320886662319 41.95022444593539
89.53004878321434 18.059047276428288
30.37899193276379 92.4210219872294
37.118128461883494 57.03998573872262
1.7714430890257038 22.757539726009178
15.339052948863197 37.06374080332695
12.429590436690408 43.632787364985234
24.56000672771188 91.80348618652725
80.59521639975553 96.67029280000772
69.76175746758675 41.99790080176686
7.401868433669567 92.93617421639946
74.47957204573964 48.52961696496323
15.816839578842457 56.816743578028216
55.67582554745747 76.53084690868045
3.3097536500053426 91.9384220725812
85.40074458650241 81.11811396884949
53.37644437438725 32.95771372099892
16.535331930585407 64.45606739315038
16.367454251347134 42.36473267701872
61.05540655976196 93.54962438928645
20.147579784724723 81.49143419099441
67.99207217185877 38.57117647671424
49.353620117330664 42.76236135718465
64.5251448303465 34.53164938754889
88.22559954922144 76.22673094200336
79.97303983930009 78.9526548875211
25.11473198104199 4.659998549599709
82.62180042550303 49.83885229539351
67.8610292029813 33.58365608513532
10.46845624232995 8.661636858614541
38.964144357923125 52.449155086606126
16.531356597528358 10.792429212027322
82.64376669046925 83.29450585043428
19.563125797835923 93.03210341667028
98.56458842944575 93.53388330562558
99.62987779455852 95.41563794498632
66.88588088840628 90.53862971373748
15.681784099297724 59.63067020710599
70.92938742582373 18.25766340143573
93.10110973147549 70.65255391117358
63.13672601505888 28.452626055507334
35.33905134800355 85.47591906517165
10.168177651754306 16.9899118328358
74.62723922279166 26.133750566766032
22.524069395115 41.15986282188604
36.13507074860658 73.16471332867611
69.66895603869277 3.4972668179044764
21.121183305957068 34.268862185933656
36.525548122751395 70.8436824451563
97.76952377726667 0.7646809367260365
97.84222766831776 4.270649294756246
83.36836152269827 18.935168551374737
50.45844680391098 3.451622512463559
16.465639140396583 84.62959012376605
60.764342221957875 46.358876432533
17.132066988797767 71.30992911502074
35.02638447201723 20.60656361366091
47.96942243024558 75.20305590806548
98.7397735748122 78.68875637354853
32.00501467765309 35.34460346012753
13.806759755321485 96.12274706973423
65.10028018646858 87.61335962357504
60.838469346244175 17.405841605992457
5.262845401124272 84.44402544281951
47.15174722105062 48.30425678777355
19.472003933646853 69.56374623411341
21.660743553319328 70.5348053658059
68.43831973494501 48.2883363311067
61.873344128982424 77.96865303642522
91.01325990365072 44.68131808277782
6.716518640683211 91.88035255953919
9.360722475576777 97.85413192245326
74.29243814055468 20.83251942243516
53.21075941740831 35.33896624992035
6.111175317950868 69.59622851940325
22.944194302283783 81.99013239356445
17.942059220614915 92.47532718285223
63.8891734753227 68.26064143301546
84.12295247731191 58.703716538654895
88.04958597938462 20.87844923620996
72.50534101636188 78.0903738211544
22.678571144966163 39.297602413851806
86.08715202820588 86.97005905081659
21.559990752762094 6.738820107346655
70.70400616181256 34.00025754665068
75.42086447522809 29.862693887335844
56.823830621488014 14.942776895243814
53.52619239558223 15.34036327146573
52.66921582149069 68.57997470636428
64.72743545599656 62.969011949222555
14.443644111803323 88.06757819405885
0.6750155559081206 44.697864486901764
41.77252356007168 49.41678430128136
81.7754127623209 35.088267806581364
21.106003781762773 26.18001277955382
90.61294036834843 90.32933746093896
33.10521113208669 70.81316394140455
15.237857066060755 97.29009936647459
26.588651849045554 81.85523216322814
89.42015968349986 3.516593857422312
26.717493808319027 38.8383464182412
30.747893372011625 33.13641207951588
74.08680688084831 88.94112902695335
99.69036965591378 86.27414410018979
63.22066840542953 69.47523667678061
90.73147335694618 54.08380857818904
72.42290262332018 88.86209993231434
4.336438263732001 21.339616323799792
94.607322910979 61.47938332533991
89.93087685373193 8.657170236406264
29.961776425060794 53.694852903503
88.85397758353264 41.16066537288858
15.686957673326528 4.493065122714257
17.510873429462002 4.58042171152917
71.03373989831745 44.03064425987802
94.78870633363013 21.134084066411084
20.844496892608188 23.074412250614394
65.8232371658214 90.25091503836144
2.2598635163364467 28.525011706825975
35.20154681255296 52.6903206643943
83.36593619955484 88.01453055598579
86.86210297341155 23.625156111650103
67.89137462232189 12.693891656426292
32.6567735297096 67.17966029335398
3.8997669108292055 13.591006147618302
29.66413363079372 10.967202858046843
72.52963605099221 25.481347645874596
43.16912747459496 28.269421433107155
64.19314781532802 89.97676839695114
91.45704442737235 80.18920209454163
56.35987921788015 2.4913414427267133
90.61537930788239 71.81551524112881
98.0558845961083 55.96664796027901
49.32893948490103 47.99622093732096
3.2065885766138447 63.49620747807714
92.83519570003807 61.742115427363565
48.57720662956635 93.62807309951489
39.75600132605268 1.9623621759442988
78.49888106696939 38.11809889383666
14.12772497369328 36.3952665341968
89.36798218756812 99.94443528868693
86.52416343357636 40.86863756183013
38.91567770176905 80.91336613976543
82.46109621799955 77.8961264914211
29.97464801701575 44.434920887587005
73.0074542932218 35.95276709900326
90.41234233717495 39.07586221838224
10.003954395719417 49.807385383478305
74.84810047608565 23.411986870010093
7.195764590754972 91.44073690843038
57.723028231432515 86.42966149362057
22.762916823838864 34.93276855762231
45.693391736275025 30.58152868745354
7.18856894409079 72.05235678100843
57.94694042156654 55.07363035369111
70.71968552384521 53.69749368333212
5.2657049110489185 83.33397458908817
79.12163819088588 90.22548431904731
78.02284484186602 66.63478874401598
10.565693758954087 8.566511092472307
12.439472667158524 18.08250460955967
76.33123247635199 37.62861869829845
31.0792904594853 32.38899496592642
2.4897751300748006 41.35791710744172
28.878641045249065 75.48556482848167
32.82739735846432 88.35364732044115
67.48009751447623 45.57833603907433
10.008083869047013 0.3245815005538999
86.9840997858021 15.311226657731524
84.28074425856016 10.076520433237679
85.07048640349915 45.32640814897837
78.36514271848638 88.29289590363476
3.345517359800998 21.50526396282313
51.92349902450144 67.74574321786079
72.42433722406541 87.02037272132128
4.5692951779663815 46.716125649927534
28.08512941311352 93.59044981620872
14.524213489836635 2.6188715775567584
9.946196646917006 79.70572422727771
43.64600851399578 69.7975096745458
92.87778926122247 19.348383415029137
39.89444069262025 53.15300033977402
53.796553935804695 97.75638716936585
78.52077867654654 66.43443399960516
26.161891147365225 65.71105529958214
76.60949242150102 72.00684483023947
47.61499628724597 18.914120294220393
51.238984260142686 19.69061700146564
30.728208676734003 41.98311258813261
99.15740655774205 21.202300226303585
89.25606882073906 45.488590225263145
40.52146274883886 35.87326199823204
88.68671850146863 0.8943841323037827
70.36784521036851 58.842170855729535
41.47887543686544 43.76695803225692
53.204029156645305 51.72988028474139
25.396412187811855 71.56088329000706
77.81298704472368 17.308387869801024
67.87523651864826 3.8391605939097406
19.024332549867463 50.70245107212541
5.736372683328206 93.18782557356747
30.076160256900188 72.7333693826835
53.86986765334048 15.331776445020019
78.40379816226715 3.443268348113948
17.833304627230362 79.73648654433623
70.17141284637908 32.645854156294995
12.450248946267916 11.785969529733652
21.89142454113724 42.48571068452627
72.32922327717695 85.84816467256988
82.86238950401375 26.021032386579712
20.027780937121765 36.31592858610744
3.218670584575589 9.79332184405386
96.48551247604988 14.95848149427621
19.18146940194958 75.14738220376127
64.36745221190509 22.95052245602387
42.548506237598716 44.53917479915821
54.963751375261374 99.80782615245884
47.296744403210724 35.317034857166796
70.84677712501808 77.03912682779813
77.57574255735638 68.95290480158178
30.792179379321972 24.648265101681343
28.59698463148055 33.05101833167618
0.5052030624603132 37.53819030517083
3.394766623392087 72.40396904623788
26.67935096464067 96.12071322359974
16.97357787084748 48.86801354500725
36.642868599449294 88.25710865880336
14.696147916361868 32.73526450870718
29.935094693472198 0.4803139730416017
97.59422750281486 9.838740662997058
93.51691994071336 85.62187507027646
53.43679987055283 80.85317821308608
40.124855693117546 74.7932315462531
81.97407306836746 14.379015242822767
80.54532181453699 99.60955980844437
40.0014423598291 26.473857091287357
25.867306634067845 78.44766254718927
7.04149299583654 65.34815126832643
22.842208698461786 99.04609180875698
72.068356011478 90.27498223152432
62.54526121384642 41.72804444728282
36.03507609835881 15.441451158105423
56.01471059235017 30.522858599773528
15.995158341382654 29.31973964642498
19.078420473515667 94.45218690927184
49.1173080888621 23.855653047647362
90.9032447535574 60.07975111921646
35.22801122981982 11.259419676433357
67.60639769933591 66.88224833497426
41.502167427153246 78.20266075399567
80.48650702388123 22.77060480773383
18.030877018864345 88.87052687660524
60.93219019713136 40.22554926145783
40.387086547415564 45.22611944755075
63.995975352103486 93.23702605915598
97.38959751043859 51.51091920516653
98.94319201634099 27.949062308026186
18.130775618762772 52.94622272810556
93.60859648201311 16.398770592286006
89.70156136148317 43.5763664859242
28.437430002773255 71.53643183409015
43.729840084415805 28.025698177989856
75.46047384145871 63.3869088039313
79.26750694114935 92.18378106986682
58.36538561022975 17.219154476074007
89.56220194988269 64.561110067816
50.216887838175865 43.64220010426207
54.203232413482304 22.74847354348417
1.310750143335615 67.65084544448088
49.526079449187655 5.115276388167711
8.565296606507333 19.26907876889601
39.27932577378235 28.419008954200862
58.85503618600507 6.908910786890354
93.10629397358798 48.17365655160213
60.10056241597184 71.36508436041463
42.64195727817697 69.72786176764878
14.719719563148303 5.066300422853565
31.704120728940623 75.05218286269644
81.22130518527699 58.051214127279316
54.15646238304195 62.72108084709254
4.657746850067612 44.6091847231888
74.81508112654977 10.310579296880595
90.97208482431543 2.0240912724047044
58.051377105874536 91.04459847008542
14.763500477493974 30.373909384333132
62.233808569192604 25.924463810570096
86.49729799456797 44.04233454376405
66.89081100099206 5.07199683647257
71.24983508534251 76.74549955347803
95.24365298664674 70.84775683230458
32.998749275997085 29.204387176606872
41.67995456903946 42.07873334938348
91.29573575205437 14.721317310020154
68.570153619476 64.85607118365053
59.99474375525391 65.03980367349007
26.108606615615294 1.4879741953987002
97.1404640204179 76.3170799927121
51.751151480631165 53.13191995403541
44.662703809778904 72.81458129555023
96.49309102836219 46.78596117424216
58.558732145209035 41.02653158277278
69.00441824360233 74.01889954510838
20.05753575954472 6.107016412926258
35.3795485753976 36.46492769064513
20.627722749665867 67.77515139824648
90.9258247700479 70.24187103828406
68.99570638200183 44.95859891191101
87.81057918834583 38.281783119171386
99.99995296309878 3.7619200109902495
84.69392424844844 21.80414698421056
54.99871633140971 84.99967732031625
53.600387743284486 62.57265380646908
44.440059096760656 76.93590268762792
52.87700739196512 62.4664686635664
87.88132978703682 64.75364958457209
82.59233142089741 99.9914688257052
23.239309251948303 14.959225574118374
48.096370825483724 21.79716285711868
73.98669475024835 30.53137360655469
61.53761027011646 26.528293019729254
45.72081227107068 70.99817875343635
56.981163883596 31.897897331261692
41.28170351676166 22.059103410132174
80.72849939836897 61.386918311881054
39.721955443388104 99.93197133407455
53.168545619183384 19.09661803824485
96.75568860921916 95.5202503572392
24.274149077685927 4.74724302260674
67.43331667470247 44.753833533095964
36.753804783794884 40.1846755508686
64.77767727575888 25.9468429050165
84.73369259718618 34.30750468289829
83.5126421732189 87.04696994653325
97.43870254438707 87.00035212847968
81.31463709784803 32.27550206691501
14.72482084864919 33.61786414743975
41.53024453517886 48.34591201028309
82.87691097479464 55.947228808512975
89.75734827282416 16.027533198667342
79.48016952503802 88.74284189519632
40.21562601745154 72.3670382064991
37.83253219480343 64.22549866260718
3.277065291547787 88.9657274493163
10.514359657925798 66.24645339921831
10.143034113813476 37.680919824426226
5.783094575878489 85.30273015921293
86.53505970886934 0.0021651838666425505
67.33786523391736 22.139967516046212
73.90736786293965 23.274061819268944
24.16935426489757 3.5923701623989945
42.62496394549429 90.73304097855022
19.312556869891484 48.70330844292863
86.04216982453924 96.89894348911648
93.23008896462719 87.529884489851
12.84576827965438 32.45899756410313
43.01730083359252 66.69004944415914
40.96216393535001 36.52771373751315
34.7717557557047 15.263218339161044
22.59404518197814 84.74726135651545
38.346953692106744 39.89105098056525
20.95014539905733 86.08758464699069
29.46591782676147 28.680379658305235
65.45186735317552 62.719767892033175
93.10088480716989 96.22681398486878
72.14886944312042 12.080591333150537
48.62848431086404 72.54372259584017
58.970096320690814 1.188100987514762
9.236094804152684 16.87203912017936
78.63082200401638 72.37352580796387
20.901146908813196 73.4524341738444
21.0627446106461 97.05482548023028
24.813304194990305 2.8174925037746767
9.760319712037546 96.46991065752894
60.23589007336858 64.57230538949143
23.067397014446335 77.99703039034324
10.916076904060557 42.20566132275949
94.42827020387566 36.81818921217306
54.68724737696431 36.04545166352642
90.54267909889573 46.03857671995084
18.16987661719145 81.04196326937905
68.40154447192187 39.83205724308203
74.1968443619941 9.49672635710015
30.906209220659786 23.13098110259144
24.416718181256147 56.47110460395586
92.09527376750965 49.20888703893669
19.45783073250549 82.90478800931416
47.34615508548137 48.55338109377345
39.95048488315802 16.686463915237916
79.10496518938383 86.18164437640333
61.75855362862368 59.49908032444018
99.76826051532592 97.63126939117875
45.59695303074851 56.338310598891184
28.291365046248984 60.996871202437376
27.409125211433437 84.22253801379962
8.413726986675174 63.04157427719672
6.973504992437896 94.16160534455973
90.92733595242098 56.62429919113734
0.8165791745666562 39.56934961969678
61.574454520721766 29.668371138077298
52.817110537040236 40.40468038199825
80.57425347325136 59.2403691204123
52.11599504676359 31.622146798365904
20.497647468087663 53.13159478023171
63.870662007309996 6.936403520051981
17.989264135531702 94.70802460601462
70.39307881825837 22.747394966357938
2.6871207342092918 23.69887092159153
21.99932040415773 75.51152484970767
7.377018467550833 44.4732524326422
99.04808653168509 48.51652617221398
75.24360124998573 41.800903593552974
2.867239755034179 58.20023359953379
41.81123385381 36.85181071872658
33.33874589383969 3.659871290106853
13.07322676564926 52.382809300089136
99.63552797885806 39.69951836266035
32.014768194304224 35.12612684298577
56.82750990102505 71.8141381949801
52.029741491366124 19.597679647396827
11.733790961396483 73.3051051054364
18.11185217781115 64.16175746040125
58.18045814987833 78.32221422755141
53.329406050327634 65.89119093782503
54.33604484987396 74.55670269539081
94.63529353019369 30.038277672438916
84.22127885206065 12.596202258531264
97.58546778628667 73.15239739846153
93.43596716472433 53.58176385443192
2.9303673436584132 78.99116567746066
75.97631338058844 17.063198412315337
5.2135418070516915 75.43024536498619
1.2025127834282667 85.97597155881903
35.32349339952812 24.17824090789931
55.19234589014812 47.79206968270513
65.4836931905754 80.05976522534999
22.28326063831205 6.724537176025991
14.476280073873337 45.04237038205201
23.406306821000044 57.91989938588304
12.484496061049377 62.110874925471606
94.528679195379 57.333649579364554
64.85027626528156 24.61199927608586
41.550349519566424 32.228170957350756
52.17403435862038 27.00784998675243
92.34121065284728 69.80566884795032
58.94550333010078 73.19842510465327
35.37526974810588 44.7313823240445
57.29813332097349 59.43248640577299
17.92233160496144 7.126692795922973
43.967532002564425 68.34749968577319
3.9045045976457304 27.667377534447724
18.316995929412695 81.11121680209261
87.53358838067552 8.514274986670124
96.84874353543414 4.496089822896754
70.82499818447604 82.72555633181547
16.788389328192665 25.12637210895474
55.61908627017586 64.66650118031589
47.886429056186564 63.39288574268054
25.172165110489118 69.2482051157484
90.17160064611178 39.555047429458746
44.1093731429729 11.584736493860536
95.93295323227511 5.652425509705861
44.62394251991353 76.9892365462014
46.94359115800777 85.66188563990862
89.93354229805908 16.301575458163708
20.45492545072205 30.116706869181797
57.04105213346018 97.8363225239822
36.43370551258658 53.83263706878299
88.04744719349648 61.6113287178575
80.66274561150206 47.64449116542788
11.299413322579266 26.512616266589205
11.360510426583348 56.85746738108681
80.02255525547342 82.86375621238096
