170
1 3
60.11533511641043 52.18103571423547
44.691848415875214 98.56301662651252
57.79299738387505 19.30129367916036
88.04738565406241 42.27754860940085
55.162255666379444 52.08677392733734
0.2188403646065762 26.750102180132586
3.007728575785773 67.90077084565466
13.103331412064257 88.54682239099452
30.456802362127245 16.500627051432716
94.4336210905309 91.31499589716587
95.37719886543725 93.34435538212196
13.375898124770757 24.140375595802112
67.17993576326526 36.85470880265493
6.251946182309198 74.28970528472303
68.8720880115911 67.43675326207894
10.128029410755035 4.197227621463062
71.80144445643081 30.313383725226274
17.992020253395502 19.11747549577938
52.775247629636546 91.77280903386813
86.4759522376773 94.14835883104939
59.62590258165823 96.41582638107202
83.39323299445454 91.76848791366878
2.9123008537900175 85.38133791291047
29.915706009486076 95.2237503117071
82.67321335861682 19.173257955850364
41.15677374506894 21.266081392580773
35.324826807321074 34.98824332124493
25.528858029310285 91.25517161809537
3.170171653960785 85.60898923031432
92.36597266254674 2.6508983803109176
4.303329653149235 23.013234630684632
36.68460726990259 19.186761261381125
36.79677570866644 72.51773711998655
73.89495461610049 94.16440440020017
54.651883070542254 8.51018730142734
45.32095764617683 24.20978007642973
11.322701320753016 7.43772589484033
78.36298844676766 13.637602197328636
9.48676449658603 10.61700831930834
24.285536527430462 94.07766478720816
89.28450913752461 91.16143652779789
85.90648507978716 94.28722575542932
51.88982664564543 60.16794210883065
72.44377424468948 46.44343713763954
26.69259787404399 41.75134920084502
88.18537372412376 90.78246155103058
27.260467620388475 29.15043818144445
21.68956789241858 84.03733727481378
65.75869958800706 30.1421026037475
98.81035066356085 19.384331742468362
55.37883745879224 70.91270819936948
46.4242948670984 28.236245764620115
55.842026540574395 86.4944435983151
40.7471280266773 66.32906195108521
78.61858371640625 11.636443572840749
73.11798704224499 2.64616747184252
9.142677405484179 33.27913681150392
55.06123751890275 3.0802430873112963
31.031854686695137 29.321474937090496
14.550729643713689 33.06408180658052
93.41432553939921 77.01004497608051
15.036075531749571 63.89784708636117
2.3341793079444617 37.53597352220079
29.72947091793994 27.269651856499145
3.165356306019018 87.8474163192077
84.02310991978608 51.11008648048998
64.92550874575969 16.743455149522447
5.072073312837744 73.01209041942045
49.552632342385095 59.201784452387976
37.88700939215956 3.2805234311518605
19.312412906247435 4.001744921252248
21.3462892410869 9.67312905641029
40.534609092281414 0.11855715228550334
22.958260080566117 79.83809215429172
22.336671297579326 52.5866354287869
1.2673003359067847 1.0443643767930055
49.75020027670156 47.828939218637714
90.44627163804991 5.879902075283905
34.97319248957229 64.272724050558
93.7044094751694 75.75580281442278
59.62310683940268 77.63687852674587
28.22027935454161 22.744053913835693
55.195660557668404 81.3327387539669
53.498342755471185 79.16555111855159
19.45745875506326 59.2993898601774
23.870770707423784 86.88906118749604
61.397882967975505 23.98380479340705
74.52379316557905 59.364551307310954
50.89050757697704 86.77375011153326
86.01303004461064 17.886728898285842
11.4691544316724 28.451894299258097
14.410425858145647 13.372701489624394
15.257665656555353 85.33463445692516
84.66964805924195 58.3887394307214
44.04292927592015 97.81551385997871
49.89079175039175 50.04889895971694
17.952969521122554 84.77366307687655
93.82455412776929 72.94493844009051
39.394955735948514 68.94630189719176
92.78696524214942 48.834063491488756
70.9946052610487 61.46973429970597
8.812319103093657 53.33762084724904
18.952719487874315 47.454563466775014
94.83424066974098 82.88537827534479
10.634232774137175 79.12354236949315
53.85428046515659 11.616577682908225
5.184423568379515 60.2574204264642
38.23210538505548 57.362309900433004
65.54305391231223 75.86635135173745
88.5992486818856 80.41640833327168
7.689987765204531 45.920234771973114
45.877634184896635 56.763194349563875
22.71377473830598 51.691566732911575
68.38932162069649 72.74888699416778
8.898424528437122 12.758628752394152
91.96524848707142 60.25568672673871
90.2175421759205 20.374233952521557
29.912265631156252 1.9215015454670636
76.07231535371517 65.01178304856836
60.45146608274492 42.089546654430876
42.25650826727944 7.323631279141818
80.44893059407015 15.747576122716866
66.05291858239815 79.77334083184671
89.3729509940903 84.83831754385014
63.08236422663187 0.5433004782172013
27.153207035142103 65.65436444527354
68.48021362837981 0.7088395863798835
42.58304992916291 7.65642912934259
27.752547032174824 10.468541996885051
24.08034619364907 47.83621224929748
75.40301315311015 96.28655603150935
99.44397382518828 9.0916579871966
69.7775647667485 57.48502925633652
59.13664571425477 31.63595310989622
42.071810944286426 28.65799548934911
84.03644977131135 98.40957919442883
69.74190590426466 85.14481136290688
83.5913440050145 72.25475209664005
19.472043205513213 30.658588764450734
45.86992345660865 92.00514873490384
13.785771520800182 3.582140049597027
15.777868997987344 23.83596113919806
51.48070016933131 43.282441164933246
40.6516983860453 59.75547681918243
72.2194887456568 61.11366791666237
4.301692707391536 22.97709009064257
79.5914157708317 10.719608088849064
47.551642569593696 4.219289112816038
50.70772850550507 66.77268203077762
28.8535570769898 27.94291085047458
97.77602370194336 89.73429498766745
70.43143732106687 22.112759259414982
11.447704684282535 93.8820213576349
74.37984956476183 47.78733255750245
16.02704541827309 72.12719291001235
46.361190609430224 93.53520523200484
64.64011851364309 43.30894299841033
35.137931506533526 61.378238527182894
73.57464522075945 99.64461030368044
95.45487791305347 66.65560527637318
16.085227503872268 58.25890636830637
22.98436705310327 30.41246611135522
99.76759168468487 56.665035493413995
92.6456421358908 35.70375636549965
94.05033583392178 38.04528536628662
78.17067987793503 96.5357492477845
43.08267594828836 0.5064480774503721
96.73110937381169 3.4989665213474686
87.89007557422488 75.5620159272725
13.802642512884189 69.09840003284256
