380
1 3
72.21251188750033 41.0895922612154
11.144442992517023 93.04955565434648
4.419007635783578 85.47172493969246
74.19327500479878 60.63167826578577
34.3417256817649 86.90067823286789
21.095471729446658 59.29688169263725
14.212901855792337 31.866450679178637
22.174821032765777 73.04254937238936
39.120962866176654 71.05363262544988
57.12958901807943 22.93499211223635
24.128990506053107 84.62374402416737
8.585449756624497 29.58602327911248
49.98529382229589 5.530283427277305
21.152329908110378 38.36960473371669
14.301744545907136 65.36436134496886
89.95748812746088 1.6878281476495172
72.99553934187502 24.018222498026788
50.42177663620879 37.108606352289605
81.95960994643929 99.6560386004395
11.69756614368993 9.97104014053809
86.9688716191118 82.99635600915461
20.398761925168696 40.66987673669891
4.674672575323879 17.049511984669685
23.558577184605454 53.88361220226621
51.30124267070202 0.48147952134385275
42.98938612670773 62.29821861254039
13.216542981556035 50.038772043874324
99.16534287439734 85.59272929593457
33.35430796022325 82.52624740319519
39.46708835217707 7.750105607796298
28.977964590269245 75.28114214074348
13.097055839223625 11.140869138490972
92.33014971369029 80.81283073138769
81.67467734670298 44.717141099534885
37.46322619642803 87.35685473052143
79.89796014733395 83.3874851897086
47.62533088927554 24.110502057768347
9.383104899439786 16.99596199658666
90.16655260180076 45.78656099898455
18.368794410268286 41.23549613975457
37.9744894700204 90.16912247373958
47.188880179174376 18.215072743106052
32.7576684166966 61.774053475008486
61.79998953133921 85.17705783079784
73.52909239004775 54.57792135424781
81.20716637543673 93.03895570917065
47.7430876886785 31.419386875787936
66.6890374902652 86.25185497233075
55.7565683552534 40.26496576975993
35.290263182939974 2.8100388795016196
41.8321203143521 0.6056377906862531
56.14574092861424 92.7789019427538
79.28490402103034 97.60367419451524
58.113233371199954 0.7447727840063534
31.060642595731203 55.775251198481726
78.51875794386207 76.96637359288567
69.26467561769951 36.48413207689431
45.932125276104244 95.89985579113103
49.27920575719258 68.08441417904454
96.8894853079169 13.837011920205299
15.595683760116753 20.131439552033005
91.63899351509255 68.67276435303576
22.545325989635078 24.78821659714221
95.82322928694806 4.295534554920732
69.9635603171535 60.55596115625459
99.43943639159116 12.096102092394512
28.249694147212743 22.513759034017845
39.479742125327164 89.36610673772232
59.230728703219725 7.356851682501531
70.45438678765055 77.50362634992487
46.664416262841854 30.23528723933029
52.80144232080739 66.88838290609607
31.781255490534278 11.741034824666086
91.33248619383572 71.40207170739082
98.27057094526472 60.55778950646933
31.791017158060786 26.71075322416707
55.63720496987732 45.49117266563334
84.64633767836858 49.44924950030074
56.03715800697457 14.622837061515881
15.810198932765985 72.29564921917779
98.0860369839017 89.65962385086712
63.655796329881696 73.50123485473262
8.709022085895102 26.311639681672517
17.38449116086873 40.942377821560115
66.74298625392177 85.2374300542245
4.699766708533604 14.97191726156979
43.60437874098808 87.6119499704689
95.08749164477032 67.35551789366197
31.560316767368324 97.35109698821311
7.614057917634698 82.05665709321099
66.27489355016158 81.39089175988603
34.552616149281604 64.9755091041606
10.387280994002479 64.88110639149286
82.66434467763905 26.046785508597647
99.86124792305584 48.22271396473854
49.90339379551525 76.97285395695283
10.990008889878023 84.05367034151772
41.64631407309067 30.25173924420561
42.71377062755533 14.125713339145696
30.550848131089616 1.5239940630619841
62.31930331033018 70.89450993476399
0.4300019322949433 11.208421836283433
16.709089917737362 40.38067505605487
66.85652575836876 59.71414942880182
93.84709058993823 27.477018810937935
91.38811098701673 77.7818363308216
81.34052763421194 27.317441579249426
41.50567513458172 88.64777700100441
10.213920525700871 26.89325482902558
15.666490408382217 61.95087232003016
63.47845368770875 32.469288866362774
63.7059965838374 13.461164265749638
48.38215472478134 30.903632587246577
47.10389703886187 28.50974010488283
12.792231433485668 99.66639725113413
82.65493576442418 28.832984618104685
12.528850020109816 22.806846307113403
26.248773223554366 33.6180938921012
85.10902588400732 89.12789720285672
85.45258261595585 43.27252568047122
28.153830835881966 98.89824805376324
79.69546685603018 70.47313460593377
54.91681090418583 79.0165447681761
70.9874622348733 34.26578433533884
91.34044052199528 68.00842979366546
86.46123747933913 23.53518259721863
51.41098691896613 59.183424707570296
62.08879339593836 31.929987870258113
81.57855180456212 27.09828548429849
42.758680541641425 58.30823622242241
68.12180190410655 49.63074786055592
25.392240593392536 63.482256459958954
93.39350998501388 31.41055920612448
93.75498183957052 89.73909099299557
15.636082067494783 92.94761460214222
5.5981619599548615 7.884694181986895
94.54391864045715 15.005462307578043
43.590630516354764 81.12075524301807
97.89141535146373 81.54083416112346
77.01113981227341 87.06416708264099
57.289187895948345 72.4663505927272
59.460344193472615 99.64656095353055
22.570162937999626 64.45090864451419
81.67431811143841 67.93291235645027
1.8466537746594458 38.731168109387106
76.51486222739614 65.74412875477068
3.4395622942515747 90.16085210694997
56.09225872841004 99.36698475450159
63.60713755220928 72.81898622903793
9.528095119728675 57.08922810350976
15.829515277891382 58.2889184424014
8.343113082216203 94.44077085474241
97.76541704960971 93.4010249413023
9.328428037142732 17.642058407637528
51.94650777671821 61.74934360739355
80.18358581757022 57.75988739853899
96.37143002916339 12.569220225321365
19.01474635298881 68.52223017087262
48.860304791608385 97.88583944839885
7.557660012644729 19.378123365924438
63.75155901585694 0.5234327684405127
77.98836427788076 76.31504949458568
87.19293873012587 78.48264069008246
90.71067246693345 86.25395362964181
18.476546371689963 37.45159381278835
0.7988977536282693 82.32684185814878
60.252508098346524 98.57375109953878
95.81112623676991 74.01722065869987
33.410402034853725 7.298133043005395
52.71115493880618 4.342528318455496
29.463374682388512 31.51449337348835
43.100959785144035 84.81084087212072
16.98116114304056 42.31497684214016
62.8493035902921 63.64545904324363
66.24388966384198 6.82535071478112
4.10056657336586 37.49817915940048
64.04670753097786 45.27544328728743
55.80713781852904 70.39748406164836
82.41589027380505 37.79639772073673
36.88956442889912 49.53585252013815
59.649256072734104 52.87004027552087
47.90667660611092 90.37698492368003
31.72436293773768 27.034617796751714
80.16478800402655 0.5977065526485248
88.613084788551 82.8839677282378
0.6296065067675105 67.58233621927829
25.925588530627365 54.04099811450214
14.05730480843037 97.96415357137111
66.77373251930692 0.057755006658410935
43.474192110624486 92.16787025399074
58.40057380868855 77.96835705413707
79.66901388525866 54.297925924540145
82.47277961419361 82.22823326677245
10.186184781597806 25.871000798564303
13.762966641177577 53.45614666275531
74.75105108090855 77.61762845234661
98.49159322302445 33.483811436479385
31.05249403572694 50.709351140868584
1.0327907977014439 93.13185647011662
99.93803973409479 36.351067093745336
45.42604300745692 54.890581068532086
23.850983284709805 39.888132813215684
50.50277461032828 85.4732084807131
32.53470094175446 47.247306366387676
97.88489074993475 20.007888701248678
86.14346410877762 60.16167630628808
21.436384496357874 29.100775312074312
92.7190685189877 0.5469461140189757
9.552876677399368 27.128618049677677
79.88783430496599 45.357956442633316
24.266187432131648 96.06422793773733
23.142272528413343 53.8435632544797
74.79552973251297 84.89445920122868
75.2204428673925 4.669317300009768
97.05308324415232 90.19606208395281
59.395621563453346 41.02773599847953
22.633695200995184 93.0381046162965
10.506347218241352 49.50111851438492
1.923575829733526 87.19680397283535
76.28832356109126 46.217946639470206
60.40898260842296 81.98872532982703
6.50244011984682 17.1198019402925
17.268833234110794 26.082996050218842
38.116852445957946 17.20896479370404
91.08789319196066 13.468547387076057
86.97564757034435 32.59165105463462
18.602660768990333 64.48331749126356
29.530628358367437 76.06724919764005
2.7172506707168864 51.91042636237662
91.03406484965902 36.07773312136358
47.7218287637077 82.4067838898802
30.95453307860423 11.051001563003071
47.98778114470181 12.460724634825858
29.771773191172414 27.970235941845424
18.406880944279003 59.55910426356306
81.68267176987682 36.42167391218678
29.83915349344568 17.14108825012257
79.89615745744163 69.01679571789987
78.07607724811699 12.900884987760142
49.00464847501769 58.26025712495919
26.09521370659369 31.786138051401313
60.21212137097201 91.3621144871521
85.65612264653785 1.1006398687205987
42.49984118810135 19.3616775685582
90.8197026068265 89.18363835253176
9.56145503656034 28.03890977362793
44.538120502529985 85.42477272622402
54.01099528797857 63.307320064783326
3.694708868494545 86.66843428065978
57.26207437409381 87.70366025734478
10.177788007898103 55.21963979553497
82.81730149289601 61.59568574856742
3.132654321163275 62.12076207153419
20.5473109490822 17.819817080342617
81.74984606685499 27.062220587275633
99.9829691100461 62.685983818198785
47.81512750451755 7.553795901792659
62.80941027647555 73.9421388812533
10.055733448989933 32.35310409201635
10.432681873474724 18.56626997518047
0.2979289727594647 0.8492132575012024
56.69696280965479 7.340914988576364
29.91479098947196 93.21840591772819
34.25263795522704 81.23731157796661
89.80222840929765 96.77873812433324
61.34245949108175 44.25949496072572
48.30812169742704 85.40637543740361
5.791890623659213 77.813462813507
42.36965043804841 24.672461286110536
75.40128910778061 61.71887328421406
68.98392081575852 76.50515325742764
3.5210465746621233 18.55458139353012
9.785816002818692 88.76607554870174
25.355577802858175 87.16317003346295
42.25424022514193 49.58020246503965
92.38049203981384 24.8568496729745
26.73542258000017 9.797624179957264
44.888738268943925 18.57918632575821
5.319601973223365 75.95321107528608
27.283182867918065 38.376040058067716
30.2855268420825 29.38793350003288
79.77279124574714 31.710679849794964
48.47648905416373 34.339634288569854
29.253912331825283 61.35694313727149
92.9700126409976 14.45820406295708
89.28486865819454 79.81875077173952
94.51615277136372 26.173499220139675
34.74190546615124 81.28469618499233
36.80910486688149 45.072831881369346
78.01071158470609 60.75182995146069
50.60359873174654 59.39112513771194
63.61944536572939 88.68229839580066
31.048664520372316 81.64088773905038
31.236823117854627 16.467605501040715
79.67757048347477 32.31965806565
48.4643300678435 86.24418592884922
89.84734287609581 33.69090263882508
56.3834115255077 22.35765671041452
47.5834463919196 1.6575933389373132
47.63857914994958 54.6106595292553
84.11732282856153 27.40323144653516
60.29979044125528 5.155255864120667
4.00431164780819 0.6842276547148973
92.10981810988959 75.84383652330646
94.90103022813156 25.306150331495925
30.23487817215966 57.72064916877851
30.208478467001456 41.962594859642486
26.37149488371464 65.43416562425881
35.43895440415776 1.025292540783873
98.31778880610555 45.04989756262931
37.99928425709314 27.883835445565207
97.86759209286538 24.317251596306445
88.8121159723088 57.79469435211364
24.8727385924737 24.43095722757549
95.92453645688398 99.091377840637
11.167002633173183 91.48528250740678
21.648313376383555 47.89710393098196
46.71725073223296 11.69106404352842
28.607172079067333 49.44150734509447
72.57967258039545 31.528292115718727
63.34660965435328 58.82241301491251
57.40428899075627 85.2771101531182
86.27192108649828 27.665319390593602
75.39269991726417 6.146565577854268
29.347248238719658 71.19828327836164
51.687818531488695 77.34874112672368
61.75745278767564 99.8904964166003
87.862501077562 62.308149727540396
9.452723541778084 30.508730374886394
95.33122772570985 62.69296350553173
77.40136218581924 15.45293881813594
14.863210852902476 15.360914106205126
76.18867434231602 91.63023853416117
54.6457295060073 85.19376233314546
69.70169962324005 34.81951049340148
50.15911688300609 55.282071212640545
90.23568057844984 41.72842850302434
22.489521590671167 88.96904530934793
69.8001831111201 85.52129780267192
16.928053486336346 15.472529420811743
54.1195891646739 25.458084403599777
25.818416117897947 21.485551775816436
94.71763290957537 39.42484131351185
84.96549103205153 76.99819531189914
87.30478659461703 83.74942262649722
15.46167643676577 60.64442774259864
59.58252787076916 72.98661808698277
2.7632740171476655 55.407939678493356
44.99740616774781 66.6283488390086
77.5651795227478 69.05489666672699
95.86650636523228 89.64616745438556
37.4926794643659 15.570062856880051
27.996749805527422 23.95175412824471
95.61889851757832 55.31712811642577
18.552516155729748 18.018037399476007
67.29768018001252 88.25996283290539
96.72525436351422 68.78186426532635
24.549542640457943 96.46283088231542
25.621543668394597 7.732536741361917
2.271140845814945 6.191509113881577
3.750829659581223 91.7715838200044
95.7876603482787 62.16835602228878
2.414272378429594 45.00497044711993
88.79888129582135 65.12367466570066
38.1295815441915 74.46247214706393
45.32104032896316 58.193750020755864
74.42772776202915 77.12501367771362
97.42700712636538 92.57304991558306
50.8650551670365 37.26434999879211
82.99254487850669 74.66426738118741
26.990504810953485 65.22948781853073
33.344736304787716 8.995717469858654
26.54997055847792 27.368496100351724
70.6505923996048 41.782234905103444
48.02926712285378 98.24347863245677
24.98795547176411 51.04393415732167
7.021871855242212 81.57789381405365
18.418063277578867 11.20911921519867
15.073968791981397 34.357935008457055
4.12108997316023 59.51648376241712
