320
1 3
24.34079238551503 73.87071816591542
88.95260125558357 58.12125507319974
66.77730665986603 97.45836520849893
67.24261798796805 9.43117551994581
54.75255980261584 15.005444770278743
25.466348911467396 57.3435008383995
14.22422427392358 83.15532372723725
71.89127536107216 92.58005546546622
54.141561075557945 84.61193422075404
75.68566781915523 84.2477917028012
79.53301005515485 47.3393785604975
40.760516775727275 51.29250442432367
72.04298452737336 25.291404497143777
97.76653030883071 19.763774861736017
73.68555152314316 7.449009402281859
31.409039705992047 74.26801183856064
25.13502128113143 60.46587192160222
30.874469143206753 9.155580987430678
49.95790819217134 61.24289376769634
87.21330879885485 81.95589015308687
13.42283338876966 36.789169253928435
14.190983543944391 95.17257240662076
68.86641487254694 78.64449805251475
30.268770626849918 75.72241116385445
53.2515718559617 16.790764728644202
77.83756502941837 40.73339418413522
92.35440106331198 76.29086647030618
94.56993393741277 58.5526227701358
35.27877689810657 13.574466364645478
25.13816884575979 16.87590372836365
26.59149243630914 56.80557820847567
50.938555745040674 85.7211913433176
33.99861168046585 39.905174462957625
91.69974364608055 92.93083891650893
72.18174254603538 80.87009058166024
24.941179830828485 6.496803537646545
73.42887403794339 55.895878486480186
21.27829767570104 70.98189529915496
70.059443558624 39.38447790673318
69.3915127844028 37.94345606374452
38.98644727400442 76.37197992079199
59.966345455932604 20.51329838942553
92.2769633787448 25.347268348900222
19.036296198131765 13.648813202045407
81.70848988496606 71.07158721699467
1.9393987886590525 39.45212929282405
41.107762211741594 34.153237363450664
92.92025798183742 24.682930690000447
80.30205613270338 89.88969118346479
73.88711706112817 71.67706904171204
19.458173561976324 55.7387304350456
49.2354282258685 53.362204982943574
67.98425119283355 6.914401286617067
86.25782000353375 39.865838681165066
28.096480092341093 64.73080930775129
2.399692107910356 56.65534177503757
82.91293557544934 5.923089637161083
98.56886572709749 98.26488773516462
90.00046101590993 60.09690273127275
2.726381724440685 5.562900512773239
4.4813480855023125 33.52081036560535
78.62097593533652 43.99839133648196
95.30243713738203 55.25353312240326
29.411552543393782 73.28911293424474
69.98777211688794 67.41804860734327
17.501281109907563 28.15168025304522
16.708852439499644 57.69315739434908
74.06253360357388 74.1700113163474
85.4627926026513 81.07822622296483
68.08074760957099 55.08136914651853
0.26343117112765935 30.178392198263925
77.07076479150483 19.426363800081916
46.18970473642323 64.76613553270265
27.622399385008876 78.9576693037007
1.8850271193277646 92.66346601166613
3.1795212868376943 92.85053183755352
20.559011390565264 18.556146457570023
74.3879598576001 14.965083495027965
85.47486371874979 19.011045974007068
48.732233012334206 67.180190262778
88.57812238928734 82.78603106982465
63.602846609139775 22.329605771340844
97.33256726303978 75.59417096377246
5.818426015368061 73.01167713808421
8.036905178316701 20.84588133247578
29.583140974966927 26.96152075772078
94.67731318841271 48.70732148132071
29.78728272831801 88.08590186231089
83.95245749502295 96.1512201276617
56.91844549089507 37.168936053976644
23.113230664169173 67.86146140361069
88.48458371572534 86.45731661541987
96.25843970686034 19.99144753149471
55.5988095313773 19.761058290634214
1.2344494408982332 67.19266339549705
71.48550399027368 21.461587538925087
64.72851669463218 81.4826605894126
45.573221107391795 91.9064054197454
22.614032720018873 57.4827497352695
27.25905032099114 99.27805606193438
41.93809386011862 69.20139136083361
76.61321719864489 37.92227857182846
58.077519968507474 69.80588388086106
95.86270982537684 26.806083320999406
64.23083931349541 34.32380722162507
99.41968729995105 17.37385611236133
46.05094459858212 47.15544176827293
15.927900434559428 61.57445812264633
50.01604988027986 14.643480547721488
60.10092103765952 41.38018230610135
73.78450799209702 80.91194997611579
84.61617505384442 16.3850436716503
67.28209472009863 62.54574212603865
51.36962508859313 71.45552868946731
43.99795153032877 71.17819960153452
79.95642082992545 34.79963388104641
6.460198941326922 25.027681852573515
57.92274038833254 1.3141537023907413
47.081738647738746 77.45276440558028
98.0134703732346 35.96439430893463
57.351926138842124 42.746464406736216
76.03815675416305 93.8159485223935
9.74376187587862 27.809492893836207
94.17041913592945 9.11743739071278
51.966774948562076 46.35127248950612
53.68777384478709 88.22094820072823
74.11420046990793 54.956361297989595
67.20781168438714 24.25501825251015
92.56124125147409 52.450832321921226
14.37057056693385 47.818317334115925
29.621909034634818 61.059114985958644
80.65618944791242 22.703320391901173
55.590689925011795 71.18381909025307
67.01485369539341 55.80088326177959
31.35556851172232 24.682498248478034
39.83834240494297 24.16463036451755
24.730385121764662 44.418557157136426
96.73075059935712 46.544769528510614
15.270921759611532 35.87721004640334
70.36204956056574 80.62473014664235
91.7791526063585 88.02478951900316
13.368094457667489 38.33424273496113
29.487455651174365 8.000463891206522
4.7159071141548825 50.46568270853018
14.334585720812697 24.947010858756723
31.5526335788622 46.44936089989387
51.07456336984091 38.94432496823934
80.08628088420757 20.10055512386937
39.88874122562835 78.95060659158133
60.05690644890307 40.437589117482496
14.590094802066922 65.08780576678052
17.811048870444356 89.84069096639347
63.92843515351272 62.778616301815184
78.4775378812477 22.754250760319227
76.26198540869629 10.665271757610494
65.02308637420333 71.78335669626857
63.211013961719 31.219054489037944
85.09624952086783 26.44455721462531
55.390086383050075 39.48329287039349
98.14074406229207 94.5368710474266
15.874293411691976 40.000747515922264
93.98070796962892 68.4382697830922
84.55475631117181 2.5741488962245596
37.29386062972067 32.64109366502703
3.98544334030948 92.09204915683623
76.29402738571946 38.929617741309386
77.43572084723522 80.19263524941
60.55628436344025 12.98544916018014
2.5110698890616012 73.1778584447933
8.95101047046667 16.76934317307368
21.52153094766618 80.32280727446354
96.5080167194239 98.36004995847603
99.25483886035391 9.166490133975103
43.98864828673117 61.93619753365163
66.13109473084022 10.701618797127965
29.281963875191373 83.5125137321492
79.30474665255309 98.6740502148188
17.822767532577522 44.36943925501902
12.301933375290197 7.832200366560094
82.25632475148478 24.340475098185756
0.42709340513498173 8.828602541210762
85.19801683634556 51.74273591344674
23.918978432901405 54.43027219854992
54.160156718459305 51.12317127314097
40.48706267644986 37.74169669822835
13.005999007776193 95.80378037794803
40.13766693577436 90.46213135218576
84.53865950404023 69.36393677115933
54.1096066815504 73.90983022724149
80.86970527505844 70.99443718943634
99.36910081877227 81.42137777233654
11.769326554105142 85.8349055374189
83.83086383324559 19.780390160112105
31.04370400454881 93.67682964136279
45.395319128908795 60.840125096684126
65.5816001484246 42.42291186473803
1.9616057860987413 20.506196199691917
76.13196709065781 15.961318156466685
62.80487841800046 80.9775568935521
39.80970708764497 29.61099171786077
4.024476038402192 4.766931440428479
98.8353505643385 46.10264173459719
19.878582751388898 17.122146379251046
1.2909692540061135 68.91542705713489
73.69448322235957 2.1414372336777676
37.885718317896334 70.51154067673946
72.77634959107357 19.50724426112178
28.45463057326225 46.043827425081794
66.63298251258945 73.74684635792393
29.238577658222155 11.859002350600889
0.47356850992277266 24.93115009664233
40.69422085519834 22.408331494614476
69.45150863690435 4.930737389578677
75.40198540651717 50.501914343448796
86.32491605340601 47.977219672889085
76.90020996676866 39.118898161342955
94.99345519866871 36.37454231172139
28.986946662445835 10.677602314119738
3.9776356168169213 43.64599235350062
54.694272444770945 84.08875973322387
15.472174833221963 75.89468326015698
91.89849340998737 32.809330099262304
51.24090346131056 67.73524725178504
4.036341993661274 73.30795863111919
16.484960971052963 92.18558045445475
50.627381962536845 82.31057683408707
83.53699177552747 24.00534741019107
32.37194617822714 28.607026653652046
15.190759578924329 42.065262581126284
68.22206844219285 18.301762118716567
61.840210696694186 85.05771701343672
66.51161851119166 15.38954204747478
77.72106071829484 74.32595033182687
52.78824170647669 34.1600157267145
15.849238813090704 63.86575886623347
7.288007457202683 67.14618598808096
51.805881135754795 66.37719073181785
48.094155419904006 27.472578341663723
21.129466899940464 34.98090864737342
47.133076643521136 93.13993563027923
52.36468636056504 14.610861240132822
73.74352942407245 86.25684151449968
42.16994456194199 68.14721240006894
19.354154208112885 28.411962179472837
69.15688234314159 82.67064111023043
94.88313384370237 56.34866193112407
50.57407036605455 37.15597126057955
57.08110528867516 44.35150510205486
51.185286934454474 36.67803945135801
5.961691588678009 43.99099190351128
36.88991849897756 66.06801439789483
8.110717207682772 2.0200470126013004
67.35098811842322 47.25642104272809
62.19956120569439 61.95981722416908
68.90435581039978 2.7120894766389236
42.26763967670517 55.72897881573444
98.35916273641945 42.46391528333113
18.503328623397984 56.32311925785722
91.92132980590475 69.24151217876371
95.97998002319885 25.58313377260899
33.00394530009743 91.48437050992253
25.13791170571902 37.87167970082934
58.09693619804521 48.14050499109355
25.584382675493366 90.52344731584105
61.95466004297503 90.34048744059207
80.44693466730396 22.351205860784717
90.74552416134748 84.43379838904646
34.4108346161992 72.54203996326663
31.753666713709737 8.717300984646915
88.65202133061989 24.233825360569618
6.707777621549527 56.67556974389652
96.41827157494723 33.68874642203161
4.583417450994065 65.71027047616629
97.76185996251137 88.5649779478382
89.37873281524165 61.25207710881215
36.865182447159725 84.68443694883693
48.11308751563488 39.279162682672485
72.90686708252446 91.49258936636093
45.54999309517365 13.891777541516293
90.62238957133046 40.81261413577657
61.36459097074807 93.63325060424283
8.19531651235299 97.50759657403232
74.9618177707118 70.05303644126333
89.17161789109664 42.24520228511648
84.06248028217011 7.312209852280738
91.36596836613882 73.81756986976953
36.075284137808254 75.0831676662172
2.4637791877065496 52.59173876087762
23.344488788995 18.398291702688407
85.24696033478656 87.46283717261865
42.244647476842914 96.80143776194497
17.3755994987024 61.50763089807838
59.70430400706166 37.50942566054671
81.72828476881931 67.54139998915838
94.0006443434547 48.26191034271869
30.535252327844887 83.2500869093065
88.63409073284465 76.58596727964672
66.46201425301565 69.18317109908425
30.285465815218473 54.63628330583028
48.43984055254267 85.34190789072017
38.11239227879113 14.08002266835997
93.8026545137826 73.84586945087332
8.67775333308689 71.15909558159841
54.48811162579339 44.84989065337823
83.2639477763345 15.182358265064755
8.45684709337986 55.896162719490604
9.288258276608708 82.76034476550382
92.74923478574995 92.1348289584931
6.542567906604613 36.696741623822234
49.21842758651103 70.83675773131917
70.24184986647064 99.53681844747852
63.658464902835 86.03719879156945
34.529783594622664 73.92140322538864
8.938468059894312 5.465624137078318
9.579650138784391 6.467654012536839
50.330506482805816 2.3227704086292045
71.15395733590144 80.72003516250412
28.180856461230096 80.82429066910208
86.72886361114954 61.82809909284956
1.4575912036411287 9.632982425059522
