530
1 3
73.85557320270514 9.08422068457153
11.057879296724394 7.184947466616931
37.52939862598264 42.55015002241844
98.51645189525784 8.241805705055949
55.424166589653325 67.17288673706025
59.00341781018143 51.18243713632855
49.05749859614954 56.61648822467278
83.58424392962904 33.253630704870375
44.685278282162734 65.45892561798514
74.07026196953632 69.59929251903027
20.653830885012315 9.73511072288411
25.47906654650727 47.87708404026605
96.7819230304809 7.776778876513402
20.361988034567702 98.65569138730035
9.102976052148005 20.409035584961277
23.638242912068684 28.2931485284031
32.123263177602944 92.06580137780189
26.97356685797272 54.87228000033431
52.254314954751194 91.26416937675106
20.354889325573524 30.197094029276393
84.79472585264072 22.107755375460325
40.64541318506802 63.809646312304594
30.07889690954442 32.273205362203484
9.733149915669138 43.82511947681695
19.71341854667252 25.062868545038384
65.12697975840025 6.648576835046249
34.93639145657057 63.454817914757314
1.7506089172990125 88.99029518738944
62.197020868379596 77.52390269610245
9.790130954170628 10.97851198177735
99.99493787436458 22.49632241149464
84.28583701611356 47.9941933059953
86.41928397457383 45.22768758939624
65.75962165681968 59.51882115766336
25.29903225294925 36.75532212452575
61.15820124146596 45.554395131138634
47.908835203854025 39.03877170651504
27.03886738320214 0.36058687014528523
50.87393849606463 85.17117214469346
90.3796649378871 91.29157142124392
54.130778620499775 89.85833792451328
99.33442076680498 86.15029625681802
0.6689647398732568 35.8829123078767
64.52400811214589 73.0017936922535
11.257172480701438 24.589374826156018
12.084256801817329 1.4425972079074922
79.73018824889915 71.67081214442624
29.259191373265026 40.880963394793504
30.291299247551674 80.75660027097251
97.41896805713817 80.24497100974376
69.64817297803683 35.49328467128354
26.866238750430327 83.89059703884611
53.51368343386611 30.303738373704014
65.45409869374548 88.487420259493
16.68361860233707 77.95179675233071
72.81629870404007 31.953565752774548
29.14020258912673 1.7288946651493164
54.966045849191225 45.318547691458065
99.49644405059756 54.649029301583
76.18230358607623 98.45260637031656
39.35019802278534 84.29098981656004
96.36679406861239 42.123173713961236
21.830247760731215 2.9040794045926077
1.7823657928021541 13.48255264757352
49.81723393780868 18.154578900215235
65.02215479885012 22.153761528952764
35.620684559929394 97.59203813614982
91.09841685676852 11.970737023151123
8.402037788727611 23.372950782868518
66.6932535278881 19.526088447368515
29.53976687200408 27.004203408200734
68.34690057279676 96.39079452507124
54.80028538670349 56.56286461448383
29.740391397173617 67.75086274959968
31.641493705910406 63.694593409034006
17.751683455839707 83.1733943528201
73.39749097952554 90.94789738336972
1.3121458037728129 1.4048288075093618
98.89952422879253 99.04352822504785
70.98123588469987 91.12004086679117
69.62321169586478 22.613466337870204
54.45509808000597 67.14152669432487
44.99234291204522 65.73868002811611
43.84444359358335 46.87214279722891
20.820928724447786 87.24167538680246
83.14604262956927 32.09025561534749
56.421108162864584 0.14876835327837235
70.9820055205894 21.93871624500998
83.67937395030131 87.18117416111836
69.32933297345369 99.28925458461597
83.51296771976425 86.48307936383213
82.15542177002364 39.95919242823363
37.497881363442744 83.75343226044225
71.52744150802928 42.27253623669627
55.92039030165745 62.524609282258496
29.727181420734226 3.679129168677542
23.75057691318856 2.2257416850574474
72.85515641199665 65.02019091451487
76.64917422414794 36.122507112002666
80.630959766424 47.742986548600896
11.373675282691265 14.954703691727733
69.10984822404657 76.92971906722815
5.3677309851178245 83.34486235182067
79.58082333208492 69.31566126678612
14.805130939480415 47.64525982424735
94.78811118155312 40.63078964842155
77.5873315737659 87.83339731263003
71.62347888338103 84.23091652663548
16.620569815921037 24.23531501252809
47.0025272163761 65.43695322893777
63.49715073574116 49.67678352910268
30.49475607899017 88.92159705826852
81.61869771520654 36.72256587650702
21.498179239741066 81.63643146949269
61.73317961863107 16.049533272636562
88.69477175197933 40.186008142363235
62.058273929292326 23.790006049752122
64.14289573344278 22.80281171212952
85.05512470269328 47.491310150269214
43.92409952073173 73.42551425355795
68.92605669614218 1.8406967738935798
60.41116703104874 14.633008543062198
47.71203139991152 94.40188763114779
22.788524677793642 49.0895010588065
64.68608129876789 53.50248300463283
14.668344572080304 60.93570439805096
9.159554261876867 29.474041488338408
10.401229856488769 94.59815621831767
51.43691770206424 2.1870584329982456
64.89063680927075 30.278915152923357
86.6439518036483 76.56644732696188
34.292066850453494 15.348238472610177
55.44965242335085 37.90094291186745
31.947203107405265 79.71110930311865
87.56361715097323 5.790825459251914
25.864027186992054 56.57040744261626
96.54448899261028 82.4477572590278
3.011862031725321 21.777867683149488
81.3330480032293 84.8947557712985
47.35884203276011 82.83457665438002
71.52464212056056 3.071748451764833
53.49820015500926 23.47806585143355
76.06020255003938 11.639729296349888
97.44331992112132 44.03322117387387
79.32181685546664 47.42413746303047
65.64982750874715 0.2650950365404636
86.80218269870844 36.459221770956994
44.58367083223891 1.4773206320175536
88.07454201224132 63.386570551972234
88.14490672398827 97.61061765121157
91.22250401927963 62.78670952535301
11.850048368501675 63.08246697234967
91.41537130825563 72.96718091522871
51.08485029894334 9.990774265519686
19.228277372407266 33.65754527965903
17.279889455099617 47.23006789316586
51.41961832242983 80.6545402689661
13.378651793131912 26.187241370414704
24.878218078431402 45.78256359945647
76.97275896092447 68.26616102551168
41.307406525999845 55.22014679018372
18.477445633421418 7.410716383053706
81.67352411759032 28.69252289588955
37.15928207808508 20.97295753734234
97.8418147923701 11.811717148589995
29.86682562466758 9.378648018388947
10.277441279754207 43.62302407170091
97.80388113138065 39.90144981210475
89.43249377480178 44.834838917230655
49.81329406740893 40.74776686201955
62.13284314399099 96.9903741137835
76.54709568978338 58.309595699571595
67.70821686063285 73.89973020228979
92.922378529471 22.056436299262305
88.35335521304475 26.149338197962347
76.98025595797375 98.78586562779155
35.73070574988 86.08816616281463
46.49743281095509 59.84664518464295
92.85410357469574 58.50406350502284
15.359703885142517 81.91401913625576
9.62822941650816 37.587254844340755
96.59864621372701 52.667325473047114
61.23443197435461 29.19438795908067
96.22016682377104 11.068466707068714
22.111691241292284 8.695078776586707
53.20825298248049 86.6402173310251
7.458047146722713 48.242656215229765
47.349328574113045 57.16025769995772
20.883127314779326 15.68237265396364
75.1683382188562 27.39501004785023
26.213519211421186 61.58375450158449
25.800938570519705 96.23048985900029
41.05006310662915 28.662686951779005
38.614651243940855 79.93303010227623
94.40552639983915 33.576899353032054
6.274453601441499 25.6411669793837
1.2679508072789059 60.31062470433495
66.72162641955673 14.998603869642825
81.4438242875679 36.58165092956154
95.39832547104945 13.015937581234027
56.211210003864196 85.951646680412
73.55289548939422 35.251612359898154
23.6759083722613 62.71975449554124
39.17611754346855 76.3380218895494
62.39448476730149 49.64712011691499
6.749139839291529 53.90245993959872
81.02352666123687 3.2631993969621576
81.83048071950117 45.645874223924146
12.078380641405694 66.94844671540369
18.17141412406005 94.96463204034735
21.91947576303388 42.9336250872195
59.37001717032182 88.94829849960846
55.576986277090356 73.30752815307173
40.31970686364736 34.193146763684055
92.82515203760006 40.266046267369845
86.52461215800307 5.4887261535816245
15.025407763815025 67.40474695727083
1.588878177694908 86.8287617298291
60.66398678343845 31.839435007449634
39.35533995762137 93.8112308645412
50.69023188058988 48.51111963358872
13.419061690598921 45.5094278981427
5.697701649457199 8.090866534749397
90.96907278054016 44.00392704680096
0.9592090456428171 38.41553119342511
63.584860956997005 59.69374188491825
51.538915087650274 73.56488261740495
1.7924440659029095 73.06449407119811
78.26010227942052 9.052428393828116
17.42960550583541 26.21947423110158
4.957874471859136 84.59413167291375
68.84023203936795 56.27305357151726
32.993665823231396 24.63925547443928
39.45146253508247 65.71350458126437
86.90009139344059 74.06194884934634
41.61092214208249 72.0405445065068
25.028044616085655 88.10843140307195
76.36095841620929 98.10998254768661
15.856384929307342 31.897727824876164
90.77348580157904 10.110166387491448
99.00158989800214 25.64007304883107
31.80259642916465 87.91388518356516
21.077545032755673 92.86246319671558
2.358715092827146 2.0141657204870933
29.001417298006118 1.1615049350020223
59.55679563464822 85.20203837627353
12.551436832587303 31.2033661184558
76.86863687367169 4.056719045286017
6.969582409623554 9.282091471243458
28.87067234913332 99.82195534829754
45.13016640911274 3.274991207071598
24.865630347905253 64.2505609925031
38.75419517154499 4.6783682828623
19.360806707994914 88.54883138188217
92.00139546266182 96.50095179577178
81.51153678802956 95.9827917455384
4.054640065539661 43.84604013675366
83.24537017551346 38.34115917088783
98.01761149879373 29.61060905114612
35.900504417319866 74.01009970679073
47.37956772104799 56.44352446804546
42.72158069177978 53.1188813180929
59.09354757503971 63.44780178421006
92.1534022409946 79.14333678391002
14.880528546121141 4.99873922929801
96.57059204522737 25.276711738986492
79.79074959938725 70.01417569134026
14.094520443137615 96.71959200466178
7.657839243914011 83.06190242911111
6.017071784218375 18.301124754197517
82.89445657321465 34.27434947991437
55.14747079130557 92.98758892016241
49.17440871408631 1.3431222582185098
47.61032962875722 36.722423100181324
32.260114455974254 72.79872457635493
3.0101858684074 31.034046895844682
27.539924239296386 42.58515962230067
25.42002645706811 52.272266794126864
61.287446257091545 21.70297729634092
18.026173219285056 98.8599544610244
49.83710102124665 68.59891214238925
42.88421281943893 81.75339393621695
31.666881926091417 31.765714074803352
27.62186696941127 58.584472390816366
25.556332727196775 31.899438252230674
14.493515519731016 67.79906470869943
62.23674341518299 87.39182772866808
55.58636977882534 20.067213556376394
80.56044650629717 78.63367999717445
43.81710864572388 1.67090470524347
2.857575378336308 73.78567559876777
26.730207229843028 78.98239895991807
67.47469995081146 53.851293340783734
14.344765079239785 84.18889855018917
50.84267508966312 45.47511047640529
18.51337935640265 17.403186909328873
60.47187503591467 36.99366645351547
29.489653678824943 59.665854514542026
2.068214439523719 9.335255124015852
33.33506395136852 75.2889936027786
76.96067356960657 24.589099694872885
89.87934811417905 63.94798537382851
49.806742577958765 97.1874557986688
2.8832342287630652 34.829056785665856
91.33125474110102 19.482925614092174
70.30243543971208 46.212469363221786
6.123410459009659 46.33179019103573
48.81289321412816 38.46999409245544
71.89767547185888 56.827302494948206
67.24157972905613 40.00440059907242
48.15709968808528 56.5221074032884
3.6309079533159094 13.360146726568377
11.740174709963958 29.46382983088722
57.0231893443455 57.04533570920465
72.50716515040851 6.573636688155005
93.42527803849666 39.513507462381135
48.57679613814463 3.42745811748697
27.90471894644273 72.13894078023321
7.762563358765329 84.86287236931291
39.04789543820861 43.85006898596553
5.40717145143077 79.90411995891726
8.09858815578044 15.349625066612504
94.42888346887447 2.05360954663536
87.0193291701502 57.827805463315826
65.5382339935607 38.17274523524967
13.446804765445242 45.29752206321687
24.836771007917147 79.64711874147532
41.24059925674628 1.9420235311948142
97.48930360259236 19.790962611379737
1.7570193603511086 16.53707748545308
90.71554967542028 37.25978622076147
58.273666002782456 60.18825035285771
90.86894998430795 73.71169091377891
18.939483267582347 36.5098299616349
27.28446213242306 94.86302776472908
45.09862030918119 72.10822662259385
91.55965530685602 65.6075331097874
70.48186584130933 94.9013979690864
8.060992625163266 87.38759553911481
49.40764481925564 70.09687037239274
10.52869074230982 46.86792296051221
84.90636870990093 92.54823469185764
10.86935452266211 30.82491442698341
66.44499591695458 8.78683265203839
85.30673610884689 58.04526809833344
26.10143990715961 31.106631656772656
36.3527207494464 82.31538866909489
49.048125172991334 1.8615360208355858
23.53623459721488 2.14856551535354
11.777338697922236 38.808499848926225
45.1445096152765 96.47605205354583
19.707536218965792 85.5204008166882
25.174528575954835 45.347596708296955
43.71903486963553 7.529961965820053
20.690994497886027 36.977272105242555
32.8519721157688 79.88375539460917
64.78864948540199 1.6732774062635514
36.07500342647172 31.850786076550342
63.240021817593096 49.87058665255341
38.27860478519764 93.18113848917406
6.721563267948216 48.02774342430565
20.89664619011604 34.33661120639382
18.30797324183464 21.922170943508057
96.58940566076306 87.01974070844187
10.973465676051308 89.91765767173754
57.82957865148233 62.4476144314297
55.909538984961095 40.49822317692069
31.835304880608305 57.623607703315784
31.867262873452407 17.6614112376978
93.1117414537492 57.36951611737035
61.18026209669081 60.997668462643674
55.784255457128864 64.58298213901776
45.71279119871377 12.244725924518175
6.197729039066391 9.107844098373509
58.29534772122295 94.23171430998718
69.97405871264097 38.106645687843496
85.42813470444169 73.5942919517407
1.941221066649601 83.56736803284059
32.86686024258954 76.14103623405124
92.13455145711 22.269131184000024
28.629787226500248 20.588161169635065
59.23931211735534 9.056741334518037
63.07828353953 5.9881869794022435
77.00344878948641 91.9651133706259
1.746882379102077 36.439751604122385
27.06792864952292 56.56954664613549
15.519875000423866 14.958713576583115
57.60433829033638 81.95228062379701
93.05654822882626 99.85844626237537
0.06602295353346221 75.90577897577168
78.5641365133144 75.30097510805834
6.630772115681971 23.719911020372074
18.674384929980903 84.33934344311467
5.34470545489063 48.94253073332282
24.227990185272574 33.06949438520421
49.81011130215847 70.74769541675312
67.63690232935156 65.95290658728186
0.5639083674560119 84.36265623281041
47.00227103782768 30.06015256584775
33.5951676489002 52.68782681277755
59.406453466743784 26.55959288059748
58.027544198623815 74.91987138751372
72.17650443303131 6.172056876704413
24.4911052422899 22.95960433807529
10.878676913429718 25.891325271103916
3.870660687398586 30.026440024258694
6.479276976421988 88.89569330725212
62.767763195212176 48.54036618085089
61.33959174873682 81.97770108915515
29.192651576009343 25.245784686844573
54.618477035569704 69.01242086756912
86.87814424082012 48.104521095365314
42.840132096619364 64.99451348877967
75.79268922040671 64.1749055631176
36.87738649525094 58.24239276541579
97.38884233895386 41.13062007461525
81.64281610051074 2.9061627459118666
87.78504594775967 14.760021879604658
1.9915463598644934 29.74573925993522
59.54817848219154 50.07858459380326
42.70172651842263 20.36973336225929
8.503649247554822 76.15366003496275
78.0606903837048 44.88462078259625
85.43473808003405 83.25289522239902
7.651519569201892 33.88769833144134
22.268960126333393 95.78330688338643
63.73664981315561 20.565814643674795
25.69692325726134 49.67392728397802
3.672122242593745 24.95803794324083
92.72288862976654 1.2814004797556233
48.1982965695549 20.985967994348332
62.67354568086554 32.81980718112463
48.584333619078144 29.224996043176944
69.72147987837964 14.019011230868038
31.400473458722765 21.792182347766122
42.32033300650328 71.56083023898994
15.63542349404079 63.10111551559936
82.20905858726712 47.780401782213055
13.642287254240815 53.86803897801733
67.86577853777231 83.66792411706854
78.03244545522956 61.04104823314294
32.243506855030255 88.3196548534922
78.84397762761716 9.035329231490108
10.76431626280161 87.42215331128025
3.7401669425255246 63.005619166726646
26.124752657648465 65.06660631259264
25.176030635841883 49.294019697137024
45.80816254011075 49.97433006079663
66.2954281490368 56.84593140099441
34.756429977701764 92.17871077953666
17.067497315159706 41.50272585943535
36.199262863577594 84.83480620949652
84.8018422036426 57.93330870561153
41.17270575752414 63.61674573115974
1.7151516346583628 77.061596180569
74.79545844229942 14.108356634040486
50.10365783582682 58.105001099759754
77.7204137937644 81.6773322327495
50.54198728537287 16.52857624711721
71.7961594263723 57.84013551667795
5.697145209294185 98.63599555809024
56.84141264463511 93.67427948955186
16.949875670463086 26.082105481807183
86.56907115030279 36.90680291576838
27.531561804538395 99.87119558483344
69.72646042600718 91.55452297172121
59.23629874103922 66.81105780954128
39.45987825217252 61.46779773356319
11.16602907593849 67.87564170317988
44.67402633487634 51.74622047145143
52.59864239539678 65.84013830539274
38.148126868623365 17.293832286478448
71.45631178742966 8.259299458942838
26.803834579920725 11.00086706356025
98.00159746948107 39.748922219777704
71.51972581540235 83.70039542354317
58.981094455153894 29.972784282631547
66.12348808989299 92.5467698556401
22.365381941100093 71.52371510868119
80.023075571185 9.490561590588943
11.665338389674673 36.616505246439246
22.678930465831094 32.497333882689674
28.212897112406065 38.8897300168163
7.8077966095788875 32.391736908969484
62.693458370958254 79.83842023913716
94.90466916162515 61.360858787972376
65.16677841801845 48.8146020424153
23.28985116764686 56.71348822807012
15.206596971923503 39.60459665822527
91.32380905007389 86.7827878628469
85.4767572743527 42.97255310509478
24.61318429861945 74.04824654351575
67.7057639984454 18.31993311946669
49.337197902282966 41.99526492524321
75.1409156892808 6.953925390203586
45.57373662095203 42.45776057189852
54.695218235935705 20.5405605007406
23.847083797155257 5.768212458678135
5.260763037272276 9.571998874469756
73.20899163175486 38.77666414697196
2.029407734292299 33.300933543956134
11.44666366352709 97.62004416900896
36.45333051884694 1.6964653963596144
64.37853401798147 62.901474588240916
39.02186381929993 73.17512059509647
0.1686542787954659 95.83428587325955
35.34622740687357 47.39178216517486
70.09135559958415 22.76972086111868
63.46413673227822 91.13566530287179
68.23381838921874 53.13788902611807
56.59069551847491 37.10894105048308
77.93099092519473 72.51244398116552
84.40998918826423 87.21930814582177
25.809331756130582 7.474947605568327
8.278331993648735 77.68045372607504
11.849569448437936 72.45540558764247
45.07634358259376 22.039998437540387
72.54671024530663 51.13576396598474
82.83307311926748 36.65639651116768
20.944801370014822 14.115268648304768
20.397301384395973 44.32960811474174
61.512423880751555 40.71378023587251
27.99702839657854 67.83322881289526
45.7834927207887 24.278605040550506
57.81001258843963 26.19930973946092
28.188635696881683 13.742148775729213
34.7710678901219 73.82720119147857
82.95920038832163 80.01173199044143
91.76586738622852 64.13187793805535
48.6227623072951 92.83894447093812
