630
1 3
9.025446021967376 31.61967339523637
17.655991008618876 46.3772809601394
53.32844539870452 84.26899180095768
14.816654972844878 30.643246847747708
48.694499161641545 56.35756850881688
57.74443645223175 55.28063301546617
50.654472142194365 20.637137071961686
85.95721137401924 7.278921794672222
48.53738148036828 68.50587404524155
85.41907717107374 34.741711441835996
53.40799287674922 76.41453089344506
6.310691802482338 48.89242548712325
43.08347399667585 14.035633650288792
49.00267996279386 33.7409628963268
33.486601016107784 43.538387374766494
68.71435568646093 64.51798905445993
67.1486492423971 49.96901144672998
28.862932635433978 49.46401493376489
16.95409069792726 55.99428083122784
3.951191072414506 92.17318348715241
63.042779699983306 39.950187527085255
85.41659340478569 19.646114167887617
64.29308109557552 29.112628644499374
56.73538363231763 66.38816174643813
21.668782039631274 61.535697352870386
74.94526036562696 68.58774566825896
0.9352829843091381 51.91596368936584
86.41578730313644 54.34438769421553
14.043507779440766 88.37267193572669
93.15221120824866 98.33153243381652
24.15156427170149 12.353245945982572
66.85202819126322 34.73001437063819
1.7363126064971146 44.537004752506434
4.117230483972678 53.908515803699956
87.38635976811244 58.97922681320389
82.99499661691448 86.72698581595009
25.161032483008295 80.70633771398347
35.395041807989735 6.761404801020676
39.46164957304001 48.647394717503566
6.022367571728915 65.37523420789755
56.285596848724516 24.27263523507439
34.34655177438357 73.22693796618216
36.943533574014694 71.26341179872071
87.63119421826137 15.089665275552711
75.53180082792134 68.66115802433448
19.754972307248142 7.327885596244865
27.727520521919136 55.94518124377057
53.9408516190941 36.91741345963047
33.22236896494577 15.147243694067281
91.58018516268113 98.44195809490353
17.248471998992375 1.5105968553337012
83.4665676773675 97.9515867017883
2.4839457804714415 50.086340559653706
33.834991380424825 80.69104416767357
79.80677234812701 4.492343377475039
16.39681017920389 20.47312331081683
96.16867682412789 43.66976503545443
55.61361991596074 44.5082839070444
96.58332511615882 16.906169055138708
1.8173243996427502 70.05088527987817
51.001591351304 98.19319088436072
49.19894952891097 51.70861699087224
38.66064894972514 87.94888667007321
62.20281588442409 75.19905655218541
13.266051370266796 75.89450601687024
6.007909689761437 52.462737374036216
97.47784374381878 36.78744106863752
21.547321091421345 2.010720035717606
20.245396088022073 37.32760524307266
46.64455871698989 98.79262973687088
62.66485596496187 32.833249686165786
6.781597870323908 20.555479924010168
43.94697986591019 2.9447969743915614
65.0591161247012 1.311077784725656
95.45115803272542 89.3156996766868
78.33196052451794 71.72588291327932
75.19306564273775 61.11830948310379
99.24645356410753 99.22878982376304
62.23903048994372 63.1802857874511
51.15961891081149 31.312753872573772
78.44943600969113 84.39748894292676
2.697898662579501 75.17877985451138
56.7246331550894 29.898639453960875
32.774833013715195 12.57632397643047
45.38466365255698 74.02497144493722
25.40802151361923 1.573385033121233
74.32787030442105 35.94724811125922
52.17448279814849 50.24188622898815
82.85800227212381 68.01457602399275
49.18273650885161 89.84218060034543
75.48033433751895 62.3482500173099
52.01746126969433 11.59613764764742
29.00817633648094 4.1991433982008
60.49518232837894 40.75779264495216
9.760392007686924 53.947666956280415
69.98097276655892 70.59955033655089
74.06835555318916 47.19112345580789
22.571088713436115 34.44762500859551
31.67222974426853 57.72432054555501
20.838010226834157 15.200117487459286
34.190675903494224 43.29888417953829
83.56494508295675 18.72986952206923
49.69838219867504 63.361837626547434
1.7927730843928957 58.95522445933017
39.568635136513564 91.47134302147128
84.66408506533863 17.70716431389672
10.992839821684264 12.241228260849457
26.229224120146522 11.260259298947695
91.07033542648449 92.6730717786141
14.318599789042462 32.07783045901791
58.3752037879514 90.8264169904494
97.82771022984147 97.96751182700885
95.87591050485076 18.784611853441735
68.38439504969105 15.717375904938912
95.9392616653485 42.08586892711772
26.86540131106616 41.394699523561165
46.30643566564909 48.561402280384215
15.745527371396939 64.93281943456928
19.964599128176918 71.34347557289695
66.45571772404554 10.038238567285473
75.08521126918058 97.66074166280434
69.32673092867627 48.97214311187601
19.980999878602958 31.79799831712955
67.333636470796 26.814718810051374
97.44564415638304 7.477387012502312
41.03311884875911 27.65225437980621
64.96749578727491 83.06795414560659
26.003294987944003 61.38001378544076
45.12134288330425 59.72548892744358
7.549304491918329 62.40766201214421
3.854948971357408 94.37145543417913
62.559890955551786 63.109616723891016
85.86343212259627 15.423941254687335
83.61645015631096 56.64244914535181
56.67893986028525 71.33953035361071
55.47484107665366 58.24440960558721
78.900808201189 66.40766536479035
19.52093484560473 15.09866646556166
92.77622201129023 78.48311802208725
60.06438475261544 53.69299877695444
92.24186725389107 82.98311110591645
22.784172632759493 25.815878823387873
8.957784959344274 37.27294277124451
5.4313417796561625 36.49911917551505
46.20423545919215 37.27296207333879
20.427811496171856 56.21451696059347
54.49817238154922 96.77002525138556
22.206746075687512 36.72534860473537
83.42572873011787 40.78138110914795
77.11836506256388 63.91887043238318
96.84036605609501 64.75255017071449
59.07188569955453 61.637486991549316
46.58869667471841 43.71693984482883
6.180000143941711 46.04917397106008
87.70961403550186 27.373992097567236
47.78124633806517 75.77755142566262
30.452031165735427 90.59931636662107
95.96383842787803 32.042415284243496
48.075317551279625 4.145000207968419
28.950636332553614 1.0599788085965844
89.6964301362313 16.4722863338405
65.97107417180823 53.22118278752899
96.5890795820219 69.97765668541484
81.00835053064021 48.48059827845044
96.60487915070294 33.8182844330591
79.74417614686745 10.763972677819101
1.8699957939858791 51.52015696259768
38.31471417103387 6.0254713539723115
92.19587205633538 60.50570666365205
71.26477895604377 81.95654517552511
11.833815610934595 89.63189714785862
19.466612096095126 27.56630523368573
83.39760250791784 54.33429488238004
66.28127021947485 77.58350807710164
17.268722591705043 80.74255797173888
67.95833447819022 6.060655337053644
47.03791029289177 47.11770219392704
95.61959050562538 14.582926217760917
69.4230374123501 9.683028570635678
60.108255971514524 65.45918640706874
7.730380965139094 53.12594785633775
56.32762420005979 12.128399885237151
78.54162773247695 3.622185301560532
7.230468368867404 17.050133228964405
3.8600049153691307 7.216549640671843
84.0751440789917 10.007018333670326
89.53788871176276 73.56384373694
85.48378067834457 9.85766017420515
98.80629500649346 86.73497354933075
14.186212224438632 38.35463744428551
2.702669662100443 58.997975497194034
3.0406545964056564 32.790161242618446
20.936857568335675 68.03065706865365
27.026343307482612 87.09020228094542
33.327147461901816 39.73132835728963
37.94912050190922 33.48571557954254
43.36877923759752 76.65359583670282
71.90287873902736 13.641789902677193
80.62244264689267 13.654010802878247
83.87108887419541 55.97984787833712
62.89314544631497 29.967845706542274
24.05389966651159 79.32540137318227
72.36241695668664 77.61303244438771
7.675186220129526 63.99816616110383
31.836285197112545 33.29282449291906
31.06566988563395 16.971122946750583
44.04383959306764 79.4927570292957
98.32829866499064 67.33909119595695
73.9625975739727 71.8001998367658
3.2736786564329323 54.38221587196601
25.855064980147624 6.668685996828461
38.41226082395557 29.101675344296684
51.7294294247171 28.622812429040657
14.850847269834766 61.7677542458372
87.32374822877362 36.022197501077315
46.99930235600005 21.625877821417493
89.82161974750171 83.84614200940148
25.32581747907292 75.34992438822998
40.52386955009659 9.625249751730692
18.573847812071698 12.477216321510355
20.062094507561447 96.80804120110204
18.644577579729837 23.740558367377606
6.978454298615144 25.296548812126773
7.589292862487862 65.4218948235767
52.7121206842347 10.21724272954585
50.41431752292122 91.89941110061616
60.41210892068116 53.73826290944248
68.17623090084336 59.93992279420102
43.842834604597016 35.14293488192217
80.96510928116633 32.38831386845962
17.932130104609634 2.87680180730272
88.32663178908511 12.195253280561547
89.49574561270688 76.57645698319067
55.70299265295413 35.64285747549272
62.23293798861806 52.29950785708939
58.52748283464766 98.12008692236545
92.8414007375198 55.71217783821743
16.13856213003848 69.78923299828486
17.355457271381436 3.514525249128897
33.41045171189592 58.713746237345575
88.74571494058922 39.879623625242
77.4743946715935 17.017031579957465
25.132086214260173 83.17240681064962
83.16500343703626 73.44802271186208
50.09972378433667 59.24465141584325
61.085893473063216 91.90715776117624
72.63730613196273 93.66791092926259
1.8526895833255619 99.05081932769451
51.38557064191653 79.39297884598504
98.90002436032697 83.9613184390386
93.9621872633923 12.19298162281861
65.45441520263094 38.39341781910384
43.11055756793447 85.00077666965518
91.52044368534513 4.597752961230528
11.810212257166786 15.692042333057032
32.62961391883987 42.09829836084147
25.54953063604475 19.864060154064145
53.528584653672404 24.97961464445182
16.729516931004262 4.471944199301903
78.00539809731335 39.33004058681908
68.67508929078372 39.82662941432049
99.13954280428499 46.10748418117405
61.04353047857074 43.002928256945495
65.08980116749596 39.362875200655424
63.86281761479709 16.470108096207746
67.13797944190961 90.61840439537914
68.14949402275252 78.9085000248756
86.06689081598525 80.17191301274147
13.17392671094959 3.2010719853689418
99.3858720084892 42.334696459552454
55.003242390341356 77.1954036964944
52.280400621022196 71.77068357346856
59.20308494197579 82.26450767877031
87.01955019606693 1.6670906836060428
13.281887368734857 65.3451101220561
92.74195896705552 2.285141384233458
52.80492370204293 90.5077433419771
58.35353310772082 89.31045783569775
80.35666263301677 88.1309099566657
22.42738736838139 75.04048696046812
75.54022848697277 30.59594109716024
40.34392149604362 14.511406887598755
18.782455079715564 94.91999950781609
64.94860328316045 79.02857216711254
54.66983479571246 70.10789688550834
32.09232728349984 24.316795994296946
27.201431356763695 55.942677562844764
32.2111521365541 70.82699143792324
10.488845407254633 68.75252196042776
69.45019601816327 72.0127297138117
88.87456723645279 30.37226160672699
30.3311493821967 0.794523288760085
26.48895793496382 64.6550727152842
53.39615282538412 48.04434251775862
29.39322164803173 23.697633894863234
25.718343565604652 8.943574554477918
20.967857067560836 81.61430560107495
53.839298713911866 86.13014621231852
16.436886327649415 46.26160287472207
9.26353252904002 84.85673406814011
84.55313285971144 63.765945344007704
2.2836575443134777 20.051245007452323
26.182587235274802 8.550171759333768
27.2369524119334 92.72776325389171
25.052354217556182 21.765133189849273
41.917752609321354 79.23996950602292
94.88980516280374 35.22062184679151
20.123750743871405 43.035752132910886
12.112382845597768 11.902152714333791
65.57725049060632 71.63810210887686
44.06503301783362 32.5510403998325
54.88711927532606 49.01886691098547
83.58630540114814 27.868844677635842
8.307118762739707 44.514051450773295
61.53094862542374 24.957220220928633
90.0819676186026 36.85245453554502
68.6079505432939 56.371693274524425
57.39072377759913 4.487926779324347
75.18990496537819 59.358473626735076
9.948451077296072 10.13203773278315
88.14571608451345 17.48142249345268
7.762020213751497 40.71923557061046
96.78777279059541 62.19855870383819
19.004817598960756 72.62155175414249
59.938461685674405 78.14659094870939
59.91813298506297 28.645874759295854
18.55407962363358 12.73276455203074
58.705307194069725 86.47309739119883
47.631430417509215 59.61578824188818
27.45973392731249 4.131720988272414
44.19665571187434 66.9079056345673
96.17713417367881 96.30267652487254
19.50516032563265 78.33213229055649
18.242845274932385 9.394382540915004
25.99058794276059 15.310472508001393
17.76564409798651 6.087071109986719
54.68208885820802 39.63536793383571
57.90983880280092 89.91012973751747
82.07626406757822 85.21955802120658
40.948283990397606 43.60624126406816
65.41562729731818 69.12469686548839
39.24632702918722 17.872249238697457
6.117308652210185 10.452228304982757
23.896041928440415 55.7290486027213
82.94059499768301 15.390606032077493
85.96619189895098 9.661496725274453
84.89862647956477 63.0178238723488
34.7370641399225 65.80085764018872
64.23346782177906 68.68952702323192
54.87242276706328 73.87496964793043
55.19416999075841 80.60564068124908
31.07107477385087 80.29580037718583
89.3203904949021 2.0256058215394557
71.76677032728682 74.8078076621121
35.4887847039248 54.57585727464189
76.0208954070608 66.16015555159504
68.70065781163109 15.046406389781787
66.21062241880414 35.05909897903577
38.275338353658775 45.06657970262597
39.66971541973305 29.551130236256483
87.2729547289828 46.62017787280517
50.57132205950785 95.61832590808947
33.827894694515926 57.24566353917056
72.58326445240174 57.98886102316596
55.237092626975695 23.0315691663463
94.06016815872755 97.74091610172961
18.59127472336899 15.270397352320341
82.11181751536805 99.46310080885219
14.7114069694958 64.95362056058028
73.37073040232416 46.734404567486855
95.43076788592909 45.37811699255736
94.91766825744298 72.81105935071122
0.3089137053201574 91.14240798577828
44.609205287680176 49.99404146054851
3.858505663090339 43.437616374790665
96.86487688883241 19.121104758361863
45.4179017288108 46.4288924630486
44.49160528660789 66.21663619601028
8.451862111773355 23.618258359492252
82.14622680092506 24.60510192027934
83.88481727752522 78.56052486048853
70.04816721548013 97.42863934544029
32.00338504046785 16.642549368384408
20.85927132801619 77.68333776355828
79.11592925174764 34.0462376835287
40.98614064992698 49.83095365105221
72.53706106468118 51.744644648456514
58.165766418157936 58.228946795901294
86.69554898366447 86.57924436343096
37.47136075837481 22.173501486013603
12.914025089163239 1.4926932756768485
15.149424039487602 17.708971428429265
34.429077664067705 22.731700372881857
40.232902939292984 51.095209151756805
21.06387215557102 45.758010118295324
58.77637067218684 51.05120927299611
49.317466926657396 88.4453685505826
36.74056726157946 10.09921341272717
73.13362996922021 99.74309287821232
78.4148457695649 13.727853951237678
43.376637301828566 44.32307117482277
7.475055628419058 96.92936933473489
65.07113824676054 88.43160267583141
85.49534249908181 97.58238855870131
97.90894300882371 20.35158025223889
64.8583729522915 98.44621203787479
47.117648533791055 60.293804439742615
31.82905043877704 26.334751043543324
87.70596215899971 17.174781495863712
70.13552112130074 3.8890013671001977
54.84320791080528 46.97083679347731
22.06607215442846 80.73020816150182
86.01965700884774 16.144501771996623
16.939103198743855 60.6116043018752
97.9263661629839 79.24563695013534
67.26264952182892 44.296719781017345
57.718720109635235 94.8081846776907
0.6906596319519398 80.94890789713929
97.82783417986683 29.804667391781294
24.80061332109318 4.234141405729619
73.92409958330592 1.2313394523808752
90.41427412940257 72.07913883808372
90.49423247372255 57.28691170978555
67.59135343530735 7.21309163610262
10.743945780233698 57.99771614055202
57.57517593097803 33.1145994682686
21.190997660943832 67.1474448734662
32.98872360638872 82.14566883178789
69.90664463101777 31.604832300730923
0.14488849043345908 99.88156561434572
16.53934014781533 18.554514442841953
3.66792671325038 20.75756542574525
95.75066402583157 39.38694525215425
31.516714881114183 31.253063839062612
77.84206300388365 50.893075547658384
89.04137217404309 78.91542068914188
99.2374299392343 95.96265606000752
91.92496655018884 34.40351222948897
90.79549037469717 62.32822665116036
47.21927408472879 15.874177902257202
90.34361122260827 12.418255688421587
50.79975830563319 10.079248356772986
6.708074296219402 96.64531229393667
68.47207241773975 3.3899564206079758
51.250930939930115 26.555421449240725
30.648864063789038 45.898584705879976
40.819980794030755 15.024641311630727
99.69520030748691 4.562752464706432
96.63081229314068 45.20803013768777
26.40180616579533 35.52665778337249
46.660366043146475 48.44004466211893
20.650716499159817 93.49305411992887
0.9033726631856087 99.24635988538026
86.80513010822797 99.21291998329589
43.1600402141554 13.371407321501971
80.02723190116919 23.188313484983315
69.2095801166696 70.4324213625569
11.172944418639474 45.46359918837688
86.96540334328414 93.10963946974127
64.32405880547634 81.43988325568523
25.881865753489606 68.05078888236021
87.53717399800539 70.15648180562141
33.41311399747258 96.00291820937062
12.264297923977786 28.330649083868174
67.48338288070927 81.79901320007869
5.9988656199349455 47.78263753913086
96.47912212877985 7.338406905303274
58.744880540577604 9.31984752220516
1.3628057400227656 9.748841167121736
15.277979742407211 52.01708873846243
68.71361312817386 3.091063248252346
31.884400407099612 53.22946500725336
70.89906491435943 19.559454802041977
93.98966781968635 67.05785396292427
30.239437460733587 53.410147977318154
1.1730009075433756 83.07688852492663
11.236088076792061 82.99108756575238
55.49660654222344 3.8911925774795852
80.27064131603454 80.26545487236629
81.80862584366149 46.01213129600572
38.939189963218254 60.86174783410237
47.82910058026919 5.358185907157598
92.37130884841062 14.731948742389033
18.779862451583163 0.8574829919587135
92.80641551505926 14.85780008996569
13.503521932810635 60.56829900248948
41.521191395565424 69.05316743229118
64.95248804517814 43.56818574974828
16.00098469835647 81.49722586081786
94.73026001897453 97.70237644225892
78.60920542364829 36.97218758415137
45.85099590232345 97.89795690259294
64.3796638943547 35.93537855233715
62.2025215953449 43.9725123474934
89.78047978107189 15.29225447912923
46.51876871321517 86.23074523622583
47.87435592178153 58.41724291966477
7.2502859849625345 84.36811718364356
87.93961628139095 53.27627363016716
2.117646583271382 41.1427715030017
15.853883006900272 64.92728631878467
80.09500366530966 36.32298143620842
89.35140349874702 57.97562049669358
6.909616803631047 46.808632054580876
71.31734740179878 34.411644655913534
60.927238065588284 12.50821681534855
94.8540047929906 95.82477375855389
21.815898888589082 86.0757451793775
17.12126214097942 48.81561657311202
38.84258242081433 45.131552953136264
77.21790348833339 90.70426799479583
15.065100814454802 41.51788080836951
13.394706494948604 46.29429500950329
61.05987464230049 41.99464058663158
17.30395854717992 27.43852179949964
11.81418491535684 82.20422239264012
30.065705603790917 55.58927633415933
19.568552599396515 91.9892310233086
8.762668056722166 52.111752042696224
81.80731047343114 73.4216731150142
67.13418539990373 85.2712642809043
2.3149854756003174 77.47416902446417
60.31162135492476 29.442150565819492
86.44546271980589 4.12153577781984
68.7680854338768 46.44119943858431
68.43397110484275 51.60474375278361
15.342096271722315 68.42217350205672
93.81126541049211 92.21990516719896
76.12956710713857 53.71990830084123
30.107688189737413 28.67653614365824
18.365900068642272 31.742517970791905
42.23143575964079 77.05301185231576
58.616832643551064 45.42084778219662
89.05525302148088 40.504446799165535
40.563098380128125 34.96476092821372
13.353236656277234 46.67471186155176
42.90148073968763 51.67257703953651
38.73259274856955 45.85706337972682
22.054560923716025 0.9462583348409881
90.61790777071342 38.27936651383632
25.236448232230856 61.140775606718975
68.94687609328028 9.526518825955055
45.55791254923929 64.08911478317114
15.380513013607366 61.66019466351129
11.622630518713706 57.4828298142352
81.07377663909612 3.760813632111293
80.36691638405213 29.087444432314456
31.79864812628017 82.78131025476083
19.975233123429923 8.413239400650262
1.4397159784218294 19.863409451870417
30.334181290322306 62.6599123374632
86.62686626520824 30.678854201785377
68.73596204538211 46.036810819072805
95.14255683997364 33.87177127070136
81.25290949001862 49.46882004530582
95.11515342447068 55.521806268054675
39.82142942663256 58.978439565607644
75.36530274825888 10.778159165593193
3.29603765266393 48.37284349864712
25.949721282749593 49.247500292292386
47.25437469296232 66.09030579448094
43.51248382091457 32.89558876911172
69.35710144379561 5.797826914741111
33.77949701858003 55.71487716698882
4.07333671883392 4.784741470633502
61.278412894003445 95.63687349388049
82.7680110413739 57.56172582667378
53.31511680272294 13.114930101046518
3.29369691195891 84.3971762855795
57.03476493279511 87.95250683842247
47.46952551832047 87.05731915783517
77.73192568397936 63.85872595005564
15.090820532523797 61.36231068648317
66.80551501946779 9.81413900292396
44.417276599020504 25.75275273726978
36.83619326717997 99.11227293480151
21.43865910437586 4.098312054671949
20.026263250617625 95.63479058122904
40.1441859278572 9.078828540705564
13.70022567254281 49.51315388832362
67.76256085918789 37.74874859035493
90.89751609172339 18.675757733483955
56.98542057999223 93.26512732165835
14.905812733878099 60.93812194367183
23.03116262036231 86.24640332154674
15.231498731454929 40.42138623723541
43.134295136172526 62.64585508736808
76.45045276585584 65.54408213795608
32.507900722632385 13.696192942902808
2.0587102271059754 18.961882972392164
90.83622336725547 3.927309223012476
30.595911646737072 11.117155713495762
63.70627032848879 29.004434739285557
42.94208480402186 58.46960679532436
2.9361587722620097 39.047143080577726
44.44565290365083 82.45375570070699
29.435107806056514 51.97099923883901
7.690200450370899 40.37784774538507
47.752249086138136 19.96214477522733
27.366659657975912 60.12182252685585
38.31240834357273 98.45224752509951
0.7315902223713255 38.3321084094745
55.1668918960933 95.46558122546848
87.45190909987117 97.46970043830277
47.677033188048654 2.6436636307201278
67.94544577582717 73.52821905811953
0.6436737891943656 2.6247615090419396
68.35462194349648 75.38897076654692
75.132899241641 97.87465319067525
30.450705691235825 80.98440194755791
85.47479458289962 49.18984320498203
74.82406938928715 90.99748777054029
12.4858082401198 72.00711267609698
94.89648221466223 70.20460789414888
72.2628639313119 47.951318014435486
33.72007131373085 40.24394107129032
48.64114450881212 88.16991476930582
52.88494034577238 82.02770673610615
65.50099795005804 86.87031454385144
74.71605207024025 51.61070057594548
20.20227869642488 64.91044223375229
46.495606802509435 13.345219593820513
10.063560563748508 55.530650926341465
47.9911737509555 76.58240022050622
50.04945037001589 82.77779825066962
10.804286124657647 29.92634032585968
6.925651112370512 52.04624897024716
1.3862261940422727 49.22652737696425
58.862718773809554 52.14660397602551
99.63291454439398 43.65248233006245
