600
1 3
86.9978224403329 84.11841515337007
78.90086296178227 53.77390454825224
54.36988173908313 51.67152041509413
45.746616612168964 42.834139291014935
55.566651072983305 51.40301645169214
39.37527577652242 46.24500447847364
56.93317107905478 37.25171495289612
99.8076696444337 23.462589399667564
72.64551951166376 47.41472026640321
31.237408277602484 56.0542707002748
7.131155478485729 0.12501606099191154
84.01750423390672 54.595927036742495
55.41668101791832 60.31613305285535
69.73252504298837 65.71600641640825
63.36187273421301 96.21642172676363
95.34132556777027 25.45530255324575
74.33682079400283 19.99222204550064
50.720514500326374 43.22192882061611
26.306939100812677 26.872400987396517
96.18644733479782 26.154596266290618
65.40721666755928 25.76681937894918
52.19083222001639 43.31588882717643
60.98384639668646 34.859909659135035
93.05929151056411 47.11067317254041
15.41641818123438 42.00174581142455
12.517264206940037 77.00318870583342
0.7306413481819041 4.541264387301891
84.16111470994217 47.39554233801122
10.861905867236942 87.73992968248353
27.893158759731975 11.034731942183162
23.673440272439848 16.64051491296139
57.51946731424751 25.394074385813582
23.56233524142248 95.65382935905689
53.03126086247425 33.26662549190864
64.73923208868098 79.52719373418078
26.21701487187198 53.464660746034596
54.00409475590149 17.499363767955
4.277582266150093 98.26177705546147
68.44928975521853 43.45568587550874
74.86069193605948 23.28689870395435
18.046396179475543 13.09230416585927
86.3421172998032 5.275821619474308
53.69076817536733 83.11804282067132
90.35405221174848 53.85378097977509
1.4357666956629878 16.45368465267696
46.1700514403832 66.87558808194993
46.95125548105654 75.34616487263166
39.55424266471383 22.366877774181916
62.94942899837383 4.7789190636074785
3.02769261952589 35.399770720910915
87.37497768445886 4.760229285306239
1.9929947318756414 64.91964869740951
40.78581761363908 32.33521254197085
1.4864287750885108 73.46829906568017
91.84556273349477 23.19811813045738
21.302914986015796 27.174319300493345
1.7637918426333998 23.722317028890096
11.693992204975224 30.810120877263003
25.915063025298824 11.615121818099938
74.06232220698608 31.40275125406964
54.23075698465516 25.908292535792498
37.11684024890063 63.20218153722963
38.71324421181151 37.257010412575184
98.61942896254712 77.41401878620727
55.443054234905965 34.56331924046157
94.1820219110432 42.66539523448265
54.44472646740408 90.11708213392184
31.848300760422 84.07935875652939
42.50890413924351 8.401735898124475
33.84560425540808 89.05941022280442
84.3515314386617 13.505576219369054
10.556302763396253 44.24675722106559
97.8581395960716 4.294277715026218
20.32129209939404 15.002175123553352
19.94640311980751 83.27784551206008
92.79505006646527 38.87958383594634
62.77646517254465 25.12763888315579
72.1730390853747 21.744842893878836
15.604781126831746 64.35273322549004
86.06249576063705 8.218681754562173
59.62858884884705 91.59782983914282
85.9647746933599 72.57025454715756
61.45849444547733 71.80226004606489
58.55063817252806 5.165869462302997
98.32124475433177 81.00504388427167
64.22383301129952 78.11614381278046
32.68962447464598 35.768004518857865
17.428171062955066 85.39797392361758
20.454914062377917 11.010456819221147
31.228660757567205 68.97897606620856
40.48789319197476 6.174467641918868
34.696035833687674 97.6645478384426
86.11806168180449 55.484656407540434
43.85088713411503 80.31315743797616
75.78092208122926 79.13411005940887
91.4845589414367 79.00040749221
85.00537998392778 95.98238015158287
18.561403547547094 95.13714338531489
53.74497127530991 11.846514886971015
64.25723547300966 84.77689643983257
92.7217583444301 46.143451530632596
42.89181072033765 50.03165471641338
46.686819657694215 62.7043846417058
52.96329700837041 54.695173867150395
69.22550773432805 59.90089424771345
1.1281140563873526 45.08671957170631
81.77807640084403 84.58314622485206
75.18225181683287 98.9505457227065
41.544627915458896 3.1999517566740687
90.71006750560157 15.605286699246367
72.58475212299564 34.94923717784737
31.453212755419436 59.00214316146845
52.53389873948839 72.74126799240224
19.774174556178224 93.83503329415478
95.3836230473172 74.36997421051166
21.04898723520772 60.15463622908197
68.92439171562363 34.77081577207364
31.34534134246991 14.320396646170796
99.12873552655893 96.177145427709
28.759515869580852 99.5297428486111
19.713034029049847 26.862570654537677
69.48512956173025 61.708159978071286
27.931912268430104 99.27404183761655
98.13685183518407 80.98384314618214
80.74760785283969 81.93336165656902
41.29515253681271 33.09370792539645
45.799815172138224 10.55810103908943
20.99008484916518 25.99010414536005
31.791220183250246 76.88499493122163
37.98652493189485 25.60342374592586
28.87404328857841 31.50394071383642
19.682413953684552 52.71093131681974
11.357206562663036 81.20832981811496
31.79596464391672 68.49164218170685
39.999902807258714 62.52680084854718
96.01138126268141 85.45185321134379
96.62282396164848 99.70581750629721
42.04741339870157 13.926521322282493
14.86549910501167 51.63805989907242
57.380500654626964 40.16211380816603
37.976648151679186 0.46665102948215686
16.772781440156926 82.25405293399344
97.64944323566579 67.19906487511582
71.3571677912596 3.8191888732155954
12.967943580161844 61.02056324642113
8.776427743066662 16.075253012866586
78.32474289773963 59.79346717354221
44.69387871715267 56.83170227575947
5.752483284534526 50.25103050988484
55.162973718708926 88.15822737517125
25.539200508615888 38.74995989652228
65.81280505901037 13.546817304199932
76.64591298876202 70.03039054020456
46.81018419499041 11.363054380012283
15.636638185867579 66.68535432964944
84.83891838477453 92.99210145530535
88.64589424131539 96.1811278207976
66.83915089009078 72.78714756120604
67.80658803379487 10.983434576988316
0.4537674569973227 6.839152349217881
51.00545341819702 17.40765424141277
31.11401375585734 3.0038631799623516
58.810133372042216 99.19126814038496
71.29742846928966 56.534879100221346
82.31370117745558 79.54170173456615
51.11563366771761 10.987190013342317
15.30049109053988 98.03817845898143
86.91887954628726 51.01977821568002
65.29837322048664 48.12665748183533
49.30193836596979 73.86297715407457
35.417562786676584 55.58028058552233
2.9583910253826007 97.44427369205518
50.32410067537523 9.648978031784882
4.681437186379589 61.827924527633996
62.52670723337439 76.32210001018196
22.609514896469783 19.86969391311144
89.50792766818729 13.916510670780124
66.9327319541351 32.43812799186252
93.34895519051898 77.32147268859575
34.609613323293644 75.6709689880374
4.198276596259576 13.920938176725905
74.29317219208525 37.015470632921634
32.10814359297842 44.469362387361876
92.44620578417204 64.28892052522149
21.06977915627133 7.70229086135561
28.877040333209546 51.19271735873758
22.435313107869746 34.48960582040974
72.94400545441455 84.42524875929097
56.13800187448184 38.09735783718187
49.039470705662346 97.18659979192945
79.2266060800054 9.847076366664664
30.860977840557524 14.494939200080982
32.73268133245133 77.04075542927762
55.993555312465325 87.24146249332081
48.642902252355235 61.46674450950318
32.79739865849047 14.87358102918388
63.047458183472685 77.81314277254016
13.294166766146587 98.26409371237577
66.26954429072798 85.29588598462942
44.98699978370784 30.04601342111297
85.75792454719485 89.3688384902472
98.53214558135741 53.10361642771853
80.15495378047588 6.702971860117279
57.1466181020053 82.58367311651284
45.15939454367681 52.933719465039594
94.45957230257771 74.10728097587803
54.388560788409215 48.312065414298154
76.30793049343838 95.03240179196817
5.610605758977405 80.78128434871041
19.499698153462507 31.27118651299885
44.64962465839144 90.25654091034971
54.54285350530586 10.351966776835454
19.52976371192221 90.08893447230228
98.57694882942066 97.48471963186746
12.837981481153427 60.43565227933496
49.031942984192845 3.3832837470288535
55.74317444449135 39.911310196597526
24.31262725195804 55.56511465564047
76.52385741003268 89.74205372894559
53.67399294265584 55.979107445083876
25.579671144682447 51.46128114819557
47.41925542196628 41.54301501424123
87.55372629225072 50.7619363668292
38.64592149693331 61.35724056114973
44.88459425398412 24.01653725358017
66.30057306991031 0.2056997060451815
72.94771882582016 17.81015363264522
91.08739733366535 48.691030027162796
29.27817987466288 10.255125572761203
99.58726817284291 79.77781420584739
93.19985720023374 1.012446585809701
73.67036028838798 60.42497830775056
55.659890772623854 66.25272857274835
56.77184905977861 42.76092814776469
85.07620495095681 95.62877163557175
20.891793989004004 89.44207812230994
91.6329058658632 22.115884458208047
8.964021945098866 25.56880405460058
88.53338168743807 73.76522919524832
97.92264527187268 35.64194672086347
34.757168316191375 86.87335113684271
66.52228471055378 5.549532712933525
39.80253879474309 65.01119958617423
95.71867978687291 84.28543472241124
12.536464973681948 58.34140256680473
90.18772084734239 79.03968063106565
15.358080843028077 27.673489920588935
33.40025329385126 73.70417161852305
57.902270258880215 8.799508992812942
20.856333483334687 93.76513803682127
39.36859889156607 28.512771933540847
43.477180063850355 17.744478621774217
8.004958226239456 89.01221697367248
85.32327549359309 2.4103932909439907
8.098385012191889 91.10920733935981
88.20736275639753 90.32422408145746
59.58159129782492 45.49798480424894
23.20038468199248 31.092649473818422
87.73011246488902 6.866172769939749
77.30973374777884 75.99605679371675
77.90842209677062 4.045698849704871
46.422067027806555 58.165939661554965
46.90023001032699 94.62823152918405
90.71818791022494 22.228614900903377
58.606779985453095 80.16109836494745
74.99694163662973 75.7079190072697
37.23848582730662 31.68681675353642
21.01041552513079 86.28135610045804
97.46752555933573 91.53761027783575
68.30017067066765 54.312703064727486
21.020206713093348 55.931964079237595
11.136413609884332 58.540041372772556
14.382733203059805 99.80099449955067
76.3890911019363 94.46518837770998
25.510145028818656 76.64493911460532
91.56456943980756 36.08526947481832
46.328804902636776 60.643656078242955
63.12514040601551 1.9311550845905634
20.376893539453334 84.65869546520719
47.00509578432486 5.230210075579844
21.98499985449789 76.99259468151214
38.76854195043504 59.649714688830514
13.087444469503872 6.084426567779677
74.39108976703301 28.762096181816645
79.51039750010649 40.63598982081458
6.519199994669855 90.43299608467352
26.80093593859052 87.58607053976404
19.73638095832735 3.404568272389219
7.942047931234164 51.89130384719458
1.884350970442461 59.125898060206694
41.30735096575806 45.247386860283775
72.12889793342629 43.91612594578973
60.95722422039178 72.50753201093568
13.189601519214289 4.634670684234132
16.051819323417703 40.294717838943605
23.804974072628138 42.89499903235821
56.95411122947864 66.24510510220412
38.93518563941119 71.49911816678996
22.214900627060153 93.00632331004392
43.29279325817519 94.35141377858763
92.19390070782953 66.07247377639358
77.29891272235332 79.30942758440318
51.91514963576134 9.91628322357867
7.588073222365077 4.3531203177603395
91.91629438443995 40.57212970006481
71.81885512839767 30.931743594996043
4.4393771066398635 77.2858045124575
89.39843151957076 72.14895623538993
70.37685915492158 39.1410143511911
99.13632469994648 81.32812274354677
25.799229830678684 49.99461264953335
35.01958947362256 66.61260989185777
47.702424760328974 8.291956073935758
99.4636391468101 95.00745293305583
65.18491658740378 76.457640442681
96.42901405539163 3.1588647894857047
39.203899655013075 85.823340511562
67.46062595882347 6.67269800485033
36.87614775306016 55.10207272408716
95.29703261565332 24.098755567896113
30.401622095289426 40.90728212181867
60.05689071848601 14.68294528102243
14.122397470532766 86.52001197572017
45.898442098594394 93.59172466174537
18.182708080626607 11.014726117088403
74.58288638063344 28.687083367569087
7.793582683651268 87.24665077960245
8.813181746949272 13.76420338805453
81.60755916108013 41.349822786070625
58.82405465933633 13.747320118421925
99.3156539147086 37.35244082856233
63.60702136719705 39.722108273488786
72.45361093893766 0.7733237245018509
21.60944765086319 7.182936448564581
15.778654497231702 57.12043710733501
47.82935304907709 79.2161561919282
59.49059388476103 4.681205716764758
33.20770591453037 21.743800205882536
21.03616627253906 95.05220438068464
18.87624124443361 71.89118378108961
60.75659551442809 71.74820776750525
77.6931099437479 26.454334631538103
9.546522091133536 13.689639739982585
58.56254911182379 18.03221605271372
97.60810345913016 62.49250500079246
7.395247429240537 60.670718467230756
79.22138392721303 53.67956092376262
62.912510313126816 76.3357918262331
16.5074296604526 80.90513007997686
65.01462803130484 31.420266107138527
13.167893571865097 70.59448215029929
65.35852576603769 97.93041955076521
98.5737482174109 42.30807477164351
43.471803810978486 98.43614847393935
89.25980615946347 9.57571623531781
26.316360117173442 51.95036305919105
15.161663213171895 55.355083400722634
18.090025683585953 20.56532394634325
49.20197275106615 55.27708521951546
38.52552173729207 27.43119391901212
32.08504441420197 78.57100072963811
5.825272680450433 26.467567296469085
22.823078952369237 40.58648866252916
28.708347167596095 43.9033132540509
46.54418049140621 51.3232641292571
86.30783317474872 80.65596685337188
44.80403700567494 98.51993166519388
27.340434739283225 40.581534258918154
27.434996801687618 71.64584035939538
81.92355280964895 66.3114123099253
61.8121242899196 19.177307847048187
20.673851608964313 1.139796866026055
12.815220583581377 89.9092057279467
88.20484960118011 89.76651146143053
2.822850232405849 6.48315464466529
17.034043932421717 55.41310186722397
57.48830143303145 41.25761186301904
84.65956702868007 35.17452634808327
27.780288305479516 55.89989571826053
11.710283290410972 93.15724084658731
79.58309744512566 49.37212923077605
41.85520408739449 59.15456102004504
23.08135427720974 18.165746917954984
83.47520842647194 5.33096019712489
51.789257100473726 79.2505248460628
77.98803605225977 63.23481612406523
56.866556081058576 81.03210055517953
54.388143395356536 19.872231389223117
13.614873237523618 31.862771897481814
77.95036297756464 78.31477287724968
69.11759990783229 96.92109106546074
48.460978692058255 30.437121925408128
90.4024856542753 4.877451629287477
68.23283086162633 23.66437387179918
38.13328285816062 13.310182651250724
84.81556428124732 59.793442666741555
27.08103996041773 39.15813080662809
24.000536702700657 75.21762042971034
27.18079602557324 56.34292844402364
17.29119599463207 68.49008963688583
11.246240370950634 84.45153009391306
11.961645256461528 24.56812158615067
32.23175022512137 10.739966828895842
10.202309609863281 56.38516319195499
87.21560032925947 71.22362105397801
99.46394714065485 98.73385578827222
57.981128694646 31.83868822773599
70.94526728978225 88.49974756996428
5.370616750586987 1.9950342457780046
39.10078169255511 36.51197024110768
69.24145011945207 90.84289589674965
3.735511853006579 71.6753456803098
99.62068858883035 97.86536812901015
38.33592131480073 82.77703780034784
71.45129321687129 51.517859107553306
69.67425121553332 57.1814266931584
83.83749933130844 48.49999909456331
54.792487843115524 96.18952013249688
61.93730976613705 54.88164674507097
75.16836693403546 75.91923806581273
14.35207416936386 36.150542104589455
76.50538164488137 28.44566877509822
27.285108854152185 13.980424964943428
69.28258964091316 86.4768749437058
49.76904445736858 49.17224870504393
93.2711376919029 94.05194401264292
84.44433728310582 95.80968178109033
39.51883793553659 61.68291650094759
88.61321284978581 69.04115343638537
41.35691520383653 46.03097814768786
75.3613618329065 13.364499508232019
48.07431976174625 17.3924832544786
80.01029286525923 58.69237000427216
57.121924204281015 13.90076476673714
96.15899255151173 95.76070488409422
66.52793167490225 99.79278615006567
35.15853675647029 63.87648702479463
13.20155386417956 73.42485386444244
77.18641750192168 93.78128262651121
38.99002502112923 3.411051615568761
55.98960638897632 45.38326701297037
52.871947978833234 70.6003321899343
95.83859616188077 1.770638629681942
53.870567506679045 16.899659482206243
5.864160764137627 5.683852082650431
91.15713264679073 73.65856437359409
70.8333120885275 32.48945712253028
57.40400060094082 2.6437221336091277
7.766896812727064 37.91241630435134
8.31813601465672 28.68614157077949
32.18560982311336 55.21060893520122
19.288611749360296 63.933280080319776
5.723732804773807 76.20232332255537
89.22029209419726 63.27643569165471
19.456631479402088 59.936970099239
46.647899435894004 30.902379459848504
80.23547592767504 15.785488625125943
9.52969466911322 40.83995442648594
72.11550559578075 17.974844921754453
82.66596417783406 78.99677065029074
87.23092460161375 62.763464197401774
51.73637685264367 30.89812521155759
87.10440813914222 41.280574860804364
79.74295370024048 60.86552950548383
65.5088664196591 39.15599783931658
15.185550334642773 64.40094888112577
30.13232654865783 32.1565038131467
46.05733343905549 55.8233519307521
58.74538162520801 11.862579200661362
92.27358783648043 4.605970480984389
72.94814368325599 64.0441830932388
38.912036813235716 2.367744209049616
38.00997242636506 71.18167750533162
58.99247672299093 73.42124180002479
96.48782702615775 76.69894274162597
50.02597322297184 19.416169800508378
88.68096933444924 72.19900721568462
72.73615744929552 10.02005557269172
31.57097894969887 13.011874166666338
4.438602499582944 70.81980365478825
87.42925597256821 17.40681399386361
18.188606799724827 11.92002116770814
32.81539350244993 94.26611737905478
63.250285114703054 56.72008510060038
21.04402225904667 66.72964299437945
2.0798426107322188 32.03356665540069
93.11346173235636 69.01609272674696
50.3544521237765 2.2330171437009882
76.23369508489861 2.826589137179969
49.01376129784592 2.146227006216739
14.737504726211203 84.99041687195532
67.15856914931915 20.881867689500886
55.408820263454814 6.822948051351596
33.734872382185756 29.442263654642133
18.89604254696544 71.24509124113241
27.68635597631961 86.56207453630158
10.102551927791215 55.213378583526726
2.0620495885988577 51.83560214893848
67.33048765701521 40.58744417355846
95.0411666811456 91.68601406567531
0.3781844897990716 51.18178309807169
19.70793554605974 58.17677482475001
61.984365892665224 24.467543996040718
90.75808454577887 83.42537390188515
28.41222708847484 70.0275102768311
1.8080773673244899 44.18325476097582
1.2706467557334733 87.51563956706948
90.82750771145567 46.636480703794604
74.60558737435387 48.67128126674618
42.764623888194464 40.63162358247352
73.89725538132221 87.07653624338205
63.00444894817292 91.5576349570907
85.83447997107506 88.1768575425799
44.638248764962476 46.76949751779003
49.10965788014234 45.87844377028618
13.591989222090039 80.62977192665244
82.53531489118305 26.596854275813865
45.56368616683728 57.49237447374609
20.44664081128973 35.042758946644526
61.42707654837889 7.352135834848883
77.0030459171511 96.79411038196324
96.67857251322374 15.76993581601629
19.940995824605846 1.3551057526631771
81.18580936942283 48.51579857172512
79.75786808577014 15.105139171785197
66.01834105636148 74.16376262832003
39.09688668841609 26.043121523218062
92.92160240552181 79.12545405873328
73.21266938415427 81.76727461735847
17.73513234394437 18.891957185280006
79.74027379432506 86.23843630911794
71.48202378262182 7.874886210077525
50.08356772859113 7.109948655882659
92.95432492760409 72.19398394353914
69.67196275876906 47.17958535197426
95.67381493181801 31.345402693302326
40.469252585513175 83.80236450644041
19.61503189533942 9.082764084143523
0.20442963994491414 33.57957084069212
25.729248965602004 12.03597111287602
32.39037488952228 38.63330786923132
78.18502763041162 24.482382710459973
43.29897907577218 56.72152893860567
3.1402425460222982 33.45429767224888
5.837482860161858 30.687307688704845
18.237195732819657 36.45121836150334
19.754586997782386 61.5673032814648
36.54949826288936 34.5679256277452
27.51515361390895 67.32830900555942
20.17516655844631 52.66840341964387
43.512990749131994 58.172776081058196
67.86074249549768 23.470030485822303
0.7321688163353546 51.94908474248228
55.733143713992476 72.29771647550362
17.17034512766633 87.94872728209818
70.54029481100667 38.07606359530622
18.753366349540723 36.58132588469294
47.819933179360106 26.977148932104566
77.48408735984509 71.0761224907307
4.415741238510162 94.6396124169976
91.2552704331721 35.29236425254321
78.40054786630436 79.5844071341563
20.286539804716487 9.058978281830488
37.688941948263775 57.60259523575601
32.14770978720318 94.57641096800242
79.60684830513456 18.04299536934146
24.477358882715983 15.809597050396086
99.83568730144654 61.592501831806935
5.8689059873771265 75.95366512740425
93.38087026372446 54.2338890599666
29.4016398703411 64.58474111388864
96.18387258998182 67.9070193134124
85.88549888271302 58.730854667232066
12.781600859261456 31.683683844419996
3.719022238320724 59.005010793582116
80.33331243380972 11.901828759584387
86.64404902666493 25.110354075899167
14.586236452790713 58.378462912341945
2.650801351303267 24.728317785152697
87.16897184969558 76.04688137305212
85.43752698900076 9.727850065120759
26.158586428023046 33.70469089666641
72.26063335339663 16.196997589650984
13.30445964224758 80.24514237309373
90.28046289275122 98.05750512104352
66.03374688778312 0.7703408463292982
42.28182796643311 59.159227822791415
73.42130367208608 81.73643814013684
55.642422727338506 54.881524323411554
25.41069499819002 62.55970927261294
27.938895248201213 87.87153288002236
21.053401367716763 60.01370232490366
4.177655255193002 10.250076238416117
93.56174687814325 95.71686995158402
91.36438672923997 20.29096678093474
95.60239628276908 46.373272563854684
18.753087314918538 79.79108171010571
53.0077322105873 57.7205458869841
42.418561050159596 69.07391132174266
6.7856924588651335 11.445045353610595
