810
1 3
24.50085136013227 66.5827672920314
87.04350310310123 98.42500587700684
51.408863071383614 9.304326035795075
69.40931423438788 32.698012249310125
75.1287474120962 10.656158875548094
61.49391059558567 27.680035506835576
95.96361334539054 97.76942023161234
13.282753831058102 72.06880246159109
37.332079108285335 38.04142177888576
39.959217163058035 99.07820371386566
99.7744377296468 79.0321731395176
84.20992864814065 60.32812198726452
26.576601949498134 56.352386943436116
63.70705060818573 45.573597722525804
80.71281753929485 5.209677468031959
44.787128018307975 18.471424810005075
93.93652768399843 75.20372073583961
75.96865050981954 46.260565209048046
80.84017404804882 29.85259915521543
35.09900380242983 92.8230333495459
63.812080253740874 25.45394878325098
48.48472573482161 74.37991013374116
86.52559783518907 68.2161402571207
46.952824887709355 26.114636772010556
2.8683272826780515 41.46801303467858
49.11496409271192 12.184020095244996
11.28375001561861 22.13627548256605
78.03213915647473 86.77193326955876
81.26511439601867 64.11358815045499
59.459935133740814 1.2297987444182201
42.359275450855115 41.098048754439766
74.83262996404383 79.72066062730742
4.346759048937976 89.06621942612716
89.49084248439891 9.276616899772039
47.26252283996799 46.575528833649656
21.02518095263528 94.67061698895209
91.21544416620912 59.46409510447994
65.30241198546443 19.736913367504073
96.9703678492438 70.24333603153303
3.480430406943813 54.983243840559304
28.06144540731559 88.24755415249726
77.74667733607932 92.40027435368657
94.09082455122375 21.53852737405102
56.97845585998984 18.25179842550073
13.239859677751564 96.06156324895505
4.147751062867133 58.419632351793084
31.163441472185262 67.27863778044836
72.81106678153661 33.01238196875478
53.1175040226239 65.52067370445435
29.607642294783922 54.562795694065144
43.22904285871374 29.835535652210222
36.90031564976059 40.51754752124677
61.3564418311332 18.572076109969803
16.724548577675137 28.961212400796143
31.485712641262474 20.578809513261497
72.60457305333507 52.23295064875404
45.14378994960928 41.66558389311326
3.1554423958247035 91.94614398817018
58.68119067074775 25.461519812801093
91.82831746803797 1.4672512372839286
67.86416692296568 28.735642153813213
1.2327718326847759 3.9020951443375473
64.86072086138925 5.349269932234657
32.132713307653034 24.5267896299691
35.95057196640019 2.7313387916523713
49.68810865371329 12.663902021467944
44.626522187080894 40.30855397589732
94.18584041203376 69.2630741356661
41.82290874724839 12.435398614048253
99.46883778943545 35.702876064628164
17.924416475582806 3.8303435370763417
22.40767780708135 41.03170951515689
27.575640161101678 43.85969787836876
5.901989075299441 92.94204427998758
43.5020739122435 64.63473112926157
69.58717831753421 55.97599996252296
70.8637722939699 93.94290693981628
93.03733420190983 58.906543229886466
68.02326970210422 27.178463317890134
79.8685996666452 37.012951438982064
28.475443754633247 28.294227198816536
20.577410614469095 24.19258596747802
27.89470082648964 36.18674024111668
23.670293368848338 68.22311450985505
53.82516921800242 90.49022598381728
8.79893740727793 1.313051843530788
47.884661191913615 17.85167455497758
7.309632970995694 95.4100677642095
37.69193891301492 55.26933481854734
26.292902901299176 55.0994618083261
98.57544936036578 53.87074881795644
50.610267498037075 80.23380630816301
53.74605006476663 97.88586323880818
62.549377843485246 71.81160854698538
91.58434081888545 75.91072681629554
86.49697404536705 98.29601758502346
87.13523446625389 27.9361485556189
33.15051227302601 63.62164660280385
2.1087435236636587 14.300512889837913
83.71237108868932 27.072160801259315
56.14542001570355 50.02588744606919
73.31204950594781 70.72381795601119
82.51269083973799 21.895186208242336
99.60011009481136 51.71989631605505
12.423428273047922 3.1893520572578327
41.03015123195597 22.691494863689286
18.496741286922713 11.002277869329745
31.033775015024712 88.11743390605548
99.10412149747006 52.12379410909922
4.0922969906500795 34.93892238039682
87.68760021446387 13.332891208703558
16.129365504235828 6.980400187858571
63.27224012776813 95.9438013480972
54.821659997392594 25.509397336686824
81.07087604087913 15.749637889433842
11.990964567529637 12.613237336498528
87.63177069107502 29.690775344427234
79.81484189419146 94.74122483836611
36.533595843931806 40.768378922618844
64.27087204868624 75.83470224416098
93.17291439425712 21.381287802819383
13.99443003848948 83.81974633279073
87.60189974723586 33.701925570416336
4.01888107013757 0.9845788675832967
35.383958012184145 8.766187674449256
31.37086394123576 55.0005447824979
49.95795871419124 0.5779260510766715
5.911269878255876 56.332203962496294
57.68204765526339 43.28932150704938
77.25155901880515 2.970039989686657
60.9170380020263 93.44007914748467
90.0257800368516 85.38211342069874
14.0841364513975 43.11582687978335
21.049329305136144 60.828660192173764
40.50547132485276 52.345230872843175
20.45432333080912 8.368915240500762
43.73974047593292 3.0910814631291306
81.5202720084512 96.48955588806818
91.76989087658221 57.29561221977715
4.789808531910689 29.958728282251613
54.66466574012405 45.55212627700571
33.26271974261825 41.74070977399915
75.34849341673447 50.39755421428409
61.067247054576825 45.34695807909872
29.54337211569036 66.82368565425618
39.17030655972709 92.42685232971375
3.5202000811377365 76.0418035636059
71.01799811948963 58.484952852142925
16.194819981926823 40.527324949141644
3.123274167202328 93.92444834366674
54.58173534326893 2.4182551019624965
1.5869123080638925 85.8323575057029
11.224893776093303 84.61430036371193
36.64351362956013 44.22411406767288
99.21830555476228 71.98680975953882
38.50869644729411 92.65816354173508
36.62394687247832 2.667172730522571
83.58031064748698 60.305298414333805
4.086233411501494 85.60410590479349
92.68362985413177 70.76685123463567
66.79682812352132 68.14841786722707
65.81752721731753 83.62743350197808
67.03635170379965 11.449586054486849
22.931953481998235 70.2771235479224
32.84744807977533 77.67599996102415
28.26737050071346 8.789818424575046
55.600928941964334 97.27177615822
41.52907441563276 42.53562970729852
80.5911433298413 53.60654811749268
42.72423300452639 1.5103510060268999
29.89754439247052 70.07590728617458
62.34169803382621 52.47264681874131
38.5908978343217 95.15450519069786
97.15896892245092 55.63633439846982
44.43071559560106 41.80655208630295
33.15412345580451 38.91262638732271
94.76140849102568 79.10274657219412
14.740813221203975 0.9664162783322494
57.42680067309895 21.801314926931113
19.09214035987008 61.22095939535854
81.81766836866356 61.542091356105864
89.8109085035837 34.16840594491308
13.651242691813636 57.21207389750915
54.499605762069514 47.14874552260135
29.3753607667687 55.270060122856734
35.78040676384584 40.813534002903666
11.484920032647828 18.681094158270128
96.61944122461152 0.4884392587034547
0.7300064459072386 39.0521907411629
90.35821746850839 71.98868998951417
53.4396462918497 86.12547986111755
2.0155034049786247 82.10783216089061
15.554061938621633 8.74867072727552
15.547082603343277 56.668311489466475
55.79505678704031 13.713776507344422
63.3588135739114 81.54660387418835
65.0980606249266 27.96688553185387
77.81703541583435 51.40664206902328
17.452744657836195 33.74674423523034
26.0826872667826 73.81954908565318
98.53771543412016 67.17660676773718
35.88876115325248 52.03858674093593
58.396282532574894 81.5428629491146
7.621217161507676 94.56750310794834
3.9205499749866757 67.24670166260537
7.204747468200523 7.8199629983502605
12.203764773968384 83.73181612239644
78.97981170507407 91.82859259549814
95.12231773895874 26.839308775445247
89.27438459438142 27.603015629620952
50.67445674242113 43.66887179242682
20.846142637925368 90.96731967303033
22.518140673260966 85.81309914577247
41.57691477273418 80.30722953483627
59.54397451991553 6.50731266175848
46.087038537700444 85.96463689032873
87.82668229691299 23.16083523471921
83.13468534706539 10.134845137721626
66.91453750999541 16.33714259796175
90.26341311168771 81.12041376749899
75.04287304748635 97.17616555095061
74.1311445790452 7.301248811197336
43.83892988454856 96.88473437821048
74.72572872536436 43.21300395345198
23.286847879239268 14.17505676520532
33.44360963808024 83.69186304534462
44.87546867102774 14.375730318815382
76.52929221722967 34.827779876532915
56.996621605349176 95.08243627968191
2.669601493672391 41.21179401306703
61.2488212732345 62.66262651922352
9.101565151862069 51.83394869073159
3.729071889336777 45.48234751174209
60.08418858238356 62.10514378795651
48.58804959995655 70.12335163008827
79.33710623586371 18.909471685650846
9.232209247088496 19.083948673388782
10.73613025582334 59.984857755538165
2.697259854690337 77.95700355475981
50.201656706335186 82.75590169909528
97.90893073212312 2.335334806469902
96.27112841264093 43.13587914328012
60.62721375915292 35.00224762052873
53.01357265316782 83.43148228342436
7.993510445438057 72.73556833179846
34.127258998886354 37.293910768513626
7.754822703208619 35.364711346631616
8.266691734765907 85.24533146247583
62.28450483832506 42.512925267036714
94.6395895457949 51.10094356503127
32.6242862476513 68.86304517322979
2.4258012813777707 38.162471245353366
38.45811199048652 43.9362068751898
99.83197743186854 28.178890872086647
8.849582094528907 68.60130163954923
10.745775679287783 18.206085965431985
19.469043227620773 40.31091400753897
83.8378385138663 51.771899508455554
63.62530087051941 78.5390950714883
92.08995648988186 60.150575789386764
72.12585595536937 84.07828110004768
34.61390658691652 13.427433071249961
10.308808652203139 51.088965993485935
1.166090836613809 33.39721641007676
3.3070546422883984 51.27507227283017
61.43482992424845 6.447752379310079
74.59813283874284 46.403481343051546
14.315310842438844 16.218625598897884
13.317323799270774 74.81229716403708
5.075703042101631 88.93887899170028
64.70020085207425 88.92550164869479
67.27157674112212 50.64852692573369
19.368615948298373 37.465461279890675
46.531973015474136 84.91561217675252
47.82022396897043 7.0176522885867065
75.35810630686859 70.26945023806542
39.00241639932711 26.496811150594326
94.08199056695959 12.441872321344881
81.91829342650672 28.814052632598887
85.76390997283607 96.47274608512436
65.72180949715771 68.62728245701288
42.91709374914472 56.22051345753463
58.949047131315346 18.786430598540438
69.12898426317986 99.8865669434247
17.628447672990745 67.45510154669958
8.970395190854052 53.83100128582723
38.64282745215992 36.939364932940165
8.335808471091033 74.58466081268405
87.84516191772909 39.0653067481739
31.555802407460586 73.81760743893926
76.19451592155157 15.374905451223974
42.9551905307457 80.45637039177672
84.85513281662796 51.074310460018154
12.440858614436134 15.202559624168188
59.64051341943508 4.689129816269677
49.878101183136735 55.60888353655224
79.02235535025434 80.64220384641128
15.403065603305354 98.65162016992434
6.93219562775067 21.44374307585437
29.0305098233546 56.358418401411356
99.28173856824125 88.54548922386476
74.30860876013821 91.88154777553433
7.422799299051497 82.55542104915521
46.405904947067796 59.79439276891445
1.1271769139460153 75.45744103055283
0.3065027589558733 11.312074949688622
6.908733167449155 20.722185234438093
44.7611635059447 47.821058224902345
6.859462530995075 6.555456290036732
85.15533028439921 15.630174351526893
0.7766478306795443 91.4499754002495
95.29228513456476 26.97275053872339
11.39089546563743 41.19638125370464
12.304761533807728 17.793082666499217
24.888025859585916 8.933273591739077
83.79530858312154 51.73265783529357
14.914809248516203 31.51788904515307
96.84668415412246 41.73217833978698
78.17535259112194 85.57437706699073
89.75179922856462 55.59399763434478
82.4525152944669 23.224727964592518
33.72703410411133 67.81219176880917
34.34726115704392 62.784246441362825
93.16361307941044 69.31237511375699
83.94989198054141 62.28439308767768
35.94634366549734 13.434451471565566
93.55272745499414 18.402041506994514
24.741098192188794 71.7756054924174
66.19419739516181 0.8307586478411677
46.23997814164991 46.33399684314614
44.52295330394313 17.75246029808826
62.04684223142063 71.63460513902898
45.679761442764374 44.61604639924319
22.48327075129215 61.75261720471712
30.882359276342065 68.3470064210409
3.3576399570206084 2.9354505408775378
28.43647842570196 41.36943728432132
15.603928779537668 5.989840234498289
5.209273581243901 64.87901141677763
66.9093272011702 36.001797475519616
7.798452458209693 50.621387217004
62.33390482598491 18.80383436083477
6.890277676761847 29.51010180029403
26.28144665750536 63.63920550818767
70.8819637090042 89.73107818431454
44.29155673790963 47.159668613802516
16.207526781315963 27.40447735036373
59.19582677587605 10.380020818683144
35.80323710764786 77.3918822805411
74.07655257130628 31.835244792585193
56.27665971526918 12.005743109015965
34.55896892698156 72.11616008580599
43.62270735675895 64.98569915138823
53.162120020343686 13.489041169613092
4.55903189982052 96.34504108798245
49.92432521021086 58.65124840187199
64.615499142997 69.40162147458607
47.45161354124219 64.02375034459867
89.99398740731928 93.39808254024955
86.09108401709635 91.17460836575029
12.745842679010444 16.211978534375415
85.59107556931251 72.534001040217
68.37681540285026 20.326149394222128
98.40427977477634 81.87095512574174
2.775240478650587 22.161873014685774
21.521918631668747 5.540600570260712
45.712734893502585 67.67050685899865
12.784130212876432 86.42499085541509
94.09261986141799 57.43001564292021
66.4945186759103 19.126409063593776
51.49476380878979 85.28621290368687
69.66155267414689 47.44147132303349
35.19009128832813 80.08716401987341
28.709906223402214 20.00873026432044
11.162598858149364 83.98332515519213
2.8361948250516633 8.138744098491246
87.09906437669714 88.8337617507356
80.3000626452356 15.566739361127713
34.376614072099464 57.76065186806034
41.814443318351756 74.1214889686296
55.30993432562556 11.213662897798727
30.8753847001896 8.841440323645378
80.56739443935605 31.4542772353807
17.93788504976177 46.506552200416216
63.10697681263579 90.75701642395629
69.24142491201263 65.71964874649669
74.09684662513305 38.06105350206823
4.701672173611904 34.10754834492047
37.76083241697607 68.12796398479975
1.4740393232255844 17.426425578506954
70.5475537514407 20.757674057194908
48.54604312732383 15.577581397810913
4.849537746575816 13.259606592521656
60.738726521110834 6.01462676859259
54.80158692164166 13.700925128103236
49.80240843819357 7.766218573799621
62.47084400944149 61.10283402029006
6.6040854375923 56.9472131824144
62.957297624192776 84.99442764456273
93.48186190253385 5.820421608377324
32.372263361803476 23.66141160718591
47.16092575898669 93.95319920531131
88.95386118018519 30.24762501157894
23.134633049582852 45.09727862893502
64.34155236417834 17.501608120654065
25.64119422526858 15.764375602113812
18.51505185013358 77.73207831572888
89.69674288625889 41.41034271639552
60.59274254978813 92.32522166990992
17.844804345262986 37.384405032249916
78.67766772955905 17.577739701624306
87.23683758701073 3.194378031545164
8.49442284622215 44.57637229781597
79.21932774817675 47.41470901524431
4.951413294535834 53.36116779276223
99.52834059538078 82.57786708261474
74.834610632156 60.65123868107616
44.34471267240958 83.65245518456545
82.03332790231175 34.529097722283076
31.76842264473112 38.96254073187979
75.31967320531245 37.63686275982012
34.53393152525079 59.72252615889451
19.794439190503788 87.2658662657124
61.35163587744439 29.22037161686346
5.20765183072085 47.494615926517135
36.97466426055887 5.098331303215731
53.70095926021876 32.86669100944619
0.2769585950107567 17.12259008144008
65.652790869385 21.19456676638014
74.87238797198023 3.100451050297326
40.05812879632482 46.49933981042027
63.34440573699758 13.639621937224211
4.768856119764897 27.251038458802057
24.14045314705371 73.33309044580234
74.55000128695887 61.45377571825723
10.272943302275461 41.64264911692668
80.17778963134998 82.43642684593193
18.049405503039306 34.0769944814223
54.15709844296235 27.537245454810044
6.039564398875008 95.16458075145655
96.00789097924086 92.7595532821609
35.796206247674164 95.78710707873887
14.214129002940856 24.081384603834266
3.0195097999670573 64.7066773250334
29.96417954558792 97.62493438519198
89.76471671799189 10.592055420670722
96.38144597900356 41.96926781642911
34.93295172566307 68.69001073068577
71.69930705729061 68.54612414572631
81.27054036848375 12.72593685831458
64.07897758116165 74.39394129501811
61.14177308790569 60.816133973237264
12.95626063194586 64.7391263488347
48.26930535750304 12.047437437730114
80.54085430875915 45.53053875015427
10.807545719870216 43.335466947530186
3.11912228377047 52.4570327441084
39.42284024218967 13.428670977789858
34.22592783194125 14.804729079071532
2.4988397274208873 17.768656504817027
47.84369928962522 27.918719080805566
81.9003498982495 99.7770688684638
39.980305367608814 59.526153932658076
84.22026693397329 73.18270379361829
22.260025667152483 99.38066966948867
77.82607708722851 3.8607088206612294
95.3222339533865 90.27770768750567
22.71643715030651 86.80636014579723
51.208468864238135 74.18444013300342
35.592738716821245 86.01361766591486
4.981373125562616 56.9048417642769
75.9267160254474 95.95725752283131
77.95197750434109 99.29198216845616
55.49744463387554 51.646812575318826
42.07679014707233 86.33303629288613
1.022890185685732 9.405477340900582
4.734384917733125 80.03847865416587
22.431687063669827 83.01157281566725
49.152384291885 71.0482066730867
34.24406001172544 99.41894465920767
20.22566217563162 80.16731414712326
78.26731563242417 65.54647782951588
89.4117687010866 5.475032207910657
65.35745885959645 74.85105005301673
37.15491312341606 52.20810744947466
50.989701127040796 89.9395966809306
13.016466860389464 38.102783924007234
8.807581482852811 76.59620677248454
43.396778694954264 2.1694978950760557
70.75913777481395 9.93554979857143
23.343115350190736 23.72101529310735
2.0215348919411236 92.42071532219522
5.5768992176815635 87.91903323236366
54.57072998665959 83.218418161233
48.47413922312542 83.87545357734707
82.72279574684167 96.94691326266103
28.528574434399957 14.4416639522303
8.459852236013532 57.33741866442441
65.53549898591822 82.97058412732648
54.737958741233285 41.731752265280406
78.36423086691222 43.17392366729638
75.87204184385496 20.9453130408386
41.88493187134523 48.18237835849957
96.22347669756665 70.26959365617485
49.336295064568404 59.51418190567155
35.39335194454869 87.01709663706816
18.55740046047938 40.60554716735862
43.23748677568597 97.03168285803379
41.048217799593665 70.17025471414556
9.285846599666513 55.05435961675455
65.83058353027957 17.938925957590037
19.74416809344206 54.59153806026333
4.0089495837711375 92.53300233398691
48.29305730645503 32.45865096738763
59.74867391100758 89.67282756472004
41.04614996155125 72.07669008259327
99.26820996792094 68.40438575787869
73.5653029560604 44.78311735427578
34.31697344331188 82.7423048178212
95.44584538945115 99.71817788862975
72.2471572895913 87.35942605626832
91.76621681683773 23.775790312231692
3.024994176461182 64.37424978673434
46.51521356920447 47.99837584945943
9.33161371591218 21.336982533209724
34.25417318528332 78.68288452418635
90.08796073034031 62.20810760574365
66.38146994119536 34.21735679982958
45.65535427230745 99.01842522459978
96.05922429124585 1.9916486199568872
1.680825417441989 37.402647276539504
86.03568423107401 20.696900576247824
60.08629485888544 20.705336529031925
73.45462104937661 47.42075218517334
71.06626370878952 69.57517555537014
55.73333833916434 66.87423401811353
19.86657085777306 29.436627499736634
39.104323795921104 33.6814073842316
19.552623405746616 25.838913923613482
34.192169170207066 94.70184698546775
56.42510270189798 38.27409019234591
25.12994386223646 23.451899996165416
51.101607165751005 27.186957264764033
24.83728339567883 7.768343948121048
53.32989509073407 19.214825670497238
66.34072222812158 54.453429851093475
32.70734629697169 54.71129354346
65.76020676679337 87.05389076639413
16.23974724976678 34.96220428409518
78.23112770154141 89.7615503460292
60.21258090712755 72.48823269069888
28.876494593323265 18.803464015481186
84.0305311815847 36.88637565469619
52.51933872796472 40.216887512950315
51.828900252409426 59.255902570420396
46.29884230397927 45.252993745477355
16.82753214945054 4.79152406399459
70.7172837883194 82.35235344833296
63.470911805957854 71.89516688099329
51.38521379090222 34.03559959439213
75.37786178549264 82.02981350240486
21.473848436018205 70.83814372162117
79.3510019159907 19.599263433156477
12.61212144902002 37.655448277908945
58.39435352754834 14.969570125487873
22.687911236606205 74.01570165806038
62.38577671288223 26.258798296185425
52.50735710595733 49.642012088544504
77.57102509916835 0.6920280129969036
41.30872023570296 97.0639616792406
25.185653516938867 6.145732647101476
5.272333402550222 34.883591076174866
5.239081511365162 91.28378574606214
43.27101400252009 63.438127267099944
25.1133025259904 50.95783389218567
36.94535860582613 97.23167523428367
55.5437241909845 82.30539448240816
14.731375447049855 41.03056399314515
9.171048034686446 78.88889973664487
68.32497260798796 20.67900156876139
69.47152348244391 6.588697307674329
74.50384723437978 85.76354592256249
51.68144791118772 1.109386048280836
1.8824560531287338 85.96571458188515
26.126140249372742 71.86488340491235
92.23944498783227 17.530503388782638
78.10112378440894 68.07271865375155
26.155707302244814 27.481253566852914
67.6448221125592 87.00432974294603
77.88370800875563 58.11989916597526
55.46257985032168 67.22777536222297
78.73024234862977 72.17527811408601
24.44111256464869 70.7627522068953
93.65903785178851 16.38516916850037
82.89519782172974 97.08166194270665
8.881897388447468 49.709331002333876
24.121144458321808 98.00360706672824
59.561395069718785 66.09824862382973
64.84924653217048 57.24944683282365
36.943008698762924 94.36367022338337
6.877559517892373 31.25722940231659
93.39535921359379 39.70879860159495
39.7904750763425 40.74837100405857
47.084434084333296 79.27185208645882
28.619797610237473 37.321230154940935
43.500314428051645 57.16090831648424
58.13190147652516 33.168693329050654
84.12580983689628 44.6105757598727
38.162171261636345 75.12120337289028
96.52644099275946 98.77897025537446
62.1305602123758 73.70247626586934
40.76916451334589 31.872796461901377
11.773106182941362 69.33343835452459
21.993139213626044 59.81284886647287
15.21164313442398 66.76146229805369
31.9778509415761 57.290258278883854
63.56676023157759 88.66505479441042
31.80616785201069 67.76386932545368
40.94075029928834 90.2604912444241
69.83055408097607 19.288635847459233
67.5347296318745 67.79991640329027
55.48201382102784 40.30960519849802
51.626513144405386 12.638922131463914
2.3534129756417776 20.079346847029143
58.243118686426556 43.7308537959707
65.16838143524349 98.20352909592103
60.18048503874181 65.36866918763226
13.001862843157696 57.1952480306811
36.08149669104706 34.745115962853745
29.279503105488814 99.82984361737128
83.43366069804875 17.365006255663573
50.98864221882194 59.84479233991171
34.7627506158809 49.061848177774124
86.10225254411088 90.37759708222848
21.69156469694018 20.88320267766739
91.8686289283348 52.78625050524308
24.08299598661292 27.499111492139438
19.50000037182644 74.28313361830583
11.226935716736097 64.4021556602746
24.920703575100944 81.1074153419751
48.32382429023203 45.0206964022319
93.7116715996257 17.45570134949204
25.64601271183662 78.57957737467342
34.539886446490684 14.491577692759572
0.9207622792623216 12.141275284637532
55.29820994715167 66.89042564179731
73.98048692025532 61.63533948685609
80.4462625941483 36.52776110652156
2.7105895363492394 0.6959703662016148
88.26816764481266 91.2555453920071
25.859691800881567 67.51084602158137
90.73610552526148 43.85968730762426
93.32094966306272 85.91679936584514
61.23777908785455 94.43250830916745
83.79205178084088 89.60308527384504
15.306100099385244 4.1462482499972975
79.08137515308114 5.44816040434728
69.12560139571798 6.345846127593235
48.88226913975417 12.327985686373012
68.87078679854403 18.89388278386004
8.259778618669111 72.22670607643562
25.72099909102603 72.10122682122524
9.085761482601873 18.16754449325768
26.463894691987843 80.17111130092486
36.604398053710675 15.261391207744257
59.95031093182624 5.327598873800321
72.50440326906116 3.157056501418798
87.1839747920409 90.72769864063663
43.22771317344907 67.1999816081311
73.17060993952123 95.42659173048065
36.55096175462973 27.857537567943712
22.007101686236563 69.81425090086478
23.226353679190638 32.242170835323456
17.113238051533596 37.51224444036414
57.2662121851651 90.82860506080985
60.31275236021656 36.366032080785196
83.90017870820176 62.49483802642215
98.81530353917833 44.721438119635984
11.509136049846735 85.79960770800972
95.53593653207145 12.99711317535317
67.90413265489244 67.59546695579954
40.54501787011435 21.36685685725166
35.42970823345954 38.44600710098971
30.181005918742464 58.62655191079247
21.12629113177924 66.75929106787228
44.38807837553904 99.55842572755485
36.63506563207737 26.161219310709207
1.199825199180582 47.981305471285964
8.318457128302214 27.354177048404903
47.87949966386411 47.23980824418352
98.05726000494019 96.37296769283483
35.40371209613959 95.15277903362487
85.14509447370531 52.559790499106015
24.744427991857943 49.77202224035051
82.30608233493095 85.23594879569092
16.599896929334367 50.205634696955336
91.85634472467122 80.76920738993414
75.26901263803079 31.40899562919046
17.79596966016843 95.21614350281271
42.205162050458725 83.71303886584612
61.11090467254168 33.40301312396319
12.101056152012157 69.38545392008186
33.114954474231894 72.44326490220874
78.7748514264586 54.48832472067189
88.0639426973342 71.61809503859429
3.0253420654156926 73.9516119213398
13.501595680788437 87.26880335318394
10.494154058070615 95.8448308245694
33.29916648801468 7.470154571276333
23.128396076978632 81.47518521651634
77.70375872092453 57.63227804407871
21.616487838789244 49.43503516464705
5.525267801591549 54.735533177351606
13.288393069960103 32.295955568459966
86.59646938107133 93.34851342045667
98.53595772767811 28.5971619270557
74.19619631670685 12.267062280142959
12.298127578032258 99.40132019522277
48.04137698053512 72.92143106697584
67.1923420244622 15.605140891176127
20.25423903408081 31.91922115321557
90.14227037332611 75.78455737511783
13.156287492545848 72.56715537736574
14.149049327012309 29.29008689844681
96.75007434376192 82.6411841899539
26.05307249042681 16.91018092562444
76.0928864499768 60.43631006587462
85.26858336812066 64.56003528530543
89.45280228263974 25.944514886607315
57.53844437300681 3.3588603244500748
79.54205809078499 15.301284565443773
38.740857156196576 94.62104804403488
4.043737990375118 67.19800858387816
62.61732695782156 16.00648410725014
51.270503797947754 7.626434747047761
15.507889343744452 72.99281821325339
44.38945051663736 35.567903953558535
84.9368673943889 96.28907815928956
87.43281759132782 73.48937955832895
69.54282317791115 88.07408719596368
88.22208453507537 36.88758698938231
3.9725642497377978 5.905874728877358
64.96314938660757 63.82710890661378
87.08503481654262 92.48289848816862
70.15899793258814 77.80820808019311
13.92922201960587 26.12816833171565
16.46345535203966 8.568319346371522
76.62180102796813 35.79075568245338
55.16305360226108 65.0140809350612
95.79489385328692 52.14165142974336
42.26473926938503 26.11779452784908
77.50415626804053 1.8844638209212006
44.61138044105235 76.1494065334376
11.130914574197925 8.316121234409056
33.69207006077759 86.46790948575014
33.20787212517755 29.39436916739595
23.67819139126457 92.87101017268573
48.610880159420276 52.85533448055788
22.97880492068729 45.90668363916741
48.80233989456493 94.26275319992294
47.89781636078359 2.062532828975705
38.16431209796281 45.8140350985667
7.366491211714843 44.76883421285618
58.92962001657387 56.84450666016656
91.79386685487067 98.96850604114434
28.010183353732955 57.00015638430869
26.09079115940245 79.80729058188372
21.97037723109272 59.16793960061313
60.248763721143625 26.23697607529372
38.20540267113157 15.048009651802552
17.856442987664025 96.23911529698852
92.75691042523609 62.96566411384046
32.86594746987459 22.766148264057673
57.80321698936015 25.117757459423263
66.05809573932721 4.525166830628624
1.0639815648546103 72.70407346333158
0.6503836985451317 86.3396431640888
46.228192970441405 23.11951257187348
69.95215795663053 79.83866520104775
27.823666356871215 98.91867473417435
92.88803545939459 0.17091768659305284
78.19272977208509 25.334049907912526
17.58511966679983 23.83168950180432
56.62275240006907 11.885459365145778
76.25546273059595 77.5953756577799
12.215882844268776 68.89380799302896
55.7790634315108 7.5358154170565905
5.630477497018926 74.87974419381533
56.801010231284074 18.859707046508145
55.748743997852856 17.133696199412807
84.08829528571758 62.122410823628904
17.989748962444207 97.09869169560399
26.624663110996828 85.76395899719418
91.75705630447382 95.62248061675753
38.324289235248486 38.64719752766905
46.0959155052856 64.66505579525952
89.33906189448496 76.04168140578416
10.986682427868066 57.80419130667449
5.971142880816238 64.97416336834007
31.24044077942727 59.366019327714106
18.13930728371538 76.78765658949473
27.84516732167701 38.46953430823585
35.240465454598024 83.40862933024611
46.07444892292707 32.96524158989074
53.45554381865825 82.33919308437333
67.99455156377377 22.422607113232786
2.725124176382221 81.86553685001694
61.64342525180246 46.49375722973823
14.079368743841147 28.158017924147405
70.41634831936798 35.56011184758334
