760
1 3
56.81245780445086 21.784835484494547
65.65825596988117 46.281815556329505
40.49660782149205 95.90157038931089
51.59410401994911 32.933561987887174
61.56896847860376 4.60546055437967
5.049201703088868 56.162397188826894
16.329236464512185 34.35356722103615
85.09583086388919 16.062055106906527
84.16343359666443 50.23277619294717
14.74711894741143 40.429270663987474
23.012101540117214 32.21846827201755
49.30825470215605 68.0774288587268
18.89597148392783 88.56970702942253
38.67682190110149 70.56180476847993
89.04011213748038 55.93720213037066
48.36153550294586 81.42713504851444
96.80313722217282 96.0763691508749
20.886278837317175 95.71825486526025
8.907073412641363 88.55865934397009
15.491781358435897 74.00392832597326
58.615212493476186 94.77902355881926
62.95273194067374 78.56505906004463
83.16011126183976 3.1194996255853313
27.423951121186963 59.50972222286397
90.79798782718179 92.26431613081925
1.5033057112221915 87.26447506821395
81.28458236839498 27.075658884050966
55.12458714634547 91.16537261527758
27.07894600145564 13.755214839574826
14.103305273134104 81.88004806593645
74.0753152113177 59.60086954746935
80.22203542395205 66.64682920050969
35.67561521459521 40.724525210928064
84.76169903911234 68.77075398732453
48.36558306653902 46.848751079797466
47.52022779315443 16.053816701330213
91.26150282598218 41.05896085106251
6.755765740861208 46.42285863427802
78.76768090995658 89.16468856400839
25.867238360859645 8.12873791790829
41.745942859177276 93.46940805378475
14.416113530829522 35.76236905197454
16.51188557624892 18.781884026402285
43.00887175112109 30.2529847525133
19.8552343897471 7.347720323226881
82.30394330106579 14.68891226810749
19.022592096610502 4.731755534003623
28.06046354753051 60.98385960793111
72.74679934546602 23.166990758453743
62.732061865436094 49.25175977542238
49.84094989145924 42.62810574527172
48.26029136499337 18.923620742615775
41.37288241393819 89.21972722559053
27.671789631385746 6.208404789635313
46.034770845024056 25.0953440076376
25.322387728969154 61.55730464009721
79.64897913031461 48.380915573432446
45.83632381699032 88.32569005140857
35.37390568433618 58.92321982548276
18.127756212517387 41.051720305390035
81.12460924569889 90.24555622249748
40.87731054432746 51.43905812260699
60.40438164064681 53.03400987419384
82.8844773407428 11.292094591122837
56.04740254796361 51.77033023433806
2.1077058193220255 65.82893326267258
19.057726939854213 29.675572033738117
92.61165099565775 6.811630257855317
99.61503794790949 2.3872269469937146
15.798202884386537 15.716308775943855
42.010171230000104 2.1479525689724666
57.20322887041507 47.61679810132482
13.51435321532064 44.04527337659114
57.35402607342668 0.2345966721806203
64.5081682045841 50.32257566113374
77.45168586463144 39.27298957186327
26.88438681460741 58.38197653032451
20.941637385760824 23.482480023934627
13.789468136318161 40.18491988702637
13.573709996603256 96.05868258353645
39.354999963007906 24.01950529854975
47.19009607586495 89.78353808826036
13.64674939301489 32.58882289521341
62.72161132922991 12.399972243446221
22.59782434361426 15.434574774946185
71.81293016384964 9.450918345305848
43.24681562336367 42.530808847790965
88.55195765274718 69.23135445170973
4.7626948950526105 18.760588624489948
77.73587883867638 56.90767896073765
25.012349939106215 54.46883238879232
83.60171551205704 58.43695900883379
47.633433617855744 19.601366506599184
87.85892919112503 39.622099840096766
5.330351268107547 40.73002436193258
38.08394916705251 64.85040671070696
36.71185358030233 21.161510616030334
77.62125638229766 78.89873265960104
34.25507368433702 9.760864947609083
2.7398694699570125 4.652468619271977
85.80202858377024 17.70193296881184
10.771543223852586 68.37102227385125
81.88266781215681 44.967732090199284
41.43629619811649 96.17804637252685
33.683592219379975 67.01465605222734
32.85922812140605 98.57213520372352
94.69593958426006 41.950316047522264
17.97456775423132 69.00645590622983
65.34877797863759 86.87183125053308
19.354580755131433 60.97663401860098
29.46880673651455 72.55162755466085
96.17945730952 99.79234475177483
90.46060366382935 48.924576607073476
98.54285924710705 8.728469114227334
68.09412575052622 90.83690607701584
98.7744473009879 35.318131035137945
41.90440874775905 29.17114469771347
27.059355552043485 90.23844324301582
71.55637199939588 48.401555359831995
78.03522219607612 19.08762706739924
30.404260334303522 82.6495456602919
48.83177520680173 36.237657120831535
17.144622280454726 12.419344876967632
79.62907507466493 35.61157493048255
59.6668611928171 77.56513104770558
78.39544924695375 19.754604201616456
32.90876015393043 50.30431128159138
52.771492135266264 24.156005919263546
3.902225609841903 9.770558358298587
38.75965174166469 57.81652957590857
8.189512889047101 11.92593762258294
61.50112928378526 75.37527327172229
53.5269409921703 10.54373318077797
20.95507159866017 61.559344631397586
95.84590158524043 60.747930627906086
56.77996851743339 70.16161752237832
66.73223312508625 95.41647663589876
40.91523748066746 69.38908816061056
6.45284775015309 41.45976626047832
36.0099489938768 0.8668225142999919
62.288109397244696 78.77065264983052
25.5562832125783 20.523616724162743
62.53349893529909 97.15014875679562
78.82442023595648 96.91570267163753
22.7960890519062 80.69813237699202
10.149372837062053 19.016537462642468
54.64094223087332 27.736540675675702
17.181575289559458 47.48762001505862
47.18735607451154 55.63093552539164
79.72013786754744 9.069969911095988
99.92748295577078 40.99116948604233
95.48066497878645 18.469922490966752
71.44175497350017 15.373720466876906
77.33499109776332 20.73986488749373
67.51433151346411 80.38763212577787
63.544337074762545 67.96872428969685
28.774180753903366 83.23900084656688
60.39936482638617 1.6886366590826096
82.60378925693249 5.3270981003485485
95.22179018169423 76.36241282415794
16.264497797294 12.98710902587954
56.19759656351688 97.90568547575556
94.2701652249002 86.73892856866038
72.12187588412715 91.31969559862031
61.629584499392884 99.02910082331837
70.29566296564289 77.00559765873862
98.64454353626793 24.1096409345978
96.22632949205152 94.50223846251822
12.91310847242071 42.76566067856391
2.1216428175473423 29.910968906651302
2.581800643176946 11.915605150129682
39.00790256504796 31.44040457325852
87.89837773767661 45.55759464713884
38.266427427451234 93.66173535768499
20.254582918390753 43.895014502216334
22.004693549692036 66.20123311323853
72.5447523425427 6.046774344295747
60.44233282274807 39.1100531936436
97.54054680072062 7.816635755024048
68.71894343588913 88.56859659148407
92.43182470955311 61.55972276817769
47.62265784294344 89.99843492511685
89.8162122784177 89.85768899436029
86.0344366364383 44.18853227824104
66.27279033618309 76.35310386274266
70.07149373777469 92.42916684218923
31.265870548664676 1.4368885659009623
22.226922937386796 74.42317622836627
87.11910526046186 35.28207943898636
90.0537685264299 69.62168481973066
24.29176680038363 61.91226831509016
22.174352697390965 19.02094837469084
42.970535415878494 73.55825297560403
55.019845430010506 34.22214038030733
30.98203553415768 25.825568343301764
71.58782858725108 92.48436512926881
71.3421802158803 90.36884044059386
79.43461764050204 21.553272079811194
70.69108288552803 72.17848371130935
42.52389270677996 41.08931228276973
43.64158158858535 14.030519254433482
25.396708445154026 71.13258109199741
10.76309722944464 87.01976075979603
23.70275943999043 91.79660895756894
64.5500748218611 60.18026548216171
54.21418600633589 4.9621226280012865
89.27358743457002 11.76609057732847
53.867733839283716 51.73509546517441
98.90728956414392 78.36607289398671
74.3251988311507 6.646548693276322
57.435272703246866 11.924105742917757
14.303981320341673 19.261528997701728
48.59998164791417 55.79111243533188
90.3158412384146 51.58057906649247
78.55621182055398 34.543439218977554
17.92093956849101 1.9140085272564056
55.460760361955444 50.710334173611656
26.858395791114575 29.60205111591785
24.62988098591574 68.0414418798867
49.17301942995862 84.97844493278608
10.71803853718123 2.6927493488798415
25.00341849516994 45.03902093531123
60.329289904434006 52.24470053777952
67.52476157214684 27.03256291988856
93.82112627154513 4.212702253690592
56.2316521683567 66.00783418233908
44.677473605433434 10.476470283486726
30.884644558727036 38.63221517148943
65.74950998530443 92.0631059487544
57.19960362763332 59.49299280689617
48.345211081747586 74.76725528483257
65.44776529414781 30.46373248418952
95.802833165537 5.4201956856286815
61.076569242615555 45.979928342948504
95.24858609957786 12.746448698502387
73.17235962926493 44.01270258191585
87.189253147766 38.222226808516346
88.84996011913084 59.98874007494162
17.87165583711929 59.958162372056734
12.826896376126085 67.09802658601687
15.628236533523253 82.10712782083502
79.26148390057244 4.7433066484478426
5.922716242913451 12.413466550923658
86.24828433932163 28.779519173801503
27.095303225407896 61.00189263671918
45.120744861960404 47.75457350918588
78.41401171748805 55.9438378563897
70.64651800882548 16.642939068896357
19.811104014441085 36.81824035487546
96.10519823117043 93.80296026369915
10.429272293910884 31.65343251365078
88.08450937251418 28.165101040154063
12.23121208899347 78.40532577380155
33.335483981156486 21.5497022190249
26.989493294002887 96.55900360570182
2.9036425850071934 82.6532638730614
79.45642729669302 85.66772461046935
21.51182956297717 85.76216170115846
20.13452067778607 21.710516143949764
40.81422897838354 96.50245970233134
12.701433623898106 81.19927039105525
0.9571122168841262 21.343239515651845
14.42243246822159 14.955650011079946
55.354999672795245 47.38130826360496
56.10202874112764 38.843680282435386
98.88484359507643 77.36903928484983
51.83813370494419 53.3569308667039
28.848752020360834 59.51985730835023
43.08098242707927 38.495765732001644
25.845646420451196 57.39636569455033
24.66308151220349 44.319426347216286
84.42475987968801 99.4249540253916
59.97689901632845 57.019623652811966
59.154836604454886 47.83632220068763
72.31566185513113 0.7699295540043005
18.572813801013744 48.90019700418628
77.02966873337517 49.7039994850105
24.536835715052607 63.39500620615015
92.35271921538153 86.30161510968432
16.956472273679644 87.7364576076247
88.21530337608552 83.21162427246014
51.49791426937058 45.74391394147479
23.412755522149254 49.00200485861763
92.00713995044525 44.20463145957578
17.799545799306493 10.733994256233913
94.76644204620554 31.45050190570653
58.864968779436964 24.539879563248213
41.85614453564892 97.6405624708127
21.984923205668984 93.0090286861266
89.77590501620429 68.82114671756725
64.17132894416608 75.1662869516561
66.19582417001357 82.30651237251871
87.49029674099464 23.672503046502303
29.364743802617156 97.51863440531613
37.57123981214647 37.36867460901241
10.407633843774434 18.43353743988385
88.31753325830157 60.27970704016292
94.46743267332704 25.50969081532475
16.951143435647342 22.189405772960534
50.87432923944111 57.31437548573026
39.72467546835121 97.29968588923472
53.2401369629931 21.880278535404084
9.88951739512296 89.1679562721783
81.38643871654804 85.23968141428715
15.532799088401905 54.37560241910393
97.56253155728547 8.034870649353154
77.24320783557343 9.30237802816809
47.43764606408354 7.506306091471626
78.51706186513323 6.4754176903728755
98.94120206371556 87.30986809285406
72.86097530939006 31.473239312030167
72.54260896181948 63.44713191398035
80.88033819336 28.898341368038928
86.63011160086648 18.888336346483058
68.38129082356173 36.11284655348079
16.336952801893602 95.84800132927197
31.82636078540728 59.995007564744185
79.7617844023731 41.637999959310434
96.8893580308762 59.359294382370734
2.643287357644475 41.1539725844122
22.741266831568964 29.40516979096648
73.20426002568358 31.05414755860767
94.79051121207107 43.93645032184632
45.86167200472546 0.5535646578966436
24.965103971398882 31.489589603357572
80.09088708072585 80.53494248591116
98.27750778397206 93.44706639311833
1.6404559634504157 84.40593227381035
28.74624073275591 74.98728621832969
16.53605494158652 68.28670390208156
21.407958907705883 7.194093054784356
47.90064150838973 68.12410786404001
47.5984169095971 6.729733241516311
97.8424033405838 35.77624720566457
5.074979737584617 16.6207498045392
3.749607458910398 45.47596500402242
29.35726924752211 56.216353959709565
21.33875865885406 92.24485294570441
90.36002780588038 77.57402813501504
64.21765207922247 40.562247153513596
63.34637539216148 80.86695969541167
95.07518925779857 52.75305199511926
6.5495837751949 81.69440126507513
37.18942597781605 28.652382858483747
42.532291736319294 95.70468657917803
49.29564482197604 6.182623282217992
19.89713413040983 78.25871805922493
81.19124387275794 37.89044525852976
2.340652251820363 86.01069517968045
24.88125087501505 22.853378650816936
53.61213974191293 96.57148509824209
21.472887823823683 59.46765317998046
74.8186173561979 25.115319555175674
76.4228864934892 50.99702308730774
58.3977782484983 7.278390608205365
68.50758699627488 90.04567031349444
42.14754264208524 13.06253623992748
53.93265974021235 19.428441098313208
37.15113141569542 34.90167668512045
78.7984175949444 20.1498090392078
62.16122774791872 14.186716884449835
10.645994209471743 22.214359999295862
34.13327914071991 12.202060793198566
85.72755784024449 53.15275573369662
8.988089444282066 65.48036189062097
48.03431016500133 53.1599069094237
17.196517010961053 19.987049334599362
43.8994486825103 84.18059263394018
83.30675344340762 25.49393407913465
51.543749525776406 77.6379228236713
47.73321439815441 69.86177588841707
73.07513609746763 8.32564119461081
88.9188219568581 58.88456303409364
2.757194041481359 52.1443210495605
56.568077230812385 59.13971739661168
67.24314311582718 53.82452308468704
37.493699725523875 79.25584053333053
3.9076032331526678 75.57379185048039
16.57409963295502 70.67252479759357
68.18864641988318 17.16035891954779
16.415905799245543 45.51108531010284
99.98424743479373 46.774359149927534
66.86967245841025 0.1703703561343417
46.650517696513894 9.48402672451052
75.77204064376505 10.818408106003542
88.88290304596794 14.250826612820022
20.59503810759653 79.17345246404943
11.809139007577363 32.92637522792512
82.44125826847237 17.196546945637504
94.96422291958405 40.48442446610514
17.131907348452955 33.80050081704666
40.85266256808651 64.52040160385064
68.65256848126178 95.0648701653277
57.3127202901649 10.757675313885674
98.72442816042609 59.682011593606354
43.44051042050572 56.67557074841796
8.618065840190203 15.697796831880662
93.74597811701659 74.11147735137477
28.279914616516443 0.4504287064882817
0.2745315939395976 99.5428471076937
92.58304871931438 25.065405104246906
39.32012227316346 26.387933905896777
77.32159863318 42.28775905899151
94.19333687457379 85.77747428889857
92.80422103990496 0.2608969046242082
62.17354228648438 31.69050649582992
5.667123828246723 87.80508588555318
7.303747499031665 66.11255461712322
2.4791895973427014 39.51809248523486
4.955605950473174 94.97580814450039
10.097140392960213 88.20218422866574
75.01519606445497 15.700594270771528
83.20638581892612 4.900859456291018
94.38577243475225 58.03363679883719
10.32215221523185 24.927815152370194
4.350528313438473 74.1806985376208
33.101903803020804 27.32920015975717
54.8742557399843 95.48157258457792
30.404641413688704 21.395964946058843
2.347604764461253 73.02571980922494
65.60991320402707 18.40170647220265
80.09917588642207 87.28796080700478
77.95501000650175 41.675350454919815
72.51698251227947 56.53968005536578
24.69173703336709 70.1695731321931
0.514694609863886 83.97298386351517
36.5873049130369 76.51960580845333
28.538492653148317 95.80180384301171
99.11134689833989 83.49926611496663
15.231029002301488 76.89729756903931
6.2097794030713915 72.6955984096027
77.81673560242662 88.9910088495087
80.37123773497524 6.501585151286449
55.55244656377696 38.18122087391964
22.09509691375111 70.73561065144287
29.79942311080821 87.28614304263391
50.969850039406126 29.854684128264907
93.89790982833665 98.52287420796893
52.633872136879155 43.5907336191816
42.316904166809444 55.06102577848135
12.825314614697847 52.697739812649715
24.346880618906752 62.210262265823026
25.000144702100123 7.45528132329536
14.08835307060512 31.45642061001368
58.33750947615472 38.57641887019243
90.22520625765948 71.95420084456161
14.592775221790832 26.30560677852971
93.23482474403613 43.00823122265669
27.633698431823216 77.58148415989385
77.72404063771883 22.041233519215787
9.799820909444112 51.184812193879296
88.86494264983571 26.98446631719711
84.40874511521461 78.65457884445846
69.877154315674 62.991618890672754
74.33121468841088 88.8373377066644
69.36477907190725 38.09827280493643
1.7677801826411432 63.02512527260784
6.3764581151813715 71.31802498503774
85.96641727466636 12.538047416994536
20.498492350006693 46.945200956397024
39.79696127391892 76.33403540244808
81.32896750847448 47.50478103307134
61.42207208640693 24.953317243732485
85.09560073565167 7.2748898892275315
11.721322348521612 21.357410837736325
9.491045717032943 42.34459086381948
81.46408515873647 94.95142160708257
81.32184418465181 87.6705543422337
61.380804035583594 14.223666596933171
41.932988317490796 19.071194970546834
53.346414284890706 24.525437423481343
89.36559871319338 93.88783355818049
35.70640936493683 58.43771589551452
65.77150149416484 57.82334789606618
0.10661353783580907 53.899187195750756
0.09611128975861583 62.22060202205968
89.21225705575708 92.00076202907539
78.17033818965551 94.42111982991202
10.296839412537029 46.53252608505905
2.962243158338418 77.70715132320028
84.4155815133109 12.79154820260542
73.86553669365117 16.382223748970116
59.52476327057062 46.26967830429223
44.68862773519704 74.81647358125399
0.26513101353684565 97.98372445421484
84.52398663187537 32.86074875355087
38.954875596606556 90.78945487062417
73.52383514000446 68.22778481114578
14.732904223268651 80.28960026598067
83.41819789452371 16.779726741697544
5.16892038289074 43.9271773412969
82.7445594587364 80.82239120074554
80.69190858584376 66.57464664474844
60.50661219885707 2.6372358634531468
79.82224103761504 73.43704974357728
53.897140046502415 5.702433233518089
89.89576017861316 68.66730953683873
93.12634573229897 69.32659867368677
16.701663436380155 43.54397187702339
76.67913995326616 42.36179905090618
4.802410312741867 93.98251445035157
54.66334177364145 1.7246710067530646
58.343613014526795 80.13059079714779
53.18512169053935 7.401890135180689
59.693090834250164 38.15666896635983
71.88854049834201 9.625199922457629
76.6389915094762 41.145882099995255
40.693316854207964 98.99599304529623
32.68439635610236 8.11017765763673
71.3755222472149 56.105362322633276
86.66135946699978 52.97730802401699
10.28056662947705 0.6507080529745135
30.028758280439828 1.3047487652694034
13.086843567650286 61.1994741476471
96.89862539973085 26.10832745344256
5.133421635652025 67.29170294063678
30.263657853552495 42.32584017096408
44.943734197565036 55.56562870610753
21.937561018246466 39.145443908693835
3.092255320512849 94.06551307605547
8.221642000429007 68.78438492549684
37.26578374219909 39.252800971172405
90.91035443500553 37.76254940964048
6.253028810887096 32.008712256501745
21.861459232228555 49.93976735017674
27.74602509389663 89.21032076357191
59.7217033021169 4.379124267172574
31.539563717755414 10.372117598658349
29.37803528232521 27.89799496030849
25.806315758182663 81.89218937557389
44.600956381792464 10.184088989655038
67.60721176957358 26.04060192454698
20.587971182890975 51.43842505679643
21.46198478082406 97.86994903450366
83.76304598084339 35.84946358129053
68.85858790148941 31.062607474070347
40.93987657853493 67.79738176050442
88.98874680710162 72.2919394409376
59.45383772442254 85.52098407439088
44.2269971247816 68.46809176289305
99.55690642164643 4.14580515723697
96.5110172559489 32.72132634366434
63.40101643079019 93.25516064687373
23.954979909001107 44.981003640321426
62.03408251539501 62.032691709322066
42.31739645846031 82.14109209533025
29.539565706419268 62.40175878329137
80.49404517131717 75.7751197524834
23.567130345139663 48.31613774956634
26.038699023876433 25.543443220192017
49.56757924196251 18.027255665561515
19.05456479525627 15.777529418613835
56.379864039637816 93.42423721369192
75.60324695576823 12.902138508666571
95.55137487081362 28.47739960346445
22.92103010160762 74.48896456998833
44.07934067732447 14.87329300243836
58.641226438454396 52.25688000190986
63.95471636399439 27.660863956846683
95.69432282674504 20.530760630937795
33.708400990775104 40.795439921819245
77.96538668076177 41.72902275475532
42.58631312478038 50.236843795051314
46.98117399458941 76.06186296016915
48.127708937926215 31.179492465039104
26.04636364017847 78.62482208394319
62.26416961401997 32.844843181251534
72.30427414954785 94.40582491801226
67.66019363690134 73.25849455676978
54.12253117939167 59.32640353408398
88.40864388772263 76.85952571341271
81.19876430333552 7.350835794170174
50.48538485352676 36.21993510406758
75.41652097166742 56.68896717863918
94.91679099615276 92.82430846050949
41.75651957732727 67.7537292437164
77.35523831266036 33.928926350771164
78.0131003074346 57.69924763049723
96.83632518695084 73.02300529143938
82.71964694721194 35.348133832729076
14.276421873953016 68.39331687020156
10.886412994599626 88.36679007033456
90.44939991227085 74.22910273080565
24.38403326824119 15.758463198939253
69.23810572861069 15.118821245063184
24.121752197607016 86.44061011243038
82.89292306957901 66.73915273272333
10.887567179715042 47.351944064864895
60.66278852112359 34.9969831812317
0.13396179096600846 15.817369453402176
76.18215872659717 95.77429349335544
4.307845789129328 56.79610418138235
56.837839612811145 96.76615264052396
82.32572230474608 34.52775110831379
65.84662951795548 73.37011047913693
96.29140591734911 25.514574113672374
3.6703574288552643 87.99151862954639
83.94168236018756 64.60006745758398
20.832883866643527 37.22901861852055
59.26645579131575 14.014430952196966
72.55446046433711 25.215567580781805
25.471505244466684 4.2069535817153
18.534145640109312 64.66223639877893
51.84881405424828 7.605509129481236
79.57823663582133 47.13581253675729
53.22131311609177 22.81114583490107
34.69050036651771 28.006613313061667
17.814655186109874 0.15702101454544426
61.54153884458717 34.516491141679985
12.385892203485206 49.83384381877025
33.753908239367235 11.880312232014777
28.426640945214785 4.503972082426144
65.39874105133514 20.212567037623373
6.705586150438703 96.77460724050664
10.688835857114798 31.03412704776114
14.82642161627461 21.972767543677318
80.0427157665248 81.03062759594495
2.4544508590826686 28.492650482314176
13.240955349840998 60.088120124315594
56.626191739586986 71.06061048868789
19.973423371613606 51.22574022337809
80.89633493602079 78.78906519676806
7.980714542850675 80.89476261969864
46.63858127604552 31.87343046219926
14.533466631277236 14.089600697290505
20.54380874506574 72.9945324516909
10.170861531511521 94.9484138538376
52.36997688117633 61.174155951472066
46.90133807840584 94.09783834562415
0.13919116695140232 76.04231179149818
11.288991628141387 29.013835459703397
43.067584894163915 48.78608115584764
27.349259326364894 59.80066893344009
75.2263029078045 35.07571154299456
17.111519086987027 44.08689114018445
51.80323239226179 56.286139770275526
26.61369715484929 91.73485813447131
13.729598219634997 73.07678084482414
45.955852740485014 81.74083710025393
47.59908776280648 89.43208467587314
77.05399543183687 14.955877581901266
30.39856727485375 59.053416636052525
10.357827002928355 82.08383945404796
58.34424785043706 47.31923222568098
14.182217998428715 41.85460510207446
41.99039458953733 13.583562993144561
11.025261975353962 90.62503968239038
95.1138523147204 74.89845242767925
65.29806277208895 63.600368751591986
29.186880723100316 56.08384033860072
10.97025056478258 69.91240495776
78.95971132747921 48.01198494408454
84.14622833670478 92.47832712306334
22.078178365052324 86.51331051545608
66.77352675496182 39.7621259909368
28.36197998824199 52.49257556254807
88.39119494903804 23.590976102540708
17.03780681721465 52.770348351796834
43.46441510363399 68.81254988328034
31.937089344172207 17.723601357189978
17.03805113986423 78.7914627377644
30.162919668673393 86.4329756545293
96.48766031634648 28.18237423087919
15.2812728014182 47.04656469118529
18.528016407850558 46.025704483930355
6.3080712941099515 19.25117310186726
98.05223516598235 34.116809563288484
77.640818933421 67.39567475700542
56.69976230733062 18.591572191234263
6.258825472358676 61.13064554190846
82.9377961045922 27.77701065156746
91.01848924063167 24.65234432299106
89.09100347753815 19.766419718469464
36.83177211879036 2.087464273773243
46.29291105382774 73.60261505856731
45.969231440971804 18.310386649382938
5.047335071170456 97.60395655589222
53.95086027776803 48.30694668809641
60.52027584456354 43.34998129861556
26.84719610622941 30.50198422685049
13.649556972843136 73.1097179778128
77.86873588767793 92.79293472234701
29.868335150737014 92.50121133383438
57.07999468314582 32.29158946426735
44.15947358682786 52.182155805254624
48.915271929061134 67.1454556138822
49.68576259684316 3.04221934490545
29.706461404299823 76.03861824428112
94.62693413879211 25.358378090874933
91.94643945239625 35.578756352913366
59.03787292159601 35.79188872910102
51.79774792870282 14.181878597463005
48.164109437638494 41.14686426707881
2.4498716113575902 6.891918267642083
62.23858913279814 15.853805752505146
4.786949195567658 85.32956688991875
30.674099022715563 36.324796341117164
14.198632224982632 89.92670071510247
82.83550652884142 59.056409399495166
13.974830492374334 15.64843732144876
69.86524966384941 6.048633052496788
65.80940369015387 78.64486722152361
40.83990962268187 75.43778618055144
52.77708087252291 40.33317048575849
23.569019940349722 4.435731435345169
47.19481872306424 60.533898423263196
63.655145264434324 76.88074984051569
86.89125427165685 33.03765598586157
90.00893452424505 36.637943195077426
0.44384670579620256 14.099238513975187
63.364998982431196 92.66163560922493
30.631433026593168 65.2565262507848
35.351546589746285 84.44529515318378
97.53615590046462 58.44906742612095
28.150838108559405 48.67301923100271
64.32709007753867 19.521404560124832
33.35423351022524 2.9333609073317612
61.5297954128065 30.898710813932738
34.5533859638689 97.71044428662756
21.33772120474271 4.964656926921918
14.592397162263548 86.79635203779934
44.656458279663646 65.77643850392272
26.66267970137546 68.59042664001018
81.10241481871495 80.13454920937421
38.8031086085425 85.14238971227066
89.80264734552419 42.05691229185729
7.973189144136561 70.48733492052082
34.24943927301322 91.61973672376027
80.00131007358317 34.96900671033969
94.0341234559224 12.944425329031596
78.71038263342705 4.074778335429197
6.562040177176054 13.951876733766877
36.65292631970698 95.94561508744323
1.741984415569342 40.28511559081183
93.38817298446929 92.45968556316069
76.78358540675032 21.379577932530513
75.60766184711298 90.55807825315196
87.881548876872 10.55849337106649
98.28986263947537 65.80680902704768
76.6060737673889 90.99555224105771
24.135725786032978 29.79483023667362
49.80303934105679 35.32185971213746
29.727382918288004 47.13832488231227
87.14230692672129 86.32351129239302
2.397532838326244 95.54684541914114
85.19709110960233 53.96235820186928
63.25724302919098 50.145909562432166
55.90503528649895 28.099870783029136
35.55733600476645 33.40893875765014
29.420331473965277 61.54597298363096
28.688511196924903 86.72361149422994
69.44619955043609 58.16956415870828
63.61665255526787 62.21607492561492
56.436297794833415 18.276278793868684
47.96088532484666 19.429759266695324
3.3903655907692842 90.69528539669922
38.113543983221376 36.00970938233521
75.58872909605779 90.68746618686787
67.07703403140046 85.58269036749282
99.55969683058225 3.0310790918439023
