940
1 3
65.51639848127928 21.372079872382233
50.0751517724906 66.95514807261958
37.76818395070551 11.120192626150228
87.4110237124198 34.51869654315618
33.58138441865655 15.087399063231643
32.47813618395814 43.21730459585302
12.766636944836861 4.498777062992021
56.31384285620451 98.17658842961958
63.80135429927025 82.92814039592345
93.54306006935627 10.610306565156069
61.362689541144675 50.46151633183935
72.9627074002061 13.451481570479217
34.60179417442038 3.624070766370746
95.60047988149354 91.34984752491675
76.4845601729004 29.50007117611577
2.569241545470935 99.76349800349769
12.450426354247801 64.3746200733436
88.08874338422179 26.16633898635723
85.34614693915901 26.213809698327985
36.480264900999074 63.39878537617438
86.18980861146579 7.828201617510033
96.37666944423555 35.36351345892059
92.28813930093456 12.838465760925777
99.00410951881622 2.267138506649946
92.88488861788224 28.466911615865833
70.8727762572943 34.30814264182338
35.71476753933529 21.110237692323697
77.5389124889269 22.874036402203558
57.07029010225788 72.99410941338382
53.38225149368583 31.562866684450807
91.83731681346157 25.462182285504408
47.08582284491134 56.045720261983604
95.1245119404074 44.27148692916354
65.83806682152611 92.67451800519764
58.32429009547835 9.982541832545788
97.19379104200033 98.70676586784776
82.55852234305252 51.86036180646694
62.089256479387785 97.6421604352694
56.0754321692273 72.25609886725786
13.440170651994077 91.8992462133556
67.25214157792634 78.45630885307848
75.97113457993451 0.6082064445770197
13.296178557542259 48.858924226690135
35.63819221999536 72.4418290752083
95.2820266475964 41.14072877006225
62.9899325902036 94.08312784576414
40.67931320585827 28.362218417009167
1.3434463840210853 78.66371949729223
1.8052202205578238 54.10496096563651
65.10268821375898 39.07230573958702
49.63771596443116 98.01393355856658
41.55837740834929 97.19131910655436
94.29907136580383 20.589752931614356
48.41771511805757 16.61839063538766
50.9367163425527 12.71784900879014
50.3888101202254 36.07807713953215
97.40337221253557 31.743522088035814
97.38160762250152 77.83303726940628
3.534707535050452 29.07693827672142
69.55356995823794 3.2647692589121258
48.76701704270907 72.26880809033386
40.37051227866597 63.695539121187394
80.22173751065924 64.8920114844776
16.279182481871036 81.84456122230885
31.108593139197758 19.490149405165468
69.67200407380925 69.03086291060718
2.6167256384455273 33.83802161206133
36.900311169688884 59.57129191334569
95.89320376731922 66.71561028543928
17.567557800725297 46.59606205624858
62.2273421278376 71.2435826227722
10.154128193069823 44.677878473772694
13.628344576099472 3.154246559377083
28.732773503292464 7.349174867369168
34.03775169633445 73.04637084656973
77.13854425329343 4.353741787639964
8.883043652841515 0.3706188268717048
3.3354815854089725 65.74659070911808
50.725957708568274 60.175890874411266
52.21975672638259 99.49560759186684
94.41525264524418 16.151381703342317
4.020388045471668 11.662057070601307
18.4836530132521 25.25017122491695
74.06581198181105 23.74507234757135
92.48379097679627 93.67852521248474
76.04121924276592 60.48546574274742
53.13232709287084 44.90056427889879
82.79999483374705 74.4670945710133
42.89145009835167 28.630440953085447
2.6569337793129977 48.276469985075465
5.669751078740948 95.72439271116401
63.45738608568243 35.554570282030305
91.59134339000292 21.32173939082238
84.0250162109029 46.591535887925
24.010277739581888 85.09338119658855
19.060304637388658 51.0612812402871
23.92052669035747 78.39279238662506
30.12536325814299 61.69434580609641
85.7581957319464 2.9891220148500874
74.21258986139918 36.79962859587158
56.781426961558765 3.513489637805378
40.69707496289243 86.84747704874897
44.04388448846943 8.261972473103608
1.8408742978986314 16.59449681344625
98.62404055519858 57.74020060457226
8.854645423461438 4.114897763861691
60.41470097351398 18.51313528118692
58.80047636638002 55.46919197144054
84.50871717132826 75.4538222756692
58.55331474064358 87.82967261353203
31.64339791002839 43.47719652561768
83.34588540056984 31.357683944206705
16.08947776568195 94.80743992456094
34.64459222479093 23.00490188725601
33.422963274923426 69.35383270935218
45.86123043887043 51.15819718287873
66.54634335240807 4.868577852568734
94.60207619277303 7.440157016145221
51.05795870796184 53.53576103377318
15.79650353872941 9.301987529086286
82.02016148930697 39.81988300050321
12.746804616549468 77.78438506959036
80.63121794006504 28.869083392022475
49.87180808348561 8.870454816604646
39.83533993201882 84.6040468840449
17.773037634965338 71.2983800392341
29.406763439339343 6.279988936077308
33.82591060785518 25.168459639616202
28.419124451197163 33.63909747378209
27.39666832537948 19.470439537138695
39.365932804994586 59.40956774632746
24.533967058085416 79.24287073045487
61.1306439424153 37.67790445973809
91.41982699818489 2.561880356391799
87.31779976507173 46.77590950093644
11.676361626254517 42.17604255885041
83.93779338210268 99.62242397053613
69.81721224050972 40.11974030070784
73.33218641514223 46.56756829786597
79.34020008820796 84.22930148677806
42.0989628606478 58.39217976817086
74.38082953853267 78.10114135197443
36.61447788284165 42.34344498348366
71.61332997302512 80.46077694715666
1.4154393126962095 4.333230852095604
72.15504925876293 79.36001055910008
57.341727801816944 3.203377232606597
91.57852006753491 49.74291534485613
14.203671776153604 88.67305758971655
74.72149841664996 68.51591217880872
66.68039678815052 15.487752087012208
20.775429834657544 14.07466514561142
5.886083409202292 41.14986941229719
62.60694449012247 43.37351231685893
31.43427376942871 65.66762953834943
41.24132711534503 52.83649730904503
11.900171505543167 98.99092159382954
24.154618992371347 88.37693176653106
31.001936535920137 57.80220823376063
32.75170278247981 61.49638493879914
49.46899525022444 97.55914861802863
55.78196293169797 35.60600975555297
74.40090492441982 74.12555626449856
97.3415335947788 15.723790492915523
53.01165576932938 86.3268098293624
49.346437341945084 89.75487077955479
68.81389926855033 88.13054123907709
60.15227432642809 8.951834970644267
4.108852123768947 75.33911577618898
64.62041494292876 12.724914899893069
19.61195854764575 64.16484549870549
62.32957645522714 0.046935724155416914
48.56726004702474 58.329998185182454
19.823370190032485 81.01575395900984
37.74755011646667 65.82648904890091
34.19063989799718 41.978701678230415
26.14126131831267 4.2410663377913105
63.17890893566898 52.41622895403275
88.53477255502833 28.035412016182626
94.66641102838322 37.37338780456414
50.613289681971516 14.649139007311707
5.349206894090841 7.932956075668796
81.58629326077322 66.15218485650813
86.2275617164677 59.59347889045785
91.00023948486111 94.83786635971964
16.030971928139714 77.79658940759107
25.00144130548332 21.966820404434827
79.41700526048012 61.64328031072355
89.49032626487173 23.93299492346548
57.64027836093597 38.9854453260154
71.0430931112627 52.98067419585433
36.44844039416664 83.5223693882615
59.77168544018916 99.12685167808404
91.87089340943564 23.320675615548623
18.12919234047119 80.00603659546061
85.59121694677 48.696218241449344
90.03387738648432 13.393890657551566
71.88347158345228 5.774300747214145
43.556599073621015 55.33522691074306
9.922234804169028 54.78343896776472
92.17623414553351 37.69009189582295
18.871435335691956 31.66697040041626
75.73441670022918 70.46070509907743
15.720782574583403 24.938685363587567
0.711774066342219 20.42080582827863
59.88085214888341 80.17296523323112
60.5213198405326 65.64862487700698
3.0212764825787053 95.21193199042503
84.1036668681505 45.54003603181591
42.23820392577191 21.54714933867199
96.71499634324098 7.940174008159739
32.59037146734713 63.669995167422485
64.93839804730487 54.55843246505001
34.765214210550695 9.536972077735872
88.90571407506746 66.29545112314513
28.141937373373736 6.829797002423432
56.535429882387334 13.391252298740008
67.57166170446843 67.6478667303164
43.539814069762016 62.83288259020059
97.98890727042063 37.579526400543806
14.984634729724778 20.485230058762838
45.964579554576716 15.822706321403368
42.81274054426169 15.317993057429646
31.54183170120661 51.8988323281486
55.437029925961866 48.41062485526522
27.74142472332506 99.10229637033919
33.89916383677636 24.507583790428434
17.47495391202081 52.284119990746156
85.6039328553716 52.62668276599578
64.79555699567841 33.75335996903803
22.837994530354088 79.53036157404185
68.72876606470595 34.93852066729304
47.17451671186965 40.45441114613168
59.892642691763555 39.95640771485398
62.86756417365973 93.71671050688981
75.18799828620297 94.8354665959072
90.28663108459148 0.504805788257312
29.237267929574795 61.02474120695454
89.33687223449208 34.3560886408141
12.561022665193967 65.6887209323354
88.1148843117125 26.77061936182996
18.18482888583215 42.90272174934739
61.05648893946303 31.894484209638097
78.93082762958814 55.183329957199525
52.652123576316924 49.23217538185802
4.688985915157673 95.905683705626
78.09697907765832 87.35710379599024
89.91296259639847 46.560617618688305
48.21880092101745 42.83836974381603
86.59120661548288 42.38387496511924
88.79062705097063 12.695591197992528
36.912537278368674 9.891618031047722
54.72512576659923 30.92495050520696
53.99838041804732 3.3310901425358974
92.36589899590135 19.185019745025134
90.84977838780233 29.6560682246658
51.70662298015374 31.326785170231
41.412973649044396 63.75292094288258
56.70314881816583 83.58620016630385
70.90966149734743 56.933914618368206
25.124248411032113 73.66670085370282
49.42143371533185 3.671343674233385
34.56353659550544 28.004627897524514
96.55911117344185 1.4217385883377842
75.43443570093929 65.61670277025813
79.07383433797936 0.005987119126626972
33.63860975042927 35.165476653074634
26.145303947439437 71.76693335579711
23.125918566520333 23.684033858041186
25.645049718062918 20.196937907529566
66.49041120243753 48.22810781379228
73.15360313866006 10.13028231868156
62.788930817889565 67.43593019651593
48.029037564326174 65.6061570991457
21.54741871597825 41.22532366960721
57.80942291143838 95.69790998992809
62.74215370641079 95.28836326606911
96.71731743202999 77.0691271060884
63.606964700262566 58.70573404884149
22.426322178585977 0.4349054463583135
41.9161686333652 37.27098494820802
17.780592487461423 31.76265656051327
90.1348603746422 5.140528780311326
33.29429051974833 1.0435433657071558
19.292553403491407 96.89533364539793
40.60278556826289 26.934990801419477
31.65753266614548 69.81355157346958
46.36125313156383 69.81779049677823
41.184067061502304 60.60117506624187
15.93762992946639 65.9613728940253
59.58875586913026 22.474154376354406
62.8824734536561 54.37937440370975
7.255978901117355 49.44530642925382
27.716913682634093 52.106798399963836
44.476640709646674 38.72620557030968
38.31678328509578 27.049180868456624
78.49431339605574 57.717391655263704
67.2479514049372 53.99006823850125
89.1097131337742 25.277780901743952
99.33386822582537 69.34732947999595
11.01896163032816 1.3107088987275306
18.63717836682499 49.51185868399859
33.67246487071765 4.833199964215162
2.884840648303788 71.11763936851897
54.02244703557668 5.049615585747613
42.087511952130676 55.50331953851489
75.13759653986413 87.88410035545071
95.25566592929793 71.85520635385087
98.47839785077528 45.48673281279378
87.09251678802121 81.66040220030271
5.063513183445223 22.446781394231508
33.696549917941354 27.984395904728167
33.83839388588263 75.70398277333248
78.20545908848942 48.88483195081052
16.225848630766194 87.61978737276507
73.77742098857154 19.096306658595562
55.63681778783385 35.9529306847121
14.270681724688593 97.55626934798201
5.356538754367612 45.98455874937555
15.248969518185817 80.47666778907183
77.44253590054393 14.584904714442937
75.03037582541128 23.468309786751227
92.95903577661211 32.46818207098943
83.8218716887719 45.457613436001964
99.6541666826461 23.260810885042037
0.2367496702553984 29.31350802005952
69.67384065981844 62.226438332644626
72.15379711703767 15.377799546386427
25.00534739728422 53.496611897355265
16.349309432445814 96.85751773608754
56.07946413707867 69.04860408452838
51.74991724264781 68.06303337144661
21.931045751729506 66.59080271542672
63.21264748369655 94.47739135896678
23.385760542991395 46.27204724082547
58.240934011820755 97.16221454671476
67.01232772916843 2.5465969401836652
45.1431825768307 57.77965313179691
43.331616579661734 43.23638095709801
80.42972092015947 54.886377274166854
61.955097847401184 59.40174950178061
33.98968136687388 76.44139038339407
33.28812681465951 74.76832391157302
29.920088282971257 22.51720812522042
48.897291283764964 44.32392237549341
12.098338591642289 65.58198269829008
58.415289470811295 12.56765238970936
5.50459357064228 98.9716432233615
98.49100073990536 97.32338885942265
97.11774621145179 83.14574827773194
20.917223323179446 93.9165135523303
43.70589766198747 60.05046827096774
83.2335356105445 75.68927596703207
26.088949268199222 23.36727130062941
57.183495320160446 1.6232131436022756
14.61548327999267 19.111746405306373
41.12154169553435 41.77540900426144
52.39757490208261 20.68667238505526
5.615420581846142 62.21145225539182
4.1065830500425005 74.46247221118017
82.89232665165306 84.39681845693133
83.77931162839671 37.22582538988042
84.19549771763346 27.70591438525949
33.78740724578169 32.92519120182229
16.966534803863876 31.29620725739759
17.39976666555272 54.47797446101135
10.755089398258955 55.02345976004148
18.275108370970262 11.62757790079354
45.146849360854006 53.04598248438974
9.581882773445273 41.45818629253763
15.883967324384972 67.47550293973217
25.930556406836615 91.21052692434446
85.83382768267778 84.47994501130836
43.03329461702783 18.032706000024625
53.04004680805108 21.152493357514345
80.11209756910178 71.12114456960997
88.47286543850608 86.58972119817648
4.61196955135843 16.02516040915811
12.087721739452139 42.32062724351402
95.03215696080738 6.63408524500102
53.29310182928197 33.75996018616101
24.62771884771748 95.93999525345498
2.9828816012590353 76.87106069818235
92.7486812872296 33.812850986313634
76.63341019947426 28.69932275906781
20.713165132307388 28.979982876513844
69.24373337284683 81.571073985582
22.491577474745505 20.291881927923328
49.14493348410023 71.39103316934265
71.03306612249109 84.26938535428916
34.23311886951941 21.524860689890723
72.82511401254106 24.506992837404695
83.22093903385182 57.28510409927352
1.3585278932546352 41.14719183141165
35.7303219654604 91.32545395360312
53.76588883164422 67.87253854655113
92.46755216807547 89.45321256772012
50.453957649417625 38.85624234165945
1.3062635141412038 27.214666120170715
26.12603265454121 84.91718251097797
57.99647477629413 89.63790297808494
93.56934317677505 22.698385597807615
57.64281355222087 55.19705525190282
28.039330281334294 38.845844792760566
61.73979188211176 64.5242801735315
88.8442226179609 70.74407044440304
36.519418271697 90.81743385833346
81.9680979218748 63.432379230360866
86.53226656307775 17.13190831998603
12.344325688963531 51.874675888339674
60.75981170359099 97.04093800337344
73.6641805411377 2.3016288654281736
39.236924514513994 74.69684565004047
83.00641046731234 18.36209220534668
10.615695070726616 83.97031654695823
27.81958179995021 81.2474202216249
26.587184105965456 83.88910125444266
71.7477494900668 23.7476384084194
2.530267452199242 14.213383499202582
20.97691781056321 19.625462610670084
43.00804571848686 23.185110418389286
71.63227858775318 59.98531691006159
15.60759405226353 76.09243472054948
5.767928281809498 54.66929940376115
8.839620267224957 64.78357102686812
28.937864203654694 3.2335769989118246
56.28308116590848 18.008749782270385
12.24350269785397 67.011114754781
13.859439745973944 63.20536786138751
74.95051856721318 83.83665186613274
88.6595790450786 89.21547208839537
30.284646539435744 42.33723663074767
92.623342174023 49.23145332678671
15.143943445744545 35.68689208835729
49.010656264880105 1.5132023580554765
10.032023443286132 49.708547618117024
43.49597359668114 96.83494800038221
56.30901481849073 21.422240783019973
11.607580462506961 56.63950719709605
6.974926595976094 73.06855543197541
52.19856662259501 18.345918045749542
99.24803779881455 3.116832751051146
27.167288325517667 22.32256008825089
25.89855911789467 69.86896379164685
7.602159368081862 22.212728521380676
72.98030288895782 36.55904014321638
18.50163076508713 43.96433380672964
51.61278306191881 38.773110776749455
70.22840421861929 9.33281858148911
35.47538567377917 98.87398048983577
95.75918568424451 40.002882095775384
86.88276197852436 26.299021843763292
2.4159926246229757 79.50820385935597
26.61752313146717 2.9041430267588098
90.38092833621909 14.31554654431466
23.200465412751182 2.658094195138294
97.4825981670836 12.9719486986138
84.10895469150357 48.73965365494779
23.44957743891909 91.79695446362423
76.95032603460447 38.95350960503292
4.271054628334481 9.160139040929227
56.28721475148177 96.38051593070304
74.89150616600355 76.58154802167248
47.39485429394543 50.671398349050655
34.05946974201686 65.74901974835119
82.04225797981364 64.07948011885358
82.56443529077617 33.860587251439746
11.379421825267944 97.47566916780424
80.76146885107708 23.359344688359542
40.96071351745814 58.010566927382136
42.893201352265244 43.56200229721905
90.0608509634587 96.7350426432439
12.718268773051156 67.29526280737387
36.49304156398303 40.462665009969534
48.22494358225748 74.27585194863352
72.0609657478817 48.9411186748949
63.5587496758641 32.5022116955868
49.607632952926586 62.28205585909976
87.89524351926138 15.268653303991254
43.737643413281816 81.25506281135519
9.884744380258926 31.738132191411307
63.93328269326197 49.085552089068905
31.926692062028984 81.08813723965189
22.366504872576478 26.312442005739435
23.714907212669733 2.9311990474688576
69.27110438637638 24.802908643802922
14.514874601007556 91.10036149173943
34.12180105477371 91.47894257160416
7.821784924217989 52.314591729291784
85.27606382809037 82.79142024849106
55.617098695801694 23.883684454329046
80.17156895114519 62.39893788030937
59.89070757678161 98.19770219978994
24.110208675394084 78.83973150243936
12.731273160295785 89.76095012885612
17.882934527350237 62.8306370674238
98.2722749295884 40.88654936220246
20.657563729908148 66.45234942486324
12.242381058110684 84.3110180920843
17.667033910248954 94.94306313821063
41.08834385252524 22.225143080157174
88.92863452185505 44.476827526548426
74.85021980540213 89.06084373903369
75.32451375622473 31.623507026719544
68.04090881612768 16.419054505424512
99.05991495332466 59.107688117945514
56.71349422819429 14.410285566070025
81.69195475950313 8.199516441737975
67.30894525567246 17.73241335898812
18.224757474405195 57.323459787268895
95.81822768756356 46.988249416003434
46.57036551111511 38.03312004230088
11.7627049740344 35.24050740303206
54.131807616020986 58.8313990085507
85.03343436503756 10.23517454141043
45.911495037527516 18.40895292930962
94.80664922257726 8.214778385449485
84.85761098999116 41.37063052525096
88.73125293992203 37.734507502255575
71.11708639838305 14.133658571769935
51.78237602267939 30.628804707185274
27.247097885811968 48.70228454680383
72.10137802508127 95.2486574548254
18.87789068947694 63.22517878945308
79.88701425868695 10.529960727472032
26.807623852490448 56.01206819152442
40.53146588827477 95.65182026488115
55.8743319809756 18.896197023123328
18.95735092517963 52.025747455937996
62.621716709582564 28.507560521851683
94.29884821068721 31.863724169004293
58.363565578006124 1.0029367805227007
39.2490810582212 36.254168838256696
66.80056104157146 84.50610695315896
11.381504833299694 64.79375493675602
64.20843820613872 84.30105121024533
43.405206699677066 65.37590421841273
23.5118870870912 39.14508281744069
75.9223058256981 2.260182284426371
42.4092343751729 12.156256669742916
65.05152751850277 32.535905063167306
92.367143330953 6.661260871841113
52.50154451588178 50.275264474298574
15.830281286759673 60.49183691869888
47.773954435733756 66.11360730882066
57.93906187807827 39.500290970573595
55.12310719767966 69.61595394569065
99.57462533515482 57.94477963466696
17.695906490110303 37.254189514820865
86.31045847246384 85.6520378943058
69.78902229098176 74.08454415961488
25.964611162563255 47.03063598079691
29.65579763092414 4.470352817929779
1.6526104201328495 78.95841013671767
79.0032970488605 45.18952213026306
1.6787483534729253 1.1622729951542787
60.9068050804908 43.404732377778664
84.74447471454036 9.75631442674969
45.432363674846 36.95299329532418
17.645553968284755 67.23046364038588
18.231252056496714 99.03040553424182
83.21831801548542 87.36267336186978
92.88412118524263 85.94109902005707
6.8986060353162015 42.923273467686855
91.23790450020014 56.51667542007897
26.757381316851347 59.83565688432606
51.856096473654276 22.312885566247374
93.77376672024967 27.826628788505083
56.439552902161935 21.937862348993598
99.1478027439172 89.86896932025248
24.324873361068413 54.62606177143265
21.199862372156918 12.0705946687226
7.217151351757822 3.508603544761124
78.004765247702 82.04349920786547
1.3092977871946854 35.64156471861892
80.7776376137533 64.17633389073679
78.30145747425217 0.5115535988450715
6.661468524334135 14.66226900904395
0.4092241921009876 31.461977643064152
9.669057125459556 20.05018902377347
67.71696297418863 75.44377561560185
33.453322953611966 3.388867262400219
59.27324131636264 85.20093444087354
75.7914173157876 30.365563131287644
4.199886931333197 25.535274739676094
27.8586172608005 64.24213988106631
74.73505347349906 93.37779143613336
71.61573721940667 33.327605499125056
20.016134505226944 23.59397206996272
17.265351239627847 76.12524306281946
71.83064168985436 15.642886909794296
22.880584442440632 61.057503524789404
18.37451482092034 9.352321179914691
96.08225563502839 39.11455139523174
5.172005511213884 96.31919002001568
83.96056216248486 65.37163720026871
9.242162832860256 77.36385433141326
46.40200309105644 43.61733473305718
11.144830756369405 91.65792887298332
26.4120670385392 21.624645130180966
23.320461768929192 26.980661118177206
75.96584953786343 24.650670022955403
99.37135334624583 39.33906982800699
54.79190384042016 2.4652965967676854
46.83004854958695 91.00327714616148
26.714322081228904 10.75358355320406
14.73559533315061 7.01257369355861
0.41247077448880454 45.034070076552844
27.026084711150112 36.793475394451214
27.167707423880906 37.55516145734432
58.295027467444015 22.299909108407956
10.916696189666286 29.003978848153757
66.36214190673596 82.40576435145712
72.34835663737269 43.07321076843999
71.43550603804056 46.304031310127684
26.349710934936965 33.952054955744295
58.57543708110076 47.8903826457793
27.172495458855963 60.358596539876274
0.4064645083982077 96.21604624318422
89.75025180739738 25.65949912223793
22.407403790649493 86.95566374234403
89.97565132797509 41.559917643532444
79.68153119103201 9.095976503907611
42.021591299918185 4.839015478583564
38.601068795757065 13.418412972145234
85.45642188607691 86.13817222518169
54.79295214826572 43.632280640866774
8.647998949136081 68.79904210140472
68.29069019984568 74.91532150692632
82.17040045108904 61.4356405510521
52.428631727117605 13.842622321158892
48.630807398152776 35.97284947481392
21.83122530868897 33.6999136599317
97.26728642250089 54.16810252383362
70.37046194659303 80.52146853297732
94.04664655612125 51.58090444212788
70.79762738939175 91.86626845125878
89.00179308117835 94.01706839677672
9.861443489924504 56.207751828464026
80.11936501901995 26.760335577444373
68.2770961396775 98.35278773704763
67.04546768610022 43.62085263055497
80.48139633658344 92.19809091542915
43.99944183707654 98.631447865189
47.5545620400774 36.141688211999615
64.58063593141104 2.5997564216689195
25.48990021188264 33.728565625123366
39.25243491152588 8.515203086701417
66.53080978403203 59.60169004114204
89.23228500346869 40.25863347830805
77.07635263954708 25.35547177559849
49.86149635543966 73.92626278414454
77.66229026253232 2.730801070105948
60.587817813009416 42.70985066501951
68.72967753311706 55.692920517750366
17.15719645056002 84.04822248263592
69.21773991670503 65.71417778833614
9.541597530924673 86.29730933249826
99.9109956026913 85.46767717707272
93.22441068556193 60.55322256939273
58.68887524879713 30.17132101028741
57.31860139365208 2.2138136243031514
42.066073466583 21.26535320482148
58.53263168741294 96.2880510047433
47.38134619258847 25.99351783639081
81.26294248355205 44.89263089824396
29.303186108467916 66.17800483330328
84.96980682574792 64.96609255631984
60.93562455133905 27.4396210066695
82.15941172654058 19.181257577968978
14.8544911215849 47.9697192942091
73.71308680167547 64.71543327063777
41.20138151559984 72.56801386279182
41.66920752040946 14.78529199197478
65.0324869297772 17.760009558316913
77.08560799428794 78.9118158217042
48.76210452732164 24.99534659699496
77.1919371604979 73.14431262370711
22.532759266542367 18.29072886098595
21.893527446178453 5.643761300739625
7.381572025799343 79.66318144305467
97.578194012716 38.65939431578565
96.10904917174724 17.315604366384065
40.537918837952056 59.943335462276394
24.348950309872407 19.11143789473142
63.26921637349656 71.27266875636363
38.60455807552532 40.708809452587815
95.41162806914085 69.16085794702747
78.33465435062735 22.52720494506013
76.02408908790159 29.627078378856076
7.241377497552337 98.53400894241973
67.84218265380663 99.88548926550082
49.46943232796166 80.42968691730819
54.912834581451285 30.094905900755364
12.42021520627581 74.67169736095612
31.9876487356604 85.46862279230498
97.73320292257364 91.76786291888396
20.849223940361018 40.726783106397235
82.12508481422745 32.43015065963346
82.07511853734356 38.25021104112949
53.47630595780206 80.77816942912716
64.16751286152432 62.54731479005833
68.64993321226889 61.2226247079656
17.344848398753943 27.398394287183603
35.98314648425627 71.36427277655149
24.87004958342869 93.64890041152798
17.479947852002375 52.905805530710715
93.66712965424256 33.44385774970966
68.60388958587629 40.379164385733304
83.63394961829114 72.58297276564167
53.9307595800123 59.47773524022193
63.65652832311739 30.94223959138891
48.875396098679545 85.51171603517732
53.917417559513666 31.5658193633245
71.04861916423468 67.58109587931618
5.32121147705138 46.11855852353839
36.14943262551129 97.81996993304874
7.039516002963109 88.96522822732145
4.6904142539090365 37.74587474687179
65.34161349249396 85.8087449704901
6.404600594825105 65.08876093952614
65.16089856567686 24.285542437951293
85.52402298081319 62.6532384951934
26.42241096909208 27.73952488279303
69.46635551220174 42.386524314140274
71.75672060629144 58.74635556748593
83.38239128629633 59.46425030575631
77.04520903974054 22.46617745282462
32.54216963623377 81.93094033858466
53.58315855140483 54.76283636729333
34.402055267359025 66.81143715311376
60.89078853171721 79.25224803035513
35.81364839066845 51.23726515789071
31.23045297914231 88.15064948277407
72.0985339881056 96.17265049482408
52.888057746854386 3.1548883038409192
4.56557306133214 9.559306131038415
0.0918325374215545 91.35305914732008
38.576502425744174 60.32619926477363
67.29402271414587 88.19207754090685
1.598115688955759 45.20590058432163
59.152042011558905 95.83507379196188
62.81534237561039 0.20851641062973325
46.64574314035603 15.889627230919046
55.38121860315466 63.05457910221441
35.428371967744866 19.191727293623686
65.58828408753669 84.33569116034786
63.975388493759326 39.40194637371217
95.04384443423952 17.22026961923129
27.729224909327897 61.07746184449634
50.967293289462035 4.248394398602318
48.99259533048108 38.246028989038436
64.03607476980015 51.24664790968707
72.95772316676752 22.109987004200992
55.78123228712797 1.8146284959189574
60.74870054217636 68.03218961026714
59.751967724861935 91.35088199226533
30.449133373287207 45.33750698315855
49.9724075259806 68.7504446563797
30.785901940921544 67.99827467826394
57.102202909838454 55.16964252652947
46.891855561269224 77.19421119690442
1.7908087675252427 72.14657817390366
87.354232084587 40.1441507576249
29.106178242569403 85.84326706730843
7.278569042663574 38.10566545282761
44.73334460370886 60.09981830680686
30.242591865573676 3.4946906324775595
77.92941868630308 23.5502723367087
4.323196178066091 65.97523452569702
5.706844159465807 22.977377559503196
0.18905978949543822 72.1779581362779
73.02310992934049 92.04108679605025
7.4715986506717735 47.02809550190787
60.24411911232943 23.26820463456012
33.73877319496022 31.33794975257551
51.41982089115078 3.774408581007882
25.3496499742514 3.544110473872908
41.14877155474925 53.39264489247944
62.09236931363864 14.68469588651866
18.82601775653012 18.85801087261254
75.94245887940076 0.3333012325394513
78.73418760838524 47.627581763532525
28.26108682104389 7.378012193123218
88.56995473499434 10.411968113402704
60.60183259153131 0.032839948055851664
98.58089856042389 61.167216403194956
94.80032520635756 90.34688312707657
11.42520244115417 35.28905331434762
62.149700447431734 36.98236834071717
11.870429323933362 86.37410378831221
82.22114600194371 58.27789185327019
47.151872272033344 1.0598826484542467
98.3298645956232 56.70058834494913
77.35229784148633 73.69199112220859
0.015367592979576017 88.36229296863114
51.65744033244894 3.2935569350356797
11.842023164753357 1.4243251749235686
54.797115454434554 80.88727432939532
1.9458347735674675 11.17805371538707
53.902224499542896 44.8271288987808
53.66217692920432 95.5423312297462
16.728655596329766 37.762045289367066
16.491172108364683 34.83345443820265
92.56865080656588 42.918437055125544
54.67745283139045 1.8386971200788915
34.00665252733277 40.46079081874561
20.9933678814733 82.08824706888325
12.500171994901365 21.939022559293075
10.180492002516072 68.08243831101717
55.245752853691 69.62572617814683
96.39577314190844 7.575283439889446
59.72065425837987 81.11935224432372
89.41873315123834 79.71114836311119
68.17847575344838 86.58278331491103
93.8472347719304 96.77782568790454
61.229644649188586 69.94851987247847
21.853599687736768 10.635376448122402
84.70977367189762 93.84117350653247
47.089976935026854 47.559798925699035
52.95921587116017 12.765455048920614
56.156531716760604 26.95593828045095
87.88115697298038 71.54726314904254
30.979147449807588 56.51339843696388
19.16542425169554 91.09848555519416
79.38996808425568 83.94643473630852
19.129219828111733 37.87660160010311
69.8214257111462 63.21624457557673
97.06500468801944 98.3840863742958
11.396176872022279 8.509702068046533
27.57581712934516 51.494641628015295
7.351576568200113 57.06803968119607
22.589815400309487 32.45523099219392
27.296107753241316 76.08284281381543
33.379610019482264 72.31470331239342
54.198901158687065 88.25654222475609
11.97695396087135 3.9090868402717582
96.71686072348137 56.920964331851344
36.62213936637264 6.037795601311835
15.670672715496448 72.71849719741536
38.93181428859789 64.4041457099345
66.22399939673875 50.586652896757414
18.29754994717925 47.212033728283174
90.78606088936854 35.99324741814145
93.10092172867374 76.44543378065664
4.350404350507597 89.2764993406718
3.6366492172865694 50.616311884210695
84.60790530623588 52.24812276486923
14.888087605171641 4.2120433812368185
71.85748977677223 78.71065924282267
1.025172893070181 95.71705451310586
38.82008340024219 82.00873510653344
37.12040281980218 64.436488789387
17.07869624195819 51.969692858779524
60.43789037832021 25.447290460258067
90.35600553499117 55.885439182690554
37.9489924217977 23.796498159951305
17.558132797444536 64.46651445124354
52.7583207912077 73.8431693015535
52.44734352882902 50.16489667011517
17.106286070787057 18.702988588602643
71.31775178109221 80.69194431312118
68.82984342580549 75.29537152179498
75.06263799171782 37.27656703640206
69.16887239249019 45.056109623978855
62.14965171558189 37.803684191092614
8.402163272534246 45.018194182663706
82.70086950234645 1.5829157578187703
6.920218172220816 58.20927733184347
24.15234928010459 98.62227181316182
1.4923295278151283 22.312419647433977
49.96235375129559 39.749356745047116
31.25032351072128 90.30182479169481
38.060632147900364 96.23553835291577
89.11179664473319 82.73882020806754
59.912897589938765 12.89634304981453
6.712690818622735 96.7917228524465
32.550197713444184 53.3743095433703
24.484945154810745 97.42953703905395
20.669087637249596 28.503358667872703
20.51686402732016 39.53907556403442
11.08732995354278 72.32600444892753
99.57043128321573 30.404009911742435
45.18009578598723 35.61720376321047
31.123675788897675 94.02231551895741
35.110918460443784 36.792685706587605
86.90345743386334 96.5363808064978
15.86596021805784 62.467951411802126
64.76528594052799 36.60082243336063
75.15781057820251 50.69548042314669
46.40178424270918 44.01381435284777
85.25299435539526 9.962988247609307
47.30389513329012 88.71442166452613
35.440179865761515 88.34316467710408
8.228817333081295 90.36536535709476
6.061353502411482 79.90363164744885
86.98924812987579 27.39243681583543
10.689790980734992 46.860632467802255
91.71277166346827 32.92678351237968
85.5587414923142 80.92068952529918
35.809635571325124 34.563394027210315
85.81504239291944 40.87688165204699
53.775482944124086 76.52731543608051
82.78137514781396 65.06125406964102
88.03199259276214 73.36791992957292
55.592433007230824 95.40452622178834
59.215862781117835 90.86951120780378
69.19660907788997 62.94851130855677
5.354999409198613 64.03258378159408
58.62229181065675 70.9853748440503
0.5195880795028085 90.02730903648977
2.5964732888045905 93.87413809372931
47.137248867322356 32.10515327348171
83.43248123761471 27.94974271514077
58.05203628778936 3.068521428195936
49.57973328564638 19.313832161874235
81.0002803938058 11.008139780831328
85.97753280295726 15.157737259404659
9.615785677206844 91.14341192663255
40.47635458910322 69.49920355394381
87.39510353666495 68.61013861869303
31.48307536159727 4.531059607532573
63.635213126626965 89.4416490010997
23.421893340205237 1.6108437323191893
89.2108775312134 29.035395283228826
16.37922958228859 1.4181014085057786
88.3477007016714 39.05626793345218
62.56772376314841 52.031718503343185
19.687187612779233 97.1328900489954
70.94420202316678 6.545932700812895
4.849625954897729 9.171406103809066
0.34552767998994316 16.084503145503824
37.534196185743184 99.198004023891
53.65088455321525 42.27672490012322
92.33379567280109 44.83596634035531
5.250082300303949 89.58159164000081
69.29520354503549 36.202328238098744
87.7960324152908 86.46462349892965
14.402697627513872 9.165344911874973
96.21798111602435 16.83635243388708
