900
1 3
58.27732891821837 63.15224598939595
62.71590027555847 70.94614812701934
48.19752540095599 57.6712988347124
5.833654173734537 11.798092923839508
59.144709322522985 44.15404722101781
13.70632354803558 84.08472883868463
69.82292403388257 64.75632795248258
34.14692678794571 90.0934696089842
38.328313036776215 76.16445586912626
93.71924478782843 6.715296452330399
8.32020808337619 51.70766732631542
40.072483652008415 96.23087011372775
5.908601296707627 57.034534283950336
31.8477356008926 67.38125330237801
35.16012770283243 16.37630582266989
60.326755814879206 60.34412602336274
67.79359941163186 44.750475902104014
46.977265212155594 38.649821884112434
32.86914653503472 17.144177340105383
89.61650637942928 15.171236908267538
1.3277994322936637 3.0755426944814923
33.006631302800415 82.71224896655764
91.78105692741323 72.2261032810898
78.29554180555836 7.8479711395421425
27.183621188268823 14.964931188140106
85.637360004424 87.77692814200353
50.463691454618996 8.375820711772185
17.03794149531792 38.10560360836737
0.7332737175209658 96.71842129201255
88.74860870290198 81.15446473341996
38.75134054102543 74.63873523919293
94.1965839853089 97.82919296452275
6.3199238789342305 82.2117859892856
39.43908424049505 43.08278572890134
15.42946935978986 85.94462464173391
51.01035809955372 75.01492610605125
50.41838121803388 77.72778612761672
50.69211883131286 50.18144360079675
99.75644643122425 76.58275140644928
97.29847335119331 6.35816443870949
4.359352003834749 33.35266719546179
61.91635547969847 21.138228664570914
51.213365180708756 21.775583611176174
92.40956476491091 6.508190398735203
39.48930982992969 55.75246133442964
28.983299567629174 92.5595508754643
25.77972375953612 1.436163616083741
27.41469941636212 84.60834193953922
17.342732530133766 40.29094832101605
61.27637247028148 65.02607684190326
15.631072567812133 53.304399379421085
10.424738227338736 79.33216466386344
51.61775230718055 74.69427136099698
66.53529628919841 89.21578381693047
39.05928207877709 85.3472084140034
85.87524340499255 31.146186014834498
30.189096128114734 97.3511171120088
97.60218174658222 29.52739950170711
20.144611341711194 74.35086558663757
70.51443578075147 88.7307898571716
56.51509542672073 92.11554067347589
85.34253268035614 6.844015779481438
39.94737726247277 23.72364744478157
8.678517706881617 13.978998870506732
46.57585340445589 31.969903619199425
61.016194503901346 36.63662580428206
3.3900199611663018 82.21617046747171
79.23655882727275 34.96720503540518
47.330837524547405 37.0094559351795
59.14381621075056 4.7234713114500115
2.897664838860803 28.38749187220826
42.31358477431002 34.435416510106556
30.93466677292591 3.6670779942716836
39.095674132556745 53.72073290166763
92.29981071853202 15.44979075935915
35.101144947455424 94.19705915881738
47.07756286785203 62.17910736351182
45.606043943553296 96.88604381770504
72.49070306327442 75.66144237444266
46.502604916079605 62.076371141402056
15.270491037747957 99.87011225823576
30.872789937140887 19.699405735871856
2.4092347264403458 87.33143066861793
81.39127426117699 43.484804336064386
30.975771317281175 87.16382218971302
2.0396240917595287 74.31883537380361
2.474703401802447 26.757597381979803
55.83727469572979 33.755756970424834
27.11705643465252 41.18483451329189
75.23394596484432 73.59119958494252
54.67800163575072 55.67809503921672
8.0613810114307 70.15331318535614
82.603860131668 0.7961096208921381
82.39163760114252 50.78048091735634
3.9362066866792444 1.922076836390274
82.83191579654235 45.665047584444984
55.53318184160327 99.02282973194987
95.16655720959635 99.498935045891
49.53889494814479 25.25416630070836
18.38423344696045 93.46187065083396
25.609740914933845 63.264655199947214
21.913333802867683 86.70800536117305
51.106370797181725 22.259950170579735
28.620880129308812 92.6276959243381
61.568585506277216 52.496693594165535
42.41947505634342 11.119130757610662
63.13416395832916 86.12572871237023
83.1589882188883 97.30344780681881
65.3518177741265 78.62061790589985
56.730165941466204 90.64878326444013
64.91299368179506 59.0849668593173
98.14897147040287 30.925684292945334
80.41971340746056 81.2301926441928
51.132482051764086 51.244762256264885
57.17518311305858 10.749611650815893
50.1170007337262 58.23207615607093
81.0588945433703 65.58626007997943
67.8537815601522 80.75501794099739
52.93220154171616 56.97824613838958
1.7844648079327508 17.50180973653419
59.99709788207408 18.37470043427214
34.32179382184939 84.21216174184099
70.77475525226208 14.955389063835645
97.34819237131185 11.317321309179395
96.38369776955355 66.86594701381597
86.79822759178606 72.51302584060817
56.44663392811595 50.9200385007091
92.3231888279802 0.4530220419736386
79.0770910735275 45.25015900663006
26.67342403560862 82.16133214028724
45.95172363392006 12.33165436784709
43.233038172142166 28.548497923585092
13.113256429418097 82.80142043786967
62.75928628861407 27.544447829604234
45.50996029262993 15.104706102629306
93.04061914965816 73.00525988085941
53.95666550128446 35.07572134086796
51.12667232630661 82.76953388712028
16.123403380075317 13.53470257466034
53.25486945727358 58.58441049051564
8.789301381208725 35.42024569219764
22.08536882545953 49.227089270420876
27.991574307069843 69.84889814298919
99.41698818076314 12.875526021060924
42.682223926306136 12.897053031290607
91.43443839002101 54.95984865656194
88.99239886889767 9.435308302064671
88.9695946592823 39.65302405880986
48.214946064011286 40.50669950312182
29.066389814768034 85.90640161909108
90.19947673461482 59.07732117988742
70.58019469656622 9.537744900952404
18.505080684213393 33.40551570897725
35.00039183910286 98.89730590446011
27.523642219975166 51.36701648207713
36.17780307382634 32.30206049878204
69.27649260730115 31.74670836219109
67.66807436427158 0.9727624264269652
78.3722634585233 79.36812395682833
87.83545762900727 81.09279346532554
99.0757673251811 2.3237688170491877
75.45499901063808 49.684970535496234
0.9157873534279215 13.927965833921728
18.19673117784424 89.83838030781202
34.4461467169902 41.92993557758553
38.6438575834299 75.35761843443353
18.821041997578835 44.052463728430766
98.98063887886386 58.317320250639646
56.04660473593637 33.1847792830491
46.746262235838685 59.90431379747274
31.223964217323473 19.221535828463775
95.93273797263598 21.306285744822894
41.421999125536544 76.45265046237073
54.05156792160608 65.3410166415882
22.153040281440273 87.72031145384882
44.261983738089185 73.79684228374776
5.129072531983336 90.73360186831903
91.38030707541087 95.11622504585043
38.04090278562673 45.93463992156548
59.519626487777266 49.443260492011554
32.757798376322064 74.67494611579441
58.59250852783222 0.4827158962346756
11.99362393062906 37.43601539719115
89.36206295793816 91.53052576179898
55.069563609767094 4.888945562157887
71.00471576424823 78.04470865568392
0.9211343404558425 94.74647209576088
2.3584458560748978 5.910308631578487
23.985488652050257 59.109887852218954
39.058627964472834 62.94256906462614
52.4262558866349 91.4887609260485
88.74474419184028 51.63909845068062
71.30150593755089 0.057805867316851334
49.1119103200915 29.21811341295648
25.054814938845116 15.843927252166147
21.209784669988153 11.106535655430871
50.32229540830156 86.34204833017911
29.269134645502227 43.98221684591914
15.134369210279019 59.900058307914826
65.4817024676723 4.36150706231373
70.73926963532683 60.48431348994796
2.175278131933389 48.110186862958784
74.52222544426463 6.105259853164746
68.67588679739163 87.34247033911483
80.38371880426665 9.191269496610444
44.19243428009136 78.29197443599236
3.8255191100322383 97.69782625257997
0.7661179549474539 48.96433129759878
67.03413748078893 48.49741134639929
57.949823662326324 11.126576667867848
76.41020352468712 59.02764095392996
66.64729768682696 33.93960526333877
40.4253773988452 47.81806773688009
62.60914078178617 79.90273724123824
25.133144396331275 58.07885069601444
75.52347460394688 59.37495271681228
92.9540939889146 23.73049667678824
12.553450614369899 60.282830400183585
29.34897654163098 61.99847926328965
87.14953921430282 58.29096088621364
48.93941217584163 57.650309312647295
29.670235255442833 24.004348131573327
6.615600149713807 1.2088152651385409
20.280864785537787 28.682339070314455
35.50302957517402 35.2085888604164
98.42627657533262 4.878957746084112
16.75188931200564 53.301879427820076
50.18442753175903 58.70515421523375
82.38360629855579 11.967894350303009
57.369894216093954 24.53020994861552
70.01581401798478 75.75962768889943
34.784743148002285 22.183042592937774
6.4584249849719555 16.99428449612239
57.12590046432604 59.36152660207625
49.822364997979605 10.731647263800802
1.9504013566934653 13.535294706534739
6.199536761382274 88.53237325231582
7.761555344012261 44.345932650664736
12.116137244001068 45.79821036202358
87.53340741601656 50.08759714745226
25.67609989298665 78.68051912766315
92.75093594862884 2.0343456086399314
70.13356627922913 34.51162337441218
66.599794259918 13.72510461903298
15.894915951467237 32.067706701270815
98.81842456831089 98.72629725667356
29.106525301913088 17.700188371814995
55.29024344199021 90.08626873482231
24.595598100632653 86.2387598130121
40.202796743772694 14.01255751467776
27.493877948743073 45.72832607450494
42.54197737614134 51.65555259547687
18.450089314365513 26.08477847246904
96.93825770387063 5.182220205535337
62.36381419798916 78.45424973471316
35.39174975033077 76.79379627485577
4.786160469519851 47.507688423092276
62.192543299457604 42.860673861665056
80.26868649172967 62.18009857737374
61.250987103286334 49.865203392186565
6.327262073390916 34.167689280623634
58.6440920008104 4.6301305504574675
98.43859254223568 46.56815113116129
7.698464651397052 67.27391699175894
25.351362199188856 81.42202069894778
31.149779659291575 57.68221447688005
26.468372059395474 22.635584535270613
49.066848247675175 35.265660458545824
88.94154225290312 55.34690178408545
89.57052576489946 84.34374036297821
14.116666584936844 74.96507321960237
33.83895781951367 57.41994897491898
64.62403040610391 59.551283663765496
27.851963098167886 44.12777862146762
23.99741924342895 21.384524882050048
38.682478987944656 29.97418720362237
9.315321581954962 0.07627910144196726
9.913795754178967 50.4187746486753
63.04984916052949 50.66193288073131
5.176223732653984 73.19491519215389
81.8577000928218 38.43500365933319
6.507376455833591 53.92539375474759
38.284797654705784 60.59953662646793
49.347230922408556 36.35097982149009
50.29398054284599 35.864770960265545
47.0298274149024 62.32077416447428
11.412674830783121 18.364229847423495
64.83655653196911 91.28008591743692
99.76090867738341 58.07989197436103
98.65928578642216 15.90779245368006
3.733347563435574 24.39247525812409
11.771066478360282 81.08377037106149
95.43644412566623 42.138352813699484
32.85874545232195 19.261745538775045
96.61184529567251 81.75265764109263
1.9626214244326867 53.476703762866016
41.38774722827907 9.259337477398667
94.9071343127071 51.58817865129024
15.297040630854596 55.43768230523858
98.93287621214799 85.1277546594784
26.414188103943292 9.951451332845917
51.02746177206259 29.702236703302432
95.011942681601 21.49420765650387
45.642454728125784 42.03565068951498
34.32984001031774 0.025243282245956955
57.16221698720019 77.32346964498159
10.078891311070226 65.35648171830401
67.40796262329725 73.12351761873221
74.29384847259834 84.68351902374131
90.70494549128276 70.3535398007807
68.7228020416278 51.63597256807111
54.107411708753816 75.34425894989518
93.08744352061066 10.157775011830484
82.31030969615318 10.231011062589568
6.250518902029656 54.19509042809607
99.21373564525717 6.8614545434458885
8.484835717989414 88.5472896033628
35.99859204910361 69.83621567133271
31.002510268302363 73.18661321239912
7.773263993191248 26.28254070901712
25.420454128205993 50.59855320868294
58.00733547387333 17.5460824193687
41.90813710136043 61.69840249311751
43.87201844638149 53.421042343382005
18.45888388732988 22.565524847991103
76.81436861884788 53.0784668818667
48.753161959446075 34.29258113367724
20.51778200998511 84.05956048083512
37.27174571257918 8.515803962466162
70.22662680480423 66.62089550424173
2.4747237109765674 32.55391720538672
31.407211211199026 98.8421550084944
73.81684198968617 63.00889298755761
91.93334398033706 85.27639033386826
75.09187441555123 91.29585199715126
66.62038062145068 20.889593630635005
49.15485360968821 52.86637519095913
95.30946914243114 40.36876623219152
45.55554785129776 68.99373256911797
18.877336476958263 58.04581897057981
71.94330728574225 92.69680207376432
23.445227360764044 10.867735553928505
68.24826457413222 67.06566833093106
55.11939517632205 26.5616399497951
97.29405364606146 69.4490109530649
74.2665306625307 44.08406920773742
34.404548445025604 68.0137385945392
64.24284390451088 93.94496526381653
88.60558916449665 82.38019193100847
49.46111235258213 43.600682599017574
84.19964244885982 62.10017532766023
10.536309497977904 55.37573562123433
90.72986524921569 79.34531444905784
15.737665733962135 31.03583907640477
70.07142488472996 65.42124025666149
56.62665722497502 31.19495860428565
71.4579941258988 47.271495983302955
11.645522851437162 73.59185550422136
46.06237678754346 52.83537631366708
69.53391836600305 67.38608427101862
63.18515595105083 60.67076929624542
25.94170329065122 43.1767757496966
5.6874379948181675 41.06290080820494
39.65914884416475 82.83700930958469
99.1069331675772 43.63773790316545
99.9255329598354 87.98198599068516
15.019506387678128 69.7395795711613
78.49748016187273 89.10641869180664
39.275272086644094 63.61234292294877
39.04084997129789 56.97943662789964
1.819995924125295 92.20015209168591
57.10425867258835 73.0212012385697
19.67296954222817 26.6508355763867
41.593390377234485 4.325084958578351
60.51786018121135 90.28074233712783
64.75098229233029 4.780898460485972
53.56885354838772 49.0608966768429
75.5080447692668 55.395626501109916
8.498990981552401 70.88236589399544
73.58791150077894 85.83203267457313
88.1307016884419 36.757831814697205
63.26184781653892 97.81858755851924
72.03114366656851 66.84598641030782
92.70890271593555 7.917464733043267
71.61458878177515 16.955625986412116
92.60264931242833 72.09389048534207
72.34205946165444 70.97252111216417
6.760504371335996 51.0587386916024
92.02737783790297 36.22749305299351
60.50833112350396 57.7292295091185
38.91401377718169 55.14669307424362
50.356052251602826 6.3220977251579935
40.771066357582676 1.4364668142059722
91.33377323729657 57.09155693295145
88.73869638097823 6.65408810702266
5.080414027013047 14.182847682169196
26.673639554930027 20.484524850968945
82.53545053784703 56.78258299102159
35.16810138552016 32.201999658947436
56.32010207795801 44.04697682166816
0.4433055188183932 63.01603283750639
8.898926739743684 28.1280472683179
26.264028286872087 31.83424410832081
69.10623886092023 40.49351550513796
5.734861597827412 57.42028989597267
59.777524852915406 54.044114215419704
70.47044968180309 73.09983821378307
61.44487622951254 73.39285124877762
92.57237968631019 99.08252204040673
82.78098880671642 58.655653261676036
16.91402613618649 57.81175469551232
30.58074413761791 51.93228802033134
55.329453792637274 72.84081357599929
68.79801513372578 14.259765478219677
60.3448662050847 71.05347279225957
38.5698857447045 71.49990102719568
20.626614388454144 92.93234352302724
87.58954113452984 26.283076606033283
73.53667802412846 18.956348333673702
88.61818776553446 64.14268946805927
32.5579029721891 14.407612582539976
15.497257474654536 91.528973968915
32.343400229349385 99.78682925833253
91.11144677302758 19.66481784338172
45.40841133247084 69.36246399608983
76.10003354655632 53.543169238807195
70.89585431009327 72.04112442300914
22.519786065107873 89.18591876262012
52.310513622973055 54.21418544308501
34.09884479944729 78.60151911475006
89.79107501331518 75.29229400471723
46.61422132437008 38.288354406318305
93.55492318868464 57.51073784785643
44.076137329694085 81.69084289650151
45.75963868091861 58.48240609927651
7.948025701487382 61.59250084087105
15.506863185950026 54.79535751120337
22.425866236129522 30.77165833605573
28.511191005293668 56.79651302926067
72.53302173426826 80.51655708288597
9.457137213245591 55.08136878014365
77.92433043943012 29.705828439974713
94.11319809751369 58.904982661072424
93.25977285208889 18.880420109035036
46.65850485189906 80.53693044715011
18.53895874851732 56.759626439128574
44.46394772509801 30.981161614778905
50.15984552269723 56.96966071520355
55.03799038663346 24.03531850127829
14.385840755755353 78.22018048302326
14.480387845007737 62.56310812287666
24.443042487729283 59.21677496452098
55.302119201668475 38.42846965366271
90.88345081854163 99.25262753279249
85.97120214431253 71.12475263495308
10.613071041452038 80.53894357339777
93.64537685999301 87.78943665497818
31.604021651875858 19.764908674250293
98.09114046869325 35.23139004214955
59.8322989470208 95.93831788393
35.28708398231763 86.57634422714192
21.46577868876225 63.26861424912988
99.68673581367493 93.76940914500118
51.98038994954675 20.501210655425183
58.60507833190229 97.77018557895398
52.89597347186044 26.203671034663035
32.605978248013145 85.83891487633196
54.692399360648004 75.97508514752332
21.100580410004998 20.73945017484786
97.64211467681501 63.509800058403385
4.668673795358003 79.2480406241471
63.57348624992858 20.637822005249397
73.7698758645889 86.61183240842946
42.48335427937868 40.76006983278333
69.46674791827931 50.20358633087445
3.4912962496162825 26.00689610213136
71.1290361333369 40.70591763382134
64.06083144854853 70.32691078279325
64.01353344002759 80.16729175971066
6.3973687271591695 20.45853317537545
44.6685099494647 8.283889879357819
76.25515648133083 36.8200054129407
31.18498724185916 21.905169483402375
55.23760580888624 56.353806040288326
85.40711712968437 1.5235123153009011
90.22076473362692 69.43646884078272
13.75214682059076 55.847084952796
51.58552969943131 42.76771050099308
1.40185187814863 66.0827912685318
85.3297731923112 7.882579039440607
36.764693569526855 38.63765838899831
46.47327752447721 61.73184344808475
69.93408415459035 60.79501503185858
82.88405173194617 52.350977191157554
32.56863473752423 39.62709466670513
66.10499269508323 58.443135580248786
60.57237712332966 12.7409933523295
91.57096928438769 67.8250928262719
76.75328942630077 52.559335418858
51.57476225967377 40.95863629430523
61.115320178131746 78.15479899874629
11.153051170915695 72.43293800367505
39.302680876027 20.697912451709378
26.991281563627023 60.86455174140131
57.894255380404246 1.0752268443561919
32.19912473617992 64.3638990419682
88.60116066150337 8.216484003284052
83.90208073293586 84.38105959730322
76.25460122817532 55.72849495074552
39.01629354554261 87.58751508148295
53.10146378232741 45.267025689983555
93.17631902169086 38.768691806062265
51.80665660327617 13.594396966656719
27.408246675958047 39.99917980378622
42.27168018541878 72.04520519455495
45.3353262077008 80.30932688606597
36.542802738535784 85.68244138429641
76.95930088404765 21.96277761543164
30.669505482294056 32.011552723512835
60.163601956844694 45.8135138083801
38.486004362805026 89.292468475586
41.46246338414188 67.5559867539257
71.14223682013434 56.07032094302864
52.677049418851475 91.74891428283378
25.80924828795057 93.5387465102932
3.331881197391673 95.53222442043501
16.29970774542009 65.83398958707825
27.834843884392303 78.53915412997611
60.67155563181983 55.71162177297664
16.556913011349227 14.953445958145672
62.862153676102 93.14318611479206
80.9931728004894 54.1168553731947
61.901011206806956 99.81070865832731
72.44004525742129 36.85694073707862
89.1298379394138 67.07446890245743
47.34002619352984 95.55796474575133
54.25498048335293 30.149985867190022
59.94161219698366 59.32802594773392
24.536270738869526 64.57390097764105
51.87154310193585 96.07544505935262
3.356353813716395 26.11750251349749
76.7898062482517 74.76615746321265
77.07610406575766 69.34165817710152
67.03605126542165 67.47949689870754
47.30250712025739 39.24958112629546
82.55410698353418 79.26652115118044
85.80571844791456 99.09523511360258
29.27761041089574 64.86940131099017
76.89143094043224 32.27782229436143
36.968715812532096 41.035863592578956
73.17548616007939 69.6135223059684
69.36296233335975 10.082108213536433
1.3820207670632634 72.06834106017578
99.95686008219793 57.397540865496666
94.80899897726829 94.26604910996772
80.65289603030944 74.5346607959355
33.39520976715777 87.24582734658675
65.45969658123663 44.89811265803603
14.785168150962447 94.59281006816158
97.27858535452356 24.02036334891069
81.18238832116869 88.70386683827634
68.29853040067854 21.51700245171324
48.877806687434045 87.39249149725434
24.097572478238693 96.6448518534859
57.61451172292615 83.40258653273726
63.509102879227754 6.586653167280843
56.64506407118195 73.20947573891637
60.81015140186072 50.02307736737173
6.726428415912866 27.02523864349544
71.52236691580931 5.652292059792052
66.02271182979884 42.069223955107795
4.390133902670845 90.252469068106
95.0936527264141 46.03279361438235
26.95121631282362 66.87078915342524
21.676795159354167 48.381517332821765
66.97038903452908 61.43459893810361
23.859882425456846 21.598313377733657
85.8848708121787 60.76703202960574
49.68262077117953 54.54339837966924
90.42848667116532 87.27444643288894
15.807129146488673 48.41700574440744
68.01767006183933 84.94973611060475
8.409108448326785 66.95108771473275
54.66498004047751 30.224266834951187
55.39315030182925 69.06915044391629
42.685842655538366 32.391207585494584
36.86794389010322 56.20704663529321
40.092695610275264 55.35266917412196
47.61718357089988 99.4997631666109
69.95295893539375 24.310473909912123
19.424492438287878 4.400025150319564
93.3078396711586 50.4042636824376
41.465264838988006 65.74070223466506
6.344650164763732 60.128263036545924
17.88986531428518 85.77422481235793
47.04772749388542 81.43665149933041
33.796975896741465 61.719087955678866
93.85637710655736 33.7503427986291
57.276730950983975 69.41641168299422
74.4479340923558 56.310587981298646
55.85881260534107 93.72306739882721
61.897754226200476 33.485831912604766
30.975359447265216 53.503540511905555
54.86001847908546 73.05359689946096
26.806210865528257 73.28117419426839
94.319209411336 57.82769266287651
85.48601641268694 83.60026420055684
66.80715852488362 11.357251161456983
13.070686779290419 19.27186770544651
91.78393532555629 61.5602498211739
16.494988761820405 14.517966632553136
81.50905361759399 51.9606652215139
63.951080490068904 97.33420223957832
40.8070415168164 98.74279366511882
80.64050107893415 98.52869768107256
66.10892307961764 56.745408922581575
15.675361512045427 72.79072274134393
27.212766958916234 54.834017637731705
3.566476440199917 40.716523604662584
23.450968309533636 45.804850235682125
78.18700446108835 77.685605828326
93.50525617941463 31.588803535873254
48.1405138537067 29.758464420766572
65.19708586017256 69.93253045799248
34.20944829851216 89.95125006346439
34.37746758468305 38.41097996034553
38.18544006692435 20.266402116993
15.138735289955175 26.136554362314858
67.28312233269016 23.582005172388154
60.334389643377875 66.86509661516584
21.125346316250937 53.5009171955126
56.38233597936115 47.74973929050985
7.280490695906727 89.61419818164462
92.5682909483657 31.34407935488943
85.31901571028095 18.856011613870894
86.30296838407246 94.6521646159923
18.965897288989098 61.44379653867589
42.06058273160986 7.662592383580558
64.6762323967779 6.8479010419873365
42.26691827144271 80.3944173008909
26.49699129417622 89.29021743432895
92.46423503798586 88.10902295923965
84.59593371450124 46.324602217764244
47.74474971056615 56.0471141940768
10.459749423871889 15.719655315474569
25.833967100657418 19.360288785794168
33.68915416531011 74.73380941651749
92.11665758541659 71.72641187342307
3.7968466671348233 11.452065770808616
7.502173935350154 60.14202391708974
65.21155524335691 25.979551115561648
98.36975506315801 9.612898195510656
74.4591802453713 93.77571332174377
4.124944728297963 24.751226832377917
9.876691495532164 52.30915729445953
76.44350285323995 38.340374201875505
67.41796841250915 74.44985197314638
18.960315162509378 13.436062895260982
33.79387439920245 3.980158397866984
17.49401411859686 18.03075965766294
2.1565297091680424 86.06171230633922
86.32236881672273 13.161763524980685
30.115498778129624 39.65194033840462
62.17604856609411 63.08985522401726
67.61624350346341 13.8734245466277
31.68004905271149 83.96240532952042
64.47582623216246 6.754608425335684
18.610187429430102 71.30206536478492
86.20302542464917 91.82489684493444
8.970644415145145 64.95516322179435
93.86713179042185 52.21031207774873
80.15617495522305 13.79018370908458
42.715746823045954 82.0632539317556
22.25071488370407 60.740684693029735
21.648579128192512 44.189758090578366
24.155447523792795 0.7870196689127917
79.8951365966911 50.32154568335167
45.90472755678163 56.204149509102905
0.6106348129464978 24.462388853140695
59.41487372257181 24.008631102384204
31.870986956222968 42.61254888501076
61.28236703731669 36.47811965096568
5.479370748992474 6.1789845141920985
86.289823472528 63.81300853690173
7.131054071306719 63.681887973639604
1.5160718026856923 22.448987702600466
89.48614396482874 39.23700382351858
42.06315818688413 16.307336974759966
83.3669479284376 49.05148202593388
35.994294651482896 44.20740047605803
47.80212983986052 45.59233670472549
93.5266498908319 16.70986066733102
34.90508268906738 81.24606411765696
17.600884275410156 76.86916958163093
49.73170695705831 48.50150300463194
7.848151635024037 14.594999067908688
40.430637237513345 30.50363844859154
37.07854280097669 97.53752722973282
4.339300750252284 68.14001485658743
91.40780376458699 45.47511459559648
12.761254091773244 96.9735306558692
55.54486742131273 26.371373421202637
40.83428877609274 9.987751713021531
57.13537575723795 99.84449773127055
59.71784839877925 49.479637173057746
61.88288134593716 18.0235105138115
54.43593029121676 22.9872592769782
29.145347285202106 72.8702128764201
10.976615150931245 51.34773624579285
91.92632199959394 11.238428650660293
27.74939128337479 69.40423371916633
2.277424288621166 37.67628092505546
37.38411652685987 61.26861653732949
37.69790047108166 51.19959280720088
84.36978989869452 36.852499133129356
89.7455618849099 20.44210748746771
42.463432333799524 85.01926215537488
78.22404144687627 32.386185354581
57.00725792663634 77.98995772012782
37.37145641561603 39.8627452028544
88.62762539476456 81.5886571325699
78.88715106075477 18.20075112676365
55.83046441886368 99.13391563732455
51.327035245891 19.486547561386214
91.33790741522596 38.52109645475481
63.02105231723702 39.1048918881973
85.76991471576194 48.94298452030943
87.19449687263389 18.51373742886162
37.75621326100935 76.66990266100653
22.107604210435163 13.832168921068732
27.123304507627722 66.02825160788038
36.42330986510214 77.33867235923748
23.118856248297035 70.68277408287035
73.06110175232499 54.467432015778705
62.04775566344465 4.905533067237355
65.8799425390602 35.92173784461803
40.738329999402836 56.550491201624055
44.91788658106097 76.00228428323138
52.30975911537736 9.125747570314658
59.39127680868135 97.2846893156804
9.120573815747356 9.281795451221985
16.274610784716835 3.056104241003066
71.21631494887879 87.7140838497102
60.3632977647097 5.823254539504785
33.7476970616196 4.507774598653991
8.025060775666804 50.47295016956539
74.52582504554893 5.207147864115824
69.07144822330586 69.09318732857666
61.26530616967687 81.37441844684767
38.58601035210187 91.75127364393609
61.38280713461599 9.109601433689818
81.82039969828989 32.565516512598336
82.80264070158158 30.44146354852999
21.530048306939232 35.13887300359264
80.11293112667236 93.63103223166975
16.350890721655674 40.23247799653085
46.98820587545307 37.810371475989626
3.6889823905733365 10.682684818966326
32.637544315742 48.29466093716918
17.519133574590406 5.780609238039824
6.877997911870559 8.108414247453343
68.45384036835125 95.55175970381144
83.07337310058307 33.35919279778652
95.97747022717817 73.02988020461055
8.175561048327173 12.159910898839899
3.8311965210723775 21.36908402345401
18.853466376703953 74.6679061330388
0.8450230972633532 21.486088690894277
24.50612526271452 95.25770637890811
2.8931823380334842 16.83411905174479
98.32220945665088 72.82854541182522
66.66538048671933 86.31481528247389
94.21309615328278 37.05586353719019
12.642398454421189 17.090521375360602
69.65509458899426 62.74487614011741
24.549864364227236 38.35098084581148
54.749784242362985 12.583627704372713
3.717370298889544 71.18675284028863
10.535885225452102 13.260668728392089
90.19667522777588 68.43052225612465
68.12492484031904 47.40375806190749
91.47524041957038 43.32998384616178
10.495759039404984 43.16352784048287
29.120411795763857 49.00169960302152
71.25227284688978 73.40477300182388
59.43059315404242 28.46676805725803
72.40412247993685 61.52863461675962
23.268942046793974 75.3801494167166
84.45460680568029 24.387726566717127
57.9340569210103 13.153769389171078
6.5739941398857304 32.405108364999876
44.66250726209557 21.52043652480755
75.66668003879431 42.914889169899894
40.73170752218096 32.23229663393625
22.984284202662543 81.99610070946078
46.64734177552565 97.55743208810577
83.57703619267983 73.066703615361
4.528701175487915 61.11933813710404
85.06062131090843 52.29866244191213
8.509295668235684 76.27142505392217
41.15279374698131 53.88835950478557
54.538759987317206 68.75532015555899
99.03666194718146 63.026162819204124
71.41627670042976 44.06967752534345
29.401758469095384 62.984815797276504
86.82896749628274 8.787127530353356
85.14667725684546 14.916620383529033
58.80273389199531 91.67684419285035
75.44573463938922 4.601679354959254
71.2223450455552 4.992361608083962
92.86012546153756 69.17509150898182
33.80987350179334 87.92083341204433
19.101482127518942 69.82519439468784
88.82795505283005 4.898467992643707
81.80557683873653 84.74383694499674
39.953057503557666 27.16951157197296
12.85748541721139 66.00915865034733
87.95180664386137 59.00920878566745
39.1817453441373 99.60454055990131
65.33375309231857 0.5672049216736363
13.100610130958113 84.51944424757454
10.215859490729716 25.3436970231931
37.207956685264534 99.49371365604091
97.93750489831751 83.15550587546264
77.95849408239603 87.28199747177653
36.95287098348745 28.8046153179792
61.13233243690728 98.83894176783097
37.68877679744895 80.4666911052803
61.36892531071132 25.905263791582357
12.366888030935396 89.94881500757788
44.0637756817736 94.28944115712629
69.40025344785174 29.934576912207223
5.821374426526549 2.317795901564512
74.41919030676641 95.38841688436135
17.70930866114513 2.2873967446469967
62.161644816746154 25.186323370073982
13.690068939252287 25.141665349403564
99.15420489325672 44.36712643990144
27.692694674942373 83.06981505700108
49.80734815180299 68.71245516581727
30.449008447325767 21.156724801875736
41.06879767427485 40.03524523300585
87.15303372516728 80.83794925447509
41.39915448508924 79.22558751924144
87.46511036310196 24.578255461573796
10.097096519123049 74.8655355847166
57.1480732441094 7.8666733260600585
84.5816027341769 8.077397767340377
69.82601505516688 3.8146903069530502
7.970173681767445 98.23962912671928
93.49540039619112 31.944663150515584
60.12075332588482 15.14403813209466
10.821925894424522 64.35584696859631
61.97642005341854 31.516769033134608
49.121676811697746 65.13809901671304
29.34698678256118 59.0758968956689
60.44517089486141 76.0560689209933
88.98605157089455 71.45538184946987
51.29087551301033 86.39635857185002
12.737385910293565 20.1349499077941
6.576767255765126 6.303601932127512
48.84312961685049 82.17716774533272
27.944529200764045 71.14490163743108
46.513247539138746 18.900812309907455
97.69012307005782 0.35752033084035517
31.162491436313534 33.89408713461113
10.253529106436554 22.828802634667976
23.7732133016352 75.02870457425186
91.57076587314694 38.503735855218956
4.708679864441456 97.94145917638484
23.17258871316985 61.77953371320633
27.601613766083275 72.44165355627545
20.758580722622288 95.40909869376719
70.21596887998756 90.08854636911249
98.100829134266 4.771252747074972
98.56642308506463 31.593792399974795
0.0632476314704089 17.48220693367959
67.28882308245414 97.26351677527558
72.5377349271415 98.96971698679542
97.97365398072763 24.369739576941242
40.690726208352565 99.17697354184742
85.66019958846611 30.63083812423435
97.64064208763914 86.02794164232238
5.641753088865142 75.32960525582982
65.99281273677222 81.06933491320281
40.19545544109291 59.22255471138944
81.97494629586109 94.57597370260729
2.4632007502716213 87.00327615405136
72.94692384912067 3.874654091985108
98.77553583012322 89.325102026613
55.4409951322919 1.8122004686000448
71.55456419931625 78.65690767067977
73.49688889367884 35.72312074747423
40.20858169752588 68.50219089288534
6.175889198213835 3.712388282606649
1.7876797440141257 92.39206930930727
7.73783789632263 13.3864742698111
74.36428023479029 48.86788479192043
79.77224640860436 43.21480329204432
87.11373367666641 95.5096657135683
