780
1 3
23.500140990292383 14.773123743084394
88.78720824919813 74.0381597986505
75.83058143038402 50.5646845175582
93.90827118745275 87.63546362846937
17.603634748063413 39.17784749321811
38.00828501187725 55.93680321904373
96.55921651177883 76.06507581116489
82.71816853201777 42.24519252997139
85.58748327621848 23.414233332801015
64.50766567869375 29.365772876552576
17.28568458911024 78.70609664310516
37.585047362088474 85.72608957902166
48.38108568466155 25.671301848785056
88.22736579565044 72.84056334987932
44.807339147147005 73.86402327300887
51.36077176680123 3.6747870903986346
26.328972421318774 96.54860216405064
94.03390419044977 23.575956259633113
28.89278147382328 20.73319181305491
41.90001217534493 44.4608976448017
45.01442800473765 93.58039240529783
56.752361892769976 4.78681616771246
54.38982747724217 6.129374511351182
4.858540119721977 45.769030891230656
1.4869195125716494 79.92140333841927
68.00211535880484 6.097225154427699
40.54547246588838 73.85150445883741
87.17623662209945 88.26294829366377
73.22239283930227 82.82467843331007
50.7297437167417 70.90781052627315
52.002206696770784 91.98020296210498
43.42509953287599 79.00744911358576
48.69080005276476 21.321513204796737
90.12586742539841 70.93033860641552
35.95249572845445 47.31409362309993
93.41128429210235 26.75962478526859
55.24436083535207 33.82237409406723
54.37785651126157 52.40769817221882
79.59692970516052 9.262727118832604
73.3537786699837 31.867792144609
68.39931854558716 60.317351666582674
98.69167083121741 64.33584414488695
89.60184935727145 11.129302555547627
59.5129970041651 28.733478172931726
17.187782093082337 5.705977061590151
77.91429008923645 49.50823175492343
81.84333607854357 58.56290115065836
59.869395485676826 0.4137645477616747
82.63174670882513 66.51680058086669
30.95750616157651 24.77012363103801
95.43554366113969 64.64534271210086
77.50572058317545 33.73198514258222
78.76557145509963 0.5456506879118139
22.431045006735893 64.10619769026604
52.10031228037846 95.50375313801773
2.640965948297258 33.945354686608084
52.542840988267315 45.3280096774274
27.93533110056652 94.81766577831796
10.174672713014887 84.66765362949107
70.83831854898668 32.00322063499363
12.736625920576671 54.13729447714404
90.45492278503202 75.3067051861185
73.16675346156929 34.57465587868154
24.139488973350165 76.59483692172893
99.50511306556133 73.50525843739246
91.16879333590087 74.47592639295782
50.818478111252304 14.646049180804411
87.09817318488192 15.63890378763615
87.55366615363711 42.09667576844864
13.293268635926214 39.22179619590735
15.122454305495259 17.36067006552078
32.69150540533108 80.43428467858071
15.111399648819578 13.540816211477424
76.27921080458 86.40839306973909
15.704278999579868 32.40874217184646
94.12334194508034 8.240161925721168
24.590041118193227 64.08213479255966
23.436011448821127 48.917460286515116
9.269833012554773 30.557691703793765
33.143684877324134 38.52658233940684
27.672958296063488 93.92691297267541
75.56560929772493 32.53827121318595
39.80115003171707 77.97426369239982
6.82608090166672 84.49076825429285
36.204620014939806 86.55228174441577
18.39937241715002 79.34648585824138
99.8598397677867 73.18521561044982
72.20413006868887 63.57437698666424
98.42776808251908 62.86626613422512
88.59011218504192 36.597072392441696
83.75783538918107 15.831534651884027
75.82816428052233 36.236809865487544
30.471059557208278 24.000719707948104
97.49531866953203 18.298139802916523
76.08694531540878 26.16163120934314
79.0494293371399 26.052590627994675
86.69037040094649 90.48223388869872
25.250253410613908 1.9313567611499494
35.907496242114824 45.742850993454276
29.42753118758954 28.074228649549227
15.862535020609393 27.6889094009086
7.508085686464239 70.40497391148328
70.68697565907465 86.13010746428738
19.418501936665834 6.530114294731559
93.61558527844747 10.287076519577298
2.8071805568352204 71.61672940817965
39.53783115795368 80.22167811459886
5.2955877821768915 93.99336221254842
67.70025144196869 12.764101510719406
26.59979347532264 49.21771818308318
20.759548164844244 53.82575212446172
98.57490972851166 69.7788235623827
57.05340931977374 41.85108962336235
77.07817232735503 18.09617421266165
73.26466980491193 69.94403978296415
72.88195868020333 29.068181999292996
75.12754559077281 52.13683187255662
7.978748938000457 88.11541167166746
21.3186544016988 67.12548187259004
93.75362260714437 25.538323515562755
38.01862626783878 37.52678194611161
33.84683307551024 78.50520352764998
56.65735254543052 82.70052124978831
13.940269871972522 90.91873935279318
93.18860490129666 39.70215352615503
32.68998273014076 61.65129839692101
90.19701603204425 75.6658247908909
77.75345504235815 57.2594269382291
39.26427972367197 73.45706687765188
62.37464882472998 96.78690303760472
49.76702785767326 34.39267921412685
74.76966336231139 16.252524338072295
92.04931222269978 65.53783769475902
27.325118257138637 24.541232295819814
7.7841023587083 67.20696695200259
62.596442503135876 38.70693426200995
21.063292288374 58.842969405133914
67.69715826741101 57.99444459521301
15.097971852184022 7.050778514855827
72.42871614488631 5.9947137131604045
22.981334612053985 33.19285562934975
48.69782600257848 4.206949185071496
65.42684749502374 20.571496049424276
65.94639815947116 36.15067611435987
34.72549987362776 76.47516941500223
79.1032649856482 84.75857991614828
82.2662843796824 10.607758188309946
86.69920705345659 44.026770175677576
80.09082701845576 41.541638843679806
78.62794781161315 42.59806750627118
77.8656940186004 62.249988593330976
5.883400211247625 92.61911957884608
11.964235440074988 30.190798817482765
37.177438370667694 50.62774107553225
15.744080644576176 10.814226643232306
55.93518050723294 46.37228371976985
0.8907309287442322 1.9191082974328255
19.36281682134211 10.87200252293583
21.613364489743823 74.01055093271822
39.247311530355674 34.15557957026785
39.70915502303216 55.44586489187304
6.1051412645603875 11.992650338630085
98.4766165788034 92.44502729736814
28.993254079409002 67.85482314899971
61.69397367735676 55.42716073166116
1.6319313536496738 29.19168977588411
64.29335393395017 38.872992669676634
62.55112748556535 14.010604196880227
17.27691550992938 55.29166617462129
40.33248705871269 69.06596055979813
18.941885140322732 95.58559194923721
32.22134501254325 92.93824321534186
45.24403769702295 37.188523385552806
10.807590070977401 36.96539051322196
76.65131182078764 57.55407680213664
1.4378574749116302 6.143804762841243
13.18976461814545 6.060552362935834
15.75179480443898 94.51645117599223
50.63280537141719 37.37376269749784
47.50224870990536 27.315017737826985
3.837192799428246 8.31034246434903
82.35264157022667 99.36968494336035
79.71426238881175 25.420087828079275
1.3698966441956673 79.66061647444964
61.52399432558222 61.16239678215123
6.0739069015801395 66.98776761431114
26.441511460966318 15.127545856245028
47.315473487529445 95.37389597666048
8.84888155646193 11.852963059012334
0.16791218903609018 6.177360834355428
20.84461061676157 24.09304069538525
36.577219233723056 87.97417368670706
42.00760063340623 6.7729247115681845
12.421102665679552 54.53603613562783
95.10472850341041 17.854047868496803
11.786158210649322 87.87168074285997
23.467987952278733 76.62577704698217
96.82887791719865 79.57496792654668
33.92966543247047 53.87032380756616
93.13668224848226 87.09011480014917
47.43158980133557 7.3018473603204015
32.547333530261355 89.21438594779525
60.64663148952363 36.79613874584764
64.00797583743201 15.089930143167972
36.50838032036019 13.767961477836877
86.48162098814136 6.998231129821453
93.98000431508424 73.70369060610669
55.48834765485105 59.69389673492904
13.246430147927878 41.3687466747102
61.13842483760208 87.09620128214395
70.76359744480776 19.82704486392304
68.8679885408092 0.6010928354169831
98.39359550832052 77.99837475982801
19.515454630297935 1.6234935707500675
63.985820486427826 45.386932081333555
17.98114902055015 16.579253841865405
54.743385188037294 89.32370547991744
15.004141671692594 47.51760039487376
0.04499209983388486 37.12395343261365
76.82976819097871 86.59148967846299
32.80819889699116 84.70158553748742
92.81838310332655 75.14861453412283
79.1238835082915 3.282138617806374
59.016583586759296 23.739790927575342
23.17572746252805 71.28551029193606
51.49627839506614 19.319341774367736
84.42787892041814 92.59269363579523
80.36113976917176 29.852767718165918
52.14935500921687 96.58878903054516
11.035608376289074 4.78577789086907
18.95525288919262 48.270464731934545
35.73542029837702 12.088136851049015
52.86384787613257 73.6489320637146
80.42418820475578 43.36452538889601
13.705330302107633 90.30702853913317
74.81641551368072 84.72358987367976
56.11525361066927 81.48344161996393
1.6353875534310225 16.576802996980277
51.56888761412186 46.74492945690909
92.84254835614175 99.01537967887771
52.252907987049866 95.40013727557455
98.05782194331255 80.1405905151316
42.41442079203701 66.74734450087945
65.75369412127381 65.23411223778557
11.120790656458034 56.846795845049854
65.7661366218293 37.35595554449165
23.373006239979578 37.74800371610583
68.15574884658302 62.05343500838345
36.86098982495234 24.610541651646134
72.73791991412406 83.15434867324618
25.082841766324403 97.41478347477835
2.1918153316264455 17.038396213448557
89.6161863768726 53.61444161112754
22.49625358342149 32.85671718671279
78.3358464067754 93.11752879422616
40.732026838347515 69.02127417744568
99.39017520538091 48.367219182662026
58.39901110744006 47.4058633251941
78.63639574246794 11.892620052085356
38.48220224538284 61.167352413747864
57.983482484556916 89.70347994014082
64.33214589018942 52.86612460076656
98.7814893151295 37.404725943920056
10.84902069938205 70.69880789515655
26.398342529106976 54.44906501199769
95.26658440045091 16.04564299979989
34.69406518536287 50.33956758345659
45.714216021919675 79.65912834783796
43.95952627390041 46.517215164312816
45.017791730169286 2.2636673919689265
23.763249396410636 56.01670502050637
72.62240284739075 57.84245401124104
90.61202311948848 47.11813070228541
74.00499468255954 22.108640302941108
44.3126155300678 42.00733585667016
7.662260091844186 63.66345631282444
10.822989237262304 48.46558279586759
49.79072647449676 55.64809674889144
22.155728568578148 32.074070205463045
10.734067159092731 27.02463045244581
72.39378475945742 35.07385730453172
2.0415694606310986 5.124990624676928
70.42295891562323 19.941334875111604
89.8074773631143 79.87761428247808
10.415009916687268 10.290353807624442
31.962160052202783 48.250555779477075
98.28105292796481 98.86603074660547
69.01850117933668 67.2224880475333
8.568831001903288 74.7459856327545
75.21116651089687 62.578134115565035
84.96052750511393 25.152841455796214
63.43234251634529 54.98776795927016
60.57120328116494 26.779444068421697
41.70199324966424 63.37709742475157
32.47192039521263 98.35789821216608
86.9243473735063 94.17190297743818
73.55077247386026 62.32745720375463
57.567252685579405 68.21368933636396
90.91393866557299 9.715284420231129
86.44303271923096 55.728293769187864
4.501202978394292 56.14621366623531
6.85599846299918 63.5647376059564
38.89205825366899 38.32962694714133
29.79818167074122 68.35585723751178
80.79548139136969 32.830824868458166
18.276435309482796 59.30622066542133
35.156146977350765 80.959900408869
91.11145533445652 51.777759479070596
63.9208194843194 59.412426445740785
78.41378529252442 82.94759311946838
27.51702572923824 11.379061186763417
67.10010027436459 22.90910223146949
65.7475957900636 41.63210522596636
78.88147221477438 40.414049422588036
29.652041211974446 90.80354419866336
61.12022806335138 72.51202745562928
35.969917156112615 18.205012828236413
69.81680234901684 27.923384583586962
57.5607079324689 68.7827868637734
83.27084109261314 82.65340846095374
50.85184065141648 47.55499237567689
26.36018610619304 17.287980972053663
87.92917541104015 17.705982058792458
9.076581740767931 61.41485300677265
60.533462093703605 35.14185994897785
2.3163454602186606 11.362888731486343
35.41428624527978 98.59602970971282
23.621665785686208 67.42217989273756
3.18956511422237 92.38784887946593
30.154455881902997 60.82312236248912
0.1994291126572012 45.623537830213756
8.855318026250746 22.31961161921612
76.85760796941672 14.390607563646718
73.69736966257176 29.557215978946893
49.4144432109314 84.83150292683523
42.73239553959307 1.8490296577698961
88.72726956134127 11.691511600031035
66.00100998292508 30.92252328898941
91.9302038454493 97.67803071495089
43.56497934749923 10.793585903647784
63.2363801040426 15.951880219215763
90.5913866201119 37.35892950984512
48.61397729077221 43.83929043683641
68.8638575665542 45.52367481974182
36.85639273215653 71.28290024348092
77.55591417707318 0.3189495021751698
89.29379679501412 50.92245761181313
93.27080212884609 86.58974099479015
24.385284817089502 4.893837460993167
34.44094082370148 8.420469369894711
68.93738605510056 50.13641823743771
87.99490994745267 75.58977442658814
15.297686507758845 55.762258615992735
96.87181269179825 80.87201684530658
98.03937693720444 76.30665422934513
91.09238376629737 84.63208141543089
36.3634267139709 49.40261798987224
30.371801485712012 75.49627326739781
68.94755880480896 94.06081203597552
32.12298588452504 34.54406108151487
8.017013827954166 29.428650172382987
99.53093302180467 14.414900916023976
45.08708297600648 12.506071207764368
10.343599553796 72.89966030128592
24.341858630013324 0.015474558806727323
97.31388581544891 97.0185882324352
21.36689198034101 2.8602694928094863
79.95747235585844 9.89879093465127
92.9771065581485 2.7358454997186143
70.76056599790775 44.6591436018424
29.006308385392288 89.01592941430113
63.951717059307356 11.831760898628607
11.015130834877374 50.76480398228442
65.44740389451948 17.41102087305024
25.895417758111616 0.07313690246546489
92.52109430137567 34.30611092951783
92.12926812848048 76.9039994284852
5.458898449758309 16.312387151285645
74.67158439166666 61.45055136607809
59.33021356001926 5.481919951159919
94.98349415730645 85.92093303241562
78.6968869631156 52.70951571756088
25.457619256455555 16.426184541658117
9.723137103465017 28.18598988666341
61.7724000252599 20.613053814507442
14.188768275269602 7.395623598164347
87.80604009844414 41.458344061169306
88.13057737964873 96.5204644924801
70.21987302772456 41.41969017617952
2.287925199548213 16.69475127228719
23.366190266347786 34.0254208793415
43.55321560540848 88.69556849454922
95.26179182064327 37.873546973906905
89.9354371235155 53.885744544515155
77.10375434854558 87.78474701396762
77.84456117565486 14.129365118014592
67.56967785038341 18.161843611928717
59.92078871882845 0.6984056377769221
8.192751355259587 62.29534525601083
97.8919685291072 38.86603330844365
48.672603506312086 53.721606087421804
74.5693389696156 70.99169153176304
66.16156507252214 31.131052254899405
14.105698078559392 95.47473478977686
47.94425567441396 73.75257428765364
37.50372521480409 84.44269168303033
65.77190225235586 22.64320245751339
74.3302514691262 93.68736332291749
55.425532088816084 44.04827025602964
75.69069544092308 56.01417283900643
59.566704700488856 34.368045517306875
34.51305434975498 66.11680128920565
36.09651626571599 22.827644235957113
72.65619056196577 66.38038342322254
48.602918280013775 55.7958940378523
57.065074585048194 79.31385987434454
48.42994735851247 76.62094213826731
87.89490083428244 49.23005308815935
66.83958003776233 43.9659240794505
16.023468725349964 64.29761106385553
7.130794845634059 10.56873458843679
33.75397268645597 17.286849262653114
16.31332549181628 49.48098814563255
87.63435905832344 45.579195354371514
68.8773582058996 38.755023989750484
31.099359371528102 35.21099373651728
1.3544640071329495 54.64706477460168
40.36293930582888 97.70633975696481
59.144426054147495 59.261885963512825
48.798289440526155 68.80531591601789
15.686450991579193 29.301395901887584
29.050952702864553 21.925090133472438
3.7211840885430503 41.715498055072906
48.00252316306286 94.24359408849914
11.139170478487848 90.37623449931678
19.206513533734928 84.25142028496391
58.308763599863966 38.913406367249
54.72122832471722 39.26626237112516
21.653450354760384 90.33680193706046
4.816256461462642 10.012012019542226
38.092362043196324 77.36438756631227
13.548863058938675 46.61718831364063
13.419678609501663 0.4173894375766318
96.05535783838147 36.956694320926054
10.23285153581388 67.44219394989376
49.88243615723056 16.55215966828041
36.96124679853274 27.324953970789178
34.40961155345064 50.84357451646995
6.69509683540328 80.96603018495911
83.71188748237581 11.753767706867869
78.04077496598481 89.63415064109641
64.20563561180055 84.58869013425416
22.158482650241517 30.456514421481963
80.62134982637592 13.17807508724702
65.31911494641129 27.871200308438905
85.44460661467778 43.72740364419088
74.604716385125 81.34283044343265
29.88704954022552 84.25819969538296
20.324177266198838 33.922817740678155
51.48719682277771 99.16836552897097
31.795987256127624 30.463546771844573
8.052959609302102 5.836000194218749
85.69942965443819 36.515433205482054
46.514204777136456 81.15163535558756
91.33160202356629 98.27377379170146
29.76488644916686 80.70014224117318
17.275714155212228 96.14432190900337
97.83497228406111 96.46590561592619
65.8193640677764 71.42523738466335
30.000694616421875 40.558908284115724
81.53908505814094 28.167098992822194
49.334973704573336 20.063612953064315
31.52635562612247 29.844399809425305
79.08994488179025 51.86477172696391
64.67426510014099 68.27944374404544
91.2690253471232 30.447019035437805
34.7195871412237 82.80235629188901
90.99177995757846 33.38993885245751
87.45902012586875 2.5160694186380006
85.11585377791653 83.94908013546505
99.73422582378923 30.219228943105602
49.587622063519476 43.654407313520906
45.03624868756291 25.64031438393146
97.31019731415502 54.082937096300945
36.196006537160265 72.5351094715007
50.80855482277822 75.1721612910101
66.40062114902973 92.41804388533875
67.20968467376018 91.97870918515274
69.00224267503935 69.1775971697811
28.441517749235643 97.85690555298065
75.50057318972674 0.14572809216102378
20.653093564233195 95.01766462438161
11.15834877022246 6.569738677718129
23.21324012019117 92.23808949338009
38.69403139856167 28.07903627117614
24.333627233994726 80.9578531725551
44.32605967044019 61.134110025131406
28.60525711510369 21.82073281883985
22.99473186450718 22.159869814968335
57.96766845409724 17.583784308100682
62.432781026667136 49.39536399918305
86.33878884701912 56.147032747056905
99.79684750134767 21.133342630492248
36.022094222622634 29.736629170379647
33.42496854221406 56.02155052739401
74.73455125214883 42.564980368284154
90.7395920770062 33.86207701584571
9.045447972944176 66.95463530204661
95.49745343095002 62.562690340407244
7.018917139061509 90.93939747613473
41.69198016525784 5.686888860489336
8.394778989784069 80.15795118476754
92.85993575954087 31.88605736138119
59.36427556409632 42.909290090775045
36.93496479946714 23.13634866423866
97.13419629320579 83.23526348512671
82.14908043671758 88.4913181636566
46.20356071113172 79.0326369322813
36.487497194542144 42.47303645127054
85.62421068219261 22.43846961110958
97.05182675404012 65.54774235648382
27.682762533984274 23.66190807821664
40.41739315392194 6.224895058162083
42.220856181361796 62.54893887608479
75.86540360996938 47.325268327598245
90.06734805780752 79.58472113482857
97.607690962276 4.311014858686146
73.35674231393156 78.67769586652449
17.530005020437798 21.65465664621844
10.659487700896154 78.92492663756452
51.74773046940979 74.66943320526318
8.486281401721008 5.510359100440443
49.464349578652175 96.89772477269412
11.332737251729075 29.005512558398028
55.69435427130831 19.396971815404452
62.49867534642453 62.15659324180067
36.03122334440436 90.35411225114134
65.04823231052671 93.98336377625662
39.17437151620522 73.47538860642382
12.366274879343987 36.48138961550791
13.635707900217087 73.04105214628154
51.87105280602275 40.98924757514764
25.66772287257959 25.233598993530173
75.9479580566612 0.062977436724454
69.89204506400422 45.930977692253336
57.844463524505166 89.29051049728183
53.357196229918145 42.55819638624507
18.522842738289857 80.4600672220781
55.26786737958771 88.99638756689379
21.300758455403866 28.83352856672632
10.82700832873471 64.72012587531704
19.543765062526177 55.010824937602365
37.044472553415275 15.542287424358769
42.189168802041735 53.84565239503969
85.81311272819308 64.88196583976975
44.88309720810837 24.674784995458808
3.1535666307194177 59.94060867115836
47.4648052538843 34.67216733970324
31.07801924005047 37.95587678191568
84.47192080067629 20.160188102706655
68.75593092709613 80.7948705586427
47.17329794797607 38.984278722913615
69.81351222501529 59.268431298505966
98.79964926140745 83.29603630931928
49.118130218052826 6.957293225610539
19.79934395030456 71.00713092963522
3.099800127911445 87.63026172241733
19.678108245770808 56.805268392074204
15.720852196543667 85.46799132647152
68.60443854815841 27.229170317217566
82.16015221733326 61.238252494151354
38.46260053507997 8.511091068709975
76.86400091045344 84.23938380022142
62.656569264742615 20.69959383546598
99.72504061938443 3.8077886756243684
95.61311273455688 9.947725239001826
82.78411556354008 59.66239145966033
54.461846432473095 54.51835916821921
16.83218230756143 80.04356764622375
68.04519633951686 12.976111948074598
63.69613571101651 11.115242065325525
76.03828083430213 95.76239738758399
13.610591726190325 77.9183209473209
89.88914326080304 30.719215223738573
2.6870431251714733 80.07287306702536
32.59366618072874 15.400854871229175
27.501080283735703 54.25054831633862
79.25349633647458 6.5648490000485005
27.142925590475244 44.10964444000432
79.59838642541519 49.633234057456036
28.247841861202282 71.6138246777302
24.15204238279207 18.6858067262593
70.1492841819616 80.65374890619725
91.13564783008724 65.49552691846495
64.26944258918648 89.29096302056867
54.12968093937312 88.82073689114578
78.3545050224163 34.67800479520149
27.02142855655798 67.26799637017145
33.26383515495135 0.2720152311699975
68.96908235458332 75.09323122546847
72.53867811831383 23.83006344880303
20.963672015155076 72.52654328029087
60.92046185311324 32.81245348250745
46.09848358274942 41.98635142628204
46.336067627290724 95.16857203402861
27.592402941363826 2.6627309603442617
17.23912824814291 0.7585934276959083
5.819183575597342 27.738730940595644
35.73940014842654 76.02715829606363
27.793864583060767 0.19865566666863455
14.495863989214119 86.3597726402598
30.03364281887526 14.141301677183616
25.524982745177315 13.173469481887267
55.817881842305454 40.339836926079855
96.61566847318042 34.24511590918193
61.350124643051004 49.56625852292724
34.881433766716086 1.8969133090269263
54.021056259598275 67.02638529061042
29.30864667490274 33.04964436357694
60.168186757888776 9.143587128865228
51.30696611514376 26.876728450181233
85.12240622913903 77.5631572347866
51.60036074580394 53.1407246459632
14.251629204599613 27.30827709017456
76.40940239292155 79.85833978417772
31.256762802637496 97.34209072362172
12.389097067791543 24.83516828739758
88.94420665903986 89.95648823003013
94.52653851783694 7.508905876106686
39.4531627655694 62.807859358433404
17.94669384723242 61.33652352066117
64.57896145171576 5.550299601447972
60.28961860767845 64.31295288884567
20.012887776386236 61.836350149715955
56.53047048443567 10.925154681150161
60.736094872865024 33.404415097098905
21.40031817222525 6.331902372121312
76.35032528429274 97.20011364677809
41.80396349819282 7.662373926255905
97.04062445797763 51.08473320814879
25.08005510807454 58.1669856916615
80.24278929995478 40.207007975212285
77.04944768356188 62.82797323384859
64.11002216385602 38.7745653496103
78.19692555999592 21.52161628776337
27.142263152503453 49.818760390198726
52.37673250810748 81.22510881149512
98.62890853068298 82.63200065532361
66.06357697945298 31.954711538347592
38.80059756529677 94.0887963366644
61.46553377070501 70.45608893944947
1.456632865631935 33.80356577819026
18.253435190752754 82.67033261090744
58.7166807649665 70.61558835455988
66.07474113484595 84.43968656697184
27.480364339179488 89.77964802766898
51.76674741809204 71.83801608490225
7.169131139389706 82.18864528099463
90.19008404729234 57.55045850787821
36.84374582212917 52.49568962595603
8.37652125556987 80.52644488323524
93.45004756700641 95.15143485289892
96.90659235621322 38.45844552129514
88.29997340228908 87.85196914292219
26.07421740141389 41.85971197228107
74.63588112484831 22.59774990491095
95.4369529694504 79.58697293348528
48.71762616103857 22.30979820808865
10.359312123910591 27.564898726727826
55.76153070981427 47.03035863798388
8.08669547926888 26.315938529804207
74.77257552552668 91.51020166797579
86.82334501099167 37.36457421294202
62.631839359836604 52.07825162207167
56.550807690418516 94.76547442178871
64.03742726072048 52.21784173563335
35.475535871832875 23.61750754136638
11.900779202009737 71.42464617236361
51.80349176100092 79.00278136196968
45.87297823074401 98.01757295151288
66.46782173640675 33.782794016575025
79.19261210691913 49.334672374141995
90.48416269298593 72.81048498115584
54.61561084739408 58.41392208988401
10.33820866641635 19.37627516327176
18.34225938055276 12.43582391422522
2.9251091096502035 57.2222557009761
65.29449932279023 28.68789128579681
46.11596107103808 72.30002464286625
37.599300923354065 58.75190452326049
72.26986595651684 44.089020226352616
56.34419590368574 80.4146059513022
20.146823373189136 28.47057525964147
47.56063835693682 20.479502671350723
72.35967408886638 12.247833995880587
35.139229446264665 18.25812569090848
31.73036688567683 92.0017844524758
47.37363029135801 2.5583253300720976
42.97855853517465 24.669693974557163
73.85102470086717 53.75838952703504
85.085490793739 12.651373068973083
18.252251897957716 63.19504268804563
65.04649904328106 8.221466251351895
17.27736700415592 93.64586727020854
20.351279796567145 89.2579689043909
40.78630152849008 89.85637465184782
38.880067433796505 70.14421221194544
42.13732613878811 67.1967235462
33.12561023617513 81.22284391835915
28.466840464315048 29.815660546054623
26.748522763226013 11.661040715099503
97.98033390645146 88.02103692145585
25.698325065149376 34.58927036383026
67.59428191948302 47.64320981550658
60.543221595128415 23.647433523725358
84.70555309982997 37.54292910240382
79.56156969598813 12.574081278182181
54.00294122563989 14.162638999496568
3.149071679194204 44.70781132865342
57.98267375464867 43.79599176745008
33.95202101734676 32.0208856137262
84.78951556553078 54.07489922253814
76.74998116436167 65.44256660690738
23.37960095452751 49.671575969741035
0.31074928536938273 94.32623154267885
99.58269276263874 92.37923018860172
59.42361084335977 47.405053666351684
12.328359087211593 32.53917294959678
77.01482318504462 20.523523291481304
67.07574248008746 30.14968950667449
48.75738039442483 94.71080342365563
95.91899338122008 80.97448077929637
97.57406061802804 51.386402795771936
87.89703776740171 99.46468118264941
70.50195899234812 53.83813830845303
36.92873807753643 65.65031316129723
49.78863757281056 86.49917334023446
21.280542594221032 25.786985392357487
97.78343841217037 90.75250126230816
85.77030842952628 23.4734668506674
41.81399386917632 43.970704007951596
47.208143640853685 5.493314046517339
10.818367014134544 5.396442829427528
95.27553067498953 24.174530146465024
46.05401042299056 89.01425940467769
73.50094381933465 54.21961511547555
10.509257402403115 20.378512598242903
57.49425136633046 3.3278322389639348
27.97535722690614 77.36822303102065
46.57544694994833 26.242258006209163
49.311845288710956 38.24751496770211
37.36855872419793 40.62316035971361
78.56433109794652 76.80930817811034
79.03655474562528 49.66475158954926
49.19203794312148 28.503770659625683
5.286198840327394 26.801298932226626
65.78625818631576 18.544343950659336
82.8207377672608 69.93428153551942
77.44450317552827 79.23951652601824
91.2434441183722 62.632434193329445
49.274755179165396 66.19429355807331
60.39424375763676 34.964152115927604
98.26415665860479 79.77768888114318
36.899498720331245 34.23094356229346
14.413063619784294 58.1942135627878
57.05867738986641 52.509137622072586
81.16283429279659 52.18198471009919
35.12115588397074 80.34847232761845
80.45168651073146 85.05775416589267
24.29277046538234 86.44895032381616
20.86412110502063 79.85198406941178
23.210629187738263 71.64099345232873
18.358399913613766 94.26168734524865
38.462362184477094 72.11591388746668
78.56724227548548 32.2352355967559
71.15215963718602 96.51034091985386
97.73457198333921 79.28882303556442
93.58712972929808 62.94813045012726
38.385413919234736 1.1917899194730408
51.83757464546748 60.64835538504178
