200
1 3
49.97735332343889 56.14731956264238
49.561857983759026 41.32754778056989
19.507873792934394 93.14099779082545
62.654117992456726 33.355279082515324
72.90127879358603 61.64510284537097
27.182716251887506 46.01129862651332
8.175190108349973 76.86503856685964
36.058473935853975 23.04996353053643
80.93749494523198 60.53349002474056
64.43598431710637 72.55064798542676
23.42311035553164 86.92818795993477
73.8568572314879 99.08930512658058
61.27105515072338 61.29905171951775
73.50180802135824 39.29018591169871
95.49487241426966 27.536074765393792
62.53600435818814 69.61694975559438
29.053424537658934 48.50748115867292
80.65345584532015 88.3570904998325
1.7842059143237776 66.42278195889145
65.8970681822755 77.39416709515919
47.813563534316295 41.69381964354664
67.55528459107045 37.46686031481812
74.05275901744346 39.348782103254095
74.60321531643265 74.84730907989048
77.85297002147684 17.128033381797316
36.1856518165989 54.545992342832726
35.312918173726146 3.570140370724939
33.19560152362371 22.53192045264203
97.51403820087062 66.17312619096751
63.90459198318208 87.23923745528657
20.93552944765913 95.10927242210518
79.08543415352045 22.840406234777188
18.818858440461028 27.460831684754726
10.645233538172638 90.67323907179565
14.27102009758563 16.47592570490741
66.96049857114501 20.467368271016007
19.616936517675843 78.67399576190175
73.65767970922082 47.798389535570294
85.01758382444106 15.36176938189875
56.56789209521751 15.00590115073981
15.036247615752263 63.0419568973517
8.95805424589986 10.074809784778438
69.35960234861369 31.256338586511756
29.408749113675302 7.929151267123324
48.55293519923012 67.82130713007774
28.853571861213002 18.82267024333002
76.4437616435255 18.944713026403214
68.90222314966617 54.0038415515141
63.5438019897252 65.99185005806625
80.00701030547756 55.411443513406034
7.0333506378658095 51.506891490478445
61.585817072134354 11.541250534622026
57.400473070529465 15.171542200643895
38.906710286681914 77.53424680114203
34.90231912327892 43.623874172346234
97.47516040646987 54.54858392293993
95.7993290779663 26.451809280326888
10.295806648010753 56.88011595879583
57.00950205335504 74.99823320938516
54.8261239661918 93.62065106047052
55.81367472916485 1.7100068187607231
85.64345274459706 14.814300799861634
79.22648387337546 38.81629327048923
4.761040710308095 36.31814256720733
42.387932063355606 67.01530444709638
91.34288937772679 77.31690921083467
57.09635647688571 31.34032104115374
76.00814186997759 17.761854320429382
16.9869761888773 10.701826431542427
14.58287463852377 71.93414261932551
38.3581010634066 55.93164527105492
12.839024553231138 87.98925413716954
68.25071737888138 73.11153428023631
68.01512408198451 5.199578367214164
43.34698516787696 1.872086362803116
11.461624940887605 0.8702112539714868
72.43386584063703 94.73317269090349
21.791596699966643 89.87460795584805
4.251265338923815 77.92824062729333
59.44230145188936 78.74255865825373
16.489537909749696 2.1884542637219173
61.18140110912271 75.88381476553681
97.46793392095256 1.2750849069926184
49.50931898010265 69.18963220765583
11.195429821803305 8.633482636825685
37.19966448462475 59.36847927189191
54.302209112240554 76.77134011115231
93.9242690405909 98.41683285330893
61.45618112763111 89.60102425915484
73.81543216375196 90.30301046473959
87.05823483545285 64.0924454708945
69.4679709141868 44.88262300783554
48.3306907503726 27.382631527456258
21.077232070909947 28.85507297246963
9.98294436709064 68.05691153348235
24.014178865040424 50.313148688493726
1.6519818418384125 41.29300220702166
73.11842294281996 82.08817343869794
83.6006445591702 84.5730760176427
28.35056655946444 12.784013564231
8.904815866713411 2.598548698650882
83.73753064223841 35.57639819654972
90.96169656991397 10.467258883553265
24.693968256612386 45.86950383290993
22.207752108100976 38.873354698441354
99.16462734204478 59.90196265318395
47.821182365644034 47.193220082671814
63.9987241161585 76.09694120617243
68.0551038815469 26.54010254084622
18.195683662172012 51.581006103504045
62.95461384676884 94.88035509773394
32.8947751424393 41.99634263861025
10.718658338213327 26.426823572259337
88.14209517120868 26.904922112867613
42.42708255114442 52.64570434965603
19.412046540251904 12.411292380722427
33.52377427493221 72.01742891654663
31.481318505468646 64.06639201766451
55.19594140027524 97.48751775276048
8.147106447215368 71.09023633286206
36.65020289073671 7.440850288820555
50.73966029796302 7.6183583595281545
3.2704593521896363 60.336834839291534
21.985283159848777 18.86761020084076
58.839287261804515 33.346728640305415
68.67614932624535 12.986914842860786
99.87096478558514 63.493394752651724
81.84498214655041 61.56396757080345
71.68315795302114 17.129256157199823
92.20181386748816 95.1421595430719
32.41916299540784 58.566556945226054
83.65184742209007 89.00989938522865
2.629243644369361 88.31864768885582
96.25637812719413 85.19126338337838
82.64171138316614 77.59842512247639
61.48633729653368 10.865951787494454
96.34144748021592 7.120178009894906
46.61472986865183 2.436042608674005
33.3687851659171 21.73362024130372
86.65206404355203 63.64104666411372
30.712492613057286 1.0879474873443318
61.232013394325136 58.12472738857235
40.48180391126517 43.26306463437133
55.357695287371065 21.71238997617575
16.12602491417807 61.48939043130637
45.805649939134966 35.56574918498225
48.99079627581089 42.02535522100641
99.54979338992452 3.073728506740636
89.85444480144164 25.334686361053382
49.90075377074299 33.77864586926464
18.815814821344535 73.4399179939576
45.330563667869875 67.68843774884084
96.4198879319483 8.413966344982548
96.17438465860238 50.797381319736104
73.75901076358005 41.7120540409734
20.050421935131713 55.74843094725668
45.11740119768801 67.42604734899318
85.213045426812 85.61409571437615
70.24152562974547 3.2985303214507544
79.74403089488544 99.46456651518763
64.79032382111758 22.244900235683907
1.484777543611937 39.55176464454193
62.01197102355622 79.64747207937543
72.65029178198803 35.37223252948816
14.490804853615158 60.229776894513186
4.417657269782738 90.38728593058578
93.39656833600903 55.45928937910809
43.28772575947604 62.34215922223918
63.33827926938225 57.998302045861564
69.24981023813581 90.10455416526011
44.07973620653405 30.259724698057443
85.20832197235981 87.5699927020597
74.88879139207714 78.233548920255
73.51346153410681 12.623158096834274
92.68082665433333 52.06020564045974
8.330420415278073 16.975818841698565
55.16248067312717 79.41573772177924
55.432943297164236 71.34245963576402
72.2080455443299 65.93806242642464
97.25649096215628 49.521688750772874
74.44918360902602 74.14347083840227
70.04984471750369 6.3650843326639395
85.40344984187061 49.94924702158667
61.254234419814566 41.96280718320846
83.57655873337815 94.6047728446867
66.5780134467658 53.880856098842436
68.6242820916416 56.091104455141675
73.58401542071557 95.56615859064867
1.724392851918033 82.8324022954942
15.19255561631776 33.43042551076412
14.0494307618372 83.77508271091334
24.05488760620249 12.163833535306612
31.291840626390744 45.89712194732285
78.67103449305029 77.3737766066939
5.31213750587427 10.172922851507703
73.73802189719174 44.26451308106287
29.247629571837443 23.567046194942144
7.166469668860964 36.69880683417341
12.3041470064136 89.66377941237704
79.26934011843763 17.224041404522737
