280
1 3
96.57225747861618 20.445262058541267
62.97023119826966 40.706260062594325
49.86678336683341 31.757693985156532
50.44556114011609 14.53163650200182
43.916891553122305 23.564852240025424
34.15633809148395 26.377965232142397
54.34181355804406 97.5136194376734
44.98985098420354 76.61994945435178
9.402366647996697 52.16566031828922
61.765073114145096 65.21892429662228
22.93403260618232 12.932353300352982
78.68358280712555 55.286539515773555
21.257023026653222 33.86729711537686
38.932060807578914 50.51566923099662
36.11227286899714 41.62253021079967
11.781355321860376 93.72503619777713
93.31685074226057 47.61511334089534
22.390677472119492 61.51827454785976
11.296892227681976 64.65657411738745
36.89428330870026 76.28440170907898
8.737213574378423 11.335281543815935
22.7750816331725 77.64954169148976
15.383058598255062 74.21460602818057
41.24263654118396 92.26353253605302
64.33778770906396 98.67337135803635
62.32592611931427 37.980995041790976
74.87788555467915 60.580154034725744
23.87706679410233 7.062435207792328
42.948675622347295 84.82075594831872
56.91475751593964 17.178899776644062
29.05026771785586 34.22108282887908
72.1654811655198 49.65334236513461
48.29505776676295 13.97345510159198
98.57876355829785 95.28789930131025
26.110301313159567 37.69704956781883
27.58348963257362 1.5653628052009205
57.13882277570175 24.8041693622153
56.64599163669217 27.282057631617597
7.634352035745051 47.702395646518326
5.9103604307245705 54.376545867201976
85.53523397069375 94.05400449254986
87.02399039728412 10.931799834925538
88.12603632180969 36.987791338884925
0.47705283382344366 35.24336038510811
59.81338178198088 55.13664703885504
35.55991980480198 8.12147868902553
57.14517825377676 1.153664446252356
75.72661848541725 99.53291732086451
76.30009187530469 96.24498573841245
64.80926414244375 2.9756655678691457
76.11418319607928 91.21511799375264
59.279743111658064 24.071177093290874
36.76794871066156 4.435362943455146
21.73866515957701 56.65537843971124
5.796087941472838 67.33682474527569
46.36533167207797 25.70140063518338
99.38040598316971 63.44028168647151
64.04229608643739 70.94025394383645
61.47572135348041 62.331682968814995
44.97948286422615 24.71572287683095
93.90616084435175 95.5572286320012
74.15281410369641 29.93579229755472
48.7399479482876 30.33350713076168
87.6011012363569 88.82473474232617
73.12455260940183 96.38515318048822
1.5957557339265405 73.22606202560233
66.55098729534141 53.420135613566174
66.65981288253458 17.739117117570167
65.36817746438646 16.413622602643763
47.900843358765655 25.377797353755316
56.804117916513455 79.16669099431519
14.813339057840146 46.12958238767821
66.53419824425424 87.950976424476
57.25831737452825 26.040646567610715
18.73729963584556 27.56851124483244
77.03070667289522 26.70946582818663
81.88310475161549 94.61604210860098
15.49568974681299 49.39835644109829
68.98653244246226 71.42576336841282
87.83304179558118 5.274898737771427
3.961290728463429 31.540161601173967
60.36994131268605 48.33830095245584
80.41420919696365 65.49982179901066
38.13050441108974 96.13986517498469
15.826199309237587 25.201093756745465
99.4143114076714 74.58400744399076
74.10372484294845 65.57203027935363
39.864765312740346 68.08604557309357
47.09848236590788 84.4542087129822
80.12963798318185 6.4170303545491025
82.49174742456007 1.127516440509213
36.110199006703425 72.6348061942247
28.79532850095916 92.49480456709757
53.18568417458995 66.09733925068555
30.079426313435032 56.47747332138016
58.24611025933451 59.15363103587457
65.10598170346454 81.89576188516064
64.94216948513353 51.38607462999403
31.769077892887033 14.441846198183272
26.00758822373748 86.22141277556842
10.684341189856728 60.767017919853394
35.27328085865822 68.11800514971567
72.61813910862105 6.436081607094879
93.6907082473641 81.15592752908054
12.256580011188078 68.19107373634945
62.3935676681471 70.12098580442834
46.27515899736103 69.42111526790411
52.68771461373449 72.18623752900398
33.055071755346944 46.69059219432774
33.80690948857106 9.646607870242828
20.680714464124407 32.76877760395058
49.444105484704814 71.31057502967522
41.44274671118979 40.49100799015379
71.4079757149944 64.63369226583089
39.768367635128875 78.66924545554161
19.718925460639692 64.8392188349087
93.10137126903994 86.65050920715163
0.3935063665042815 97.44739922117765
19.281953589588085 80.26954953879894
74.69193610457413 25.70506401959074
74.86948770498425 94.50582220818109
67.8729230682469 32.036307688529966
82.2698659257475 47.54167371793305
25.851010215506108 84.53656587794029
52.65856320843867 92.66484466870213
97.01822687812336 74.33064593374228
98.45987958289768 29.930964283186533
13.379107740402185 67.80251876957477
69.79332764300379 77.6431742062859
75.47405538382318 95.97704775223954
58.08483410325911 93.63676900844766
33.843092842399656 34.85104079625507
50.84841927314765 64.25591976820544
79.47374099135945 68.77686048479148
22.556655642821365 45.83983733719472
59.287488348625914 69.7327710838805
33.502339567347136 80.34000526137149
96.00565444917773 28.020032072937063
18.99631935545947 45.38208829012029
19.479847602262602 25.146996293358725
67.90253068853251 69.83800139809348
99.40523423485902 38.52099665368745
24.655066423737093 81.32440954345772
26.62255104968314 62.93250042171303
2.1606297925435447 6.036738657712792
37.181842400390885 85.9297148228653
29.347734875801358 20.219337215100342
41.490463208732734 1.1024609750797776
72.95787977756123 32.754828457774224
57.48289864604186 63.96368269607875
48.83505880812449 67.02856699386521
14.02471571748154 63.28633573695717
92.71324834627659 17.241654383788397
76.35954045447329 4.370659492870654
39.20269524635871 2.3569928430334564
85.6719262458677 59.84855701558285
41.68617387182651 84.86248876727076
67.84184163496943 16.942759049195576
39.75772932623798 96.05658594625552
43.16688647595286 57.975324527165895
49.442704784707956 80.9133021551268
80.803766773058 30.275241846488797
63.08089998169255 81.77315838800826
22.074958009784385 97.0031271264525
34.60294798685306 81.33723416098077
63.42004023727821 52.778018648182325
34.71789763390667 14.881033683250466
93.31761851399956 15.550863317463204
82.36681166402174 34.469995914028885
97.77010530408283 11.323527383713339
29.56506692874905 96.57975570152568
91.99174624924773 40.43504013095423
90.45443793877759 85.73936193466719
89.14059820640144 32.769188826475435
85.97843921640722 1.9464834985707613
78.70696236199686 5.773953672730925
44.702142310244476 64.494798723371
71.46541473528396 85.1976382174807
16.453679976951953 44.05223479250806
2.1378251196217724 28.699289550847972
42.31601359565524 46.162970829174796
18.977035598807834 79.52205496414754
12.316775210735042 96.87558931256876
63.18466694164382 12.06765477183016
94.29743835190307 43.01548172989551
41.50266352697762 55.36085094331315
83.48325210497978 57.94516042110169
63.47993365974416 56.56547062431996
59.72392336118752 96.37163290234668
13.27265795953345 62.694922607934814
95.94458533512096 76.41243864799185
36.831533228243686 49.287609563881205
34.919864080809134 97.87184068147552
60.588129106409625 45.37699600469247
41.48628445598537 61.76232782642772
42.05144536744159 23.765134366613914
29.855837493840376 87.9265668739964
29.08708987448918 24.92939663402005
14.369247502880578 12.353546203459054
55.72377445407799 16.342322183527447
58.689607353077974 13.889225164432318
31.626977574512626 58.2581664781537
12.601798348069693 62.10276709894662
92.69824978881083 79.3870064615027
23.450717757524608 7.786323063494538
5.062048473217762 62.57706558837417
87.17726090491915 38.88780723613871
70.00503547402501 14.358603420336436
70.40116881785741 65.57987056271716
53.20194246372607 24.998758623493078
34.36448848736484 37.78867704816831
5.860696661106934 66.39379012826548
64.33058581287521 63.98497841644848
23.499152504595088 30.62941613221941
52.531079814292966 85.59269794782483
69.89757389105908 47.017129874904874
76.98479538258975 61.183040501259
19.040005767652058 65.21068530617885
32.22594088699828 79.28707805086883
50.12850639962774 26.814594041536942
63.47556827994725 93.66224051258601
62.09419747109646 85.32741634895795
39.19552388098371 90.49036898950156
20.246767884987293 34.68956044876321
16.726602777066258 9.155138255407014
78.29167774850849 2.414981245750858
36.28903890826982 58.32246756088153
47.56565947838873 3.4717984106730437
92.68114215691892 16.578674719784736
15.69796973344324 26.847204418897853
52.472686418332785 36.880206484177826
51.143595777706466 80.9020485977086
49.32026374948848 5.2664636941030185
75.49295999694574 29.654733099928386
44.63024571163308 92.59719038879761
86.90375109104438 98.48654132687491
15.836686133666934 11.850386521179757
19.723334895165756 8.882973530049698
50.490817877355724 1.5495035082772057
73.7006557727919 58.64277171798642
9.285065461247587 38.44423664110397
80.12277147450976 56.69471825724515
92.90794142639996 27.43194098824866
73.27693427258883 98.81092098648558
84.95372906902672 53.250470457644816
15.205710065168642 18.364774792488614
88.94100990231972 99.9452657771665
9.790945794880535 76.94417647427636
90.67043405653108 24.30612475178311
22.683169262133298 70.79960324575624
56.03113443737335 4.377942176047123
20.642348289546607 6.380015841463815
28.044128400235824 55.8588944105717
22.903414979043358 95.64610798575823
62.98436860231607 2.8809157858227907
5.713717484232395 56.69587650239056
86.57546653870642 4.879761964448859
90.33867491649539 25.952531058478947
71.7889253359284 4.08648119191124
15.715881743888538 56.186516138852596
48.76024262055743 7.926972066527682
36.84834463352502 50.69946462397521
33.035307974291484 1.1695829126142199
6.8296813884665575 86.40059100804581
40.30125930773918 15.259179529417732
43.58883090474408 46.38883736784716
93.25692704424166 64.53451500430016
18.940464898752097 59.71984841123425
76.3060474807606 33.64004920454002
79.81382540503508 67.40641041151044
14.283046140988764 38.83281960033651
75.89704402104584 83.1716882302338
91.12027903720508 44.20116559448668
60.958297545729344 50.52121126460549
56.66785578890274 69.88350527977698
45.56039105312135 87.27779962925715
34.34600883241876 28.70569581367992
0.13325702686779461 63.04985860454722
57.144343133088896 95.86937753336629
17.399145320252774 80.3705944718678
