780
1 3
26.9293086820122 14.040469211185735
91.15189927631582 86.09156970621132
20.98897614993882 87.61637419357666
96.6948832576614 74.14694790648385
77.1938222664189 98.5915791363951
98.12033238025364 65.42750763156752
62.85762520892093 20.001973096665626
42.842873637794995 89.44594504450556
42.02761519709537 56.59669514775389
45.21986691733127 8.729955771956654
32.541231716497634 74.12562408530472
75.73034395175928 21.10629873930141
7.887679899099886 52.07921940307456
70.67830944096596 80.02221096485533
11.56812544146173 81.37400209741723
64.58069241796267 32.34273993785956
32.93119178707287 47.899189239775964
71.17023993052062 26.637990252006794
7.044115780489824 35.976204935865795
99.28755630740542 97.11136807879188
61.47656368952512 23.04774773318703
82.32647632349439 73.94503741208393
62.297966000799775 47.036051360335776
12.070216780330888 0.013772157616798175
20.673887338465867 94.1154140973698
2.3052644667284516 76.80379677751594
46.91134954397216 20.774596879581054
95.98028622976555 51.90796890015057
16.575335439714923 60.881872949445714
1.9071665991741815 17.905516228585917
72.30478606950707 87.39569276603109
18.820671706554393 95.48415778747574
35.053481606112214 56.00726581330622
62.61956234763022 41.75519008064676
20.288279232648243 39.102953848083885
82.7219535187562 58.57045061350485
47.86440898379385 16.20603193509642
29.97507629690983 38.381259630213194
37.87202181692653 1.5564396940190406
64.62868416538463 54.70933379134393
73.46958810913766 96.73911777333493
94.64805991888296 58.7093510804511
32.552627104626985 52.94817199855393
48.93472601642983 75.2089633846404
52.860408991895724 20.935545589064276
81.67927221045022 7.778786504452628
92.44548206148797 15.481706131383177
96.8497026338138 47.75353228001753
73.51637376830644 27.541173116047226
8.430371960540239 9.495143847872134
42.41159027178591 0.2698818407111947
75.75506320035106 58.323037858437246
39.21390294285425 97.26420484111091
56.46945855514125 47.65737821385656
50.352423831593555 2.0954743335330317
93.65877410975898 53.03265320718089
61.22372703671528 74.46519418437259
68.24930378978497 43.4730127272092
55.74540215068113 87.21132132608022
61.919840748296465 80.67881040300011
8.084693646673792 43.97973910679074
85.36311288129102 97.10715513709
76.40566325494196 69.96480222923678
58.389268392481085 41.15084524958381
73.53792987785053 33.12146544581714
72.24978509197601 33.99429413494877
82.40530570661318 63.17108591978477
91.28721041298388 66.71455245947291
33.82942204624118 80.3027773843712
73.1463710438689 78.02694648422104
79.23596203114293 88.73093647279096
61.4901149088261 35.33400688699857
20.871847139739664 25.638183690947702
7.011228079704934 96.3845386052408
14.666203940515544 92.55340179487179
21.013810695731607 75.60780988937441
99.92735738137364 81.99453160235201
26.68430540504012 34.53633551571767
7.188690402878106 2.070484520008642
66.36532917005977 64.03414093282113
47.510607800470716 80.63093483406982
55.21317556080594 81.10965352209645
41.05409470123522 25.5248539143903
49.25931653990248 21.63107857334563
8.633354298983997 76.14303054519225
3.2543652938632928 6.6659930469380235
56.84637942469764 42.68306018306915
24.566836392173542 36.43495635349143
49.74881439568253 46.209669712980464
54.88624844850876 14.691324886929657
2.525073425765756 4.219010337265394
90.2865481707661 9.300951385685119
46.903888961842476 14.003573481594934
80.50924717854755 21.32491909196368
50.93039658051328 64.53578546608915
3.229856601690595 31.267956853959156
64.8585273758685 83.90204702837988
39.42848060345598 6.131273309556429
37.694360941529446 24.49013168888856
87.96751779142144 41.54522946401671
37.30175087581882 34.821521169993375
60.343016614409976 14.87565471719805
52.60622757781101 17.18688050082806
2.2328329775717304 90.12381733989952
33.598178944821136 34.89575268945071
18.85610749512161 80.21550502627977
20.154907740220175 78.15283083336652
17.24260754909668 58.84515429339552
93.96774556339409 27.253623128396143
78.84672121037961 17.226652684482268
88.94001171158996 30.46603840334068
40.46111186752768 71.52157381453488
13.749078656024682 75.61261149499077
50.5538585302977 81.90627352676563
40.27030407269907 2.237414677529248
72.45556408801338 50.38329752895947
30.348079220440162 62.28545334143698
81.7660830886566 87.44136001105771
66.09011834505894 62.68057386862142
61.193196753265156 21.606746075428408
56.98641995147926 33.097329433908264
82.92037214820608 99.77461390011257
28.391430878597724 62.08173712056902
88.51842194863875 45.863541360523264
23.48986885579567 5.663445330086203
8.69044165582018 75.68891189486877
92.54974212652327 63.601449853071856
90.88917103128034 84.0086294045253
79.5926565100363 30.656491444071033
26.969059587058773 46.295924360074125
45.53185514030766 88.69920905865716
85.07213109026081 9.200863365714751
9.464821017319313 27.49864604149832
16.388816075789304 46.7688857354019
59.095756084760275 77.63224371663624
87.92076602444294 4.96311574443169
45.080363954383174 20.830708287085887
71.74714903333151 60.47347894872139
51.451815685940815 37.51014796894576
75.94513602320987 49.20520226598737
53.241566303980136 82.24590794156836
95.94105555951413 27.81554500543524
56.06254154410899 55.88128837759672
70.99076770263576 83.66305549187804
33.60124234826958 46.43755351431571
58.13843140323323 77.26727481832576
48.743767881899025 78.0688895681204
44.0593051037645 53.04885751172206
12.913871698462875 93.26615648499559
17.58095062494107 38.09489981783221
48.27798231871352 17.37975849491167
12.566254826806222 48.01524821312988
27.058341576603805 65.52335368971028
15.038548498879889 56.342668257737394
74.6407382938828 41.55836428027118
2.798322933117703 10.350144800196048
53.31647664422694 93.06527466105803
28.654510891248464 93.01943905793752
98.54342474496337 3.8883757354750914
56.25754598024395 11.13056157151371
16.317314693141128 72.5615493319618
24.230884862307956 25.85414599939002
34.04975106826773 30.094388726215637
75.24026392088132 78.2711180805523
78.66046501177482 76.96000004150198
22.697536519624208 17.383236938707114
10.146174053495205 8.040938707526713
86.04418875986785 48.42688835869629
69.31200799874149 52.20513277875456
27.987875336448997 38.554648032669526
40.27025590615063 65.35645018345808
21.186802043105967 68.47711071009441
88.79295104144163 15.841093039529785
70.12650546756689 7.658673440673858
39.81561164714853 43.117153582508095
42.570165838201945 85.98629376381619
21.65285455843302 90.86108152522728
19.342855019633266 31.730457137033795
77.63210521499137 33.16605338698289
95.62712266577647 18.575291139114093
78.43925396556281 74.51488402757762
99.07376536734027 36.745211063390485
23.42847224074276 23.26110511607178
14.875778370146154 56.256514535929725
62.926133255791015 47.383798105078334
87.24489372886744 59.64768256639961
32.66533135549417 82.27158793048655
15.444823115443572 51.62285782747236
76.99266133677882 86.49435168443492
67.8824626177031 64.38728819042248
48.598718116531735 92.31801899655746
12.939340203671446 27.537222687613138
25.24890769975292 29.530881908742824
21.931866240226228 22.11513450078735
11.79201608175784 74.31512633246106
84.28728526940561 30.176852160442525
6.459370727724734 79.10333649473806
28.113531440100957 18.424168840335795
30.37650389824207 16.511692912851174
16.644614721181796 75.38476845787044
36.22908418718058 41.97561405187731
46.88619473799596 41.66013034997198
72.69617520466566 17.401362008873456
59.19635511167445 90.61064305581287
13.972410463380779 78.35492504872705
0.716521557765426 96.86567046577264
0.2218145208209732 73.43923267669604
36.895895715651996 6.163461409578641
51.01075192560713 56.711103346541904
69.2478200379452 66.19648296341762
11.575346951678988 25.9072050978461
83.95757859116313 7.3238407157125485
18.60434698535507 60.88992956304349
35.4555294227425 98.98221022941824
43.51417455861431 27.925540840496744
95.23992465561363 1.1582222276117937
56.788964644018634 38.35494068395371
57.30773511549556 12.517819436633859
53.9228548000354 69.93698419169661
40.92900420457559 25.421858717762746
83.1581762700137 23.23285807522002
28.460007919306562 57.399296479298314
5.532104282473838 32.82598786127846
22.50219704572509 15.553553217718985
10.666038977012239 56.73331820840923
38.7545417938161 34.96693468318115
46.989995878188175 9.82241166222928
59.09353757879521 11.479803379781295
81.87442145085583 3.8647385183734118
68.37101634773104 11.161979737341433
74.09015356907499 43.474909768106016
97.03405924192778 51.7621279823302
81.05662618675397 21.766374148479017
59.38356176971982 67.81350617374389
34.7381123059614 52.8088045120372
42.574815997829376 4.147940054259913
3.820837630733398 37.71624854773228
64.69290846756878 10.8697810782028
78.42175632487536 24.204892785691644
46.67544153705114 47.87837108212274
20.890450182831664 21.939239186344885
76.76073097801306 11.541104896621746
12.201750610910246 46.23921791048564
77.98668989127948 57.89605652568825
40.56724453438581 97.59979296994139
57.06393895850652 88.05096620556567
1.0964351572519737 98.37858488883424
96.515592798461 39.81054218807489
68.00032887136003 93.99224806292933
78.48186910769526 33.47471969820723
15.095842534690917 11.437747103909546
3.4602067297255124 12.370295089103056
6.527383612042037 53.07081195936445
60.90543047214365 31.3696153580479
2.14795448988252 90.20466956431702
73.25532343116745 52.055665444672236
59.72235975045872 29.354279627795133
21.722855681187745 21.272858062400466
62.551843528991526 91.65365678508988
86.66254775499085 27.60868227808524
75.7050769586175 64.48134043610298
98.92645711802197 18.091212472354677
10.270730588423982 81.33840516625497
32.983858212162986 67.98987694595738
28.1175098907797 47.44774049178218
95.99118911785476 82.77737718989061
41.44498770432483 71.13449657755983
82.37270650294168 89.59534651314416
56.418479389468025 34.800632827120296
95.20380087970133 49.55780661917657
28.412955304670895 45.385336427022025
33.28963539750953 17.98570578305634
11.61327947783537 28.442963752139107
46.53806341957429 31.596930417287904
56.52777619143994 92.31524839589436
13.60647330101925 18.684034880651158
39.035410411581985 31.59938344430733
30.579561324626027 15.5897693644647
48.342871983830385 45.56456104804732
16.156072893085117 28.37046830329286
10.563000852548132 81.3716393594048
99.35991834440372 33.402177037173985
71.72925113600384 45.40679752934436
16.108940030961616 24.032884870103864
28.80490604416859 51.69371605458257
97.96293182245009 86.34333968832799
89.57289560079013 96.059072153222
11.472263718572083 80.65311593791114
93.32744542726022 55.80934432113867
36.078731597578575 96.99133530082142
69.64254948418234 56.066863249447785
7.8538595032256575 58.8329615038905
9.297244494269762 20.988179755917557
39.50160249422447 11.396955526170593
48.64616958863968 25.142177862215554
93.97158554007324 87.24551166980343
97.69558679991259 55.63781324242427
81.71993298408944 71.49516579851665
0.9027429758672101 49.418344597122484
82.50781685300959 10.463493099060695
24.421321163512722 52.10855634069398
17.807413607170197 58.42648393222123
97.90424288825403 66.19721305537676
94.76940006393725 81.23469366497005
62.61203645247926 5.7941351223150805
22.679241538403105 36.21866117046893
29.62924398001199 50.799984134693375
51.02611487366233 83.06300520133756
41.82554243610155 25.16510749255705
39.414142375606744 96.06066213599713
79.21371240022349 60.52804557340357
5.695104030171905 10.537610214912707
82.98393606198033 60.50626460968835
15.028541927225515 1.2238607375939958
38.850946627694704 0.09467590303504636
36.0160798329122 66.39688494737683
45.48952127407544 67.63850858761407
31.644511443872148 56.21351905690683
2.4340432276709123 11.272492567422997
50.29016376573141 11.112529759817779
84.72122485402511 75.4066085086686
54.63165074348553 45.000295488346985
46.63678640403002 12.753348305948432
22.88582104561403 64.217615343321
95.71148111281651 16.6351330745635
66.28483574479726 78.88296183801195
47.54034483184266 70.13231130457795
2.823241860165071 86.95787943452014
49.65643181212407 26.54568806970068
18.82989715337471 58.70912620100675
77.93207316811113 47.29895757883283
74.9112047001769 26.18610097942884
80.38894567474173 82.738394803425
3.219440892440417 44.25707709769811
32.03687288382313 84.24309661782333
20.69692657149016 58.737157258103466
12.179480108630303 67.83913924039334
23.820887436512184 22.787745979319585
15.814506201242162 70.11658096771869
34.80969470247746 45.65571131019646
66.9019961116717 50.182556515025276
20.692442953934798 75.11242989440147
5.875328430415783 10.278854713110807
1.7099117630364757 58.64507179945244
21.51690757188447 56.86624551751373
98.8844696052059 30.223725791461796
95.27498414438445 66.03041934230731
52.34036612289237 10.529119035930833
70.6130553624373 27.723128269031918
78.54710617352727 70.49345955993974
28.92077502878343 25.866930278381094
34.23292099905106 38.2225507299041
72.67507585730681 78.90452271235084
80.04094670418351 81.11837349739604
36.08645662693666 52.45025295840586
41.13622439368294 60.99773095131611
35.846501644625484 72.30523681168168
76.5726955561397 9.049753316386733
60.54103662188468 78.22444051202768
15.605832907473548 26.341020771818947
84.16651560321526 55.60529924298414
82.6893990704433 14.276789588543902
37.09291858271633 51.641485907912376
78.85268100677163 78.60743541121332
21.00904471839906 81.11703956340915
49.64852920731222 54.65921967742589
17.89035756097639 61.19877916519945
48.05685601407221 76.3154706675252
92.96545126370457 92.22073974466925
22.649594979149533 4.259550461905892
63.53372768254506 45.514529944840774
47.244506730335246 70.2780990226049
97.90897759807338 60.096546271067865
10.918301512077866 15.73551124872765
77.91724622467548 52.71519425927704
65.50404777538665 66.51387696851899
29.03714428060331 53.15202031834221
1.0245693761613772 88.6297995559159
3.9283018532108915 67.56591204534921
50.106734037925605 81.32596131163947
51.869198641607085 9.968533658436085
62.859155408538726 10.365380587555538
19.870705322035388 42.03558041749893
6.674240512165741 57.713103022793064
86.71728062986013 13.1526501539597
22.77493346815378 67.76791332543807
59.22433046086173 69.49207523728766
9.86174987518087 42.12497631033878
73.45385630613121 54.149724224188574
49.95767525065011 65.63897588479321
10.044216160902874 64.54825586912831
72.60738999526633 91.9729211257889
71.35840975648303 71.36338870898251
89.06434490903425 62.69538686775724
76.37719432653805 11.91441266967348
26.27171535982562 13.406053899235125
23.66026213212775 7.198589194554805
11.249040076785445 9.590749940568987
28.370749560252072 97.2782382840385
83.04097822994324 75.63511056483951
14.217100676988913 30.494226933208846
62.99578909062342 51.14516224843755
31.115101920815324 50.154802174621516
69.03328148221388 77.6871189394735
73.06381438214906 45.136146294031775
7.49468743439119 49.96020972130326
72.30968756235328 66.65650393482518
62.67571686553459 46.96727268275496
73.19145516628194 48.10830527479673
39.50373218256995 23.07046573922793
99.70296633799902 82.72434935635422
47.60097887084931 89.78331725264421
3.486450000504515 32.12130033851406
72.65437451681447 43.25274292393593
18.18159729486426 20.115274351559087
94.99284265442085 25.350262170743786
13.472087667998833 59.27577041560899
11.683489504002488 20.326643980672475
58.42222073882473 37.419044449497974
50.73916009677133 55.54096691320214
89.5634735869373 34.981838422951505
79.20476133041757 96.92552275705033
68.71374451926242 25.666726263836015
13.097835567014094 52.000007632896605
68.6608162995271 93.16059576733062
61.93018800287011 46.15715383962724
87.19967782119828 31.192438864809603
90.48055508669053 77.6701351488349
55.70029595574775 14.26759119821719
38.887754516978255 67.34705422969165
19.446733901591596 51.56631215055165
59.009381242811656 72.26489131281441
34.02701545184239 16.70153165476249
19.49684195642074 33.565254965990434
1.1772109915930473 67.82641822220148
14.780814422952826 2.958197525449302
98.01258590861359 40.44926845976169
37.33726031801501 32.212961509880735
24.423806299794173 3.5175341422538198
60.592019999291715 15.546323241818794
56.037594627671794 9.405475511340011
66.29735958012597 18.783437439614392
30.607187788832956 9.387905933671824
35.33213552194048 7.002446523833594
56.56083578390509 82.69450216139545
7.923623003299141 35.03499403483099
15.400714477219001 37.590622951881244
94.69121779579919 93.01055757767843
77.64942224484457 57.03251135090337
15.738119389039396 50.23256273061945
4.51697367428372 98.26380254915574
56.43837732106913 99.25829721651421
46.54985386752109 2.6181365695075565
10.501200948245803 87.97776383418785
4.217696138151328 96.07714731633072
55.661626738169275 76.70234264200018
57.29026937271324 22.03232962960302
41.17235653925731 28.12802749794343
49.14023169716688 7.045725831094329
31.129814703230394 47.540187073110744
29.685935948027307 37.135870331740996
41.775086122762886 77.88504512436552
82.22060388400547 54.52288410586954
31.05957120797833 62.18456340421221
43.13883285176181 40.79045582989744
85.7948268598005 0.7644335831172411
17.812564519005747 71.12534145193668
26.02599105478456 72.66287688017601
89.02944622959654 94.81430035224976
75.52172814791567 76.79309486335822
86.76970063180977 20.366716525427254
8.943620261778197 52.823358151366406
7.507791665945662 54.94210960490358
94.8461185944992 49.10872691785646
0.0632789546279211 85.41312176822888
33.98599135445757 52.91578158805261
60.61781106035657 97.81986301765096
96.37702818204654 64.81425964258692
4.860241177857438 25.52862313869739
55.6824112550937 85.26571897691053
89.44931003848092 91.05966099918929
51.11249367649542 58.64566405998537
54.57443376046669 33.29627639893103
99.66332176126431 68.92159239177802
63.33935351199309 5.055603651939489
78.49615893201891 54.815983732804874
94.7359130540404 53.18220327137237
25.79355733866371 80.81537040266396
13.942932016931175 19.4463151754219
54.634288965073765 94.72655922205944
72.87920218548949 90.61584036249326
81.1278093040265 86.46598344630947
50.8042041299549 62.134687271221914
89.8229393293352 27.661934168341553
93.19603170372713 38.05444192160545
16.64121045973632 82.64470522392735
93.55875901829349 49.839547200201565
93.88085477153439 41.10632828249394
66.56582243972944 32.632957877980175
58.14867157412387 73.29430078702788
77.29987586556149 86.48006894650567
98.0868677327293 10.987477554225888
97.02345266090302 32.647467237166474
42.206366938868165 76.5066379123495
49.21104189605514 71.4390110226962
15.514398795254225 39.1512993852992
92.65505124146749 7.7663588820148455
39.99957550705917 21.84387427572738
10.07910485305825 6.518576238028273
68.00825580027559 30.977643280518752
68.20695141045378 49.65523483366383
95.35540938218887 62.45010787564491
86.08687678428193 33.095062914553
15.547835266051813 59.080638003729334
16.339199311441988 92.91780174158248
42.28909420198663 88.11177485329257
55.42922316764918 11.984559121519233
98.95068768263009 10.748754638570857
43.56355292897687 4.2529831981531485
79.66299346998318 83.6398706063597
1.7962468169115509 21.49328425227719
47.79987287025167 17.451225779799472
26.143885630260332 10.56613844048524
77.51394357217589 63.35123534172313
21.08088114945921 56.093580668023165
61.169288733872065 82.26504810411748
82.22870221500693 3.7274271809522697
32.60100030139257 35.55847769310918
89.4645458433619 81.9690329697607
94.49770162050362 34.99021147522541
30.433401941919215 14.795769568867367
2.777239277148502 91.80045322059999
18.101624760274127 29.986843601315847
4.400480611378366 35.761109889607965
66.37546558669882 29.280849321683846
20.10871784352628 75.50248135546545
40.88165292080992 35.991254816588736
83.40759111663488 26.313389687604282
23.52372908600795 30.226797996263556
26.31092685321821 57.363505171417174
54.25322022320653 63.46338870419528
15.876226152441863 42.04464497812537
41.60047198447536 33.31567679068708
57.54762117765966 83.16601683135497
30.883655249006114 67.15518197050704
76.1482612398499 90.06696044188669
16.667975718125525 14.391068626384328
10.017167022853336 63.63539880601532
19.573881700764794 35.01052274601988
97.07631503907888 36.16799482658208
73.15407873955179 47.16172063644017
18.98627240234432 97.07764420663028
61.55951288876496 36.200931543639435
21.564841791661628 8.869263251563675
92.49756662765087 97.21211283159026
52.40811445004279 34.32245460530914
19.12743460832962 38.359633786322966
42.27557825409804 2.961549178297629
54.090218440989915 81.73697725554861
53.33006235265205 22.918989309767234
77.6678967191439 12.50890117671808
57.34768002063178 42.294136611362255
31.25907099150953 91.07614394909032
49.32311055541676 39.16144160042512
75.01786721662182 65.2562668282027
78.14810522809414 28.56598935829462
85.99721435550893 84.89134461622969
39.87405533202797 85.82516826191149
80.32690952112527 23.047194870525512
80.91994741636965 70.03196121508965
32.09268680502107 32.225395785509605
64.1277500130936 95.75451876328592
45.6798608948882 63.98079952753945
58.53519154348379 73.65850784676604
11.434689510147766 6.547691393265853
51.265701375242976 55.95757543487547
75.74202679910024 37.28130975063859
22.357662318313775 37.46607728884992
4.056320447456652 7.120547782937781
9.663007264006351 30.873326012323687
19.045678349560436 96.06887940079669
18.059423774411254 25.573767373944523
44.611317334520926 20.33412320833483
35.57776636209704 13.771720651449847
32.96918692228515 84.89384459586921
47.689770178869836 2.946435966785299
64.37631601508895 37.52077471204351
59.585075436889134 12.514028794530052
29.810336938457738 36.04144791259858
55.58122010193281 74.45669747083288
49.78787578725687 84.71165083411243
18.067768171830288 86.7461657781195
3.3517086700429966 68.23887398477369
83.25906212859555 68.9201297827727
13.692099374361488 49.97621926535143
41.49452990009854 52.83943137897893
59.585068333867454 94.18813285585644
9.870675409469886 42.00221961184103
64.34023587417916 6.247141599718065
54.627270574095135 6.112725354382675
93.83790800425353 14.490549514357443
94.99656973446677 47.81464987606094
2.347429308341109 99.38563885461444
63.80583570457541 20.751759425644156
83.41629673844383 97.77174315517476
2.9639475805310456 31.085517808917018
87.38653600277206 83.48029098804327
57.97795877622851 5.431755794833482
35.97455473290747 35.93781682574535
46.93650760756567 35.065546281367396
75.52180365139773 56.50944492539678
37.348873498693976 19.337021852437573
11.281095034752475 94.19970977507835
17.95118435336689 99.03802366784036
78.55442437994775 58.72037017145924
14.737313506920824 93.5986204144928
99.0080391458275 21.135320663805746
66.92430438640112 83.33779356873063
48.08285039053399 81.76031191804856
45.9533764473443 55.524093229443984
49.09836922327593 76.62209375641702
13.57502223830156 25.77674530579792
24.07233204232977 24.863565267893726
38.66455209252937 37.690117512699686
8.467073631470988 54.794982844920746
46.143511294626194 87.48399178529532
30.147850529703703 59.6125047029459
35.367074412643106 12.139987773108917
15.090603482699816 19.34549871973148
37.22601081844152 35.79528180920099
64.1069628912035 37.4410357671638
78.15558777591207 71.89247197885433
18.939755988550154 85.67525576900003
52.36191833024846 2.5292417037228176
48.72897130884346 7.388602067529448
89.08743059848263 75.77738549806736
36.97103024493935 36.605756696299
95.98001964855678 64.01066259531521
46.25587261441802 96.1342396757086
63.6709924940156 74.66711537412765
21.93933157568393 23.743181634528888
67.01052440016144 41.788509921173336
5.929403059037641 40.76736298590311
45.734665290407776 17.984317186326738
29.848601071112224 6.999795388815611
53.91405426501188 4.123166626604968
89.96220842969768 24.248900260005012
99.38540426636746 34.152210806411645
80.1614505881068 86.46220158373721
8.6727550664923 85.74427859471214
59.75399372354382 90.93505926413698
18.628070040596477 91.80089536175684
47.42466060701482 80.34851229033512
84.73914220225129 34.122144492147385
26.774931768642986 88.62565485183791
18.292103321302044 1.5533466961020315
51.50515653694878 59.38508562377933
10.938814560921006 29.567436512943335
83.04437466304877 73.9820037623735
57.21517328373644 84.72023547414267
69.20062165119529 59.235833023603846
17.982517060528778 64.82743084632692
7.419464578494983 72.16237128054344
60.11418068996741 75.3257181038254
18.097779675885704 22.196690010254926
18.7892751064878 59.885789337779684
60.80444497549023 15.721707284704323
62.118568577603114 36.948581655657776
92.5463196114235 75.10091014479417
76.8946239195495 39.84347033497673
29.462140583290306 48.422392187934335
4.419251239292299 7.823906807279268
47.6224659585061 28.416317421142303
38.53494972177247 49.345684305984896
57.82576099437375 84.56472299199196
51.16429933534204 25.918418506022633
59.206451079425236 50.237887051353056
71.8847926148422 23.59762374370078
22.706493490720913 58.827334295332115
39.76230676304564 26.129126223019373
30.335561874325066 48.805227833971074
88.5729799094302 18.571501902852173
31.064001555783683 58.45714047457244
60.36774581793489 95.03334003780107
72.16806753704665 85.92457453017319
85.99526670317232 35.36497974228077
14.801003141190328 29.58886070039517
73.89640767417973 21.42271754936058
45.12692814082486 19.388481871996245
92.53755208403018 10.477346202748583
6.061627417614623 76.95126295354773
67.65942815268859 0.9178711616868895
65.11020721252223 45.1223773346195
73.30584199494432 1.2269619234189788
83.40406454917151 29.360952163118625
7.037595763144 63.02784833236239
13.410426838956946 93.1731543708197
96.86171810741584 23.186014733033723
69.96799377887069 34.769075239582634
7.87715070982129 36.3534875190662
62.13748575485036 63.4918135268165
29.832046637553432 16.12469129439551
1.4397788409357792 46.80012195434169
40.65012652591078 66.18847445602177
91.95784524397482 75.38378421300915
60.53409729349495 85.67850787800622
12.013522289396871 80.85805119889149
96.7813531311333 21.96166716373633
7.246910065341017 48.057930317220965
10.256258351060588 0.015503903314550982
66.42653455924086 79.53816744976281
3.17082997934095 24.830577464179406
27.31757176080358 83.25177307825551
54.36444616082652 61.57251408139848
86.38711223771276 62.549591752062625
11.043378860861353 17.838106015814148
47.015059212884516 43.15813275094551
51.805058075487786 60.519229128652555
81.70422781473488 16.195967799906708
10.359430606556685 78.18851755788221
88.18276791673767 5.442764876303086
0.7851877128197238 39.53630334877689
61.162237674812815 27.82661745525159
52.96681886987531 66.95512595834731
13.879558936395785 19.28419376614572
28.837582622131276 10.888583853277577
83.28070863181904 94.92601232445234
48.357827429826884 41.52797762093916
22.36497331755698 90.72394474591002
69.07109544364141 81.62005100279922
53.08902106114668 87.73302226757644
98.33739475218964 79.17818545543123
62.63609317569663 97.65786678284354
11.285289000793908 48.32683352777316
17.72019926932531 11.615842144672017
79.32802949557025 9.475661280016002
72.02758633492967 80.87693119873956
37.218755744910695 51.153381708882776
66.42688070728455 83.0302635269955
19.750785263045746 40.63704333028573
1.6223026396354978 18.38431960636131
63.36376807539923 74.32855866881707
9.692464877181983 88.5416616761713
79.63325950642258 73.66767246162816
74.70825837858762 87.13027780969978
20.306455813179536 41.95621075908691
57.00905100391551 16.938895956017053
53.40498232430877 72.76300019026853
61.572609913477486 59.630405942157225
95.53758842654729 23.542660152248374
8.366604475608552 49.99032830238954
6.555256267928966 44.93265397976229
2.762646340422714 52.65831275844592
22.976491585454095 47.455063319137714
0.03639335065135363 97.27031306919756
73.82095871948997 80.15968760085642
47.03703517675501 97.8653431104
85.75926599121664 73.03461966050541
93.86299058254761 48.655962008231455
12.450472236237653 98.15348462068323
58.75031985374149 15.472007806765987
33.27000270897569 98.73245366390367
17.773744939197165 4.691074569527909
11.017752488606192 7.920835389628045
2.3260198058014714 81.58017082498228
0.04730091783309298 4.186008141811515
21.14347868511539 58.89775044701118
83.53532092032947 34.18683346174512
18.908007297009767 50.190006335985274
62.51124799814887 74.70175513293489
16.594034813372538 28.9839520174618
91.93534332503168 1.17468113191872
48.46142161569511 52.6633044308638
15.45573940109486 41.063186061004146
72.64362265961162 6.563345698209266
3.242245051482784 38.564265654258215
80.44709226494979 79.03377102355414
32.43319082069793 99.90296185504606
94.10131035199821 67.62188775063534
58.36623384872781 56.29497436951101
