500
1 3
32.91150393079001 67.4273506603637
11.982481905758346 32.64580952311245
96.07363569593441 41.820379628901904
27.640228667220157 19.97032456140493
72.1152785106665 46.04063915433147
87.64435371502195 83.85731535689085
91.32559751142655 18.966456790865927
27.930041297830233 45.67326002875443
58.911179728140354 45.3869308484957
55.036587220435585 53.42476228150834
38.95385033008327 3.239517470250375
5.1301494416342575 2.4261741088431155
15.017003019990494 94.58597554748422
87.97695406896217 6.095462641228444
4.326880379208942 99.62227984151315
24.20700721697362 54.65921941711716
89.339161455206 53.16270948743698
9.581131647352791 98.59467431071842
50.35224728987346 88.27077311073772
71.89593699844774 23.843498361165217
11.99011077296288 29.429346722544203
83.75208833045025 56.90679578806419
12.130059840929675 59.251352968135194
29.240781442112684 2.8743960888913955
98.91407303506273 83.99461567355925
11.117713365613957 41.427967879724115
27.054691265285967 62.44423810346185
35.48442033098831 81.08341977207121
6.4980740678805216 69.16656317151866
87.0303903279027 66.67096246434296
74.6490149721198 94.90214072572354
77.28407303694213 95.32096691734193
10.146195451574647 33.72587785530807
7.842337809714306 81.26760260785663
94.83409130816499 64.63739401363313
2.6540366947816585 49.8364722153088
16.736307156242304 99.57350589129479
73.19488084498904 37.29919818046283
82.8505028424394 85.92711918261105
62.88465032077748 63.63280093146011
52.470468279122095 9.001655192890246
68.3354258721818 2.972047889290841
44.46278704638491 63.37836942546446
1.5877961115545292 78.57108096443423
5.972682565181198 80.38287960605233
5.900442809624873 7.746955122881305
37.30720803028744 50.526803718396685
68.11334018652613 35.90999544431956
12.92485759217481 70.69755021010093
19.308752663553076 76.70112876224691
84.76361002562074 97.02737617453508
61.02745423521174 74.47777377592477
56.456551346294745 12.46929289915013
60.257880444166915 8.681057057163732
95.41789861615115 78.12596975333159
34.566691789259394 12.820912077603964
57.0091094885036 28.98470380306557
55.430146309311866 19.569283849122975
74.95863069379911 72.99936483022309
11.356002737562921 45.00094190067146
29.546267091270572 2.1310577623570914
19.740347065301854 29.46339886446716
46.91292962780744 36.65304816340915
98.36836211885509 39.24573606903521
91.09790361715811 82.04347178945423
60.115969668698966 7.341303268868882
0.5872073028741154 6.534079385857439
96.13356222485659 97.30734502496767
0.7184904579940365 45.00040307868778
71.82215423431151 19.78758866490107
63.88700257017727 65.98456725875337
23.07595641742477 57.33277466910658
10.56692414500584 13.479511637600861
57.28440406556865 52.79878136746661
95.10414259712094 22.70041954110056
26.97763801341171 2.169469664349455
0.5074599555594306 23.011235358063132
61.656312561323844 54.15729526285003
33.97052620984802 40.4234344373068
34.10974341006045 83.13199885289787
34.289710951959165 76.11421628959549
46.9533977429732 58.1908836354601
14.674406837661035 96.24382195272696
58.75033915326735 74.16165452867334
31.94853027537954 73.74825946876862
75.08653447156013 57.91167171528073
46.962852013529876 90.27473247517722
40.34671377055472 31.91892578241575
86.69210793319577 77.26113167529114
77.35420114610632 47.5175528659189
84.37505153334214 10.008166665140529
55.64650745600805 86.74563230637278
27.513730574377316 93.6186413472829
7.537463360330787 98.03740003967887
71.03792461126137 91.66446048657535
68.42443264888006 4.401346583005106
4.323559416506639 0.7169590769259715
35.43805562378319 47.91525210700742
84.82269221500897 63.22467729746166
38.706657108301656 15.66330835404235
50.18287975165645 86.16318214705025
46.7381916734074 39.065059250497924
60.15614853862925 16.723647333803026
16.720162352409538 77.94779920794825
47.90386580600112 85.65135017360194
26.502025444060862 11.965383623006876
92.7229771384385 88.96349505439576
84.55108470055134 88.65268557318471
85.507809383749 57.88334642620394
83.36708349232633 87.51147010950791
13.72829065020522 66.8440787155874
57.46533427062121 52.77540540258083
20.742535334409283 32.34241863869034
93.89793427816448 44.5309059405077
79.61966758372432 9.22970008313284
29.960651764176482 47.76241902073068
51.121026729042065 26.81183375548224
19.37068710400083 5.942879975247828
21.09548181912404 72.29602115861935
95.93449063527808 27.71606076062354
46.733013967001355 8.799722953679613
36.53301400530103 37.74024666039728
59.30131119267759 38.60340937726527
16.622537916542335 51.57565103103614
63.726687189638874 64.28591888477575
41.74284872229401 75.28707343846158
85.56455011132304 2.2124030082476764
88.4140259490688 92.10237613342093
13.83599989858939 55.826338764595796
90.65626543621204 85.59480154645465
15.892143432822126 81.76337715159994
45.699838785242264 18.582219398723044
63.12687007709672 34.55795477100894
80.21220419628857 46.33637090236613
61.992532975278756 80.3566832615892
20.521407813626837 24.085320579843028
25.495900996379596 93.65802635963168
25.131920669525876 79.64107071036442
10.430240007181467 44.64455053558469
11.7948473527121 68.06686180242045
21.125619066717928 14.019284459581582
14.860374335630922 57.289707147298174
40.11782855463662 26.925238071129833
82.23724501612521 28.806093019394762
54.88653475936906 88.06696845027166
6.174797428489609 67.95459747333048
73.10675508476079 80.17624445538239
70.31747183581594 78.66207520347423
80.69475018248768 95.82288660425777
14.93704588950413 10.572280631102426
74.5486633645835 61.7287979255486
13.135971427664007 30.433808959486196
34.157332420737795 85.42813153823651
69.34914423627079 95.70179960953496
49.385892378692866 16.753266907430042
2.759627703086198 11.673773660926123
70.80621477439067 39.349222246600426
43.991659932602104 38.57847113032016
62.12956802329417 57.07033121055323
79.45048079962471 67.48677597129864
21.365992786941355 42.23316303029203
69.61740114350863 97.01528253212064
46.32763536446689 53.10741431401189
78.49773197333828 0.0362408506207057
64.47573558398858 76.3905151374644
6.825316371663104 76.49494639556247
83.82864002889656 50.34444468675772
2.7492425791825204 99.01651715168384
49.28428941267447 76.35902608359626
40.875308534935684 28.419715530570034
66.20147341797818 1.8396943795570442
51.76340660948273 44.56138578457964
21.817273024809957 38.71665970367775
87.01282869499067 47.82372897091178
90.35198484889717 25.62168149315527
48.0358274275245 41.11584381354232
26.892953093008455 30.156185104037412
0.39482604121052756 46.912429844563185
51.72403656889437 18.911792225170764
47.631882560774685 25.994964188335267
98.44383731720153 16.93271005362702
77.66872918646608 47.63010839535298
97.84208873398113 22.126735464279946
85.19652591196152 17.226426759030055
22.451056156521144 57.95946687351847
59.271164731014196 61.50357549104839
23.3702994698173 18.642649689624303
91.15582577230418 50.337531686553994
6.763525109806645 63.91608589288529
20.93433473826498 9.759048547571126
83.8329896162562 64.29359005664135
80.99950257679613 65.19527911606092
61.90416321190981 97.51579509829511
38.372766766551166 40.24345769085191
48.65762675822267 56.40453205136067
82.81298912102255 75.99126024456638
49.2055725081955 93.62312785045155
27.23769687472979 77.35132330776464
58.61212926566286 97.06938893371768
76.76061581725729 35.55295811572423
99.99114853932265 76.23492351515844
56.67392171361569 76.73926544575703
0.9282236404567046 31.067151982836492
89.05276864413685 90.5744731306636
96.52743137578024 8.554301263458463
22.165528676219502 77.7282223099949
38.16936185087272 22.19846166817383
40.00626634108355 62.78075848544338
45.871874584631 50.304568658719994
96.05587194723005 63.63520821776518
67.48318662249517 7.160161312363389
11.951315389902106 11.142518836589787
58.21485394516186 53.41543436553129
44.70701619846269 70.15472100780154
6.094807123502899 19.19731386107366
65.27927898437864 95.43903500542719
76.97257702878201 27.177922298393643
31.464233610836434 97.7375515344772
22.73654750939169 11.979979037022503
29.635421849823373 96.16050236744171
79.28557145791197 73.07521849282163
12.999506376924753 30.669390149863496
46.94618306568212 3.5601439191288664
52.07565483553618 44.79469804307106
45.73623659840871 5.5177220517229175
2.4910919127928643 4.307968558988162
64.12641774600476 15.383125843620737
86.45149195369413 91.27663835269453
88.08173757438213 46.83512933287075
3.867208406347733 64.16172662015656
32.46721805714166 36.13870370090897
63.05736500206835 32.842544135885475
17.019904951507026 35.55097808842085
81.84242268392823 69.18127665778036
80.23643309351158 71.88098329630894
43.342548636021895 26.315619571493
9.156272825450507 93.6116836429284
48.02114124173662 47.31304111258476
58.688921687553176 6.771967546643842
21.161200500821685 6.577199107060316
66.67812007372848 83.9278429148637
67.97762191703089 1.4756811194492014
10.763350979533804 48.44870726245425
37.43483187776641 88.01017820540753
77.56644461351424 24.868154034468404
87.9135364252921 8.198565970874029
54.89617119863905 70.56678247753455
7.962491000058036 31.250561639313656
85.91405632048644 4.64256318134284
78.11868721297171 78.64936279991173
49.09363731325222 12.010860040741012
92.89041146049037 66.7603471449309
84.7997420129544 47.559806045574106
53.17410930666435 36.295109381189384
21.461970255952288 33.96227596677519
78.03591160424675 54.806660315751586
39.45389859275969 84.94960231028325
61.27116942299218 27.139023757703807
78.75658934794836 38.646665761934365
32.31521131737962 2.860919565162723
12.004662701643465 2.3919754143339134
8.261725315436985 92.17758026470442
82.44628492158435 11.376057123250494
76.38706937928725 29.459280545774934
89.83002085964573 17.02888712083297
68.16118554832713 51.75659352631441
16.734438094836722 17.289464914497277
72.01954848004937 54.77043219792137
74.74239778188696 57.82508580383825
91.68796475659508 52.89110965688146
84.01733114401455 12.6384153747082
19.85416135263378 28.26216639568928
40.38265316863034 26.18020497027942
60.80160307866513 86.94832621633721
23.493213200967467 15.996590797847677
52.8901711702332 29.012273971270353
65.88074694651549 34.435416774290516
30.70042128777777 82.344494366344
41.67626860202027 54.89958579549974
33.108566390894964 86.38307451665557
29.73522770505157 15.55773838572765
61.63860230390159 78.26224837880412
87.91423331155805 39.174028188769896
57.86631202539307 20.143981376567787
87.0829563064952 3.5619342821213262
19.18140218141451 86.88078960999704
95.18669764995373 94.49933836012848
66.8941609821885 0.8787655030986663
47.47409320884488 13.305384492661387
47.95867956985143 90.28346634003732
10.770144168162954 62.72458126919857
94.65386985780158 52.15531112804517
37.73271177983655 38.68439912103101
91.47885524185122 32.66631757066965
99.93697627631157 32.50118718580681
51.1637065876801 72.7399033991212
20.20288693541947 83.24551550082838
86.99854624332417 73.57121602393882
82.68243422125717 7.248459482827152
98.38541874426423 86.09746482642096
47.33543139397385 30.617837216586928
2.3880001781408255 86.20472996764204
16.957211938193282 28.203351468438953
11.365725782053238 73.83676036652378
16.241501860917438 42.52890546131083
34.874917724268094 3.9999244279226076
96.44036224274426 72.53506810531518
69.56110093797096 16.161015206289232
58.88181636525043 73.57769315680396
68.46014467974888 11.07657107212152
56.87145253506052 80.68261863414172
72.66864601131499 55.4105290879791
69.97604916966232 39.760757262617716
48.88935391643305 20.834646102032828
14.533328637391207 65.15980123781586
47.72374083023343 19.79857178063835
16.749214129996194 26.01688535095297
10.655753431088488 37.69070953357949
62.5684847659826 98.00771347853319
8.398764688719517 75.22658218529598
33.22338367464204 51.63245605305515
60.88712987720637 70.47876659098414
35.77937690123729 16.528786454718293
25.79386110944304 9.595722648454142
52.586758292721434 85.2837863543296
63.15483914782101 88.40233547319052
32.93413341304976 62.61977374680665
86.04431454757106 68.6699148525493
76.76355832218896 74.22164085538891
74.54185735945018 32.20199936105279
75.1909725575454 32.46562429758675
68.44045337652406 28.321736749341575
72.89796364012402 66.85169609456345
75.82714519145104 79.84520606188656
31.077458451296547 45.03847805965921
20.31106132127025 48.08644396340964
50.717072887412186 32.17870845911517
83.88684256723549 31.803655058289838
7.932156038028015 27.60413461780511
45.57656228914875 2.892974220526412
83.29128466315079 66.63156123056524
75.62585907230508 76.1019098647074
92.43137324422312 71.94810084512875
53.71187037135099 54.32415499003238
50.07663519667946 70.74113860832445
97.43468888496005 81.27038870793382
85.9092944385176 69.06948081044895
48.85176715048589 58.25399541934826
83.20554919202708 89.85379536302405
41.04139562985794 36.52159682798115
88.78703936851244 9.72166167915567
75.18926945515352 77.11303239789495
13.86697411195521 51.40912095031658
25.216657580828674 17.977032603474008
83.1863987946979 77.34760298017767
40.980405494637395 8.849496851563421
34.1447957543666 31.87344543460786
18.65995074066815 93.96824699471671
4.074694741839102 93.39516605664939
34.46734544947307 56.77491503319367
64.38077749877178 26.51197598871251
10.530606763892347 89.46749553263761
53.477702377731774 78.29122722299479
23.846470027372302 7.386920826876264
28.701784631744175 40.481851211596265
79.72075083786838 86.67568557970984
64.87554491100967 91.79323650510585
41.57410924203055 61.45880984157645
50.98432802596642 92.36487034660956
1.3343702145729441 33.38572136651299
94.64224142994962 3.3375421198016175
0.4995152003466785 76.88119007401282
39.940582677327626 62.195796412873335
92.35579555986533 30.09292590320307
28.04968174058193 87.30162856971337
55.12700430360509 61.044933147610166
36.52210846808832 7.787609456480937
0.6382757199717704 97.3507013390754
79.27061527582558 26.89905528112899
72.90903184127946 15.117440445911058
85.97907652772614 54.07302577242987
5.514173982246273 53.981235699789764
45.611582307868744 21.901937283387916
78.9844981643648 25.03739364512636
55.296843802253214 29.565413531748174
56.068502551358115 8.934869807729084
34.161975886869996 39.08386028215985
80.16919644781693 45.65241993620488
59.12051213478162 2.720281158560023
75.10080862821059 48.46355819086485
76.75346729998876 67.44291736800211
66.26307020755395 11.570481108381635
8.268996981943921 93.71247961574969
53.65433643766144 79.75888479720639
22.087444765235563 54.863196986389596
77.86426579899643 1.277582034605329
92.75828307398784 2.854056288364215
67.66256979779122 32.11187821617123
18.49806404978882 0.7770728070136679
98.39723080984561 3.1297512393709592
50.4937120622831 52.792705198508315
82.32806294667954 92.30231191894269
79.79424671601603 48.7931689023543
73.1719958065916 96.38416299049086
19.64369111810276 22.365922512807536
34.6467352212132 37.63211841098697
94.33790659961593 46.32302011564033
15.395282352365335 70.63081389124963
50.18197241523972 50.94509384927939
30.47384717860333 64.54794170105018
77.66569129730098 57.95025572370649
82.28872922234626 81.38084554291744
4.148155673675924 42.20642652498845
68.44998103923454 76.08052462608528
60.78348724019689 17.418246469168853
69.4578235558727 16.719117191471632
55.11194183885595 28.387717627455466
24.717798980672324 11.618681764689477
14.718977024827385 4.669320664695253
12.114287065667707 28.804748873253196
86.76743536544384 23.59698885089092
79.56611445291517 50.28623144935545
17.418710911641245 4.017558717136138
39.819026915702096 74.621759945225
41.35061417906876 86.70216067086179
60.01737232484161 20.79278200156822
60.82065193148345 37.69004727523419
10.116446587336348 49.23282931868309
19.683916594818875 51.82843501149832
33.4322854332431 13.208389428975554
48.109028006460534 6.847941188687501
52.60930599856142 31.92280487452388
90.500705225167 41.476865367245175
10.731752468814793 92.78354876444892
98.08736310275248 63.72299306407066
76.59767316478083 23.95480317765566
45.95868296909966 73.39956774752532
79.00717553708321 93.00709864201492
61.31295435693242 54.14721612863895
39.394384556763114 81.04794075361212
26.433893076341718 7.02876117792588
12.832865415933137 93.76160993556574
97.41775333109308 70.42954672537138
25.34991798741595 87.87131241850427
80.85492174054696 41.79468504102093
85.30642527798182 66.15426577910935
59.45247079080487 20.534068725849064
24.815888317200674 17.609535203298464
44.008171107671416 36.655420254411176
27.587677661093004 36.804603110618174
83.39390016385362 25.80336356914057
61.17707607472833 29.63209100606854
24.02652953672999 59.78503862088513
61.018814186020556 32.726518231404064
28.089582617404464 65.07260763635836
23.327072752073597 5.347271521731911
50.23157079163347 11.759650852201432
44.25976937599159 98.89707771608451
55.067518009827054 51.07009852487228
44.687275574019104 53.62511963243546
5.78393400712971 28.381489399343394
90.36132674723862 34.84518556836604
40.794375483643485 89.59912659620642
33.90197009172724 44.799043413410104
47.0676380551516 37.27907776674066
36.436890640773086 60.94638068229506
45.51453523353095 9.354532517010794
5.05975088386772 75.73347214781639
87.5854503287983 26.903719482494125
68.74230234619326 63.94814785562477
74.74126330751372 56.00962911036329
41.340260786683935 98.4482305068914
23.432287420278918 77.13497944941467
43.43395615822534 0.13435770962078042
63.159476366628354 13.108901091723268
33.09773900258044 24.69936982032779
84.9920334735871 1.9334489543258337
48.059926827297694 1.5085394002976482
39.48986494158766 85.78049857387839
98.69871123788239 58.34954237853316
85.53810190779201 2.6255834859051363
29.347514796026108 50.33106621759362
69.85915772261184 62.295263885426834
92.48251369803468 42.294900737999775
9.417741839823247 69.81255606273689
53.79380412789274 59.48908987324526
28.53780545511382 35.76643778215405
57.3180924222928 55.31015548392495
0.8064624053390368 3.7927104673387557
90.41989970041293 21.944315450666394
3.750424812222053 31.887342826626863
68.28383426145415 77.15187647853486
36.23442504239458 51.40017128860159
77.4617972503348 20.772826423666334
41.29647392172635 74.57050392749571
40.50222309447904 32.260533372590494
11.373797007557563 49.677087027801534
85.24942789082182 26.214704072398142
22.996155165646126 68.71870891376595
84.81166847021773 16.056330590572276
