100
1 3
36.59517756076609 55.32392000913309
62.76698099433473 8.153385080735243
69.21071504584788 47.8200255008433
47.74669187615057 64.23612111685885
73.97981682417543 20.623081403017785
20.413383107777562 22.850685739365396
56.270649963248246 79.26443087995456
53.972870946585694 57.98679118498116
31.476817545558422 85.77349642358392
59.91641649305832 56.997367387078455
94.22073607718406 91.51265073331305
1.614086578766205 98.76953517950975
71.65835422975005 80.91239694736234
23.103343531420585 42.19003325302288
79.84815837608743 29.92597877723604
71.32933221527347 71.52695521960797
87.43387367284245 90.14700884798201
99.60621897492301 99.51687061412665
82.46808568132657 18.480828756853818
40.43213508346304 3.62828317192474
22.333619177737795 27.74967843359317
36.66111416885447 17.642817510207998
20.673823566088558 68.91410518663025
23.020619043431225 65.04247828783181
38.90016139123973 65.73945836922577
20.514768130562366 96.73473976093231
89.00095376776025 44.7057656261858
75.67611852625316 20.87378901833299
10.35302377572227 13.308315073087606
48.20409658037364 95.95023964164034
33.881266903545246 36.33335031629461
63.64016073992524 24.78850060426101
71.87228505992607 46.71684171286778
71.00296305771808 19.109869346239684
90.18078407430907 44.13275754298196
1.1581500933891986 53.56152432470645
38.0814706500757 23.667733047907944
69.32489501014263 81.60082549306071
10.839297421817417 29.68631661062744
77.43663441413358 38.267123082519404
95.93666290390266 6.356642735322859
55.32080391543459 66.66120560842953
50.966433040003125 27.457797563677566
83.78354235037115 95.8841974985044
77.46403981482682 73.46377816382663
45.705778646992925 32.86491601253183
2.1278283625042915 24.796529665634214
51.156588912300926 18.464790239532782
21.07112997367313 18.056476945481805
22.476640682820694 93.9204463593889
16.280217069090508 29.12431105046016
96.36657494291889 75.35234256574232
82.20999563757698 49.67637501271631
25.420913501046428 79.79151705541084
92.27265135191548 76.9117798566951
0.38198435589318347 6.578165713106787
74.61164184634468 85.12941380060764
48.69216898375961 31.557644135959183
46.63041881250267 35.24561984741901
5.555378670146305 86.75318098031065
88.37926217157049 83.48323782906222
6.98357433153165 89.29916577116941
5.088752926630091 76.22564201370014
31.790826343318336 35.59048234406597
18.71221292144911 37.710812990854926
20.077029876099783 81.99773653065104
6.279385968323559 19.56799850027362
32.935036787307624 62.04871396385039
98.9183770504117 20.639734067763893
48.05606094723165 17.0784870797821
44.81901714709646 25.754067822060534
11.47372818969501 91.53767525947558
87.50069306543796 84.80250333158999
45.023409500878955 33.09525500097572
82.34967394814296 13.463110707281611
77.14321245461508 41.80716982793975
28.40149521601967 16.00971405461702
62.665704444549775 95.03046040215106
35.27284277154583 76.26073302171208
49.96279010611833 93.57119615260683
16.681756869158406 61.08530692056855
9.016424891362206 34.37245953921839
1.5237451900641963 7.851781032672056
90.75204052815857 30.54607571768859
65.5974627502635 68.61729240894047
65.13301327573625 66.76765523126811
33.09669267748476 76.57658739137743
80.35871203483349 8.527014222423258
35.58940597151019 82.27387771950664
43.41032432114555 16.991075373021914
80.22149309473394 55.2624413401841
45.207886977528176 50.74602683107634
9.794705746597776 18.243768131804416
11.74051201678974 19.979359098668038
54.37587347379767 0.7196692885651501
62.177989552292324 13.726776883608395
42.57253356610544 88.40547039268051
22.222004376690975 21.56656113280293
42.271323738422886 96.01742606294177
29.836814413856327 28.484230341873552
