450
1 3
70.1226334030155 69.39051424321046
26.88661030933619 46.677427451726025
34.90572674164936 98.11696389223476
12.658500231701119 1.2278383977341267
71.79612546860213 20.77538234394689
50.21226065750173 38.82305903858021
27.01736637094736 15.605421749375736
43.209811825582904 21.5017919382015
42.70410441469892 4.150178413014904
45.99604046670267 13.275760748183973
78.50972472632995 8.58991859910947
1.7112774805347453 86.69332571743146
70.5214542156705 70.46070103325685
55.51334551381311 74.40322845086244
11.905895644575558 59.280253787118966
97.77729052418995 81.36015687533676
90.47812227969601 19.492411827999323
0.697280587826965 83.2312522157234
55.16840524611819 73.65889697709478
11.675068760271557 62.029973930363134
60.72491270728009 60.253131097965685
79.6221646214963 5.977498730831199
89.56323567765381 42.83548374307378
7.765445531430459 54.85949221802413
87.54249052786824 8.689955156804242
11.922923443078792 10.632553135827605
17.868975824791033 57.191543547000975
70.644800486215 79.69978760516345
46.990648263088055 43.319056444647394
94.37330556588341 41.49400949165536
45.673093988248056 75.73292501216358
94.29775350204996 84.70570138096298
67.01575553595418 33.41320540094688
4.6493515591226275 8.699039266127762
49.05880893871624 47.54579500678293
32.52464830205106 29.757915097507983
36.649841227911 20.392560465138352
48.960709478106246 79.19837746037442
77.05600326345412 25.56551501851243
35.30425540976858 32.29854925673601
96.46594267397148 78.89947446145507
47.59536022642563 56.81994783543634
34.246456546005064 17.7911472043365
99.68617126186692 54.749747417637366
15.25093689185637 34.160491041268884
42.706779279473835 79.75168377351565
51.85835279779225 32.906559218502075
1.0976228125120002 19.82532328065418
12.153848568213753 33.02397564443687
9.744150913768035 84.53996143127699
31.432237029184474 11.973149423244077
3.4533270156961393 62.62754932842649
9.07515078529757 10.561294713280178
72.1553426193444 95.07222459426066
73.21799498159025 17.512116041682635
70.31691815270543 13.14865747466687
27.98875733931272 82.77318492429
92.75016027270924 43.925790786242615
8.639906817542853 81.0510575128792
99.87787697661108 40.162696360556936
35.49673777230326 15.692703134736718
74.15558662129918 77.79998204690762
12.080003000863293 14.876471711438644
29.529187465293695 44.46737104654475
1.9698074246690789 64.06854416464635
50.861961635929376 56.28780841298608
16.738664973791728 96.82606367123935
53.6465963245474 33.358605648838456
7.569165722137816 31.87286918116772
4.051187311725646 74.96166650376396
49.965807656408586 50.2747437243714
20.804289499613994 29.97521247659889
9.188624696988047 25.542756001333355
19.180022583904808 65.52075893423137
94.74747806930144 87.33707027914173
0.9018396642476834 13.611379651359012
90.24809305183454 41.240983473330004
72.7224323855298 56.30688195143107
65.3352305471665 20.65053311513667
31.383552311641118 19.789200555026355
11.62241412995122 4.71214476566264
66.38802550995999 44.65292290019871
91.59629332038968 80.66143712972891
39.19836731875641 53.85788982578248
42.531257743339815 4.175504803710894
84.8339789474424 90.47451989790893
82.85573010321465 57.09362424910971
95.90352611288331 29.9195264901136
90.1777298205375 37.68637911767443
84.70638885168584 53.10133562480803
47.97687908918387 6.381937494901813
47.660658573764756 22.811229151348034
36.91962062762533 1.545688745552165
38.99379709310167 45.0372060240285
38.3379501333937 57.81131283100829
60.748887989355495 77.34765538379654
23.788126757127138 26.713903649828396
26.69997252264298 36.32931764615024
28.065859549425287 33.3412182398775
42.22567839697253 34.54094747217917
20.796571303310472 35.80336800072672
30.1909576556318 60.98718972120949
40.75893619601496 60.93995484355934
99.90521138704355 37.185232087193484
15.368038004870321 32.72235583072926
13.626842697843067 57.795283570806255
77.76844260015115 78.94747612131808
41.143364647407644 91.08296369989537
12.334137059222217 51.72305553936547
5.192840462598203 39.68255057671677
61.189325368896405 97.44882331557288
15.714458870922954 47.995337501646354
3.7474253555176418 39.39239695472301
86.00569157939772 61.20055829233391
8.202083681587325 88.10595440968574
85.25597919756065 72.81865504028511
11.898897370406104 49.19248866339847
55.279651385907805 63.384512290149345
16.77383652226945 59.53935599838196
16.71389097418947 32.04700413300004
4.463885156393355 35.84312954683102
68.43065418056476 15.168272701706087
10.113676189830944 88.00335098259393
6.294944878415465 35.22477296081461
71.91518729964366 86.63974004450708
8.042064137336746 4.011035460227386
75.12079827744462 17.92797430323263
7.659449961846665 68.86413731784202
33.67009222052235 93.88155090821999
4.996014429800044 64.55622851642579
92.4023001731921 61.88628025415066
86.30456433783911 98.36584449185783
17.111534015211017 83.71215495859212
17.556124463947054 31.13047471612933
62.95642170101745 8.817061765538735
71.55885388261507 86.46660574009893
93.16562044880767 2.4523566958871257
58.53333048059446 85.2258450788128
85.32936886017947 17.770858829621993
24.585900129107486 89.40946406864911
72.12384393675266 27.821181499869716
61.3841916108504 47.240551996279414
85.95543308497156 40.822106485511945
44.051525202894105 70.55786558956356
79.94146634796566 92.84547308719566
7.775377856945642 78.35474552833799
30.471871421656573 49.87809749842751
73.15245199683514 75.41223151699505
60.57685562556916 43.715168257329
39.95972617642416 43.82304834471549
28.02884610621408 7.234213429207359
15.501015468217938 13.025700345869918
5.094175824890024 17.917504373457206
85.24030905972046 68.88465072900792
13.348212875067645 41.86728489250169
5.55285337345528 78.26339280777515
49.856209082762604 50.40641167132305
93.73606354578412 78.69676751873267
35.54035034941929 56.933219853810904
43.30472645202528 42.542027331841716
93.7307292783492 78.18877771320078
93.15603216417041 10.988272903649854
95.38646116040108 5.450014195600028
14.684547441196028 64.20447113498359
90.4394216988884 33.42056515087797
15.663298312702278 98.82029329545563
72.26377930928156 28.27703447004284
14.254907892261382 65.03416345563977
93.78278241994977 41.16375188856958
56.22259991913694 28.55467194186925
87.51646639990116 73.52354875669178
13.931239949553431 81.80314949898595
71.92502355894639 37.362399222610996
3.6850155863486833 72.29483945442965
84.93094059744315 72.96215306528093
37.20746747047961 0.4418797949510722
83.51414109331377 53.052558822338504
91.56692617426043 59.98621427537625
64.89106327106961 26.623123478752973
21.792223985470226 92.94445937600358
93.37566757338578 4.646792847606962
99.3975967268509 21.695323285925696
93.96191005948853 15.186367686815405
97.06920983924252 45.183376826363556
27.673694971944897 29.042945851574075
85.17980754975429 18.341547855884734
21.98551191329374 49.64843677989139
89.82652385975544 86.43532685862625
13.620035401561337 58.400102767856524
4.123452871328759 35.87092643044758
37.00440703015255 89.34937069982618
63.74360827679568 82.90066191660341
34.066990968736796 30.830959727781824
79.341394226186 40.838294181094795
33.340962635756455 33.22246391327999
3.165668892309581 6.600541189728393
21.71436156093012 60.91172613060585
36.851127666887386 62.74546120868825
40.15936481640543 37.298892858934884
7.347019270464017 14.386301935954116
36.53457713112993 72.38318729997238
69.5744242067899 44.307591246284005
50.43732780883807 44.74129949375225
34.800370137347535 38.37044863899168
35.19684903742111 38.39330751056333
94.28259799401688 15.80933242079412
26.696324465904176 1.8893098133696773
51.93685303836493 20.481460238247486
89.87348723819373 38.22624297380295
30.27647438555594 27.32217154844596
7.753619813832691 25.468516922118624
52.90575513352025 77.90437149147067
74.68185791536179 9.032883137316784
77.17673270352539 44.14470557792334
67.64590369575451 32.923244804043875
82.61358867597914 5.035743203758436
59.727098864505464 4.290584997497171
25.840547942311698 76.65646838967164
98.55884131917053 51.079200544887925
23.578175856357888 73.04567429933779
94.39100160771987 24.87423489372782
98.76246692351852 19.61393005529748
74.59851295432252 98.45775157402971
58.59919083120193 77.2376206284533
28.770811664746443 59.800026774650306
37.23141101647811 38.60048062700534
93.23672434363613 13.451659915367497
7.647534249080201 76.17750848037939
98.63657190000352 38.90766828314012
19.899114710082742 10.823554263718439
5.5928871186152085 91.31388560291465
75.52701912587321 93.55389400500789
6.436793675156349 9.15012846147485
28.293368632843794 1.482699669369869
26.459116946781023 20.154483004893176
87.99537692246699 43.727069495377165
35.6794365001883 43.77382644061094
0.49004103538388133 85.76942769738652
95.59324494852812 18.22964492853596
4.864321948163686 0.9927300376758375
49.411882569026865 67.16302661199313
97.43915294010468 70.67632022351569
90.48759733657367 92.95516456798087
21.00536819902956 3.392558969831816
3.761913864586086 27.242098801345737
19.65442180917327 64.53308995709754
47.59638721788366 57.439792443442684
6.438868805357489 39.592420302189765
6.920830125495558 25.52719263122323
28.561120011731077 54.6512738335762
59.948832733848725 32.596455799382575
74.84600191222313 22.202450903740733
68.57522264720292 84.4502584929798
5.163442810482799 13.055296198064713
37.47935729012109 53.69880997263514
10.172731950863856 16.314821614447194
46.46840943270121 46.04785601003864
83.04039948414427 49.96821678535102
92.35573538219283 61.73635529539479
70.99727687572552 2.9122471979593056
66.66730623729751 55.3530111359164
71.48142367821376 42.9480271422606
59.462431496072995 49.32728389817376
32.691321633629464 4.539950638271617
40.81967061614564 62.57974529845256
55.210900750451856 17.90951930207354
63.54993921524712 21.87658337395222
87.60311541075747 21.940791845348052
49.43683999703345 17.953979727686864
70.22077662940245 92.5997295878342
8.09031445685422 35.86433607784236
82.2348590491772 64.83383917110292
79.12023862757391 18.10694150452692
62.40811525854981 34.651472267104324
35.964977071339234 60.07430641750982
92.74679576604639 39.790748636110166
92.43379329875711 94.9913669770176
6.677295000526606 80.01247434248286
12.14127769704727 42.961171589540406
25.24753469534382 27.667352310568294
93.66849643636002 55.41313187508783
28.10713424586464 87.04877167707635
21.870442360671593 91.23190618211395
66.06601001026829 45.09311824819415
77.14495801342838 46.73553932090657
99.74544164378113 98.74437536953494
56.336570717205056 37.67267171560993
11.247054347616992 87.3291628419401
35.84565482198592 51.871036470058705
15.50399151925006 55.42363405659536
54.810348057169044 99.69341986716063
42.90600193631191 98.49682709096457
13.992911737389369 68.94260087773252
14.566008224496718 55.83489709831506
13.780379163557699 19.33914098604179
26.2380956421411 60.534873985611256
27.40258492939036 63.482395305843056
67.23612312677147 72.42553199069972
71.22672059892858 97.6039129630411
32.05465214256127 50.07561474761844
62.423680433136575 85.74780506694728
17.391885272728146 80.89599182567333
11.89534164898005 13.207194976537018
84.65559518862669 11.431969124364416
93.78807761628474 81.92271996696574
42.427916107086006 15.465423337815931
93.31268632020004 27.032062927773982
18.678159133812123 96.03918178607577
96.51812410466319 2.2668123796570017
51.27483097274572 7.4714933670102734
45.99553784688211 19.385647601867607
17.308377665532614 48.19180522523192
21.42361645913431 60.143880931605075
26.864187986499388 55.72722235361278
51.74946676860224 1.6485988843055965
92.30539472395817 21.43011662765497
32.604099119643834 17.46570880259315
43.80223558426479 9.754553400689758
17.743487014547576 27.95808759847873
28.909814350959696 43.2449191943953
2.4527265485902783 95.95576724632022
85.87262448272651 40.24735192626845
99.52638202608107 69.99216183811366
67.11630099193992 15.185397783064314
90.17737157405334 51.490978695682884
22.395449236360697 78.00474872426327
0.144113011353042 16.536153230658023
92.92076327031754 25.12349725349039
82.9982304290615 35.095969045493234
41.87953353671927 71.8095082905998
49.80954635180146 73.19124621297473
98.60499013146851 40.108100333855305
35.39073878808958 78.14799487164117
94.29515105624023 17.32622554095249
12.971712566847614 55.049529366709415
56.43423433213795 39.32400846756754
35.03141454716881 51.482013502036054
42.48924385394221 29.207017992696805
16.361646202411674 29.73015536430552
23.317154119301044 93.68765252596651
85.76110009469599 26.401027421491396
26.375259614938162 32.78083033751707
52.171114326435976 71.60101102596461
8.832188875182844 92.30294261342004
71.89146602174606 8.911026369506402
33.699361317466916 37.87350557084066
84.21979698046256 47.3205267168201
73.83473328867724 82.85632638402542
85.54754386665174 58.74785387216883
96.26915205106982 36.639280379481185
8.602370474360278 70.33991747486108
99.48560075812718 49.307397565088664
2.82747512709407 40.68707767988198
75.04064846149656 97.38078532777298
82.01595444738547 90.91023894111001
3.3849518787258726 37.00351829693682
62.760702355955075 13.428825696171698
28.65805534938042 75.27001528471816
60.945177046390064 26.47759310757816
5.191281294114747 17.095811327897593
43.79860533989375 78.79968990475645
82.24125933208322 42.18510810180651
27.54285344892522 60.76707806472002
17.664718543099035 41.61675339422
22.475822155982115 99.43189963450163
38.76261219962478 62.12248793632522
8.581062321990252 45.19614208866394
3.686814444864739 4.549948038297447
69.9645357149717 6.160515085118057
4.876288278597607 77.78303368501804
51.851876282896406 47.854311949432685
82.29043929490012 39.5497020911761
7.991343369582515 4.960946088276819
59.58758510011539 95.72529510339807
33.756002319257725 0.7243301565571292
9.552613076253746 12.68005409760653
29.533956226649714 90.7194897221007
53.786608233724834 19.66021072586448
33.090341130984854 34.063432321290186
57.934160525552734 66.85306240584794
53.60775970443801 77.55308423908933
27.919559609590095 31.723255563461407
54.221399564910186 65.30966180307776
48.2663164548826 41.0378352819877
34.18460425138614 4.528591908402069
55.05472687097404 10.324734824035486
26.4688526591492 49.23188302251709
80.30616083599438 78.94956034920237
29.88179929640351 12.807760723871775
66.71382327135437 79.04529103944
94.05296920338347 70.88735887248403
20.3799010285735 70.18016075637428
59.346944429467506 48.456411724534185
36.92873525255032 25.251345045828977
35.54617959991098 67.57069222621708
4.787337935883662 11.469446529562033
82.11482315637582 15.160618178495566
3.512184851294742 6.147700504667442
54.71471337982623 86.85444329424459
95.39171639206805 73.6692932837696
13.826571243576424 95.02507082483052
10.956180906296865 92.01216554494931
3.898900160549079 75.77130363082287
42.28554002189562 12.908963058507727
22.730658123171388 44.56508216302637
59.79771747255251 51.806646351681486
56.72514734914014 65.16130305925752
10.502188308672867 55.7326897328454
86.12466200362721 93.64792062320171
45.907792067542786 26.646557287830408
86.08367484861306 66.02587168289922
68.94225666018974 79.67252803703784
89.49186713614992 90.29806097935831
32.19177168434955 1.085961086153242
56.7480472469269 62.14857689736355
9.154468965650642 59.166745796939544
11.435118803503187 79.5282374334485
21.979350529642083 59.351756468996484
33.13741111677455 58.67826672196878
95.00571188133328 4.649130974208715
49.99608299662399 74.02368810884485
52.85605797186723 36.316243794261304
1.2466323444764171 32.25994943700914
7.082413692281153 63.84828332114083
99.69680605508955 42.13878069768906
8.92110500627885 72.05035823928448
39.06054524895626 86.56847549087034
9.028364659744014 50.47371745958982
58.50479085140077 49.3071485437367
17.17020921062924 31.322056442784607
78.74804544561538 37.76230109327634
73.87024525986085 91.88279228472484
0.7400668381091435 2.766927879980008
17.086326995734 16.86422799668663
29.563652309195753 41.28982432069792
87.91248468752681 38.5762374606166
95.21103777362913 97.72629474865411
62.448759949950784 81.44725325337009
88.34895025261382 78.54663859969342
72.00948355996766 58.234212502294284
23.60447999418429 29.275541596576172
47.62617968846499 32.97908831615102
4.068342649357004 11.7899998874895
90.32009878674249 57.432234181744015
42.41387506030869 78.16584141640621
30.51218924290613 77.20762955182391
32.67954074000927 26.70725734709267
79.26230873889554 6.217881558836047
84.94404726742111 56.97679064754628
59.81875930936616 55.50359800602136
