590
1 3
92.73943070497725 95.72774137972941
70.190264115235 65.1792329482768
53.942530775474374 10.620363457740645
72.87616808358162 31.165510661091254
68.04467930300461 33.63349205890997
40.17056402715185 63.69358522014594
56.084291724100254 18.20235136540036
27.593427879121247 97.56746419908178
55.98258192761525 7.081977949645424
16.94611177599956 48.215667598888515
90.60670765443362 23.43179608682835
78.9470008961364 93.2248160783361
42.77422564619342 43.21778972220709
34.89718650883846 39.6629705198071
70.59384452642297 13.005977069577668
7.309654448014924 95.39867785098085
33.50517624248204 60.686682567980846
70.60512893733248 56.863065214676126
20.15254707883136 7.594452261953899
83.21927784163074 11.5639978766795
77.74757413744095 27.755159301581678
56.99423071032277 88.71800191867707
96.94221291130943 27.302880818324503
87.51756726635618 67.92594854427058
52.57634690849571 77.93310430502827
38.354351065719186 75.62931660368876
13.921065152801116 91.67330486175483
12.838851864005907 64.42419196060571
20.14768759641754 40.282748205345634
65.58455305404651 51.98690426187109
60.988440679139224 19.146133965187516
73.47070839864091 37.25627482028771
34.76218767027388 8.642532857948249
75.82998476371185 87.28314789045272
16.00881362835198 29.690025085775694
81.36540255276054 60.621896057233556
35.05043998910071 79.62450515302272
11.630494767060306 67.00114606586706
89.96541584339661 68.69103037345727
74.04563802205797 11.346160239387281
35.758500078738265 61.5295145550224
27.362660112902336 0.23124822413012058
24.281586161967205 34.70359350404919
17.41728542573595 48.3361603706489
35.028154325809105 88.27634098883375
15.227981269696823 49.703206688249566
95.99766252306286 68.94747178776028
89.58916996170703 47.13535637541695
46.11107684755773 23.45786629033921
32.985706757444724 63.01918115333647
92.03138423392959 75.48594026658513
35.1977590778789 65.2113954248085
47.23968268445211 42.547708589752496
83.03065403449594 57.72039679757084
55.69993880999047 58.479133923989934
96.40239775184278 16.087980877554653
28.858549685304236 32.67698400837229
80.24109883918436 7.724916605251031
91.57163992617672 45.85962710767642
9.56500350856475 92.71610981115452
5.453375963301843 47.46957430715093
77.64691807908804 55.06553359676616
70.74985306615153 49.292726320782606
26.187473590550447 10.326805202686206
95.51549892243645 85.75628218420393
66.59672960634981 47.75676157683526
30.281120200674994 32.92680782627828
33.732563569573394 51.04045896804963
94.45103829707224 42.29470404358242
91.11577683717609 49.13477540594027
20.832843131604626 47.41443063868609
87.10230426706525 76.92642709406532
3.9355768653396073 5.515897181952001
53.81896493596998 4.969977325202457
47.26113516488948 61.20605778457151
42.60497987707321 71.71064119404171
54.328417952717764 85.18033817388601
13.1955397953325 57.65024520255939
28.115903366800744 24.229490469974646
92.68292238538618 13.101862001719834
25.51860464562683 97.78309386630045
42.84229741827157 93.82450891901324
4.6477850825717315 46.389818130615865
83.35309972433456 7.455858633862378
98.4738118999657 72.83280185207536
51.41572885124772 6.522150023499296
82.42635857841658 30.020074497960426
20.485574419378572 45.817232994771096
43.24112058453991 81.29957262895284
79.56195150810382 14.256579831616524
34.22035654836 49.91792095191838
48.46418876677143 87.02665461312165
46.57274100873386 49.41162637575695
64.8801788008842 56.19922800632766
58.70001622377012 47.98205023987514
3.2857233091933447 2.001492623618506
35.647460297046464 20.247243556830718
54.54903682198311 68.49035829556705
79.55339495634605 16.50652319280841
9.981181798254468 40.301902788611166
58.013077907277875 25.884374226425333
90.81982566696458 90.15504830883359
77.7763285813484 30.234595858185067
60.69567555581932 33.575501972321156
71.10359361724178 58.786736523017915
87.97728854139244 3.255552017860963
51.71875822829277 73.20259444221493
20.459498301904986 33.99423166241795
27.869467361288702 51.4592202810306
41.89676076762201 93.52054617533912
81.3631007014516 28.862269304871724
10.113386541505843 81.83606292895531
60.490309727952194 92.93175977389194
86.66123997225492 71.09697326208202
7.099744721410084 1.377547786867539
63.427795727677136 72.74181699574567
13.495528156059367 66.03309982501952
85.57425201232545 35.64736857192503
55.489526280040955 45.31442751362202
66.82194118926499 70.63622804813517
67.13700366077349 9.698843243308009
74.36519611313098 35.7169030114588
10.974372058845416 68.39663983444844
47.82466357993855 50.35683706478626
69.10470432703588 98.69003589660734
51.17262146039647 86.93981255928902
90.47023328173786 43.67302415944256
49.826063181927104 13.769791871496873
25.087959128648052 4.27469838613217
51.93581886870877 14.288259599551424
5.384040688909852 63.98093152956983
2.798285644025267 99.58127986674211
30.58192491392342 17.73519066613205
13.913854290927352 84.00271352892929
59.13738503300448 67.47100951989616
41.850637620104926 97.30386593485996
23.24538854883653 33.53228125710268
57.11175082235567 97.53169083107778
45.275838216143406 27.94655605085421
49.683569712455444 44.084362238619136
2.7247058706338256 13.062293189460839
73.59798240445052 51.28090366041835
50.23333980279381 72.52523315674888
99.59062325937072 23.152430220027952
92.5274908151599 23.65104671504461
23.102465780855287 53.45055772179579
64.70843420659176 25.397025592053744
81.10846513008671 84.42847078592442
2.5401142896124496 91.34354442781579
1.2546715128134878 99.9973023090866
58.2183525513688 70.56380987754748
88.24216898126926 17.34307350402169
67.46939043351101 79.5607565497336
50.25770400625693 48.849796101126785
46.61088545078527 97.97000684106862
79.29106215738616 96.80042032297058
77.87064445799076 17.043160559570115
88.00738673885564 23.599046142725033
14.071067280133809 2.0229292147414313
65.09595266158104 59.32622841363653
52.934775579297245 0.44726086017983224
84.29644142533645 27.44776772277817
90.35999768416613 83.4862116442868
76.71174852601888 38.40569872976465
15.318784874150237 53.77175016630786
10.058219388330848 86.23309481306059
2.530940233722956 9.296805318353796
51.77494226890174 62.957705054091505
0.1443862070369839 54.653714989964676
95.1989305377104 86.28169776630304
57.63909399569573 71.65011809174561
43.758309585450746 97.62177897590453
13.123706509527967 96.14458534519284
13.484667596332024 75.1344181364483
56.661815625739955 60.19824179164932
85.26067324135673 41.21268513317729
61.92383401588128 51.39801438385114
38.64779454919647 19.602876112342592
1.5684398254804277 18.06263709363154
13.488797085282034 38.44771556937512
14.592059417534099 31.073780052956113
86.52512308693277 82.95333701338711
91.94364438332386 29.110217077556257
39.55776462629095 73.3313849557244
64.607976485488 4.275233974448978
47.3662348616511 56.5430184894697
81.26284466772506 24.39050559765521
89.31529343915902 75.63118485146603
40.286119454415314 54.641260747550355
12.22964564398703 61.85576358622929
69.34623619649915 63.4027316922331
50.230941507596796 7.951553074965867
53.65701793236428 10.165602292486863
67.54905305033706 80.91035414903409
91.05824910588865 69.28352122692263
87.98242998896994 81.23583370659387
27.52536922179103 61.66676517931518
73.69968239170923 85.5901907311849
17.83764520195481 11.358645551787738
47.92137253388646 60.349007032395384
58.49530635194824 28.608315536344463
46.33771745438287 97.90074320316013
22.116992874231588 82.44629805473139
95.29390234947431 92.39662816997429
48.456790341923494 42.983663198583066
48.80661673612834 64.10997364996243
9.657963315572381 33.00913552344931
49.17581445748838 1.4831058994328794
36.892763645272254 59.8799319940718
51.58509751732221 68.67498139469895
25.865587559273216 74.91792333276857
40.854554392441564 16.773371338121954
54.57001759213453 45.572625272621806
4.773424143597582 87.49031419810048
23.491152735634824 53.45731045870845
49.90442440432028 47.45277420434826
93.7271414706832 67.6891375897531
40.60090955647606 88.49645132420518
14.4434992746983 35.43274047022291
22.069704617992226 25.11581527031188
42.21407820339975 91.17687159498371
66.60471897667122 46.84132942693857
82.26598307107056 19.859869247598795
60.76920523374258 39.06365801065217
95.19511090601527 89.55684771165619
10.143059189874393 52.52656100363111
33.62776167292212 43.79525352232776
24.883673069128665 2.8954711459031834
23.237312957619437 64.67488722284138
80.71944705338137 23.154288983668447
86.10977946698111 35.026601547619585
22.87402697844161 41.092084336158344
25.850583880450007 95.82198496806159
28.967772938053127 4.041451129517215
69.53048074636303 63.00078012207202
34.09216663775161 3.6840589749135955
78.90212512174924 75.00409052716638
59.49409562033885 45.42258155322716
20.56894004955565 14.235950713003675
29.286443911233096 75.55274038176123
67.88867203204806 42.04329940971445
36.155709994873966 59.39043819360763
13.413419452839692 88.4150069576427
54.577524397572574 91.25734853176573
61.280431268313905 22.046480529572676
85.54770890157018 12.752570607927382
81.24147063570784 14.909213653878917
92.25396259985868 41.2300603956284
13.646135954618298 38.31220164080618
72.02259743543529 40.071443261696004
60.53882962846018 14.770132026900828
17.782026750375124 62.18673719687617
1.5395064339171594 26.05698294720562
85.65777953793152 87.70258632701548
94.48641196823435 89.22328161282462
52.315314261766055 49.5663260589158
39.605462067457694 82.84897553483725
82.09945143403085 30.532882064202592
59.36750005539895 81.73011367659704
32.88175478008624 31.93412711141519
92.78135638208602 57.774562864932896
30.242079278206567 86.80945605303852
0.9310885703827987 95.34154327666538
45.72733812318586 25.961829883800846
70.0644564765681 80.45398625439671
64.29204448634344 16.19326952798472
47.994190714302306 51.502386516316314
25.791740397930685 49.74784518234259
5.656128452087206 18.50953991801132
46.48979267395863 1.4832831493613252
33.626827129142534 98.50007476275448
23.59915234926193 73.85510118288536
34.30842093848852 4.2925645534474866
58.39307568626193 37.854879005840594
67.63938121897691 31.29985826528703
97.75097793965645 17.169091999566465
67.20271583356234 25.750523707295226
9.503603596431143 42.55277078845663
86.06806095497672 57.38188249023706
1.3560909273915067 34.458593843123595
63.83595551822439 66.98395567516668
35.47749932979492 75.05323365433416
9.940370871168923 65.10857910078207
81.95340565580116 13.339426944766132
18.406634294904922 86.26760147417119
20.960645834960022 45.16623186984632
60.206774984840415 49.572203467011676
68.02011839299027 89.55748057075958
43.27995661237287 22.380744071485225
33.27894410713992 1.8723217267160974
54.94585788352595 53.702675239906014
3.220736793558099 45.18688926393448
58.432580114876444 50.047885797619315
5.514998150263839 31.50133054235942
35.196624953448506 36.808132505466304
33.85941700615589 6.972540833905261
33.33653404684283 48.38666218659395
99.86207734477199 8.171266899340646
66.69980158334434 49.4685500325047
33.63229635756318 11.769242438474992
32.23136507937943 85.91863420357575
37.36880071717541 81.6692765520836
89.37852235039887 71.07380362990412
70.7471428666221 91.68015258186293
10.414977052019614 86.73819188595138
83.07568157731637 62.33218001089511
34.955245596795194 73.49171459894283
80.74420188559598 4.1882965154031115
28.413439747795934 35.89449672628924
14.089399711646644 21.46210093481946
58.215616929161776 85.40439560667971
43.41515985166207 0.8309125283373797
42.20408866360472 1.8494155306956195
42.22099431891178 72.99924770748973
34.68939222003886 68.58194315452913
51.12738819945779 17.255171997201145
16.045571063701548 91.66415380698989
15.408333408659036 67.69975500520296
60.299985037908186 4.318803785922998
20.33132903773156 51.90891541841223
72.10294282508605 10.1533184988154
21.50462995229956 81.58865773224775
22.98535924581071 24.97525913842784
62.70588343871222 51.9809841633174
34.69639366456505 72.09377126072889
72.64064147960237 59.7337870947402
31.502338318447908 69.24267879319595
97.4947866536877 40.92126663393751
97.36052539721989 7.10007429083217
95.79856950898504 29.579717307332267
20.667958017336186 86.89731661224434
67.91565065259577 85.58280631677361
46.30730309350262 22.96645463196696
9.589263584431528 33.39715812293957
9.757329638575673 54.413224399202505
86.89180400496383 18.34769043715143
60.27010158341106 30.170887728396334
57.88847374113433 67.61274372142402
27.770815680598538 82.93547144205588
94.74007313682303 89.8305802986741
33.84213357807597 4.875112009656979
69.51483041147486 40.46257548953152
12.98507368791022 97.73864595860282
77.02530336397288 9.769567539447932
39.07328606966472 41.126805565891566
68.67799550986122 1.4334233648683359
40.315636031569554 9.149773321499666
7.418737316071167 43.747323304758325
26.167789316380485 71.63033181658093
62.30344906277945 22.00868787184609
98.92877872674575 20.986151826568978
6.147826401512413 37.18837098149199
99.92748734320416 59.63796693792065
97.69694995774225 67.47083463549674
75.75142285608642 29.09002229403783
2.7727875592933993 98.88621458432895
80.50586306738441 27.811492474320467
93.33528584756768 71.12067052815104
44.33124807892908 93.95658738643829
90.39275258006994 95.09861827547186
7.06563732522425 37.86811963843859
8.00833202272091 75.33890969398
19.720993881517668 78.85683171112643
55.40418420709714 3.751258164075688
73.37670250596584 19.553762646278415
38.3454490139272 29.88344375001151
82.98320883264236 91.5841084875169
61.65000529408362 13.14484310727635
2.158942894696292 96.74389197258975
28.36992797932043 89.43370188184365
57.25447133392394 75.56704729454573
79.33573783054474 61.979057828788896
51.655559231278446 78.28794853447715
45.96160589791553 57.28878440540672
92.45415440866343 18.56397698646235
51.239947976449216 3.9511422178741595
4.0255388426670535 51.550357238084366
72.88448089292501 80.22945760517544
21.732036971275683 64.75904966509324
58.15610108022309 42.012259692278505
36.25170167702792 4.182215217509011
13.458661869554156 81.17748158804345
56.239737062582115 21.521183583421056
51.621198416893456 6.552055206908491
59.824517414629106 2.6589759054551187
71.10538954848131 64.68945008531458
97.11828497874035 6.728809287081683
8.480576265886675 50.0514700808538
72.4162801200426 81.36999807645502
53.526889073048146 37.30056051736241
43.015604607336776 39.940474931305104
59.224756161402816 63.625834824604134
96.06382851568766 50.436378696697545
95.1928434676748 51.59850650862181
12.648780858785958 24.390112120693665
29.12061685893088 44.55808967047557
11.297713020717715 82.01165488325626
84.38975045383212 21.714468101299712
31.61708443745974 15.725264707460052
16.10597474879207 13.833710235432717
41.362560579767774 40.544800101156085
53.539696958627815 91.29051741191505
62.19334170792487 92.35291267527597
39.015413786911424 16.520791539912683
47.07229330253495 47.5149368109667
51.38474411663485 29.94727916675015
67.08612989145647 44.484573236797445
38.092974291778226 95.47615513890347
71.84074639473998 8.303375647585675
97.19200359523302 2.0054100491209814
89.54395888605835 63.6438856155962
79.55847975948649 70.06786446047106
62.47193492511079 91.1675215536587
8.508116919065678 96.98721297435671
33.623354593029894 79.10939625837318
24.540613878296114 56.26104857640084
49.40648556240781 55.529692800836905
85.51053053236919 11.327103237326263
16.554959838083903 26.63083017471508
76.68680389545864 28.435928021591895
18.32944683292792 81.23020999782513
67.23687955994077 93.7149693866155
46.016661017846026 58.53536954088061
69.60221693740016 7.256114562677296
12.072581633333401 27.61185331025231
92.52280870204244 11.152932566364493
89.82538476075861 82.84552057992418
77.16760420187616 30.394933383017154
91.76266740062576 27.60848347931255
85.21761566981722 51.95541368263541
21.272157789819058 80.88843033052602
25.421081945797 82.89160928007726
69.87181270206257 3.618628020671877
70.18571779022629 2.825368773328174
79.95352978344086 38.12881953915499
84.95072564823639 9.32065536357516
44.06428977507459 16.72852435002463
14.714022173103892 95.28513089426731
7.55729607908362 20.81344676435368
16.81151314835636 74.50591365057898
99.67272104034166 97.34036434062358
22.18713160123402 97.04879367329728
44.876346609240734 54.09879625025646
91.55201254617258 61.93305203033468
81.85453338570812 8.474416490724291
68.48105094562487 7.457295304202161
60.12452308073577 58.20474054811833
61.64878833894791 15.748739645817045
99.2781663837154 76.73237577665387
53.644109913521085 13.649643229669305
21.823268923351314 9.148591561452779
15.562782054168434 50.65738468104579
92.41654199970107 12.622911749355502
92.82175957151696 71.48285549480002
62.67805457855744 23.92203126869157
42.70658459953081 5.216180798834902
73.32070154772971 77.25200193970907
46.187984155679864 65.5631798944835
62.03127351925741 7.581348307517177
81.73243265500882 59.106370320784166
3.853191778140319 59.8031078447399
17.894660159487998 68.55071824707481
13.306046628721301 75.5711987441706
24.264678748246872 88.66759154535745
70.80742105146543 47.506887332073774
65.18912066042144 17.47628453040859
3.7688793280137745 41.338038423083304
75.05886131370497 49.61137592407538
13.70029622409814 21.78274180079054
26.527906386441824 81.5804703168685
49.58083335242405 14.754200152891904
57.60020505406489 55.692299113291185
28.083073923715894 77.73671306365428
71.86974737698391 50.13454428656641
31.80108227103673 88.04670661692289
33.61795520175062 27.86277249281264
37.2541612309585 43.48847908743163
38.96564300816288 89.47629561740473
16.007484957524664 42.87576670913287
54.122036308575176 10.270671602463665
1.663682679820333 17.30680169963348
88.04319240867267 54.61219800301866
85.35118403217629 17.120922731315382
85.38493138180026 67.72016685643278
49.173369907815754 52.44268329565283
89.54192595408976 36.29393970906174
69.58951568020899 99.27447536732652
5.966557270920192 79.12019772671471
28.62736239166619 97.63600574537341
53.69503365190236 33.82782454506514
59.39305118331013 41.502468146217275
72.83235460040744 6.155512726705603
28.757948515102406 86.29442934881332
25.55601488200121 35.57434636897807
75.28519221504986 51.68367625081296
20.264533616590285 25.939451561885264
0.1219470655216437 12.052826884340796
39.833613410726954 51.95018385063117
43.4632365131979 76.42764420333772
80.52538076715055 38.10925133625054
99.97469719521985 64.92239460082997
9.74092285411925 9.5981893848891
62.81451054700524 59.59371763990109
9.032666396409361 64.01484995553793
11.597813855249296 44.70806589540351
86.73359149419343 25.059410107511383
11.947930292956489 61.34773884279867
79.5796156327625 47.15459141023042
74.04421790826268 95.33589263169392
52.22757024139195 14.024730597861712
82.14086273435841 33.10582326480991
17.904631262045513 62.25661096831918
34.594760013737336 84.45953633548409
37.96704001149136 17.042979010317126
97.20972230164386 48.6066879522699
42.932288197839206 97.76771399459932
68.86924449021237 2.356269159735991
79.84379164026313 26.20878027963571
75.48492739364316 98.78296371938573
71.31695049500253 11.60842980798147
71.72617386562014 56.61650075823663
19.05468949266247 52.4881819222498
94.68722373771405 25.449184668301772
56.36486553403548 48.6926088400508
23.736852173306833 6.646096504563648
34.13271704833802 51.40975702615185
95.46445699532346 46.29899364336401
0.3829790866077598 65.72230377120457
74.77683576801562 40.43893952145103
10.678346271154094 10.343938423767106
64.14583801878833 36.73582792177659
77.324603062167 75.60857257893976
60.13294307724839 83.70123697011849
73.52639774209695 95.71759225997492
39.282125350757944 15.54330927134786
33.29530550531974 40.69861443030829
38.42037326196406 78.24856203866331
4.564561698291936 49.06664711557487
19.066215157211452 74.52663850188142
52.837617060150556 14.964749245320363
86.51293431098122 17.41610674491183
58.16231609855369 71.94629320281662
25.054806927482854 27.46460910085613
69.53359389811003 33.315694702251534
48.03464670622481 14.683501751263584
95.70208142391286 68.02209031591511
52.34027608883447 29.605375440776903
38.39482142125834 30.400353258480163
50.38155220438681 22.62686946144772
1.564025549977699 45.956601717466626
24.846143598605597 53.11321051852924
99.209111044533 40.39772385112246
77.18066456696873 49.085085268029836
3.785359323376758 29.80191385050681
6.420345500605618 89.02109024726363
48.29686846855934 26.245194683470373
88.44865842750995 38.72455783697113
57.180853433275594 68.1505673721483
56.931351337932945 61.76456853638024
18.064794879701516 63.476244381190305
54.255668200850884 11.76231177043421
74.82830102650597 59.26405434523474
94.57276097064786 72.28622438254185
98.02895428547305 51.602599277931425
14.659057568885192 5.0533565791163415
21.699625493723197 11.316690146323038
1.824255924666307 31.463124590537774
73.80997752970887 0.7932836938546295
65.12534622864663 49.13720710805796
12.30197112221989 3.896545617155178
25.197308174534562 42.810527035171496
99.15579602705091 64.93752115817266
60.20512623032395 14.895541873007168
49.29919095539306 76.47537076788117
37.47854909914692 76.43391457360116
49.27780179844572 91.40905017419895
68.899719804169 33.24986003492205
73.0950212852192 7.981793118323277
7.616044267405475 45.843225784972596
94.86549512375382 1.2121027740319867
73.16091239675254 99.10560163136928
94.58534591107401 52.11371711696153
42.45241467603162 23.39508233350127
15.373228011328788 1.7042091159781725
75.74228979685384 27.458321691395703
12.712575119704361 86.42028177184653
62.90479397822188 80.5262769052284
48.489227380289556 97.17549419859499
51.93556253110933 59.55658627746867
89.99913581283836 99.71068612562388
