110
1 3
31.84888135869588 74.56262907552149
15.672905610764909 25.62174405519102
31.91837444855794 13.258549417442511
70.04440312345102 38.14161225941424
17.149200651380813 3.969111677781223
70.57224208160603 22.229336761975716
12.054453742873928 48.9000506198646
58.236174003460725 20.623932661916534
33.414590393257384 45.04161325800209
81.79481137755675 44.49976830869471
34.20963778948789 94.20749004558364
65.37233375145443 44.89446244782638
73.03204369829481 32.92093458194809
25.59650170059349 93.34161615610488
57.01439731271951 12.82765277743021
29.828413638220887 42.21990617593099
65.35469716745455 5.785565351997057
44.84799333214524 80.94349079785958
66.83579190360203 5.107402559639929
86.08147619564457 74.10452993679965
3.0443836086871734 64.35712375433944
78.55387289290515 8.05834850977103
63.42500438215646 1.2511646556951472
97.28727603843328 4.772959228622464
93.63067376146275 85.38396020153397
91.12982308322397 62.30360660003933
2.498624548678463 57.55448019872915
68.07761815302322 13.893256922156327
31.6330170653252 66.84565874080963
65.79617694259754 91.90940818052853
39.952237645619974 2.392714726674239
98.21963649761392 19.354616324830644
45.82523267942631 13.984318664713303
10.35568437137111 38.66741518037835
0.1800999121106983 65.61403253412925
57.082377773385716 77.86559867188127
54.78444930745747 21.516457264945977
27.43576538954504 37.66954887860854
2.3024184411096327 91.34986251928459
87.31348851955659 96.31741629773182
56.78989738077893 42.84357881515377
82.09644684961125 67.98469295425245
49.48082735282675 84.65267572344845
74.32467756024961 47.08515294733824
91.93954551221921 55.992987179387235
86.06560272512883 7.182625804252796
66.285828964423 73.68557107163952
77.32885301840786 20.286852894523122
75.16174012511587 84.6577365637175
34.9596740731654 78.20665576397576
67.49312062471418 45.34352374216009
64.62912404202244 61.15049427200352
19.862724982883194 74.41840243932441
9.854460926466068 13.74560109168117
50.37026090349086 46.46708803895989
11.585146666972502 93.21430979748808
65.76531362558475 45.34913723121361
31.778587016564707 16.223359828724604
25.102930468639073 46.12462275123921
70.5739286886864 77.52534821155447
34.864336598549286 88.26585802600135
84.56315833126556 5.270801314389928
91.65350672889636 33.55683499428792
28.123896809636296 17.09080317657252
39.65052365608581 25.754680179276292
91.4313695908287 12.08973051197293
74.02329821104242 97.41820822498775
9.338935368504897 66.58882467342129
34.86924124620141 25.398683658743202
77.55053389413504 28.415267450835067
72.06702352677088 86.38979873904145
55.45471252234675 70.50856386448807
54.470584925810094 96.11735033730255
16.527805995187794 62.74067012571738
32.101096136265724 44.210719249119165
32.59657943921541 37.41290697441253
49.91703368918537 12.411500632809314
94.28489980528963 96.60614965310326
11.641153459710218 55.37607554478321
33.634233983674086 23.624045891026046
41.49531232181081 81.02230319224499
37.43472965708803 70.22158773844576
67.57025599051147 88.23793423745983
33.37457722566488 88.27913153330194
48.05802111806925 88.75246319783227
77.19945096764387 5.5311455485348215
9.750846989088302 68.61599010587626
41.91422981047162 97.98519594619226
99.54786838813024 98.29996658200399
54.54458685559387 14.253067430291955
42.706729825511935 83.70389097830268
67.97843841243065 7.2982539951691905
60.574991943013345 7.545607078706706
65.22908420232305 31.532556767506104
73.95364090485752 77.50324443060686
5.005790112649278 26.424846018317673
59.38652921494663 33.526152426253766
94.17234832868984 55.18191782745472
97.91946214187361 44.154973311769474
5.149669423676473 99.34209131084697
86.23497884867434 84.46758164481223
6.006381160008423 13.06712715215783
27.7518402990204 68.49852690538654
79.13031107284168 39.28351212419905
94.92458346474682 59.41812878272608
43.94700707306147 21.218975487553227
4.448769944117981 13.90903807906787
36.209806412185856 42.61563702129565
98.93806509856525 51.828745282014154
83.82205074967173 99.89264013934125
