490
1 3
57.152388862502804 99.79389269107565
30.632750090792737 95.9291087034838
43.91449362323916 28.537959511472465
85.96906945610554 96.8570960210194
45.1445774670602 35.77182180880902
17.223539877879013 47.4042846245057
63.77953316166762 89.4308292065763
49.516695238542255 50.0168946890821
33.920197628259174 21.737162835875235
34.61393296195479 28.066868774079357
20.470398418148527 6.519699177166682
8.565690860675712 46.52215124560462
35.83953568084741 58.53433587719299
32.979991357143625 76.74148520432955
49.71612694760861 67.78481893240593
16.77762460656553 69.14119380216897
47.21822722157538 33.26149883317737
68.01353368062478 57.53400852169976
17.676648799283456 50.75451708668353
11.685322851561185 66.8719125186084
26.682405083311387 66.55402327393323
27.902385473177603 86.03653698577583
46.08065565150068 60.07498004548584
87.70341225573755 86.76473095171107
56.34499655168766 49.98842963456791
71.32928117920154 25.979350722566853
95.2123209768925 91.89675006013995
15.184140657431167 82.18059480917353
64.15946095811569 85.62595277253526
72.47623581324616 70.00621515022813
43.80450320776161 43.75029060465037
39.790832122798456 20.912671615063672
46.9931411532408 22.913360675757467
55.033785036376216 74.20974766970727
4.648671430160212 82.16619904287627
35.99248350599784 16.311403273814552
11.822120942478008 26.024870533409562
37.07077287456002 20.91444141321808
64.0572566252875 38.804364639122404
67.33920800114834 2.602435625307997
27.945655486736687 26.631675278321666
75.59893300397242 21.099318340813088
80.60710184101072 25.03631146230707
13.079340947138007 39.47999946188978
6.744455232470958 36.05203417850129
12.622190599291505 9.413823857408342
44.67768639468168 49.84076380136382
9.066400015336962 51.30336894734751
9.203659192284452 83.44994101235403
20.262662461542913 0.6007750827824676
37.498466211273595 33.26563678213075
66.78235321407293 56.57901503279466
62.82482259998068 90.9752339515835
70.12837495572231 36.375461018008835
39.42677703007267 72.3915919194475
63.42597206981742 71.07518832221811
77.52164486216373 27.68633850813682
83.5132753421223 21.457585444167137
73.23728444783421 68.56935443169827
72.89017194288452 94.63825463321054
48.0492191174618 93.06860587487363
53.10999838342872 23.803982158353932
91.7671697947454 27.35699281851316
62.668877187818836 47.46682102894637
37.57538367828674 77.84370482230638
41.916521690042785 59.10006403903005
65.85342582295452 81.52507265226355
62.906974195356405 37.64251256491926
42.35280649148552 84.97593708212796
43.214826633466345 86.67313906015706
74.70280534747249 50.72123030627858
41.57350040499372 8.238977351100374
28.75973458678427 94.36012843032238
89.9975209505237 76.19742933328062
89.51422719965227 47.740661087847805
46.40319789728882 3.870119059916699
81.72060576804408 12.894226468314173
67.81595860044585 40.96818349361626
53.63706334101532 81.2425965897472
38.096052912839774 30.270378188719715
8.834189033941819 90.55206885600909
79.84011332086499 54.294927181279775
51.17720227870486 58.701407688019614
95.62052736099633 67.20352366005586
24.408625677799623 40.33950945617113
98.10711768186017 13.879893675695065
5.363621383532702 43.759013316619374
11.03448013006223 70.46055896783766
21.485530832255193 47.58439879330818
65.82008006056732 33.62458745656405
33.13119754433909 94.10549705757785
0.8400823358146292 24.427655507809988
9.64083929642845 82.5196087595804
62.81037001881082 81.17455609108832
92.28741025857185 65.64293506180661
3.7296093003643227 9.773281901830511
34.79643189158077 95.8503059609407
51.22412556356946 23.596317364981978
49.241630811948276 84.44319545045343
6.080519918729577 74.07485805317715
95.82367499615414 98.64250215098802
62.29938454897515 49.507279580955824
20.254196380831104 29.82754951451918
65.89602017265214 74.21006539665036
34.85617327562795 60.13271913646969
17.833757019897647 38.56032011812673
59.64948242731647 86.59579597314682
77.34474826417002 92.60907484955155
23.797848727842652 15.33878197259224
37.443845812576846 94.48903122089772
65.73107681997847 7.539858507169761
6.786060516636394 14.201197670175493
31.537345695182537 62.713341493392115
28.23474392727363 19.637972799181625
64.2305285030756 91.53738119267769
68.56933055525462 39.65557574166214
4.066759875697534 19.105982553831335
64.83917486287099 32.247928674075354
32.74436831756162 36.82829474323243
99.62408069975844 2.3008556495120125
4.604602006835612 50.915076178154315
63.90970719560176 55.74042719836121
30.966241403255435 46.67504462249248
22.33229315058707 91.61483484611881
46.82312475647912 27.605416479935883
94.98967654475759 26.492202108460393
56.41794185038076 8.563625713229396
68.11271905008137 54.57282134594272
41.20624456428097 6.889570823131774
1.7358002259223904 68.0169075445005
64.05372462980459 22.648967494539242
68.02551215610795 69.49377650297967
24.328448235330093 17.27144848598552
67.01855709855973 79.32340845927524
26.153473043311926 70.70774252718725
52.7850585484035 82.446382648919
0.20523172801145684 35.44399253914943
83.70087337524825 22.58746913458316
13.278505356645653 93.1279484543176
51.15132413188726 79.3758849951965
62.09397181032501 31.256473618801305
86.79601804762831 83.25211252443583
16.8343075432664 40.368267744967554
43.418828680058155 17.557601145096612
42.84202744006096 7.25287782137598
40.35290253729937 76.83523386763716
22.50168116351108 29.77085822100949
49.534520417034656 94.23744904824115
44.59209072111037 19.875716296997826
68.03184780467049 32.61494559568363
7.973562826757963 12.531662058953486
39.40267967986901 89.28742270181868
10.504796592662323 19.694739801057736
23.69642766921556 77.4072001408086
19.01728188154401 99.34382057931424
73.14847278974916 15.7802123054966
32.81504199305889 49.673054414925424
19.66812053536269 59.8994597577325
12.103238308294294 92.76878733982441
0.03154816917183556 53.62149781723107
39.29922812375788 24.845296428266515
68.76785649001671 97.02936212558015
39.017353646081474 93.92954095136727
79.91386557640168 56.48608511526785
49.83513479951167 95.64812411805099
20.127299087558235 53.52805379214291
23.591536305161508 13.632191748998812
87.36829109991208 52.30015713870115
54.64774809029791 99.81248998141479
5.437027587488807 13.565839158929904
54.59925750253953 7.772254980385296
29.675088003028716 97.9676253759395
23.41662668462905 74.60133260634481
93.95748049364914 50.141372675769524
43.74742850013283 29.084579163470003
27.415570328644833 84.5220038543532
53.99131659582326 52.508145829831896
93.15334452010298 5.909068761694347
1.4322478706581876 66.40039855583169
25.73866045881974 20.188679081969617
50.41466798731544 25.610087288822527
89.53814676378484 40.435777853698255
99.94299326229614 38.75387547437326
77.02424413703103 98.17784346624043
39.618393761181636 52.79062989207812
37.40609622336242 44.908789412164694
75.62760629181038 66.7649625518943
55.3274669466173 69.79225563813802
92.7332174860412 42.22120720358713
99.99797776975419 63.812874426127884
73.07748010015843 82.42984952160737
4.645488146214549 93.98191448260471
56.47043565305234 53.27063169933373
92.93475687385504 60.29110371147996
97.45343878933714 60.450463972912004
82.3657388046696 47.49523417443107
97.22933176984876 50.55348072258339
33.85328080280172 3.1001297673237227
70.84462213589495 62.74718390686309
5.157921498839624 96.50553562093009
58.41638525054347 87.69905145479271
40.94793895513911 42.00599167118231
19.510819491882692 19.873575988489822
16.26211388572574 90.8667892604166
36.76035766454739 11.337569899138455
14.79605526440757 86.39078123790644
6.937248385010242 31.790623147216902
0.24114891103346192 73.29612469643007
87.29486657775692 42.778715407111825
24.30745590725827 73.26296754072517
69.12230888298066 49.521235098859215
87.29711432876992 46.11611061140706
86.90606030423022 78.28213373757798
62.37055793601984 80.56569273638962
99.5989837667792 0.26506730671294054
45.67046758592062 5.286852475308179
46.886815520533446 66.2582575749167
10.669073359095682 35.41931697307259
64.64437995405316 3.121666752197738
90.24878820593216 94.20453490778438
95.62555819048634 49.84647543388514
71.29881551675669 32.1201829186871
0.8543461155811505 31.049247449692487
75.42142254872013 23.00408588065286
12.702567524289865 82.22031917153174
68.95311514078124 35.67692864767184
49.01360126929995 24.757056123548193
37.01174338686359 20.059313080640507
74.37639986111861 81.35355383168552
28.788841028245905 82.44433771059458
42.26160504986402 60.04029745895434
69.48258836434518 97.53989861680373
33.80282834467969 70.15398518986376
70.3639526974576 74.4181236286279
83.93901467354736 87.30809099391689
28.164406539689146 14.48966327329857
39.30004548392581 17.886365138070516
20.346436381327937 63.15243997449333
36.79244644427724 69.96030338991636
61.67767025862199 5.4754052924420815
98.28454337159474 75.02135526099778
49.85131496693831 8.778293120265035
40.778166685460505 95.95370109625078
83.29717899308989 73.70027140654591
76.84781848552133 61.65943088376409
30.72266656439173 54.98140580944655
56.33433679234721 29.40217286784861
45.24889285206424 59.44411567684138
13.213631054093057 33.24786201142509
88.94092780524045 78.59793922690343
39.25319422015385 8.817265188239753
48.67195262764974 89.05823098376811
64.33343359650854 1.6288919505936805
53.463079972713935 1.6211320046638056
41.80500640153249 48.29186843471041
72.30222689054291 98.97903679895974
7.255818830357774 54.51024057807536
10.771749062806979 52.04276693761807
53.92767930073133 79.30188279284718
85.17892355748798 8.804221009085222
50.93243236606484 22.526485455334154
60.1401177603897 44.54276021774595
43.540356674482105 49.433566437479115
5.248386227957735 96.57451123479335
77.6358874511633 72.04248694998758
71.60404134510607 83.52189581188787
60.09379634103404 77.88096382007915
54.73295056997518 86.49511030616786
57.6048458804121 19.37693332114403
12.868768309826084 47.35403193003238
70.77730201197676 99.44053581557084
48.67960052554465 36.43940732451878
81.47367276777373 10.091243491024882
99.8550489697872 7.629579331870628
95.55758472199555 23.52007499124018
75.84973744374197 40.14369621994307
6.908221067274978 48.171303145901724
74.87113864374109 4.843456585682038
18.403235757033976 30.749951961812116
40.175861055410465 79.9162041969548
54.964177124038095 21.334560795706725
87.60876997632346 90.50186880962912
47.981536947969936 78.4510464360164
23.24381051634672 1.0819683162659022
45.747425752503545 80.87829565865275
55.390670478561745 95.84724529376139
10.717372298152483 68.79126997656033
89.81069083873501 59.38962929819511
82.49940647695072 62.88269788072045
27.76913894898396 48.59390662315588
45.6131058924935 19.809166301794523
27.15029691467008 24.215514734735756
33.154969828133176 3.7842650453191906
90.09443170730285 5.085672278129483
99.32587281083967 68.93745804671845
72.91928649289676 85.78823920400647
27.978269950419943 88.8246301749471
60.55955679494793 68.28919167738322
98.56355498243144 25.0706440718957
82.90541561363598 86.97760737882867
15.606123252277015 56.705923484178086
54.2742110375368 95.21269391890559
39.9533643914826 28.61436508600996
22.538267613811925 17.093862952012472
81.40422149928919 52.00526171495861
31.351405702751656 73.27076549671739
61.10787116846077 76.08754676711898
62.963107695091566 0.8221382852089176
18.370390782956992 34.09065474911115
25.602532061217055 18.26036589984623
79.47928124144073 52.025501925924985
95.3827921786422 0.3915675677741648
92.4299303432323 36.69299357331815
20.169813966860772 62.838104466333334
23.439218796383688 37.258469937077976
35.76502137973212 14.782677004643618
52.14137375369028 89.76935230181562
74.85324686330823 14.402133930575879
96.66926793957482 47.849378852937164
75.6924216036608 58.406243261456446
44.60037275095738 19.479047358104484
67.31579544188307 22.230965923092082
58.13950382478246 32.08688538281683
50.913737156015216 74.57950383820551
63.4606381973225 15.401506371803443
22.70858677636671 9.122603548216501
55.5218142416313 54.12092245002247
44.43463783632791 62.75788809111478
66.92775752561863 26.785313112624152
65.09643117700517 95.88525134891084
32.86298832086452 27.567688139103907
36.09605639275828 16.32305510164325
57.9378438940858 34.59396841768749
97.38971448482022 23.49326403416374
9.722479551772922 50.51241538954785
82.95190027375072 90.19015801088185
9.654740462404622 37.82097763719481
10.738217412997987 24.62529367865276
64.63336868438512 25.183011810156476
25.80472385871937 24.511035669000037
64.62790635182142 71.5362346546922
60.14872085776965 24.10305312387213
95.26213666425801 92.53009602857244
35.526199952531925 64.45325385709539
64.95875793751044 91.14315777613614
61.487044521252685 96.07502885465031
41.971886982458486 93.21604185688608
83.16895447486455 64.22725387881736
0.04880706633274556 27.794969313467853
92.45792205304329 64.978638831715
25.82880994487635 87.27351566717176
38.85646420395352 69.23550056118366
40.90881746101025 47.30629725227864
2.6495239602627896 24.64878042613745
2.299389313982636 35.292771701469874
73.41938538232868 56.4609743259153
94.12828745769298 27.16993028006902
63.78304189389708 40.706062777098985
60.34552816013634 64.30614358977434
67.30744219999787 86.24126157896481
30.126927477392297 84.47830999389514
39.9171738890546 96.35483826532372
35.20960179789465 6.7575207128333314
28.374672088491295 85.37178790065303
71.35940512899994 94.55887206468367
23.42339750319016 21.586433184684516
52.676589648133486 82.53749975006035
38.534423081192614 75.30078807698672
33.11405027219452 91.86074019184014
26.184769859589863 21.635433527090143
97.75012732234806 30.694850759598925
19.180200344761754 88.88667366628198
99.67439206445712 35.86294245766215
82.85174043064289 65.23129932607578
33.24745222327152 69.60434693415023
4.865273418995963 22.792433817477665
6.595566353940674 7.021978128151574
21.094963625533047 2.9162957631089226
35.69543641163142 11.15231036353772
69.32052031311729 36.966060566806604
80.74828719889781 61.8575284903421
6.873964675986999 22.488712307607983
54.28085668194114 97.98304546436223
99.39732786272712 83.42284634260564
56.1973522991879 94.29925850664178
45.8509955454973 42.845595314628326
39.01744288595663 26.999596454129858
10.231840795562475 8.240102472395595
68.31512632908063 35.89473605174287
74.56636169804594 4.207482926429207
22.64816090488251 32.608972486103816
25.12282072202934 64.63190620009019
91.19125352297577 41.06673564640331
66.82027254612404 20.04142408425167
41.13818687864323 66.44645001895833
2.693736787068657 50.2193620279475
2.9330848183927616 77.12634753233006
2.1949157284528953 6.085473214006343
70.96400691434135 42.68342977337986
95.7998066694395 8.134340711273236
9.674867745915305 71.47349992525061
82.50075012551086 29.9106467078899
6.040033206822026 16.576351812403868
14.821649865278719 77.97762554379383
39.9533124453034 83.37922886202458
7.011587101258221 41.38683727543005
73.07184284221269 96.95410573942705
44.50498171493265 39.404759934603284
68.75156567739846 53.73237959217263
84.01720569718006 48.592798534755886
53.92080158943404 15.153760755012158
11.265660855641979 87.10484057932528
28.127830250740015 97.17738163423108
16.734011049321218 23.700788362985882
30.415619481240697 78.26933661930282
20.36878292101225 58.03761722596086
28.37774321900035 12.083139742936444
38.497265900523516 7.9400303135753525
25.756994254234435 53.596352375715206
66.56804669805862 32.808437811502955
27.333913359879247 99.65467964356259
57.98849304370668 26.158503444792736
78.92101752576488 62.75799609072994
81.74637735386601 76.66598933704303
85.63136541014096 81.34786354693449
70.95530956010043 70.52575713516657
29.79901889952714 78.55202849947791
29.002888835885 39.949605778818274
19.89879288575882 2.765594168850516
51.54418905945302 18.127223790612447
94.60136820129333 66.87525702726616
77.51023471309142 23.910327230568697
13.273822551040237 9.153404473524173
51.24455469513982 44.81974980917916
44.74448991887285 55.90112547378314
29.460552083513324 74.23744697420018
5.931855511588524 72.85013899056878
6.208807874685163 24.329698070783536
46.020709790578664 3.2267961957173963
6.477403865323539 46.19815219483381
32.599198503456165 91.12229562488625
66.56071334028385 97.07857071168485
93.34321235003489 75.35192139467655
56.65666251118506 85.3020841028029
27.219039542581136 50.761850184238
98.34541842059339 93.57548836903138
1.6685435789784098 31.384270785560943
59.86639922955781 26.089075462326285
27.84915608317098 55.92680015549875
25.214271945152554 50.69699134755297
20.22859578275453 53.271329484453766
28.933107756469024 82.36251794065204
1.5877569420879034 99.77750370436075
87.48286328524951 91.68556479132745
56.112459721865626 33.78810804643268
89.61911135036054 57.154438791416155
9.357031452913622 20.46625853641697
71.86491521334082 70.59601954200726
51.11871538767272 67.71408505221952
15.615280783934192 33.464847034466686
47.40190610798971 74.33931360249211
41.208829057999964 11.690005692937234
65.79657091479991 56.70032269377585
83.2676686310767 12.81970820238123
48.4842643404475 63.420732965394144
2.79521862984331 85.5777874530334
0.39104744638596145 43.6573286701881
59.3419165275378 13.776771276767242
17.84443535414033 24.208924952832067
16.70017128915986 60.5141956065115
69.84356614749929 47.06188673117519
88.83912992242256 56.56366851974228
56.98989233279694 83.06135249450213
37.1973467788544 70.4621933901144
64.03623608724737 37.92931241961486
52.890012157507705 51.865860939640406
89.39613160936413 0.9188442207429981
25.280798434243955 55.65932861562197
42.28736364586651 11.058164885631117
78.9858311426951 75.17547878219291
26.689600760258347 8.034734251411656
3.594349924583984 5.171703276974515
95.5168297165283 47.93708288963392
64.46262531301761 12.522891449028318
76.11632265952757 29.8256653644517
84.59256317137176 75.17833254809032
65.69984317854873 11.527954116366669
34.923064059111766 87.88305678097959
9.926796355564216 48.09597762467179
30.627037099793665 42.86250074353026
