380
1 3
18.77959913327507 66.41724079091189
79.19788219058421 94.49125323779266
85.72639623609686 7.436592513864637
96.346520987139 40.751799217640496
61.38441554622966 98.64080056411835
70.44801826220883 27.33939619824546
33.05231068523356 33.69264648072961
33.51375905160312 72.64850854028036
3.627632774316991 16.885234459957445
48.1092499038327 30.789641337336636
24.162892489242527 48.89927909805767
94.97611004301876 19.95297585849789
20.82903658324482 70.87046854796897
41.96940674270746 20.032759327571313
54.210455820780766 16.60519846172239
99.49420376696033 78.10640097958523
1.2889231331015383 77.52133779085217
44.618495059973775 18.920589891057006
14.272981152535525 7.220270775254245
18.41246614123435 88.51613879982271
93.00461333609522 10.468769991421079
75.88565056687469 91.97289923182193
41.5249571024114 55.61429917939398
4.223634929965048 38.76332630410191
34.8889431039965 20.97312342349136
19.519957843096016 74.18986314407243
34.95890974277358 30.238242704580397
97.43912992325845 44.72197920669516
59.95579940801885 69.23363350266152
36.26770237701833 63.37154330554755
12.967845359720776 85.36042881854506
7.375773522409035 36.91351821575728
18.27799598194739 27.37055224740177
76.12278657046092 48.7937934427982
53.69022000490211 81.7561135576067
10.915543616817015 15.094078064165451
24.663054853298583 19.29910577396532
37.55116728497438 65.12497735264272
98.78086381985109 66.20046564663215
78.29418178271956 54.06826585990561
34.66621812863864 78.54839390146768
88.4808672953739 44.987484492012484
38.75760163514723 31.915219694960008
87.27466822079306 29.818554068282978
40.94853252901698 27.77062053870729
98.99053037009824 99.63647319856972
78.68894782003157 71.3633695922029
71.03222281032882 96.63317266649901
64.93762036677376 49.20447350493553
20.784041927551876 2.1071501006140636
21.265937670997115 22.481391822597764
70.41823515559278 80.5139447681808
13.529461424721179 56.53869879844224
63.39042608422298 80.6678347819211
19.196487352487356 91.27132506849307
19.442963700915694 72.65307951735693
45.21674368484527 16.88395427680378
59.382669203490735 83.63352778396364
80.10660212853686 67.99966921238484
97.2581396341655 72.51784727586816
3.4200921535875173 27.573058175942712
51.75641962955226 72.59208125681272
48.80809413881693 46.33784846697322
80.5789913952071 98.33957891851371
93.48381458506219 38.6281151130188
82.66672855254427 65.7588319037622
0.3412847823705212 74.12109988487903
89.51287135068327 38.60910871193528
41.733021631652576 2.18602701054178
2.717587314308889 50.72093724044628
65.43359498336783 24.881361711700322
22.494008974728374 71.38209359140548
81.12323200342935 89.38090900256945
80.89075490874218 76.33738182616783
95.12895713704876 78.10327291704822
17.48368826557247 43.856058342131355
13.283882287908222 26.081246335252306
40.87140806250999 32.242525151354414
14.835476406086311 96.25182566219883
32.9507059198898 16.080153754100056
68.29781438881932 5.163158912442145
81.41881694068078 12.948896375814867
93.82459385962443 87.73964032374842
55.71842150369104 6.456306706268911
24.221245105045107 8.171233158681224
9.466997908533582 99.39568663638276
36.287067653055786 82.61583800151
4.022866387064039 37.425517341600376
56.15140235246998 50.94592319302396
14.495139385507393 89.90240970856883
97.34919072195784 8.838390853114042
48.367654433371456 62.895781807960674
46.17743150105138 5.283386584490746
30.82845980945228 59.018583663413146
52.99127287994945 67.49355084344255
36.65318630850059 81.46988040750263
38.805192766091224 48.83291910974743
72.72615852832215 76.04740685055813
5.625906937615599 53.43150094331652
54.39306496099372 27.495416515763416
54.245068991369784 29.221449015092226
86.60767772677569 31.462407526778623
13.931795920152501 82.84457041791138
36.96655601167495 69.75685166577517
58.747983961235974 40.505623446971924
40.4930415374392 81.97681523062752
82.73899307728423 47.9641225103062
26.996426411482545 19.663196291588214
78.5763415423077 34.86597328396008
9.81535350543048 31.212989892134058
44.76484035520003 14.197304119527043
75.08106704065757 1.957732730843631
72.08835264343956 86.41738377914199
92.4427999396666 13.06900867715466
73.11878544412993 41.547626831116744
75.67804544012651 28.941975695009226
2.0752897217868327 62.011161624735635
50.05109164489387 73.95865375570818
97.16790697223942 33.7490464940758
16.89905520053385 75.33056425852729
11.199466506777744 56.936105591458166
57.22499512128025 68.62203693244544
13.96424311369997 80.07575658613871
1.1975211363373317 60.20141305617972
26.005381538349702 2.1393331186925435
3.5129222565010387 67.8163472536349
76.77875427638867 85.88581576245346
65.24973865040246 39.88557836467081
84.64847335041684 41.45387351314342
49.68998038774335 89.2221146830898
46.966553246258954 85.07455127357619
72.88836049416796 98.80670203963595
52.27482314916967 18.969426383334298
95.46454887461498 93.03821082795398
3.9388873763292143 17.81155385185378
62.23868567541595 7.249706559162106
74.4515468166351 69.49197604185065
40.59483764945353 68.24045095221135
94.69426781766714 85.59124577634731
99.90951079729416 23.272537315789286
28.033583752021695 18.621493776764208
18.732486579630514 57.42727605825226
10.587861260315389 84.54145715116661
9.982864729568597 39.639608429190055
92.69065204849821 84.48923888323208
18.829672563086696 40.81007781295452
20.06787646607817 43.060506129614296
7.676899585787478 51.5404308928884
42.44782774939073 74.7698382446651
23.37459289723631 6.310274120436876
92.94649173553854 95.25880813941694
16.629678212968525 13.94222973750534
8.21674110339008 72.117720416977
35.80391575165247 70.48942852951376
41.90917898247868 48.52865205723573
84.3915662627343 92.10189656088559
8.32189119118345 29.898437565355973
3.5097827550666816 36.399102722575314
59.21373809865986 73.52958472075977
98.48811696811293 28.101333768719307
41.27174926996035 47.76937644662378
22.802886824890933 34.69308554172776
38.4613273808021 87.19339344089678
56.370755509619116 51.37759004924254
78.79900736581374 16.5550465474837
23.344169135301684 64.31528761983091
40.42916288456302 61.86248767982065
19.826446466585846 97.6406729638318
16.094713104825196 32.902775255822924
25.93316340174765 40.35934594328883
84.07920140453224 6.623710062049293
63.53397484146268 73.77534562314523
96.69268637284347 98.62678414488708
9.43358154245011 61.79600353653316
1.2007040035957317 80.28222790623727
37.56833706696157 11.644622918199786
1.891336424599288 34.1296817304537
82.3556968226385 36.88415993069789
2.278912428665869 79.88139360546222
67.51979642706087 29.19200261365631
47.05657336677413 78.0634048953792
48.94053731485195 74.97827733147852
6.129788662610913 29.367207688360054
43.38459716212952 70.4315335519764
56.78975652691174 4.591824325223981
36.5830275558126 22.44905221401856
85.41030666734272 9.765421338560131
14.433460294042932 12.645629376402567
78.98945750965352 62.8916106105857
63.99968438258641 8.640558575479407
73.39129020075966 39.00196582644091
8.93015882338779 67.87162053357115
1.160470783863099 80.4434220641762
76.59439770759215 81.68912662341603
67.61734019450942 36.777368038170444
75.48334880576245 20.087777606673196
60.67229008687782 79.42671759319376
75.00133240056886 68.21125670207087
60.52454635447766 73.52398872556137
90.82645847731912 44.07534154538213
94.96182737028222 34.1296238010909
63.357472418502894 22.835847781857655
74.96716703387483 24.318880785743268
67.39478205270085 5.938991096139756
21.386510890235154 15.102042232466783
64.4348356045148 16.2852951459316
60.85045602415982 74.85253166279242
65.42481796617177 74.75818778720911
13.39322744484408 37.88303727736553
91.96020298648745 40.72952169472093
71.49880918258576 43.31432449456496
74.73688351306696 12.665150447452355
47.035822994770314 3.1454804277762483
86.39864066288933 55.78152210374967
99.53155155451022 4.535203397847809
30.866371317938146 33.86657125594424
84.22335131860612 55.33078313370261
26.805274018869095 93.23052487046229
50.672270576631306 59.607189177331655
88.03878921876453 1.8967157273502844
12.378961691302525 59.09043097988391
9.495988167412307 48.20077721688683
57.772010356904005 80.81659122802132
43.12966067779198 41.94886221778762
26.349767362747855 94.35162346538846
91.3933619880144 85.45643552420333
66.9018586885354 77.69678841970857
32.51136627200597 49.62202172154109
32.669399640417616 19.018234267011902
8.389017698675993 64.69559743308278
98.11151235924581 98.42536468626723
93.1464930089169 62.95957285369589
90.54441368550916 89.86281012206598
1.1936642079053872 94.8993756329377
25.47118211312609 56.960554333834914
20.35137522456283 76.20832050060582
0.39825077414294974 98.26316361723224
37.44041961796016 80.83106877800452
72.38862746379525 5.687179941226939
23.906454283123214 99.7221509074173
15.78925131440807 1.684824569840515
27.60609874630937 67.12026555867463
65.59281036112847 66.62920683831857
62.761033250926324 85.13849925444103
36.78407930877816 13.142482945935875
12.516909452243086 30.192274478255566
97.54400523435334 31.635510988414705
32.62110746974234 78.25569472852072
61.87197122993049 35.31132761491882
19.228821833581367 88.32836799739063
39.24804801200894 18.724550161752163
94.83215124868904 76.2033565316582
28.060746593289743 46.44220520446083
34.48471879703507 7.006610920053502
77.4125936463219 13.957049070460403
55.39012580642946 78.06846259451974
41.233461876478785 74.79637306709247
76.46097539162133 27.116389727398825
5.527399590301529 36.47869777621502
87.58937318599382 36.496453653389025
57.00172696695736 16.07313535465287
30.62267297567498 2.4695060036288963
99.46538961057392 87.7498932110377
47.00822320171947 36.99175997910169
75.9356378941875 38.368135990348364
92.65441942688184 97.83131208477755
98.67086304282904 4.905690686964381
42.033209492365884 42.50131860789919
34.02102739497721 3.645772471596098
10.119153607929942 87.17429055037469
7.478968565617783 83.92322347240997
39.460055069303365 13.482856850004787
65.86390825287967 40.296565750119996
13.01840264259344 71.38825622895686
63.84556365113774 53.79270756349632
29.670363330923678 0.9826641066746467
3.5967458328213464 21.37839002282551
43.07658784827997 59.48266381770715
85.59157792765299 93.16875397589128
99.85668179364886 30.22968122469374
16.553914602167975 36.87534665691419
39.629082715871135 10.239988026847534
55.42477953598932 26.112902376609725
16.0536220720074 50.96593112303249
63.71391260814055 86.70114608298711
1.394066878870004 41.32735475789025
58.14763832183405 1.834232360770871
38.48095806114025 85.51180664242482
59.57121298570374 31.918467457912314
54.08645828030772 54.545629178790776
7.814010612307931 28.199703344215422
74.38217616441803 37.688061337451686
23.58168941885428 61.36671041231789
17.02664800447513 57.588206184267634
78.7747705439475 49.757840204713766
29.956676985754704 56.37003730416572
76.96565737979608 89.21837214690946
65.450300403914 76.92988218857455
16.254445801099358 86.99570999730697
95.3209772676556 22.713626098291574
78.02843841281131 80.34580605248085
79.99272067154104 90.84347488260511
3.9517708973521914 97.99945757818
40.47927742333648 39.91966546400803
74.70046048541185 86.77875336057856
46.565573832369324 77.77468573119731
80.89145159969094 57.58879396360421
12.669613344066244 53.515377506002196
81.27337264115464 56.336682597557505
9.483540026184656 56.43419813856711
36.48950313372057 47.48317268348208
29.783957598759557 53.76151011920831
82.80070287998788 79.24314880438996
40.46308863890546 94.9993272373612
42.53874650256251 28.01458568485755
32.34694942313876 16.746671354482444
87.73064668417283 69.26982067839973
52.733045937847464 49.66749938478492
3.237311571423529 49.187285857964525
19.482376858247918 22.52626921733516
42.87773489972668 8.331245128297017
77.69191738625798 36.49024664221845
0.8194522017660022 82.51845098294304
89.09002242709201 2.0622018840550815
10.413665070125088 71.25039671249777
35.44956415878051 65.63836851957088
41.87069009921445 84.78152270460522
81.52581999532667 11.466821155895968
79.23706342691102 18.18646173739735
79.02096315969925 60.616073799578004
57.09073138536811 16.347392773402337
10.533570762098442 60.61184395918169
97.04099702482449 49.89138412224279
8.912361502613365 51.740491155309634
42.022047690017274 82.85402350958022
30.0540130010299 3.1003538617358606
98.04377681183207 70.93241386526937
51.456745359441584 32.139241549275525
65.05397655492702 57.639195450903614
86.14367889213268 75.90961871667075
85.6837000211883 49.05351987811039
63.912188011377104 64.46553964732395
92.27806974433533 30.863847652753606
44.56289225022259 81.83054881470733
4.7831793730038985 52.30341099852356
43.86421228053461 39.79896930945124
12.752270953965272 15.943210018330944
44.30401574448217 0.7839208837782552
32.54848718356922 27.742103582485477
69.8264187121804 78.14140745646512
5.205943736432639 91.04421076444085
80.97519663846874 20.638526561845126
64.75605995802496 56.64677184042968
0.9506625118675283 52.193032854683175
81.37754133148457 80.13376878640244
91.24870919449091 98.78344405056447
98.92983235213994 86.38703002170041
63.536875941547535 95.5480357251524
47.61678901018283 82.53732140770427
3.989189935335369 51.90427729834537
59.67035204935864 89.22342249754097
67.36778400170542 87.14895083113234
46.055121520591705 5.1193907267802485
24.549633415822967 16.213948876359563
36.56985062750837 86.71931732674946
0.3378369068258946 95.98667491613493
14.585045357099947 91.85739551423487
59.57218260203459 10.820339763407706
80.16388938452259 68.92925636886243
91.6060331376034 48.130773134201775
52.59256721537169 5.470913369275432
38.141981813834924 12.319113585875918
93.67249085098798 94.42944810208664
3.6528966838782484 16.328153418659785
41.532609294434565 77.87454512126872
73.73355953684168 60.961594701151725
0.5905108146379234 90.74491551592585
65.41535120626547 90.18639209136752
81.79237986480861 45.20034094335461
76.2085135281181 42.20478933175291
