280
1 3
20.93301653381914 69.18281214995847
15.04217023873251 77.64322635583652
77.36221635717031 55.04388487026477
46.493156768013954 92.72574426674716
49.481708916337766 33.56695769291773
17.063759157468205 54.160013344604984
89.8295022796966 38.24082049244646
8.822516949860692 6.522323817720044
94.51935704701557 88.32003627340922
80.2993082207706 47.23448476053092
16.647085583815226 61.97331196338614
98.73592436445004 51.66263822297053
99.27850048763214 41.66125973068595
12.29633736007154 13.52689662731754
75.03423693155989 62.12192866887085
31.606151793557057 86.63141595090562
62.56489544224475 29.029494515598152
79.85090574162719 3.8694875699673226
84.59672554809924 92.72897745377406
53.20897015899211 21.627844005135355
46.421135192805195 91.65614010388536
57.16729106603944 21.07713577582242
67.7065358405152 10.569581188808531
94.38792463548438 16.808502524423496
85.1787353382748 20.965452151336827
39.20769362206862 15.06235168037593
98.15283932148058 27.513766500787206
12.690706440318976 24.910572692151135
35.01539638183135 66.8739624729848
22.635629315036574 22.599977095481762
41.508150997979264 96.37168700700653
17.60177061030761 88.28463871802906
94.740614722167 1.1767080689645715
14.421042342455737 81.26704606850707
93.97633488957828 29.75687086912082
4.862191229656454 83.60609988859413
64.2414703759667 0.8450392989954869
53.957461706421505 38.31821570890695
71.22106100806064 39.85464783370127
15.00080670483499 65.16584808907777
57.446920426362084 42.810664636573414
46.89584777765088 19.953199205533735
23.711862885447555 90.62109062944586
71.44326216235658 16.09299003025715
22.519415283603617 13.825731941961372
59.58187433758637 78.53875423701547
33.39677069737377 8.69011026250297
62.08346589264018 91.15550482510237
20.682839167557866 9.705337376784119
62.61504741301136 63.0403380814599
42.859873858403866 81.84448192847005
46.10858946353085 33.085709385307084
17.073385588285838 99.12573019943704
45.42974589519557 99.98302796939646
76.46356839123958 28.296344151681872
37.164942153372806 6.717935445354684
17.552763530279524 75.51856013552025
93.98737032958266 11.848110038723302
5.2594892759827205 94.26188220899361
60.69654626418708 63.51403370774031
93.15252254142112 9.320366019150473
21.11168060196851 78.49765934245139
84.4277228641009 53.736940139140984
40.01885722853247 15.910457614168937
92.20960013806905 78.0654005536716
0.899430012853264 95.0968937661078
29.883980985651192 43.583848989288356
81.95734032570812 75.39562871034545
36.23434911854029 60.108115337040125
58.47706822127983 90.34025807370199
43.09614502181718 98.36469197787869
78.27502631649152 65.04804257099362
90.84677068607476 90.04444413853805
10.91846540576693 92.7914395388606
61.231138076665225 67.92488624182089
42.10645351397684 47.11659553990184
61.930597161918755 30.647674488148667
22.613723553230592 11.736812405775332
17.51922748401857 25.222934756047245
81.7641758942592 35.98390380970995
24.044264176879683 48.731193008712225
64.25864609888407 70.22879482455942
71.2841203403118 34.942123240701115
64.1415628853937 44.700793853091916
99.55360453021653 42.037217839392696
26.43663205093043 30.70168385333105
32.00544999530679 54.1573382728513
65.82907442663881 31.171333658762723
43.1682243074919 79.1966873469144
10.735447174433821 29.783245317267017
63.90758038479238 87.30823046225922
14.593232416069801 17.375104767719264
39.39331129381989 50.42578317423552
68.55497040769892 81.02794443362333
63.09844172942189 83.01956109301483
83.3364260384226 41.79797299215606
93.22817680228674 92.11685355248076
7.481216440358196 43.5741788587392
97.68102966402374 12.217011719641757
45.556824709636686 85.17945078162559
29.19057081437202 57.00412426277601
11.367515168242726 61.07676264336184
73.5629337194487 34.18963947155973
24.256758790057752 14.07245240476158
32.117163207595034 63.684351796473514
12.770120222021376 86.61057063155064
55.05874552707499 55.599097743407945
51.18759621180933 91.62019979665949
4.033870699095288 57.68399844680307
98.2832429041314 11.947099572288277
49.71456673344172 85.54974844671226
19.38574744569703 81.00479119465207
88.23955303484982 26.452031264847143
26.077786102909116 13.054021982356169
41.58785072801115 48.618757768694735
62.317391579628925 33.979760281518345
79.2523181900419 92.28410922567257
72.62570577293319 9.490414988777317
85.85786173409073 65.60375420876288
52.37981560398717 53.83660588515713
5.0694435433983775 42.818767548359624
50.81419439127202 27.2795217226262
99.9113468846152 17.244914427542724
19.37579385601378 71.17500315485916
54.45549705192332 10.217530136117947
84.45714909854003 3.0986261154845263
31.257977600788568 58.73918416700192
72.55921591163053 50.98124732565932
57.44637269823196 46.962217716639486
99.37468240974776 67.36019163382376
70.48499878980867 98.26410110525634
95.02341461907167 4.849870102985987
24.40637569756843 46.166361460551066
94.83342212792006 26.26858125758018
59.267811556196826 32.1965441175812
92.53269729917825 61.87078234116661
66.95368902357923 76.56895134124137
53.55729667090059 89.83348316082062
98.94140455947289 40.2894517890448
86.04475748781395 26.16482312131849
64.73340239641045 43.599149908376035
49.08259190699202 34.215625641888046
35.819634276025944 41.00654029936533
83.48530923347768 39.87425523391852
77.17577274278733 23.88273850306677
59.67152762095622 3.33459876556379
16.878702002927916 76.48905490280622
65.78889303206874 88.89032162277206
71.57674923634173 23.367734322075616
50.90818855254471 95.88809533917843
77.20473172976108 88.35597421707595
21.78825431496614 50.928317495947574
54.59014844165881 64.92301032750554
92.13592663659698 98.57932622790022
19.740578968052613 37.47238787321461
97.85088047290458 15.629103082785756
81.53391499193434 95.70299298720238
88.74773740880708 37.558347986577445
42.86104785866416 24.568061865063818
30.975714118528906 19.70449981830027
9.486776002943254 82.5134593906554
88.17226445483675 29.226674851001675
32.67229758931365 21.186333916593682
98.25784793662382 13.42746631130205
72.536670149501 37.11329566721457
0.5302303653606399 9.136114019724406
24.180507081663126 15.045385921516718
14.944693199854274 52.09139652434969
12.591980692200956 5.770629428521157
34.564061058524054 0.2349478898626689
45.76966558360216 94.43566912269907
79.7569244840852 19.766410107678013
95.2478660710139 69.59015180008883
94.62001158610482 61.85079934078177
71.69660203225143 88.57097699469367
48.12157122693412 60.863760236865105
60.11847904804781 19.839121851376774
60.71569073737595 80.28164547544453
6.645895557478632 25.45064688316101
48.496843521285825 80.8076312075629
31.703099627163887 17.156780238112958
75.1394827405601 70.23819204652561
33.208161342263786 69.28408381533424
28.24295260586871 88.9202555422699
17.193777186611193 52.53971537859028
98.74967702129493 73.99110868930654
75.23466416813815 17.068527642141483
97.89648081569486 12.360429307217569
12.073564287956962 57.14920761411941
42.230304268699605 81.47639187752031
64.67016814954927 92.15338412673124
2.556858426287545 37.389450886421386
85.21487168093064 14.669789063338289
98.36418012879906 43.47933997672848
9.420848614093913 49.49597060137945
79.87064687662566 70.48607648119105
20.674221494716317 71.97172447739007
99.48102474311746 73.58093158682833
80.07850628148508 80.25128313394802
6.197634883127567 78.47496754667506
14.993523205055205 79.96138744085492
66.88469918315027 0.011121044030737437
79.97004635642078 61.73426174248833
71.44971659814894 9.042305554105589
20.19909340593329 30.217524833315636
91.09601161961433 12.02885406799663
94.69416896856096 43.70993540932666
92.55116614695848 36.27867523089816
13.99157912283917 76.94822286546487
57.08255236335897 71.8065046149024
67.15524670848791 18.156396191830183
6.326981574989854 20.731292016986693
33.20863053933252 99.07471320396175
54.964470505070295 73.46105602199073
46.771804707934095 3.457559744855665
51.8498368582232 32.141774371342514
33.47723006446781 84.22799818567364
83.3012775079919 23.856550494742024
14.573959232457012 8.917186339991856
32.464367839408006 83.60096372539067
57.4347533203599 48.43510053015183
57.92260193675407 71.78381476006273
57.54421775331699 53.03913243080014
24.904916161152137 10.19551428806411
87.24130390166593 22.58923267671724
34.35069676641758 14.386997691583648
98.89513889757066 59.531365538336864
5.293635361698468 46.6325790364936
47.29589796179947 32.50810940866833
5.5886417134313415 58.33692691500987
18.223625878019977 45.444865746371875
60.28101857158028 32.80214870372078
38.83047996490659 2.2661382821245635
92.71573726036317 93.8630697828906
69.77426098892519 38.06131820273695
27.802835896177736 82.42006892334042
77.84560785011587 70.03560423980515
0.39924565013222946 54.99932815274251
4.232818789898585 24.244498214007937
70.55208952237906 25.56905978462205
69.41179570417972 39.34595013164004
32.05666420193274 66.35003993866067
84.05442504985363 63.061526754353196
60.164019067908 80.37691776046103
78.40651187545782 45.3323102604569
36.31827219618711 5.321410846375274
16.973303530805882 87.40980140703887
72.10675260279712 83.1431309571789
89.0750027083601 52.088978074531326
16.312252507514113 45.68394561627274
61.168980151343334 69.4074290933048
16.68150362754741 56.66538876999887
74.23242873758046 78.00203326711706
10.259954758789181 84.32079055976418
73.6764523287591 26.370947694284652
23.24610060785517 29.743864312776847
17.931053377158946 37.06477376589194
42.17413507808414 11.896792154516334
21.659503425364868 15.83611147381534
24.186581811366082 47.13956450337704
31.748534249507365 18.267362905703788
30.87281368755008 31.123534511616825
47.4169902058349 90.27331663075502
8.937008015483784 32.511883535971876
74.23442352530418 42.32142061255912
35.193797868931085 58.21234712828072
8.095700835392815 41.32409801869101
9.21121539668437 61.5016608941894
88.83567857819787 37.67290450695544
10.748744575378133 29.66793489478281
42.76101868137392 32.727178996315345
57.784587163900625 12.088793942735387
33.76462868034758 64.65571961871117
96.0441308961784 93.44093108652316
97.28457691097081 24.695018238640152
75.18582573925738 99.45456580602365
83.7714733863524 65.8243455469959
97.84836508333916 5.819349542762353
33.74396717359247 40.870762000316475
4.746488380942648 58.70584158873737
