160
1 3
43.003444525063884 56.59905993262204
41.90045512331779 77.01071501251857
67.18339549138778 42.271525716261074
73.99898905980373 26.250272734978864
10.750759951707 92.2898034988297
11.289005466980772 17.099605628203072
85.29092814703871 80.87883817308827
67.63998015489112 7.340247642932685
35.68448396266803 30.946758675095175
89.40149759580511 97.31702097752529
29.352961397938017 67.84215006691001
84.45881235736105 3.77303946595966
19.39830044578017 94.95896496293861
94.59825324816006 91.24150970435785
92.00435811755818 60.917434211172214
12.308625168210474 98.68685429565625
80.16829544001038 94.92019918761534
59.93052413090227 7.528081588745117
6.596025367851488 79.03913585728853
52.359617951886065 78.11454359714168
78.4270549698809 6.1570108387480005
37.5859955437132 54.81079124430981
93.0521837760987 52.733277282803215
32.923638848869594 27.35693218127786
1.9354544751867486 93.84712636565051
23.14604300418479 37.84954378322014
50.70857119150327 5.699366487483126
16.374097524421405 77.9610437234329
87.04377920581194 73.02096911195892
43.36729664985837 32.37365488379189
77.10888147830501 15.238393923860372
54.769200251444694 99.80547145551022
98.57852377278104 28.37221364980138
42.39312452183748 15.594639241628073
34.56297264017072 88.41167202288437
46.70937332139833 95.23536457819715
15.155070463008858 71.20265926774614
78.8935876322141 81.89640040476188
89.88249938922877 12.30482073969501
63.866439232933246 52.64216089227482
42.7849346279926 24.354018052791517
39.88587237327628 18.495857805501757
4.802159752927504 19.61311628228848
68.51360790739128 11.869361820280954
98.27528734045632 25.43989834424214
57.45219424274308 56.972834392944364
49.20762745771099 70.11397469820677
12.069550890123093 89.93040225920281
39.39342614150776 65.3826968199392
28.442277497605172 61.486416229651184
90.73971981646815 60.791913981631
93.90117041982933 8.033911085633761
21.65495704651834 16.427842879586095
87.90864102036875 3.6119926452230944
18.452169797012164 0.6741189279256599
65.3349539676234 23.525109924617627
23.314332499271707 93.66824688731316
8.56002110158045 61.88417470685308
92.55021717642026 92.97582467579414
78.94892590920746 44.4705716117286
7.585100178569415 18.782964935232393
21.787126411085932 65.50575360416859
49.78844208867579 9.672626743657343
73.28548389816294 55.911125407463366
41.814027717726134 5.420770704735234
20.236963524200057 57.26048086369002
14.262045171887316 6.427262600757588
42.95503793516578 70.22275968641294
62.35967553909063 42.79887007193004
89.08076138595943 32.20793811155449
14.980908072025233 34.748577655751475
13.357111984863558 99.5533097161519
67.69252051847248 11.70104293607963
48.08348612009308 64.18961615106575
94.85998212088238 87.3861895492134
21.062163503421072 38.32243966917712
76.44186844701319 71.01476502665693
86.5352900562915 23.43023510866946
13.231390033556956 27.312176188016156
72.10290066418088 19.91757564449399
12.603008514139047 20.765314987285
64.16050345748596 10.553414708002041
39.958766884549604 5.117748189449123
36.54394086669714 33.6177532060288
81.58882649063155 47.11570347021632
37.75855426355903 61.48769960992257
69.69901099441232 96.47801621101435
78.85658715706354 1.844429883071852
60.63285382141801 75.72447516624898
85.86615241194615 71.88978220650245
55.61421909890234 62.10260773352756
97.96155074166575 3.9443504851300437
82.26017624088982 47.322587942154534
97.95223828936635 43.22491805931112
74.14639037769975 30.80128550567627
5.006839795249207 81.06689491360109
74.05189885908179 97.26198828642649
91.83374494539859 44.003564400414
16.814099807224657 75.35034995415968
63.29555866959906 87.57164840520635
97.10033055426625 71.90023010849077
11.657773702452978 44.98552724689691
64.62658685335462 75.32077933264895
42.95583909660905 99.80732737558586
68.12720921013424 89.50392785836895
9.469076121898379 50.08356813204351
53.99186841116838 6.2098879377407545
50.1273277554644 62.91595940840913
57.362281029978114 68.26997558551977
41.936796769939846 77.61483666808732
3.643491096174989 38.842815922903284
60.01818892531225 16.843529265792334
7.541764225947678 85.49940424921732
72.01822599644167 3.2536965332787604
13.929091129882876 81.08990469651192
29.29834911435345 88.2826885279578
38.571526083194875 52.16000888160573
69.84310560737212 57.174490300488486
22.639656435369982 84.71364344531229
26.680772726105893 22.16798679786325
22.525194757746412 2.307775509129195
85.0583183717696 45.406245178452465
54.33148257794866 40.37711209730632
70.90392590982766 17.12539354889895
32.129880863218574 54.41708670803686
88.00649857690476 60.34531949857636
33.11139147372428 75.71027618943253
99.50132061864643 82.58861824507436
34.44386739600511 36.50111600487524
52.26520373033614 22.377944434455888
30.762213322085152 62.120155167937256
77.51763489738113 52.37415355836084
11.448967526192222 23.666775735856625
80.19242633535903 5.4844934093714715
63.60650529052763 75.77466721910938
86.46576501814411 60.50411167493439
63.32431196051689 16.95947155404358
12.289141109934443 38.602639001452374
79.2430066366604 87.9810899720032
19.126251997619438 71.30916742334689
65.89495940362329 49.88245994636855
84.77104448051588 89.48748377052296
58.67221847549744 64.07570608171117
43.058339836311575 3.6746714024100235
6.575077972779697 54.98098879347544
77.79824936188066 6.50876378122216
14.038235246225405 77.19804351479891
28.862376531885793 36.991608081084195
97.6373580963422 27.136312658780447
93.34821893664535 71.11662390648088
40.4267725901734 33.32532501075316
92.4074012621068 59.279199966444466
95.48883523058976 97.93574018740559
24.380961717512008 6.226020609927274
34.52536039802692 68.5758407864613
59.38598515567843 8.577595658876813
77.21696696498547 31.78378455548532
95.67858065605512 50.22323569579268
7.910504998204826 32.37829926109601
83.15370906232671 7.852938375227203
