680
1 3
83.5331889984175 61.37263678756182
0.747441325742626 99.25019868239472
76.2065651544527 89.51351259675886
10.589922790153473 68.23867702782276
77.27873925369029 96.3323353637398
55.242842197602 86.51577650893134
35.35430608123171 70.31879613579812
18.56808875276219 73.55240673637707
61.58582517235522 21.691424447838404
66.06279371029015 74.10127257723302
47.8885231229331 53.88022312571732
79.07172628748339 54.708521390611374
21.79763418332401 39.860339669436115
1.1156990098654784 78.09501946415007
50.670153805247374 22.35460763102921
44.46225656993048 70.62477041865847
54.486932730393775 90.73018652128944
48.36531817023753 29.938526834885295
9.522274862758206 77.89338598419617
51.78657606771955 67.39999304261974
79.80474001552689 71.10979223510077
76.17598403107154 17.31428007850313
51.76739170935758 96.04175961894835
52.258507928841766 48.862677314188254
73.2054035997596 3.083208952970362
28.388817119661127 27.297170815260753
93.89839693631285 82.98547416155013
37.57766729703129 37.265393944530544
34.73660561407805 45.9337360023103
62.89850321707648 21.28832958671538
42.67659582156429 61.4495946009443
21.291218763459053 39.05727543427846
65.88446228529685 90.21945180742519
39.199881749832976 94.61472386835477
67.9003048086333 56.31267874142583
87.78564066378198 36.46199473448446
11.803112807028215 43.8243842296915
34.03429695903224 77.92298359522884
36.87031734533854 74.13584553503492
64.34788363444883 53.83491946311625
18.75297601896746 94.4734304237707
56.61826912153494 78.61004828879776
38.09283557619272 81.0129414040751
65.15255667516296 68.8460861751283
30.50873142781565 54.379301793365386
30.100714291567556 73.50615363616406
41.94520664265975 98.84519008286684
69.51212498903851 60.72302138858661
25.649322917859685 61.65380832963312
52.11542137975442 62.45581647250533
23.22968616318426 13.927053463350791
60.65783584515956 0.00654637371144684
31.442286468015613 40.71448220795118
18.88819991907049 7.994750459120681
58.235389334802434 17.625597187113605
15.087797127679314 9.891817581256301
48.05455829783922 47.28199702871654
30.063882199797163 33.650869974856775
13.181383201198638 22.618247294604178
84.32543596884075 29.458275746528727
34.94615542515631 17.66377504183907
69.21398712209523 87.72131525079902
17.867366175532574 18.508698504709
47.93325180537198 35.77792655087275
66.14398585755916 73.88682279200938
45.49303363767279 11.195608390725443
24.793681428473423 59.50262764879981
62.190929023458196 43.95611569111792
85.90398995056078 2.13099448502847
44.439806211694524 47.18903893792037
30.363943025267993 76.9496049337649
87.06149420777409 72.66536923190374
99.15007341884836 16.53433077227293
84.44535560126486 9.187851899603562
47.87356639385738 8.970163169511448
33.41674690768988 52.848060152010845
86.96188136308909 63.1088205528532
40.709261441715626 5.378593884603133
15.996603197519367 95.72790713188573
11.051452173486908 34.74010052761154
48.2395765203268 92.27646329537787
33.37330785872421 44.169555869062634
51.840642895850976 10.333170755493914
18.157815788176144 14.74828197222533
22.26924534828556 72.80107686236224
35.74520165819584 72.49196462495185
34.4041327599613 81.34455041024071
37.078405357687515 22.32117000533904
25.56411686501714 26.27821362878604
65.62522150404043 90.36167327314548
65.65374600230389 75.45538123530821
30.648075005486962 53.35769184566848
60.68100332340762 11.94688616848756
72.5654854191957 95.85045306977244
51.819550433602465 21.038503028656883
21.64401260408304 20.92916319751317
87.63506069604468 75.31816054430529
4.237197253602609 53.56115222830662
84.90430691348534 78.9200113563104
16.716706176369378 90.84601500971176
2.2049842261809838 37.37572683720627
52.272563746500886 80.80312812987478
50.91380708941753 98.96753683982311
68.61795796796389 92.938201412045
13.737833307733482 51.92523225547827
24.223247789384295 10.02121325344605
57.149083007043956 49.7492450619303
98.62808882561811 29.47200554174614
96.33201754146967 69.23459224762749
56.969535508566274 26.737057707140078
88.97083015289556 99.35097588367603
69.57421244308937 61.04647409459201
29.351735734586914 54.96957275861285
1.006642849655126 92.53087385349146
37.78710001259342 43.21099545140359
26.338546949859797 11.800526352571294
76.84995472294496 94.01297927627066
93.17723476596032 2.905091175676744
23.61114266705602 91.61687796413256
54.13748910491656 71.81085646592342
64.12652726985473 44.62121126187426
8.91887502786728 21.559456080033822
97.66058551621613 43.23741410501549
89.48963239336759 36.88968648435029
91.12654674675933 34.27203561407177
82.69586141213443 77.30010071240379
33.1567522026178 58.71415592603368
63.15619735833729 62.64350676641259
26.38958342031017 47.934486843893254
85.87059759876807 23.15173323163233
31.394570929321276 50.62131401798213
89.10893334933596 45.780671926460734
50.93634616968528 57.206540909112256
9.52512917818873 79.04727188094323
53.551337981261746 61.82812103294526
80.93879748160391 93.54507046612267
56.83842915156085 35.32612136769189
83.38472436988629 51.60197480299718
42.97676296585242 75.06782501171334
61.56611608734857 30.848029961183943
45.750846911904965 96.07880718042104
3.387672124028951 9.789578694282719
78.85307499543825 46.916304559944464
92.65297183284025 13.779205879363232
77.16590215135757 92.81360761458699
56.30516389975311 44.74972910386763
96.38630629582651 72.59480276371366
52.193147162291794 46.541275494144955
36.37378418219113 82.55579625174995
84.1636468506124 92.94387684895324
18.332123113968834 32.481567916121264
91.97070011973729 80.01312392432934
62.577971774594076 12.828251032181882
41.811120833250385 75.42385637643446
45.6858081376656 29.26106320022084
97.65138265159668 34.61774572692911
46.318491246576855 7.6470241555807394
42.37929685016945 39.00063974639467
8.30378936077356 86.55507428168066
2.0043179114702436 2.0560683696183357
66.55129828045105 51.362329815958695
19.024103717827188 22.37620117142869
85.21298913345035 86.99314048969123
4.171264560603216 71.92845992952147
70.33393729129595 72.55069011256954
81.83436128771922 36.66038958875599
63.092070925875674 58.35453102537429
4.729144292151211 9.811493384405146
78.65829066450773 10.0500568069958
24.17456887753977 26.133156183585115
64.52004207578548 61.752642453183505
46.90134705318385 51.67671476909237
50.993706591626676 17.252329197981233
67.57756333926659 84.87363939599419
13.25545484489492 39.6689374145502
46.89930020817743 65.33925500916948
88.24324101002713 38.289427866044456
57.39969444283304 96.27874993073083
31.36593247443187 16.769056123922855
9.906029035411134 3.2905502241149964
83.13477169081986 95.02690680346436
63.3964328451446 22.971309516046446
39.899178916470234 54.4273255691488
9.623561893617506 60.72475633209091
78.39509068815227 92.76429750796325
55.933908032166244 10.730595736980298
24.07598188763387 19.213534665218603
0.4652676362934649 84.86772091215651
72.24300844222276 50.234133034359616
22.213634681649673 28.715102378537537
30.327918294036138 82.02009841468762
99.84516691295771 29.573357141783106
99.26118666838606 52.03620968916671
34.68866409029212 11.021996382909727
7.905647833068752 35.80851975040164
53.644209889386765 10.164037209015419
77.40308611142919 63.88145158649292
4.469754537149129 52.02145201077884
32.345822483598006 99.6968876451591
68.8657336649752 63.23617725871087
95.04496077187599 78.82429330905956
74.4414573877437 38.106894768644686
83.51148190348239 16.98626740406024
43.205190142125694 85.72419902200667
60.06456357003967 88.12792372788904
88.79293889011906 13.197662094955742
58.470385808907245 95.84749997880431
8.34800394120645 68.20920719340384
91.85365421386653 86.03199071559537
62.119497989869046 63.07071850178445
29.01693982666369 70.94874014972432
78.54484635130446 10.220100537709499
49.38858524742293 38.821585367421996
57.99920446333267 86.92573268026847
76.24203297980105 31.253439958225048
52.398240111498914 57.8544234108197
23.347401766476807 80.06376691592656
21.626155515396373 27.568752642197268
74.47401933107784 89.67522443411544
18.917607929471302 66.8111741311042
21.502159698182698 73.07736373760409
62.605653938872095 54.406341254160814
72.16548518841277 37.698315657347024
55.191390440092114 58.29556844802808
25.37138442144866 94.42878469597346
61.536628798115345 63.321399365425556
97.49759131685201 68.62627348753728
98.764029492895 6.175779213364696
22.707126138854484 76.25932515357951
23.216171331834268 24.89709550001187
30.37386077024282 70.6538148562607
74.35976388257504 75.98719371088924
95.02413763750583 56.356498615485926
72.04581844082807 89.16239813952458
83.78012134292294 88.11428418475025
53.40738927881481 74.7394987371091
7.9155488612794755 66.23194823962378
73.47361827422272 79.71204809253496
47.1150971486884 73.8401548528254
6.049352844688705 60.41447757780851
88.87182162043574 14.949058709595331
2.142134589098954 57.78870574561314
54.12024052371467 82.64490140549651
55.73411916871065 17.42072486270132
88.37037909250871 88.6065198717099
81.63304131303784 94.25663829190954
99.07207874068078 74.80692466000998
31.618115313250605 99.85177875526277
99.38198694040553 8.769524040071474
1.7495157463150557 76.73276970530749
94.21151084323047 8.005335424752612
29.020581836466476 68.64835698622392
51.536784872775485 67.62163564679975
41.03014561879601 86.8792827896512
51.202916386296884 5.3883271893714335
42.37908420586698 2.1190179611918047
34.17167954104925 88.26557299032243
9.384283822027783 30.40864628303268
8.037370891405772 55.89985619571662
29.224893997962486 54.484320716831114
47.4637960041145 69.58088752402125
43.28830415743954 20.381553218809124
91.72377669511663 93.7794710196403
11.196289824497363 88.6158094450997
34.526826326110374 91.476462789543
63.84618307459186 47.54320268181671
74.71470630871042 33.89316147616908
13.03402151030577 92.37302921370762
1.1589219077414503 39.84661359000481
15.565605006088834 3.0473256371559287
69.4472003865633 23.65735069777335
42.57132041969631 14.779133710346692
23.78642291810187 31.314625382498917
45.01936589533737 21.23558447221412
64.18929359597736 18.90311325404599
62.61009019260355 22.821102846567086
79.6566114764436 80.56111728122602
83.75844419504477 52.099933090420066
27.538640907033262 6.857791678656122
62.083794583196436 24.6992207816785
81.16181958657917 27.889827354571906
1.8420343321982724 83.10924457914382
17.61773257433643 61.43480277770894
6.881206402226203 83.74564726668996
31.867208701010874 53.47110653785445
24.680780939068136 55.58786952813022
90.47944717593043 0.11456305060959515
16.75839501802563 46.83205881594286
20.343945141614817 23.418329614817026
7.368802942590302 50.16049947708865
91.3678918335606 23.058295350378224
60.38953470718526 96.6130418696537
18.403432746942137 90.56413029831039
96.57792745850382 29.931614216553303
13.601111114884246 58.62500961552595
77.42452009174903 16.668058628018457
94.33910118489818 15.630006131149976
59.83476604996694 51.641138482086
60.31394398269083 41.59614314566533
62.98866393466205 35.87573533753543
70.28553643877555 9.1984010270451
50.44464068855896 75.07896080197843
11.02893151227513 21.43225738630845
24.454453505440444 38.484216488472136
41.63428215101928 69.16109694006948
0.23546932781395302 67.66096681602134
0.05145059238234051 18.72678141669151
76.3775847804349 9.72100667369764
99.84203209453659 97.60925623856865
72.77322961077131 99.98104653255993
34.42831755006388 73.03024516415965
50.61180111759755 51.28584234905462
45.4806371926296 18.34219800144552
32.13092594378042 94.02447846130855
13.430913151969627 38.93001728089776
3.2356086841067278 98.14595763988174
82.66269637452316 55.805109242167795
15.476497216318851 40.895267700562464
79.1184103420635 70.52153981929285
43.87383741043489 57.41839348849873
52.294475588579694 93.65476287211729
83.72627817997717 40.70648569468007
57.9975115791334 54.11408848195312
53.33467586735237 67.86521466927047
76.53834321031239 74.34523005631193
48.98427768514273 57.91042116895739
96.95248490550934 29.274472281220977
95.14307833708149 83.03649514974171
89.67114579786835 18.14242212246022
0.6668332456457593 3.7168963090879137
5.6074198077043835 98.01565954286353
58.73174528276337 41.134290201315714
7.377673844039556 47.482874162156776
8.323479729940765 32.468063484860195
30.06788645739784 5.969564913847836
40.727045148388605 74.90462848391688
60.693849905240114 37.298879137161876
45.502124748262275 19.134854749519704
10.142423888571184 70.63529542171045
48.0776788802638 29.090344462637894
66.59154248371625 50.252836899941485
55.59527112678282 17.273065378717554
96.60088077557059 64.86109675030943
39.097533946391415 46.32893437127632
86.78255886868773 75.19800594136277
54.30743379421858 94.22333059234364
88.39037850070461 47.01676569874675
16.039423103119876 17.886933011270088
96.23121995460477 62.236648891597035
29.97696163031256 65.22238191474521
25.081517447118394 91.40492456987536
24.921432783772545 43.91101151326928
30.64794323876501 98.18806958762293
79.12864585347033 8.881855703047957
61.89434615990306 55.00774131614368
10.28030401002531 6.759576346630358
32.87354795748316 59.648271029942194
32.83004078752154 98.93627509434397
0.557020590330759 92.99169499190486
26.68407390272305 86.55564234959718
4.8669211523884925 94.10245471916801
52.958120416190056 50.196315480980935
72.67502153559902 51.47447666071474
56.21340081140149 38.783961758309246
80.63972166000283 75.77567424656647
48.58258236915995 16.44173147119894
67.78639869659304 79.04079124876273
22.592275053550082 16.54459077659467
38.33932785318319 22.992586922941793
37.59184696598288 94.25821906251227
80.49157640642737 14.886106090659856
73.59059138392598 58.6433275767656
93.4771204333967 74.73626460905496
59.95916468414934 96.3101233133541
15.753483426991433 38.77710280931379
77.26403563130752 60.29066836763492
29.1139459473583 75.5803590722245
80.49860254437537 88.48071301917761
24.196997213934623 96.50824766870873
72.84149194972768 95.47226300759648
43.03537083245672 35.71944349298419
37.233874696498724 62.99844781618202
65.62027504808516 69.45149623635896
64.59907857435934 7.841682063088173
13.929993454960666 80.32531645812296
26.558376434132104 83.628982494327
94.86202659798137 11.059013657665307
31.61662482322214 14.870156206685836
77.28449037913805 62.79302627802661
23.955642758697927 28.651366302406966
34.44142722551926 7.612113035978374
24.751385108384483 65.30600153691847
79.45095784723304 87.43093562302775
49.80695278474094 32.784582581491264
90.83106440905888 8.168916832186813
29.95793252393706 39.96258973514699
58.56793056337006 8.918304059477977
83.13262930946156 87.59943030476856
87.00164119171363 63.500305865351336
76.2368167934454 0.06046566621868976
97.85576235116594 22.882137561011163
72.1765832559321 8.09555045616943
0.7953295136532201 19.317510844540298
87.69701811999413 96.55128863258344
96.03375522850406 93.91693321178298
80.91678434323457 50.89491272799778
49.89674779598423 87.07730189297207
94.15908208259872 55.749286674585896
80.31557165169738 41.54942429025938
40.19243241170729 6.4105499618508865
65.77758589443292 48.902087727302025
14.34644204888571 40.23040826210678
50.92170448656215 57.507725994876544
74.30931801372967 71.56804900950206
98.54362691391016 35.3719215949903
1.4022254349527419 34.34431648421579
57.65382084832407 87.59754429780071
53.26157092988269 76.74132259474943
14.455021700028304 49.13255624163071
85.3014248941707 65.43138226624887
50.26144459023507 38.24480621567938
16.789512985184672 0.004393835643456967
77.36039300533233 87.314866802535
52.35526905657159 96.33810609701932
7.786080313656996 70.22514469776114
18.0966063437344 80.78322350603568
46.12041769851096 95.50245307125161
65.95101499637006 68.5877893931722
57.09178666825261 34.99226293615807
22.538267927935184 3.2441312006940226
59.46959661840121 15.32486003528315
47.66050291290236 27.651740622615883
27.137943681607624 27.811031053086733
61.331185792694676 32.486635412232204
67.34298760548943 38.991891171736405
7.513004731476913 63.455499110766176
54.18699643066167 63.794559183206886
5.771886215293653 84.7569168229436
4.448102402504417 1.6626950045761646
69.85691465742805 62.39253279518102
94.0486569803834 0.5108334696384276
34.569522685666776 73.15424862591642
48.73988270950043 11.854489726189321
57.06957736330747 46.04883222032306
92.2699072730538 36.813866309582785
96.34808392983733 63.62472842726683
47.87121159174808 53.970685580768475
48.59295047551397 93.91965677631309
69.15401962492763 76.14377793065896
45.08861323726781 27.882434082492846
55.13125978083004 95.78140431352658
13.284978471562914 70.44813515706178
97.39497121402292 56.53941881093034
4.4158063437768735 65.73239986063297
93.89894536014998 0.9232419350880594
89.33437105498952 68.61852373595956
74.35141496863709 53.35313913338568
2.569433917161157 6.2956956686446075
50.413806993263385 72.69162734015676
80.7445940317542 70.29038387879105
86.68045899101955 11.858329049508809
6.200014242204976 4.630450179060142
68.99423939539801 94.77794945409232
57.26968645410475 28.575741682695988
18.03092689344472 16.774668335025456
35.98163086581074 45.67668334741237
70.60958747920955 60.818018936912836
1.137940089693501 18.4150996378349
19.42703804407797 11.192963344571805
44.716650346833454 34.62347646746864
15.180356224232971 48.79392441207928
8.649517927292894 40.3274817362868
54.40624473652325 79.48873780308108
62.69067017945804 0.16156907083599847
77.47045231478 2.8225669410301135
39.08573407184033 22.85619613065657
48.98590808354288 19.677256077635086
51.91968006880832 13.367238261573977
85.52087490311737 49.52428809238123
84.13084096503812 5.662015743404458
70.02129247046412 93.39770486357435
40.3637449579934 26.54076453226328
45.83236700767659 70.3997106078498
78.21232032493069 92.6381244019184
86.39107014499538 16.243442825417233
70.11898123093896 24.211115315241184
48.72299438413796 11.247592757884583
92.65511346989364 96.34068632601782
18.810229659734603 7.711852104866246
96.58129043346158 88.13873270659028
21.628987835404434 58.14681546185576
95.18646559018684 89.07195944075508
14.880241089749413 92.50572397831864
61.62059476299451 46.29540411906745
88.02560716567326 47.04493879039124
10.839054198449393 97.94174563272335
0.964740428126154 78.61622166719762
52.23936586117732 14.140614825775423
77.6400050855143 53.972199148583044
18.136594051905952 64.2235850867563
50.431021077425584 31.583435670502034
32.049990149926934 78.66551789371712
51.283078341887276 86.35020497292427
82.64649381630751 32.05408590541416
24.689032092323004 38.91970572966201
81.50109755530985 59.94379404887389
2.0873285516466833 83.78500359983376
73.96321136031676 60.022578967165565
28.162551736933985 18.472917999999083
3.5464908449321264 27.6766252070324
83.826899903943 45.1036004542126
78.87048666328955 13.092866768315513
82.62771454221254 21.68163067518183
34.92424600922841 23.226920389081695
42.70844843251811 78.87757911004887
14.757673200645582 17.754505578463366
84.90433953713932 62.53255191651916
27.843299470057215 18.997187893217383
45.439479929316626 59.847212968817985
92.37956772630534 57.26132922498497
33.22086066659846 68.91385282218036
19.25659700627338 82.28694103711902
39.449159084411065 28.562731980860722
96.48866034130666 74.99271769274915
81.12772552870322 94.07978614059196
48.63729366635432 68.2407852004163
97.72298629861889 35.165096590278445
21.19972687788416 3.8628101398552994
41.503553111504665 93.14559299877192
86.07364691290964 6.61403680705428
58.55331135732258 52.019617665418025
39.68688946127163 48.013741980040095
58.90298186900036 58.02872255725542
33.57341758453549 48.97536511081921
66.8822037082328 51.510424672248064
69.0209344099098 24.11905569576622
98.80184660520416 48.76809608831878
99.14847985584994 16.23407339555709
47.729949847200935 96.40145013911328
54.279500524961264 87.07398667152965
86.50383314000914 4.929015531305203
22.50182107959693 46.4138258722129
17.98952976142818 62.62260944403402
15.466072706415424 26.050451970309
36.16066602885595 23.615020377532204
93.2598705622308 59.42121643472551
60.278542781890465 69.545333108354
51.853907850626136 56.45427439946249
95.95627806337485 29.88358200924739
98.96074511514156 94.20140460786392
40.150404932496265 49.715364368695525
40.758217883133675 17.822074774789588
47.47350433531727 56.83828448604453
94.73595144342765 82.89233083932803
34.26081639466372 88.79556548374848
57.436322676822726 15.67396802352432
88.02438999991986 70.07328880443411
11.837660919260863 9.475170450837854
55.712842609174 42.451481627248725
19.473910089579817 30.435130753187245
15.504830464600206 66.2975992950082
56.63588814979765 7.874164712409915
70.51111136982155 13.365613385041208
85.72654355881599 19.842579339502464
68.48851020843898 48.73284049680879
96.0402572959166 45.01948386148806
28.98290322856829 16.016600574236527
52.39395017416628 0.27252236224968307
40.17691300739139 20.735563126036904
71.0518226016674 67.87157838531321
64.55742239423681 68.45730423962245
8.043035330673764 90.68187724117867
10.98885864980157 1.3636674856227327
48.28012535586179 10.262438964206888
51.61111068970526 82.01646382948115
17.59582982481962 39.72842117515083
78.49040373335903 81.74459169077177
68.74672652175533 67.09348490025313
49.56287929013013 60.05374950309794
84.25072692341719 11.4313599878497
97.40630550124622 4.157526189840199
67.51810414863422 88.81801163360254
67.3743166132358 17.12638905135919
19.49202842988036 43.73383295705051
32.956221583015235 80.59675882746247
51.740845836741414 9.91698726902408
44.8825472008604 88.21117476889764
22.950694048980047 46.49083268788174
98.2561718259342 26.714077121511217
86.00097991508733 56.451110114199096
87.25815682897056 19.763211068715346
79.44827335949344 11.45589171053012
47.80612437080987 17.251430961879024
64.70738464626398 25.716119144062333
30.810897083766942 10.22636805459487
57.281324578629665 58.65192742814047
19.721485990624 29.364623352195096
86.27464314428704 88.48967963624929
24.783568738149995 59.6869227590713
45.46539558412266 79.83357717061908
17.92833347607008 63.7847477803547
27.76024166099189 10.612150003414555
55.70729385462909 9.74193052722583
68.07723602907471 57.06553489702708
8.505891867265492 11.259786512058323
69.11401990480968 59.416859379955575
59.289055137375215 78.91860332695562
15.556781141754271 30.391856567212283
57.49399788545255 76.61251480558562
2.508174283218878 8.293352098069251
72.75538496126899 32.46855747620327
61.533411670160106 49.26264719337381
80.01553949008695 23.533446819771186
92.96311870850063 67.88786417161545
16.719569550479264 78.64331818423203
67.94863479727607 59.346811841226945
91.20668443007712 4.121190500166327
73.16483177481219 49.366045321211075
65.04775610883165 87.95665933565027
50.38561806967421 83.86036716244345
47.50557966272599 83.59265853728826
42.02935421289891 68.59193393688963
78.72378069522716 40.68627286780169
52.357645950526674 78.74791003755635
89.76601769119964 40.71657536750322
22.499834539447463 61.92018923240434
5.067252568465874 46.05040036315342
63.752869855844075 38.223342319912355
83.1215426517313 81.77927216694954
8.36008519462439 88.25606978449349
72.73139266180372 23.52220688785436
31.903061304550697 51.823791272705975
86.6991395179764 43.5346345609303
40.605676177263405 39.330267162984335
65.6477287639391 79.60102415828432
97.49344437119328 52.45543482963233
64.23764592745032 5.8429265412633935
25.608424536757155 9.296133625867565
64.39259239105388 21.47846791880257
44.993518863513145 39.003195505372055
21.137553229754104 88.97658145481566
68.45102518393642 61.52606030370686
82.67607085066462 58.0001700445864
52.1706100722751 22.750760000495298
64.87564878366766 13.715131276383596
7.6519398631975655 54.343687380007125
72.151989880205 79.51053632199765
65.8595469952346 86.85069992188544
16.37149119368775 85.32401906361969
13.322333484518524 36.31223755366402
70.68043573674845 59.340925211787024
5.828617417686366 6.115953954726283
53.77554153019717 92.25574840260555
34.04169547513689 11.743118647656093
18.759916854702507 25.646487695518715
44.15826540464691 5.8973994744391245
26.35332845351592 90.71997701847192
53.673900992647084 73.9195092516284
53.9916583054505 41.126027142064835
54.49123629547454 30.610698566894932
46.73965485445763 92.29129044788755
23.381167226155775 93.92391565024587
0.7194276718444526 31.905130482108856
30.79391025841234 21.547367220964553
3.3900597770175622 52.960978318461514
53.31663620103604 73.94370875362884
22.904857514402277 94.26621792104879
94.24724821532871 64.45010862077707
6.791352750464474 14.449413546354982
87.04551998403356 90.3824673231902
5.52028245714391 64.2409682555295
65.33189436617108 16.309287691032146
9.432701842351875 13.482657932320352
66.77822850861601 27.966555286496764
1.3433272869002533 80.7366174624971
23.232647239778803 42.54219318463064
35.38824741633662 54.227908563420144
1.1827364026406606 7.562580944065012
89.13784046940299 95.21171302310505
33.78052078159832 14.400759843749821
