460
1 3
50.24875821244468 26.972208689311582
30.265499827513075 9.809736309522776
13.148960391189801 5.608890869415739
4.799389837332235 95.17605421266904
85.23050201574792 7.935316814604265
94.24047979153572 30.364021716089205
43.76773754216345 78.31370197499308
53.44521423164332 81.07185052010509
86.01091569764114 15.94596746977366
0.4835802398410305 28.102153499318593
55.69258642495565 74.4117591371289
28.860382970466112 81.53444207772552
47.254726522286326 18.975300023603193
76.37541650656405 87.85466425417405
19.652707215845332 60.43319262936868
41.09314436021643 74.27062964008164
94.62641372140084 65.28775263181544
66.93404524688529 49.98010056762001
47.844692284545 65.80556513708461
53.22726831724081 27.87514994955902
33.14019631142653 92.79903131940397
38.0905448560251 56.65353294967499
11.81008222516564 57.73893919319883
72.89527631658063 69.91954326798479
84.61062899600778 72.93706543241936
26.965463309091618 51.32581007500041
52.906564572473535 24.264972339219646
42.61334063069189 45.11043921028885
7.412012606114016 19.405705033266795
35.2205915033404 59.99593049716838
9.067586231876955 22.286739425560185
53.1218316023059 13.265966340235579
75.17295490341178 55.07436004199757
56.64730060187351 67.38853897037575
33.522071021885665 6.825936508614561
54.90026286663592 58.49239284795995
57.81724861702633 77.72405685548674
23.836466991148143 71.66606789032035
7.7684638395191685 76.12581085028978
64.41014357997163 6.57406486358445
55.80605689754847 36.262244965539246
14.062435684787378 5.457442175360128
48.902894934660004 66.45081327039621
22.604976413061763 23.570062174934247
59.70650050102011 89.43575186319728
7.054859965245286 92.40751594075498
90.0446864325633 96.55512266450827
88.14760129969589 42.47747734789704
42.47361430915178 76.75608451798426
22.43271003286584 1.075304965265489
21.246361094491984 31.043559389906594
65.57809512529222 84.72280074703673
66.45332715076722 54.386180112712054
84.62365642460554 16.169474225861656
13.085734097010393 94.02026636037995
57.16564637039263 47.90619861269958
25.521288934549567 40.075647508856214
62.65503265293213 12.0835378333215
65.39067336833577 73.80760278290204
70.62699349460242 54.05979967373267
14.107605689438074 99.63124726894077
89.15565979055206 5.188322353468777
79.79864591918142 43.85253550509629
33.50702806165498 56.30168938470703
11.795283790402555 73.131100307644
19.09995091726269 59.88247067762278
76.99248097306568 74.01233695830287
22.2219812515549 74.15022555473205
24.493383398190648 21.647264464156656
1.937562934260062 1.0173927859631338
54.21299376981228 64.42809032041066
33.9326995511606 68.51227922871192
36.28081416127274 77.53451961170983
78.09205651280952 23.250907029571756
39.659717977998476 17.290450780525845
65.37302519456543 44.247944613344
16.953585764006608 50.05938469355253
49.84843076918255 54.8044291496864
8.194212627773755 17.892677617599873
22.38130196320707 12.25916197064716
85.34673429621307 36.791996451299866
49.858438409160776 98.37410099792756
2.6163930931567103 9.690211065352262
55.05394121304037 50.272059327562715
36.5198531734074 37.191670643460384
18.33775364955099 65.75111049484651
61.61241314078374 4.836932219299128
2.196862058664162 79.43761437168261
86.7479596333664 33.18179870567002
92.76151638513139 80.16913124284102
62.12453097907864 62.24175229260782
12.823320891387159 87.19225328969029
2.214744734333607 47.02414238780672
28.423012036129826 21.23926826935807
23.02059929088347 36.03012519522923
21.156695320182408 44.03210215679998
97.30438803501417 85.93956111819887
47.742137639008675 9.801324743828355
4.8702127983706545 34.542629586940855
46.40148498977794 11.428182082157722
15.202138860263048 55.1035711716229
49.38657445400922 68.23804973034011
53.90290410109917 27.39412548309419
76.29210472410439 64.74854005281388
89.84038957883268 45.416481345647284
59.48625642332643 32.746451669140406
35.24736851484565 73.18222654738935
13.222302964524557 39.19988290172394
48.457242088005614 66.95533604998889
38.797750920116144 76.03968839196045
65.32641632345329 71.00391666040886
93.09299981381312 51.14364270707763
51.053644348942214 39.87195974949533
22.014292858836605 67.49286086109328
34.57371127787066 40.16130435143403
28.593269083757498 29.27822158383977
35.11373603078509 84.40226779889181
18.88977459265 93.25083809707873
84.73702399779914 55.29262696009265
41.32069167477679 69.80642417349476
1.4647229474782142 10.438100774247916
25.328762293268213 15.505896143122566
93.38521235532991 56.75913581977561
75.93253992231736 65.03441296467238
42.4998689145865 90.78964496347146
91.49607698895244 45.4288499490151
40.584978052822684 9.662699206247382
50.38849157205956 20.273098379941047
43.96609958782447 64.65711535811597
5.4775226463898985 50.632304664604824
12.327048668426954 62.359557762071645
6.854856934315068 42.83258461596506
30.071762053269712 77.68827125057103
98.12412474059926 87.74366255371592
37.4647745203424 57.75019214759711
85.52687587123036 0.2625099187048896
8.222795062361744 54.812323335667436
17.258519764195235 60.70112736185944
81.48582164834362 59.11564767247408
85.7968852167732 6.802662689767147
61.690464688937595 57.008055791748816
82.82535254779835 88.30917896074055
46.56203141905812 93.7485602590217
89.67938671339913 89.27677154298317
95.76419791670064 69.29403115090697
91.99000601719148 76.74099990570924
98.32215293055827 25.230945751340684
30.414817665515613 5.50087151326899
95.79468306974263 89.79998925588303
81.00431551577483 15.371918367568194
85.20320535997877 78.60392334471125
5.463267152219031 75.32993255986709
6.173886812369611 32.9672369828147
57.222505080952416 97.96571499038309
34.3786941379044 14.684759978730867
33.839429445035705 5.981538742583892
3.465698961157604 61.205655117902836
15.259529340079236 32.20967722724637
55.86672217616457 86.06578252703108
48.652557600678925 55.72570550953784
45.660091642753976 78.5139150230072
75.48797168400627 29.350624134354874
32.24592608093209 82.68025993371828
88.40204332473857 83.86351637210913
83.61280778870533 61.35708269325164
62.2570992341994 37.85765763225783
30.18833552144986 71.30041759154393
42.187344021564385 61.21528711276434
61.65811165419242 4.736348278356584
54.66938691673102 46.306706751004015
41.99790155787886 0.11711272176462284
6.3455288208126515 83.50214307847892
10.054196166417118 18.340335369313586
77.49346637921266 94.72054753256276
42.679545303802094 58.52253853005236
71.0379650166016 42.07448495891817
74.79280308965926 16.372846721481736
40.30017052832715 58.8973982814464
8.999497862080519 58.89647242279945
30.745845984449627 32.06515298501556
6.419712491126295 26.60136478419215
24.57676471103325 41.66940406720834
48.91279784781064 51.67520919682445
50.0761170852098 32.73326312743785
85.60952708682103 42.79710155236926
79.43005703934448 23.7329611731224
6.60185453260278 8.624714261177392
56.18804700669393 8.838626378684156
73.39620164625083 50.23495830276219
8.757595208157042 39.76473212850842
19.193181592849328 76.73907096831766
82.17551531315281 96.8029789384977
83.50897482462062 72.69981106971018
4.47026994990547 44.55557380849151
2.930626141844228 31.62978429421466
45.284657954477694 47.81755422310914
89.01345218169342 35.024194434827585
92.08867289583974 65.22141558602996
30.914961346444958 71.46242571246289
53.10084199162431 13.017623318565974
34.91128318368351 91.87467393305981
48.27524745044545 11.58234224414343
5.565770707279838 42.51339843524784
22.467898690710797 30.76345492152237
5.815132765482933 42.84284184008362
74.07233449983698 20.094693921956306
30.528335492641578 23.556967068490444
25.40162476258874 45.33838866718425
81.63002882587571 1.3300875657614508
86.84198826377072 95.7965446040927
59.91481568625572 7.909104936882172
2.9347688852113807 27.778255440071597
84.44084199586453 63.91245673090267
50.708435634112405 31.893511349235236
75.05157997857927 35.17538509363951
55.1637238479455 39.474278566413744
65.5623920638153 15.134205413767754
90.09292569221203 46.241661399358655
23.847150571558462 44.10521171301216
49.29172217273021 8.382608707689943
49.41020501007334 77.75177779974736
92.26508441539944 66.52760180755509
30.49898445834762 66.19493693165595
11.48986869737303 92.05221547929705
14.841381457745605 43.76079978390672
33.35720861890093 78.9460650559304
27.103170168977563 90.21237187256827
77.31964574276122 99.10564399680375
32.147715883429726 3.913317679696604
48.09997412474225 68.50971832055149
26.479394581600424 57.889320561700906
89.75582399702698 64.89838071470437
50.585523316056836 64.88682433581336
40.498914065035095 96.72343295348355
53.192349455913956 53.22276798685057
24.33979478075956 18.262336739067763
47.40919116683773 41.1680949030429
86.61342861586701 75.84281997442706
92.96971490347718 18.28419811464148
43.600060642609996 10.493656230130277
55.2449967585815 97.2957509890201
22.045734172835864 3.7694198844258064
96.4880736831804 60.72981786124538
96.92980934189951 66.98396419134134
34.31138957073665 30.32575487841427
85.62845065280531 48.18574334728163
89.22915716148103 23.98343126609621
64.88847936750948 61.61301357778355
64.66650285773281 74.92700828054033
91.89520947739544 49.69145694677799
81.59121612645409 79.8241529924296
91.37923026655605 79.14500231713045
38.59125266463457 8.03378807300119
84.31186922890058 19.3123820382165
24.02922298574628 11.361551336125908
53.36149098192882 26.713974788051175
87.58033619220708 5.889930698637236
78.0866120126795 98.55563697355198
93.15839334956988 91.27116897645213
58.60012459047665 7.4868883713191
90.02439608450892 27.384682116707502
42.89846838861404 34.756488726817295
38.69658169046857 33.057735350591514
89.1926041549519 58.41471465481214
98.9858911971454 62.8511281340687
22.01697218280092 41.504809264186605
93.08311646331266 98.10200090986952
83.75559026161929 21.500536720642295
85.0807330836566 56.26186417494363
44.489914640372376 62.004165789537716
65.1208476525159 80.13576015689281
4.35774885346194 91.56338498062672
2.420496180183118 13.293730727920106
43.101455222022445 32.25393110294361
2.9167738087967354 12.495828622320747
52.68327685298193 98.85347874847925
11.8637907695488 93.40830057649787
29.611083269917525 71.36177085655902
3.6998398658025566 8.34505112428876
57.37503133336877 85.13031405536418
83.41350015869291 57.93878142005522
42.25958136959744 21.250269328675397
88.21307940867591 89.73519184742005
92.40077051556375 51.526843649134044
67.41860537997167 24.982841236306008
22.86496484992466 64.6858076990865
83.33193724991249 87.00351610858725
91.63671743757497 59.31019733854115
36.53236631019035 38.84160374676415
99.18857272140762 57.55426321800912
28.924523697379744 11.61562971480472
98.03584864117572 36.34581839795372
18.77428625849049 46.739723985714335
2.358499821182347 83.79405612397552
68.09394979080498 17.421415089873715
13.48379565220974 68.60621339117267
90.04318258322705 12.235483535266445
43.25089927660712 65.5306364830277
29.27834704956007 0.36142134829404426
21.486476258792962 67.05682048619519
48.41378874232416 87.83677581294552
0.06825933138039364 18.928464619289542
30.965091377222453 44.83529598949598
80.62769521540112 7.647298427065596
41.370947830757345 66.51491020653131
91.33639832658069 66.63754356457166
89.40714034422777 51.735366655608914
48.32935297359471 99.02067479735204
18.889043047945986 53.733765384460284
36.09109938207151 64.16800951674884
70.82707309437176 49.93571597062516
28.05045537217259 97.26990272849206
72.75038567197407 42.45168297511579
68.58396005834673 92.7501468697349
55.89343627547614 97.34257747709893
78.32268209788889 83.8338646439599
53.089910797034314 22.586748847298743
69.97251788413894 45.33459515862823
12.84430696153429 89.12989219113001
33.26016206845435 80.61205476425677
68.75708649717558 64.29605916009598
16.207485091685946 71.44208111704064
42.23585785204447 78.35516032879424
8.683001376839862 82.86890238776105
11.78950011396469 82.97703770458892
59.50801772765004 52.871806808908
84.995960681465 99.42084000804967
51.11892811663987 0.08789864288458737
8.8578218732279 63.805934875250884
4.139684260543874 28.935370625196644
11.869600988144114 58.76048005377115
46.57779899055892 34.42437969683914
62.606905235876155 64.07138886966204
25.898119991883206 11.696747081392257
22.853105506501215 61.7982163235165
53.426902514037586 16.212600957978385
1.475189594871762 73.90691977972214
69.63430715661467 82.32723572993848
5.0206243883129 78.14808866081535
78.46405311461145 52.944163531250666
26.082612959590755 8.155741933781812
22.024104867284656 89.02607725299158
68.24933903637577 85.70137367261621
47.52670826838179 63.091480973856726
94.85953385352776 57.92181109516095
16.807239138550756 36.168162712299456
95.85856585468106 59.560584337357206
85.466211762327 30.94578712391911
80.32394963692262 59.04173464728848
78.16667327313051 78.74472361573261
57.87324337819872 52.484383607582785
10.468730250432422 57.02724764140177
70.85289072791463 80.33711362337263
49.31927899836461 47.761692911741925
89.18894130847703 57.31504051120433
28.530016808763726 86.65482871234735
54.97346726593173 34.543220867053414
15.518692436110527 75.53317441804204
67.57093606062452 62.4841707741691
3.2911586948736415 23.484241476609725
39.11886076318609 16.297488475761202
93.42775399291912 17.077274729527446
94.84829982306205 34.022792201635085
39.777165173942784 48.56169507602193
31.428925880209448 86.9244830468171
79.31165445618286 21.222597037513367
16.105532555804448 68.23069374037807
82.1564462574903 75.62229967385645
51.178294700006234 24.172910399099344
45.66502081125834 18.069294276179114
26.412723512463355 69.93542827050759
91.22059864272502 17.7501943492401
85.34834893634518 73.04262934934651
98.9677202240991 38.28155088734155
35.12979506368556 87.21167245488266
5.366409308832165 48.91681647092654
89.53153849741298 41.95453674240641
55.21602330341035 49.429346880311954
39.41859898642319 10.493449946479473
90.93634141526175 69.62090159512174
5.4784603872992665 25.20856238758693
23.54380056377576 42.48581934641065
8.249589841605399 77.15877579065184
55.9069336854352 53.88389352324581
87.39468846313865 74.3124840136823
25.49916509949275 28.54758819618306
18.16195164778307 21.02199798206246
87.3218816014046 18.7079041186095
65.86266670842333 13.674015365153558
40.495621343225 62.24339969437833
86.53670700907401 24.606352786841136
12.58133232413532 72.57282498718835
48.04349326997182 13.6417323733099
51.689214435873666 56.575551513466536
27.23306791063662 61.77395058975239
54.599904137875235 47.69350267608405
14.93023314153823 29.765896458661302
86.38888230131951 16.745392566038888
6.952279547640239 47.02671114854453
27.649324663327413 64.18046888523259
87.76770130596863 43.99453285369297
17.736642264940762 88.31263194369498
68.18767600729718 76.75030072353842
99.93273681213017 93.99898011512965
10.598559302361332 83.085372759571
13.804056680416664 27.7971981314751
2.3708333778006185 34.429699458492436
59.37876779135072 21.485885579335307
20.052656133123325 41.18739214877634
70.41867618349715 87.23681657571322
47.039714702788075 40.256099144682665
24.671426641500393 98.38021617513135
53.15842673114033 89.75605893187799
29.354869251183025 84.629835503131
95.2396193164544 67.7607417599656
51.42594627901307 67.62886233648693
35.968781707022735 15.685369928463944
53.03999078914941 74.96378053635505
6.88012310612125 68.27166809337581
31.69837197939853 22.093597329878346
22.26473581769128 97.33914011603363
40.66607341950461 86.16383745931375
92.30146792137937 91.07235097298752
8.262291716079439 58.48985862802256
83.90906789902901 18.01371918372954
71.09602493650667 38.87799109961989
37.89371669027719 36.656935454299735
32.48690110420613 33.52549468934289
3.607729361872103 71.83611504849343
37.13118757230418 71.14791399283182
54.50523109925529 47.015969225888824
16.999116858959205 55.07597554485599
64.76343474604482 13.029150261413625
6.887205994929868 99.95856141073448
51.06414222776587 80.62335196393803
42.47675863380298 15.1418688934837
86.40477251619103 79.36629051367355
80.51262742557918 81.27216916038871
82.71027894454303 50.86897196056617
65.7628563336973 63.89937850883125
67.0734572822191 41.49270397014075
42.6904741807564 36.75965261639249
24.57005672485304 62.95050246970233
49.78570656515322 85.26673684162222
34.72347112583183 60.8302885619715
17.60166076605576 13.199545104190523
44.865479451369225 8.690609239042812
69.51635442307544 11.804920549065478
4.6181468884816335 63.89622808533335
6.569019152853195 26.946992292686
17.033405609901987 58.602508374705394
35.05629907851184 33.20010633086097
84.58097806270604 76.98004535784312
66.50944868580382 61.13769473556596
37.91586196730332 94.46838505856402
94.45580557304116 96.32617290562942
8.046074012336991 9.16896355600343
76.15240624149675 47.227387210889304
91.94284344406209 54.03482012327234
75.11258246583152 46.49999741210118
