910
1 3
11.420718834081732 50.87285351744721
34.298312184570776 53.22242770890286
20.483917013196006 17.43970115836495
98.89310719415485 82.77674671108954
21.12868801217507 52.40781558162813
69.74313339800567 93.79075847379393
41.00749701819921 85.03132371618362
58.55450938572644 66.4756318735473
10.742057948758553 29.99243870648378
85.7185422026102 5.292241088543315
91.7660771314028 58.60776991742951
66.69416268513604 37.32858551912881
31.352975717873743 96.91934162669635
5.4384821398761 0.9483680345794943
75.45542305875257 45.74971709826576
36.170552395500934 18.92118515735053
4.014707531457695 46.82347411966137
3.9450882619771477 1.376656468527937
16.539632618179457 75.78508574859895
54.21569917825304 3.171551447330545
41.78999431979695 97.86385049308022
59.7212983203709 97.01883177785456
37.5842848839885 49.714959120993974
52.27630556559679 39.51326530587262
86.7412439062331 30.847235748250988
99.6218842316505 93.9937666324855
38.870580010502074 73.25662876308338
76.28489596322395 33.447187136955094
77.23250422645549 78.09191032953777
86.81865650951002 45.27504751704472
44.477880384817034 56.80747223238789
84.30525846405301 82.0236251999194
31.853281143254787 60.3198466276518
1.1038723965138608 76.81018459829407
91.83644405140414 42.32438410435777
42.19715218941571 68.16774807127383
23.585250054206508 46.9854884977037
60.01101767181611 65.50715537993422
63.22653035533479 85.77569267965266
91.84742559732702 97.40242208381116
73.70334831483854 23.31778271806315
33.78330860020613 13.675346929588317
85.05961919326275 95.16640204296671
63.82024237835617 34.08777119963102
55.004160868950834 22.28201211169789
73.34359209341812 2.7098544350735887
80.94355299081909 35.29855964517539
20.450628149481464 56.165434525232996
62.04443710744307 50.992371408509584
7.586717337717763 48.353454687243456
23.64757050987807 48.0703324876804
61.56800152267028 26.233087827150413
20.792916329656364 48.39155408759102
73.97462983996941 37.76922743933871
56.41085491295919 4.398538784235773
95.5952453364598 98.87015385260862
13.702572152642523 47.47271312626551
85.60252287235559 20.075042869062585
48.86236596706461 19.04918373738491
19.64345467813995 2.072979612626491
39.67893645840421 99.88927875411522
40.695274343360424 27.68211302744874
92.45285805271217 31.40251763722006
44.37685538056289 34.498069140582885
19.346913008513255 31.621550868206928
35.28939358587382 8.075781911840462
49.87177997354581 47.93272483911202
32.483357348488575 94.37053413095057
69.44660676440115 4.220718838229609
79.19864892001405 36.71418967936513
81.53720046522366 82.66921000223546
80.9583994513145 89.62092723731018
77.8455340736847 57.18342052730219
41.38803528067798 11.398964647791821
29.861419643432853 29.384460415258197
62.74097958674807 45.22677487027138
1.3911343948338484 54.1678725584666
50.11759072643718 83.10057576004282
48.40426926632402 29.245627988843292
57.64359144161304 36.99782280357733
16.158869825666432 30.20191987904619
1.6065314230476524 69.6070453325817
28.260387143596443 26.414874644235088
87.3794969922818 63.421093503192715
12.895714542020942 99.59692688684774
16.94310531934493 19.59727368726054
87.59861905878776 63.7606953156213
55.61157168199517 46.26286308928154
79.95152522184954 87.68367247180468
65.15325788599135 33.12159678789175
65.33306776960129 67.0436144110431
97.73304383228889 3.5655881991716543
8.322334800342745 17.07412017751544
74.56044543059193 47.93479781752718
43.681879609637384 5.604422438362655
4.643784861446454 78.13319450839316
75.8742115013697 40.67065287072773
96.80238736231965 86.81286349002913
67.95025564767145 94.68104530153394
70.5730534979393 49.68884515480285
17.474746057735445 18.235695938080255
13.758296575466588 17.277064840220934
76.25473160995597 83.4599390023796
26.434450186999968 50.429380581364654
88.46637410972156 9.461125995991493
5.1822134759841765 3.4979620229680153
16.76941076710703 62.32379168173272
47.70892564945326 83.96663384698554
91.06421230376239 90.12834999357136
86.5227227937794 77.28054733266043
17.737742339177753 2.3596791579981957
85.18060326837417 85.92531575010065
16.869635678264938 85.2661857253914
69.16541310284123 33.97530752363336
97.02225222995895 21.772001769388982
42.09536616451237 38.491765576893
59.5319054472081 19.494259333634332
64.18725088140617 4.299704186817199
23.014486330970875 84.64902811983823
69.94870451574697 33.828671198984715
13.620114202627342 56.21440989346447
10.14853006157772 46.67086666012619
87.16495283839973 24.267700179718044
64.44740002992295 53.109647858462154
25.849299312236585 8.932131589046822
86.1300802626328 23.193337127115775
0.23156965621333736 84.74529600559175
60.863669314176484 9.093553517492104
14.700027790096959 69.1065812263946
46.751138668046806 47.41150266100136
97.31417411955188 91.25497514175916
29.885071956966524 81.0710220550777
3.916070164614238 56.02939344430609
71.35258589470006 92.47554787267921
21.296239942143558 26.961291164877245
7.2842004688117745 53.62335204031026
37.27267827849341 83.72963027356654
8.96784616821349 75.76254146439008
74.63408993875464 22.15607767261154
17.016951906503074 15.984078059527306
91.18962207436661 1.1131357889010873
13.145514033782145 45.97189179667518
1.5657440938250389 22.51609163427395
52.448626627860364 80.90815124098998
13.177826363322986 29.999758964351475
61.39163398858622 46.422414930473074
53.04508755457302 40.52073910217197
9.715382076319745 74.57631364838657
84.40474445697441 82.51533034122838
31.4426330184874 36.143314815178584
37.85833358914197 19.49935412475925
92.4341549178442 57.94347371017066
89.14361842856908 7.619737485385225
89.12548740399666 3.601263252224496
58.89380520757932 50.1026569851774
6.829287543191054 35.725713376895584
4.198052119826157 49.1311555983079
45.509796360471256 26.048561343111754
63.79209454074826 68.00412864672332
55.80911378626223 17.062234504510563
5.63072454391722 68.63486954853606
94.89785481007074 2.604234434342345
49.39051782747712 45.02151551217146
21.462018204076138 68.36309308033599
15.94086347084942 69.27615479174773
92.8978034129005 67.51825183249755
32.83697695107237 97.67060382175683
7.307260751720368 9.572169270927056
86.08418220476086 38.13093550066142
33.21213627153035 39.957628193663595
23.909579924674105 55.70234457615588
1.5004973201015126 11.441203850484216
82.28329692586405 37.79746580509207
65.50078683047684 79.27206796339846
96.39191131475798 11.283922433562331
70.09618772820542 29.998444532169998
67.4644582717405 61.27185336657482
7.102151390614386 67.88028486557913
75.17732814364592 53.464222719275156
39.95247942125339 42.1563396176891
14.088270368875033 53.02168509184211
53.44768803728841 75.57885741692073
1.2051038326702956 62.77282096803114
53.35365966938501 32.82999933153483
60.02403087657473 91.445756001411
25.08700779056372 86.95679751211793
0.44144668951644483 94.11006788339127
6.080796960572643 12.455483591112571
56.28222761842441 91.1303157465641
20.13798231582584 37.20356513599255
64.48637686040432 8.012009030392653
83.25874500240585 42.690855313193545
57.5419909558605 68.84721844620489
23.72085930901493 21.995983855368053
20.546486336571057 7.998147837436087
93.14568912109019 40.47585982075215
25.861848536611998 11.698882425970769
57.70755946476278 87.47488742201348
52.12746227460172 83.39537838526594
34.33501482353096 45.61983386582797
28.993006021626087 84.00069056888444
81.06348604112117 80.87295084513563
90.19769190124349 71.57654630482398
40.3043763738248 52.86194914762603
45.4914184831313 71.68894196854583
52.66256923473378 33.023328132469466
55.40095187047387 54.585802145871654
10.648247573744829 22.568023561144358
89.20438378953494 48.89741448527764
19.21849051826996 57.90232404631161
83.17533327673279 63.23977129471081
43.26014740132873 74.97264174388319
62.753837598072096 84.51455955816014
22.967671309228855 7.53078572800423
86.72091171039007 83.08618313026044
94.40781645268174 47.81791328165035
5.276189030856582 85.63821119331136
27.91825045824392 3.2136113659312793
5.995320360044221 51.813231610394574
6.454059301151194 31.809759345956444
10.655908253205615 17.08898922914779
40.809956984228066 11.695679246059075
3.906892796116912 27.5333620313009
91.7064686824195 31.246449495861594
84.98879764405874 97.23130927504275
35.857811096321825 22.640532670741887
33.009383493046826 90.00538920324142
66.8982467338624 93.01057994640107
7.723680010146872 70.99081858380079
12.555454168398406 65.56000256509458
83.65402084245159 43.72760705606809
54.70127950358703 68.41493293311451
48.291291233837484 0.7328990162544846
66.66263500395743 61.25966150197104
98.99793916261575 12.176943247249273
67.05644929942922 68.90590640450291
5.727629639035636 79.10599957769125
68.91958320236506 19.61490711028624
69.23159532082327 49.60728146039772
64.42102126697587 91.04120204765019
46.295704108763466 92.51650715923871
57.51276050867335 70.98857069849656
42.60036896154773 3.927878428841036
54.44494754839848 13.322209746740675
9.516846773569988 71.1423547925992
39.7916260566374 95.90775046196123
37.50831267141355 24.87750918164229
62.54218810461425 79.7529313984132
83.18862838908451 28.61304229352801
90.73427993290306 7.162665887352526
24.16164505279157 32.92212381513578
11.955809404535888 23.53661406217864
99.02341716711062 81.22703765399312
56.011542048063404 19.29763260157884
37.650146951370566 57.57954837754777
53.44603007896589 79.34420317177862
17.05831292438178 87.56258602655859
25.51178873832438 92.19416564463872
32.56253775831137 66.34795020899622
20.869042250379156 50.5348773406125
93.9692646706924 41.03084889078883
8.604384019049593 52.0576897925497
23.86355219882068 92.50454013553133
0.052926082414339604 35.26405902404115
4.464907715383459 95.33432387953032
81.71600268053929 34.96015773638841
71.62331880614904 90.05570063036134
11.21489649776013 2.7972798261969523
73.13322492934911 43.44915934364857
45.85350641973076 16.99161582575879
99.31223982114778 7.034579430460375
61.76058692778075 59.78991117950396
56.006249463348425 8.365437227581673
2.0588895660826445 81.79315008855856
0.5316610784881215 27.156528230932086
35.357672297710984 50.75591401062911
31.26044849355363 44.546766923050285
71.55059481186079 18.395439413045935
4.589262547289374 48.08445085424764
2.2146507179332087 30.554929568579503
90.01713673197065 91.89398066822679
5.598893243898595 78.69265161429995
58.11037325104984 77.53595970708108
88.9462828015135 52.684311647425645
53.39986721935672 49.30214952620875
9.360710964854269 12.920072297414965
35.84540144176731 77.1296358727114
5.851730342293626 1.559743145770387
81.15280804422812 12.668801874914081
99.88878772137096 37.9008640310603
25.08729321738048 23.307335999944478
91.21652672108948 48.29752785797523
42.68944555901317 7.515728598412474
73.52183135442634 88.93249100754757
45.45370775380662 44.67848495471662
18.955280934522456 10.357043071127613
57.58168449557648 58.830661341683445
52.4560166844044 57.13533256563075
73.95512358142598 85.66633252711924
19.272392528159465 75.44115030187892
61.67606453889969 64.93139279675448
28.87262736559759 67.40696329148533
21.496473075001198 93.05302174638688
4.360358615246129 70.2606649226402
20.400558412250923 84.5791752286438
55.44911081730517 43.652410423147
13.772637869265193 20.835740367996316
99.12545845873741 76.19271664883
22.628368810785517 4.261668554572284
57.71200752724515 22.15442083501078
9.577943407629697 18.02406860709911
0.8130935332163691 0.02786269025920607
32.544949673220344 70.1533877027401
26.881989257408545 52.67593802007955
65.95494617214102 78.81604236322242
95.45772077846766 69.59228028504047
0.2811830767380563 2.5568193389839733
6.446316038489219 66.71681008698762
98.68019719911263 95.29249966665938
45.17500426391465 91.0643779981348
37.02905089214712 4.4443221655263265
29.786451975393557 67.55060153599277
97.1959670202432 91.49705174823015
72.9752943992308 4.417353779448119
50.8587220813578 66.7686007414513
93.35915685360668 61.65995545748888
43.09154712263932 45.061266734175874
8.041033258017238 23.30917895482203
21.901102495259916 66.99889339085148
25.700224494418023 55.52714443625835
4.780988014027976 59.81285726284802
84.04814184209629 24.094631641381305
20.949565193416753 32.958320799932686
57.069985590068754 42.941198910258315
63.77526492196823 51.595619834490904
63.829970293428005 22.303577707154652
91.76220988800037 43.12287653178644
42.990703081371116 4.701236728227198
7.721250606907315 59.99602584593284
82.92074444003725 39.99250290040488
93.51517552100228 21.366272871303636
96.53390221301399 44.947411708971764
48.77408428750147 68.39643284545815
98.55453036497279 52.06940277340904
20.307826739455457 35.0445978106372
45.48074955235721 66.6888067607671
91.37177288671974 36.41065224183786
48.845577282450805 46.03824054965706
90.03950418662443 35.72017905073945
26.680153308305933 1.8948846277717202
51.19954350689022 40.55752022044072
82.71076882575525 10.628850373541399
69.28838142652822 25.408311822676467
59.909259549771754 27.229243345006715
35.25075760552119 46.67217451698215
33.52613825200936 15.664717355272039
59.09867661832733 38.420485079258086
88.75531095201363 43.71302134635562
37.70856182143738 45.51210482728254
51.58527459715714 85.29090192345676
21.797223132362518 45.21122214268867
19.83412412894745 60.10010152028531
85.73575105558857 83.34273956391573
72.73113885193081 19.291776577843734
7.238954310382906 94.60823251561455
44.74489878090198 62.83772206806428
60.7782376913109 54.19064676775909
59.11105437631943 57.11512440323509
98.2540072393774 79.08718763604183
26.285855332124708 22.360326820341236
98.23850379769416 67.91322434552991
50.09649895004402 51.89499028877347
13.602292426574248 79.34640758295043
57.69392049642337 78.31787902064553
14.428350331307582 7.704100412008907
8.480967311369604 27.172094572745742
37.941404493876284 77.80010240652828
62.836642052828175 25.963420612845933
95.36782485343653 44.42029632276983
35.48545515268873 77.3357607797499
54.56020501471901 8.78765463168454
95.76353262153299 14.013430701117379
21.917674832410228 89.77058445360781
72.09251125231972 92.64213259304583
6.748236192109847 37.81013309397325
46.36997436857377 39.90725544909597
32.34877130769016 87.0526855277595
2.13765575524556 73.22868269577611
95.34240677222827 83.99015930190501
67.76748487477792 32.39610215801565
49.55711032459262 14.804292861440672
73.24343434256193 72.94137293321741
60.20414510960745 6.791363105169945
62.341683072401906 98.5584945715534
13.998019889826029 60.47561244089707
80.55070259187298 14.58133930399741
84.094035413739 80.61615867690752
60.31582416826158 60.79124785423604
10.87222401967336 91.93128669236145
24.428585800214098 7.236954399533224
12.818820973743716 55.892909282628686
51.09629868367953 85.39542650832882
65.32023363195307 19.40782397764458
90.20626820951372 79.27593801777559
45.91424626281801 31.106359448733013
97.46977502272789 24.74995022669153
58.26902645857972 77.64864711930419
25.601653871080245 36.30027622597352
79.72255809028708 61.06562844914358
94.88797536479619 6.745712071778809
10.737620974212781 46.681751348001875
61.00006996983427 28.488988358854563
87.2521503510427 39.813096227409005
28.488574149987333 39.446984951928776
12.739126655187638 92.98834550255866
71.16230655848335 30.345082375994092
46.08897488432866 11.07186356754546
35.44873426097757 92.7784127189524
56.6165008193876 19.95345575463492
40.968433773674874 17.60107038649035
40.389897746063056 18.23005266022564
40.907280108495094 20.580092093001756
80.8703666092006 74.3837759345517
20.49374728156428 38.9164087410671
23.140239126522943 59.423168410784214
92.72540020478917 29.731669493058032
49.19367518847224 77.02273079825103
10.183053472069759 99.08977130966426
93.67631331614017 44.62443397009472
78.87490544008531 0.9460435111620757
27.958671382423894 76.70913577206564
85.40844461315655 28.89253272823835
10.973975481038156 41.056074604816175
59.11272450854752 66.16906744768872
56.270336341591154 41.20489149790394
75.57391209611018 45.58358074650126
99.17622465470966 32.604099997441274
82.03289488358227 82.52680456043149
4.522545694050262 66.64932010314925
66.51619258396346 23.634687865289905
78.14728794533923 22.13078812747138
73.94373076268617 95.11606373741756
22.42390990864449 80.8617857084791
87.76078709218783 27.900725064062204
46.68450550164764 85.84596894602615
64.07467287677768 34.915201472052985
36.493712913286444 95.38423954220106
5.292307319997658 48.74690143237687
59.724385061141724 93.95294404860715
59.60928340596809 60.56875090416271
9.757077972319994 28.027109791654613
96.37635187649003 6.996684609356585
3.7354710600935315 59.66556294235912
95.29108376913682 52.85008502510091
9.18088791832723 7.4794194816275805
96.4665537137083 97.53467578444186
69.82577869112012 42.43162576823305
35.528992303613215 2.490127609325299
19.031556816370767 0.32583327109374505
5.630330519841609 89.12886811078076
38.5421112204954 21.616554253751417
44.55855462896554 20.047996822358115
39.91942870502028 49.35388460941257
15.023469941566624 78.9718025097265
78.59934151530166 30.106535405632727
62.00910516029481 10.611612291126304
31.791635679916872 17.648845023657913
5.130659319735287 43.13903585670633
49.93210947741667 68.27890275338528
35.935847230442604 92.90013942283014
55.276016181752176 91.38169897128434
25.53669077706562 29.015931860706125
68.33282383478556 69.74683903347454
3.7977356771514037 55.504615555269424
48.09364157434186 22.8892498952602
66.86704223058469 52.77705932272407
82.0485739633393 45.04463672262704
5.420861173438318 96.50919949092342
46.691150019817165 51.551097574698666
85.32625174477013 11.083186461097982
85.38829903913565 67.06898172369166
54.52263273686144 29.2358671843572
58.9920210705144 97.95068158446081
45.31151301718423 74.46268063671853
72.42022058794846 92.59192967027454
89.06762471401852 23.509643235216625
73.73694222482057 65.75090971386561
9.548268565779217 22.618621602222923
43.129830844075 49.576623799311534
9.541551758483259 68.96539369278796
14.887132511983193 56.514482324914916
14.277421681377689 40.05951574682762
4.8405539318838064 95.17883892070984
30.402347151111698 73.63072896078357
18.37865625688877 46.800913113753694
53.057918931733084 78.27290719533602
86.16827230504902 34.61847280296404
45.48291191583118 4.030626971404905
17.111082250746136 88.593825336304
84.09451855833807 12.044915432080373
44.80717876341372 64.13729762876092
15.42254312467588 96.25494754337008
60.76018623809871 77.39200087628248
48.9630751763201 19.91744492999967
87.64959991460717 53.30999469187046
36.99404081403881 14.86182403553309
0.9260800905363187 31.48158804625163
37.6960803615433 22.599135415102147
37.968563013109204 96.08322782685939
13.325920560800487 93.54353285650623
6.238544319648698 24.98858041094525
16.128726062885377 3.0965489867169627
0.943772507610019 50.852643302012915
99.66193317699185 57.55379118663553
64.63447824423052 1.2036853950613713
97.32380575484538 80.75849749217025
92.5722021025158 83.15265427112418
52.073511461726966 64.09293904495111
9.994128506981292 34.869064730627855
73.36462247667576 45.082793465756524
29.925195940899595 90.1274550280772
3.6002584009116267 7.592850714073873
65.74818929127831 13.32683380516453
67.5019127942569 61.01909345362808
63.83116237728257 40.88649489255025
61.48770406815738 16.415624311712705
16.183761803024478 45.807265762644974
67.85324928084971 37.836775562713896
60.97079686696358 2.1079455769035027
71.3761763763948 26.522850346618142
78.16406213490923 3.760790288310334
71.27225413433432 24.986912758965964
40.350049930198885 48.0928778408797
61.006223923230785 26.291818346670315
62.80039857871329 61.855239323977365
79.37170393412616 25.24803210807236
50.665476357180864 11.544345089006281
13.504865870796223 27.060376044279977
45.58960475328768 83.0851378258248
62.98739883879798 5.790212186775601
85.97238921307233 17.34421493923277
64.38445448317924 74.3972937610063
57.12646378356114 28.579200094772016
58.380063492827674 15.550489726235451
3.435440246037924 72.91127486565023
28.751590985915687 84.89748740999647
23.77952150124354 75.37127824959875
56.10969214766062 8.832220345641929
84.42045145921418 22.558297377107905
54.82955161553251 59.90346008325247
85.55293167710076 15.55776742476116
40.64916523915818 33.47973418122614
11.868629872581904 68.87908080211787
64.86680626592769 92.10512989522688
60.04148073545794 66.04525031345587
91.20830502072259 18.59971650028138
33.43232959167237 49.1585307717433
52.13494089784907 35.992512638069286
15.880719623500461 31.721861093915727
44.279913619909394 66.77045833673421
28.257052841173703 93.74812192342922
63.38070733257639 5.4788780457835085
61.404079380941944 26.978214156954007
56.11977448544809 93.5695737834396
19.627438436992726 88.50053851982645
16.490714838750222 78.55175284870855
6.4256388157250655 43.07851522558235
29.514485649376244 56.7718219600174
11.196672606282254 71.1039421591898
46.95142947517854 66.15662422859651
38.12457067387698 90.8853512179931
5.139752789233398 3.7777176355464404
47.02958477386823 79.23149148554585
2.5729320230561736 65.49880838856514
10.707018417917125 62.463451935859005
76.1360372776175 47.934606906761815
46.617841257634154 44.367214013398915
19.15262890756062 12.722239428573335
11.122024768376516 18.981578606712013
87.31044826009229 99.33174433118592
58.63979423824055 49.69083096860783
93.53094212350935 72.59204501586647
54.82916107997517 37.82427289360479
14.52103298343892 28.680770014900325
45.80479202374048 38.567372868524515
66.26375875450302 48.77453372407532
49.3532660466733 76.8136213931119
25.9621592593573 72.25400973701414
94.55853615625354 18.33671476587384
75.90025904742588 15.76374332519852
8.603058451237056 58.56900778825251
55.93635623760014 37.47927858622828
89.84611891873062 49.835631168476866
45.99242360637079 90.7377003575715
76.64792053174591 94.34462558130986
19.45541801819406 21.260549704177123
85.55776681039593 59.07478545899496
21.45035211418673 53.40723006182109
66.90081567381574 73.02252380224019
36.55622651469803 43.265624588449825
51.20646016712711 97.92509950779282
85.57615542396424 39.470639019324125
18.309729870216284 78.92487548603857
33.15460951963611 94.35888581439002
70.22308914240615 74.83534979112862
31.557639967267725 41.43184431809579
98.87347137075699 15.257956609285372
15.91039367182152 18.89659882206558
25.707793742738218 6.652609750044469
84.19230081368478 78.28464934431759
14.867351808855833 13.889286865713846
95.36792217265348 25.157555571067757
96.36345652390395 34.4066736098108
55.3562931238144 15.53191494524009
13.010895871607996 34.61909362635058
78.55705145050062 44.20417869335162
44.11332418753597 58.12162319366483
95.2649226919927 30.383130369647304
15.27955236180356 30.868691040192765
85.17779470384295 69.2740541196697
82.38615140809785 79.52718347344434
24.696892880534826 9.379671096888975
71.53464883004183 73.96357743411284
61.75017390087061 96.55786639010473
52.30404397989788 75.44760850634799
60.78152430860837 96.30892498817893
43.587661550081336 70.84082124977363
6.382934647836924 13.097206583743715
71.36812511499022 18.838472160060626
1.7222187758011875 83.29432806694592
45.406308586549684 27.095927729102055
31.24527251064646 1.4420045344442523
25.616391861549936 18.577641694225356
73.05193563704916 7.86074749180079
55.6670900403333 74.08687708471709
4.147916013938779 59.806449848372736
6.010806775782362 49.7823485988629
36.597509559580566 0.6686962931264251
50.68697211387692 90.43078855672653
82.90497360017162 25.296335794928382
58.11055564185512 1.1024992209839768
90.0458386384616 5.7231920027267735
94.45602879833524 69.31482027511929
71.93176835240442 88.59085937829538
75.34033513149407 9.604855215354412
94.39061407074838 49.23427670425522
99.9554239667756 4.472211504884127
43.60700257396219 19.242395160133462
97.69007981373376 36.73302024088159
27.30675550830832 2.755181431813458
78.25251940956423 79.11717875313467
1.182334039801347 91.00140800455759
40.6021198747865 89.69734717408745
42.5562593484061 8.549441338144037
95.45750420236799 98.35658853484507
66.4647630314934 8.891338736684817
46.02809512737993 86.15287906776061
12.278952013674305 58.753636753522855
24.106692128090334 85.5296640637026
18.020627932093404 28.528371371739713
61.21771393838349 76.13273535110143
94.79841988094904 76.89200606689421
10.213829299379107 99.73579946318252
66.67361390559785 89.65176059908946
19.169758185749686 29.659240856905434
62.72220179668824 12.210162354335585
0.5983650848483624 93.09470845365702
85.08045667088777 73.62526653423089
62.816537586613364 33.41850887889275
93.0573061969109 11.452121667646686
65.81048756714229 50.85685274513372
82.56544965275077 33.20317259185877
98.64068049178056 69.52974854381799
33.62361096759623 23.374210553092077
39.57192973524384 13.528631772866827
89.88459820486709 73.62256861917771
57.50142418251003 9.61773950539644
69.36799719842976 98.26855198762044
21.64133541378641 75.9291292119322
84.29499065029621 34.635698184503674
60.09086130603636 67.25221426213311
0.4635327428810676 10.799398875914168
48.13349919414791 18.90554534105533
63.88291603919345 78.67815664921322
13.697402057444673 25.14910294807673
38.72918627400062 88.47587346741119
84.39727846637648 24.48621396782926
70.87804943068254 65.06986324120354
81.20518875358596 26.002380902832044
53.87470006542372 57.60387737674939
32.59286493070319 86.40202016309881
84.74171373166732 73.50738488901453
10.065340504889209 43.61411720057171
3.0678790992194838 24.358770363155656
55.649344929071255 41.50400333096969
42.895609659050436 62.851154537783756
68.99196487272134 30.258416780216525
10.159759953070502 67.18052021840275
80.07142955150303 96.73130522115312
36.64223926029013 87.02437463706264
56.36596291164766 69.19455161352441
95.12637286481072 14.898855993265148
67.58197818465328 2.7440302012588402
37.0521292105344 61.39240701953037
58.494569536614826 25.310958455206077
96.88268564764735 47.62478152308378
9.863428952440279 8.876756720372448
39.88074124169769 32.21717838659082
49.401981819099916 49.86070262231921
98.27448045556724 56.31674731222345
97.21268213215086 18.088416277123986
40.943183244128534 98.71241945606108
13.872801804773793 74.49025450158251
91.49953680594895 78.03340535438173
52.41126403825906 46.910433940390185
44.19625896589323 61.52575884469329
44.932137372934264 88.69878389259983
37.734630296007545 69.93897675839276
64.82412766084973 29.729057139707727
13.332713904005455 32.53707752478996
58.830789467559484 78.24946561595232
24.032014737973274 57.97949345435283
67.90642764979478 73.7640522526432
20.013985612031693 63.619313671715986
22.55762097028413 4.010989265129883
65.49344380205973 58.617535307491075
76.60881246964122 28.392957097045834
21.941701453342688 24.96883853431133
27.112936291726065 7.705963474410549
18.66081985788137 99.61869719082065
1.5340335131122096 43.7371524718126
41.806753585180005 11.399633614105698
99.19657171360141 24.559459066342228
50.28036264266716 88.6463109919571
58.29720024164568 41.64550859582901
83.0068717946017 72.12421932404827
56.438463679002915 92.39163023220325
6.630737269202203 49.22769771641262
41.09249081860567 76.68764127760268
60.733714596514176 81.77845971659414
30.978089768725493 61.37525840164449
36.64476212065735 86.0463454866346
68.2048575868597 32.93019198010923
88.5605558280554 76.63588634699174
69.27250549536184 92.77948113116972
38.83249042793153 16.395316563606844
85.21189045451277 99.4525857393046
45.36455510359281 38.24763871747188
33.727163041342976 82.67744378323052
37.2518013135388 52.3676491868138
11.371767464088943 86.83471995117236
0.4063469322376667 81.49915868162707
65.11135166108726 40.61735635526562
44.47065865463606 10.88250883133095
11.985439069854165 93.35718097020195
42.515786423525 86.40716915383658
84.57158368925226 29.18612677526511
50.6425379694845 86.56811251032055
15.460860937317022 54.34458498188812
20.223616487502326 80.47712817782946
91.98358877589214 63.06440637157278
34.81217650665969 70.17325947682349
66.23790415380012 42.799758884864936
75.37348602586465 67.87812281220502
50.10480412416387 14.99787909043726
36.47128737065701 63.251631849718024
88.69317612282022 52.881468285027196
79.65635923841126 53.724347777515824
94.32318809291034 45.95515980354716
96.55028273702155 0.811356884139669
92.74694585337298 46.82622401228906
24.609254483495334 82.22426028484516
87.3301689431025 84.61694767765921
79.46737149569847 53.86092822008399
31.66814552671331 6.7655002123937935
52.636351048625386 4.829204213587945
33.27190356927361 11.86214195669919
37.34448272245039 22.2551851964381
88.97952343932873 36.569173984106044
67.08709894162006 48.63311304456859
31.98654499060527 35.30258820812173
92.98801089427559 58.37958415289961
30.18482543582326 28.69217647572311
32.65673666756772 3.790144895147751
28.645185253300664 60.19509191075842
86.189270664335 46.341997240091516
50.3352320933437 33.475194613092874
68.22424808797163 9.412493970558987
52.941214459494624 75.72132676887536
5.372678350127735 22.291748945825397
23.331932816374355 33.27358018602471
36.37239904200982 17.225103350135008
63.71316431707299 25.163224576635624
50.90707038800508 5.635510277686229
70.80913532390274 98.48947974640534
66.84521166939324 36.687599306836184
78.12453927581846 11.36034906780219
29.091626692715657 40.92318616825634
35.834384732745676 20.674447723998778
90.55357801418957 80.68716277420837
85.01203016648384 35.04158722594637
6.785684516078838 85.8780190046121
85.31013168630963 41.719267794588035
99.91669123138757 70.346641298593
53.53391560790075 23.806515225777368
77.58345491021632 65.43026223928992
77.46952528340793 79.16478625020528
78.33483205313104 34.17781767975312
31.673364047404018 90.13401838247803
84.18323986578919 82.80878777597542
2.4744024586213387 36.32509871273388
76.32629824673131 61.96222813002621
99.41120745726938 2.9782655457386342
49.900972823099664 34.11722165383067
24.24981042237817 18.557625666354237
83.35137932695564 78.89784738387343
61.79454729839664 30.718378290217572
85.70716246507017 19.84844665666252
99.64312587375206 73.30287685431192
16.795463181628477 72.21482851911183
38.39436373209075 4.110088294585901
38.14334737275165 89.07888504209814
30.721043719449437 15.722763666750694
3.6508806200072685 33.12636179645176
50.660198035858016 46.0716434432146
17.373171733737493 7.4236147021921495
82.51768208416227 64.67598626295596
49.37973068468562 68.692375752902
70.27622147679946 7.502227075937262
61.93267259630644 96.68131462667242
58.863984055481346 87.8600730366647
94.01119839381684 37.56317326942749
95.15217331301938 17.16213523103125
80.87155985445939 39.63482732575658
6.252590322072238 34.93320272185774
55.38972983850066 57.127245794997215
23.48691258630018 24.568825959639963
5.531911445572346 85.1746829918703
66.98152176225068 52.04158823369816
69.8120014940818 28.76427504684247
4.857227223276239 60.03811076016283
36.0863302271549 95.06679147590201
76.20155868348499 83.2336817328335
57.07124688427378 29.98664762369081
38.13423582131219 12.018574245601998
72.67052809728347 28.814874652070486
40.34603024371326 13.591650562346324
14.766065551949946 72.8065437457619
92.10392573418041 14.584971989789008
68.78221458776235 54.20168496595452
53.27367197222548 19.495910625096325
5.919786494603185 87.16783922101735
59.95786862481856 68.03177129451252
18.589450925426434 7.593286138944499
31.278669780079582 99.39869661128316
79.24839170466046 13.87771684148924
36.35179469819572 23.569119119063874
3.0872971007114725 15.603545593577973
50.44801389209614 19.490061654408564
37.49964320766719 53.77969161437483
95.66546466837424 96.71856126617075
81.82100665470583 49.03932750189952
33.46394613978898 37.49444360139347
80.15850788309385 68.00719109859325
4.354263465592556 69.56262542465895
55.53443842819134 50.3115440019396
55.09753555101318 69.48507132283694
95.95727418159666 10.378405678179625
44.710178353033484 67.87998155936567
95.16163541860357 43.35404622089065
60.65343135945476 0.7069563779142252
64.2359464181548 96.29211053479258
13.09416600450264 14.422503900255368
44.97726325576463 34.32714680178006
47.088901423835814 56.08954054680439
35.8889441386022 50.11967715273473
95.55867799550326 55.74299954649289
19.062645238698252 71.46153640527719
87.61414049404135 54.113334579125414
47.128593976949574 22.88239285742908
50.84070341361808 16.49729691195003
36.769487106927 29.244445400785636
2.3981992227225524 66.56016788851649
8.366855383917038 32.230687530793325
23.320420095462712 96.59478386365663
71.72473588778546 95.64129147925911
20.94806524148187 27.156566258871727
43.295893379142456 64.00200201886743
74.21594222283872 13.294384763787438
72.18925931803504 76.76117218564069
43.717431862643586 82.75687441886089
33.264906613566446 43.89500359499314
85.05890973936765 38.99723793481766
74.17343409111723 32.91879309797656
77.77588706653297 70.75429032559938
81.74494579019571 6.924003766157472
87.6096440678204 76.07834855718978
19.87771299545844 20.095921503724878
85.5758220850329 45.66684625624799
56.05821190711844 25.421799481351105
66.87309347545664 48.28000014747218
77.35762643844856 51.97378265269719
51.75411033808821 53.517702518671804
78.56510767522711 26.91279767713237
30.459498315568112 1.8261574498175337
29.52533468647578 3.8207866290847825
92.20396786227596 42.986764838326685
60.033248210919176 79.25346512983016
2.373174402589151 8.030996935244893
39.86616395178657 0.08985273742354583
