550
1 3
40.55740150032576 64.05570636327296
53.02855034276352 99.72610480319115
67.37784751044722 19.70857495288165
39.47965380063761 87.30506934581257
50.40724159546188 75.1977896244302
62.304312112168894 78.60156409050335
78.43880368275447 82.61041695691719
85.25324873514832 85.42517593613108
22.70852129105063 44.94574071201755
53.78064083770673 16.49276910253672
58.39959462000337 43.903527046459544
89.69576184007735 74.22413290669513
68.76072353547791 17.920223807049318
98.48355464821196 77.40457962589626
53.693464912417625 22.731728360164706
66.52836793162813 10.613224571637803
25.184132165712647 12.9719000773997
46.679964697837086 45.55586411877801
16.29195674807025 88.8942526049085
73.46956354047612 39.84545311905394
89.64524161551508 28.159880943311656
22.677886161367677 22.63401102759093
35.32482064058722 17.911962444152273
46.7405058257151 68.88617366530272
21.43096451267241 24.185777836901813
15.832011880608409 90.1745899933659
49.132870349720605 90.38704260484964
33.46295237379575 17.039719025467836
18.335120094494695 33.87467191407039
13.217987492106253 23.807168819610823
14.627950162597614 58.86678248730013
71.34012162972785 83.17438886966431
90.67910648082893 14.521333972472616
39.73129515325775 72.92749325064077
7.365355682478314 67.58650359767462
97.9977641483399 70.5674418922504
72.57381626691661 9.208450916418442
85.45094933386157 28.044163026120337
18.327468910536425 44.1555091518951
95.18789797869948 48.10200845500285
6.045793253794729 78.3386443144086
27.642562763173338 36.2100651863565
99.44903541597661 45.30417885556943
31.511100717441387 18.786897745242758
17.09542415537002 7.706575573927399
75.53171580067006 88.69063630041848
34.2537169595482 94.04742481210471
15.54542423170846 31.5583546422598
51.160575906488816 78.14555262345255
97.08437039876337 3.4092053121865806
37.074138010509785 6.890899970348041
18.582020084940588 94.98858837944381
95.94602509904293 54.97622506701993
63.26971394701864 62.12435112938968
84.77852320645427 31.045879596600056
53.92749662691365 46.013920456741
89.17087528393972 82.30418137960933
88.49460401137218 59.89272905208816
13.865592537517468 63.18389425109021
48.06846046340125 93.39722701545108
85.19394780877563 95.87521609990293
95.70162682746492 15.244283718705365
30.402501928746428 53.694666947036886
90.55140936493476 96.47775585437113
58.32369815665379 3.9731891798429952
66.02881258375162 62.561945045166055
35.90098689470309 67.63704854575143
0.8986893717291 76.11162501579282
99.09925630746473 89.7653376142458
67.2167236265195 17.819148773274463
44.89439366785059 52.770504529134364
17.635538919528603 63.645921685046616
87.37547838742641 47.22254098891141
90.32116198695705 58.99360394076294
97.43575109711355 97.22794552136416
93.00812178536628 82.20583946146036
53.827052149944656 48.537001101412926
38.948842071993624 88.82651248458309
61.83557460319056 55.55528618697891
54.67722553825445 90.1791336836598
95.82072555891439 11.440752974498825
25.672233824592936 18.398318051176442
4.382604830631287 99.67790359825202
18.463660036796515 92.78675461325139
42.09831805269965 79.62066887062673
0.8394192010874768 21.08463677837309
84.20805590250818 85.85499678864544
76.81577879528656 55.13820166507606
31.462296342143702 76.35696354330396
26.19425593883782 59.29150071807865
15.746865913302543 30.403386251323884
71.23503509303222 26.321252414792482
14.364845013626226 3.2848097082493144
41.28276178862691 30.399829535123835
11.903581903317818 5.213754540964732
74.46848735626943 50.03009656740494
71.78785550163647 93.79601739136345
29.32802078063663 59.301262040524996
49.62995104734982 86.17625114315256
99.68389787333916 57.356015298711526
69.64240598918848 26.89431984745201
71.79831212480008 3.6210966553566593
62.247571308494166 50.89865444986002
71.34283581005153 54.74277366522347
62.60706688757172 5.1451821578064605
52.84401519615214 57.02668178100447
41.766242145732946 35.47164190310106
64.46176285011987 78.66161162868241
68.76543933780333 1.301953999883887
79.08152768938854 99.0120847568902
46.8545925850425 6.75110780002719
17.943906786564412 12.08733429900153
81.39721652910306 38.45121735284067
79.68734817013609 24.951924889659118
10.640418699046595 80.0186747045311
66.04246961749118 60.18753053654491
33.4587793515265 77.5882839595918
85.27855933215864 58.11728374202316
29.894383821290127 0.6645460189758756
69.92618122535448 90.27299126110393
37.59670272198052 36.05739806730897
57.37245513675309 24.392332775364032
84.47492004883401 11.342545794467874
47.852158414587386 85.06606079171837
42.215862539591264 6.303766184497084
97.90604490878265 66.65945723719861
13.171603926672603 98.52148243500962
69.35502578736086 39.43196527635491
42.59324590783882 72.67252426440265
82.8374396776064 58.86014347886474
1.4654558142805474 99.94821207104584
7.701221981857476 14.70657843388954
87.85872836493967 7.049254542272609
50.804931247568284 0.6881541653809053
49.60588156950545 31.403331914563502
25.949181238164233 8.793229399257175
62.232015117814534 7.421129665285542
20.665641565374628 68.72569156594332
58.66988576350312 10.299558907400286
6.375969219148447 55.19318312609751
46.060140017671756 54.53100633643761
54.20738945472354 59.564895933684106
34.14222949585124 66.5225351822929
18.58557644020655 33.353838286328696
29.81481463173936 78.51398283739934
33.765282906778936 14.021158274564938
41.22065575938374 73.67910088389836
72.9895583595859 98.94981695930556
99.19771646865408 44.57533820859347
32.76505964625074 6.623402270246825
70.99424022858597 79.1595197299494
31.122527964245926 77.69919377956592
96.57039874100273 73.35908998856951
56.744694236894034 10.571666823931558
51.618217145878646 96.33408144398507
79.67173031554418 1.3670835519178581
13.820571163211582 7.274171335910684
41.33641998609152 76.44782664232723
26.62424644282182 83.24499918945953
28.671049675413897 17.02196807063572
99.97335385936279 16.02755780579461
77.06567201503498 96.93639475564959
3.0747964360694047 0.610899036306467
44.53720029313859 77.01465279972777
70.2553019211708 46.46471181858376
45.12429321275238 83.4877024569406
30.97187509029842 50.30007254924591
28.823697814130366 2.3413544548621212
92.41909666604965 84.53506821239674
55.677083998208786 53.319790107699426
84.17259751341383 71.46406574074489
87.93483704706213 11.737204904107102
52.70045449476222 66.25840978524839
38.1171873791226 34.817371461459516
8.28903056088972 19.557616601361328
19.946233350374886 39.57247710597118
70.84821459942931 96.91069089910695
82.08094946783307 54.62839385003848
1.974483933348714 63.435891619423515
13.454698372278195 92.26819251401577
7.894138544648444 17.035363292796603
39.071207241655785 53.62177141684621
43.86390055893561 65.04382021224346
52.6929714097935 28.95152512783532
97.60363171951624 35.334833665192036
58.74406643420571 37.85577578895969
37.812113270978045 53.82498527144119
30.69472392948489 83.92296414555548
2.5740573243534737 79.56073279109881
10.635056305983138 83.55109702369032
4.3355159914443275 17.152219306810522
6.488229726558581 65.07973724119257
39.60959408962912 20.508482987366982
93.52233097889895 59.73066520338073
8.027795235274727 18.049526574530873
52.08663322221447 76.24194028824081
40.33388951664696 79.15072556207494
95.26951509228256 80.77987104165713
58.539288971737506 58.61544024315053
98.06806440372051 9.23980999468279
24.319332993280042 25.361361193838228
85.54542920143295 81.29919892244271
28.96057736926383 51.02161865160504
35.987092802754226 69.68423739288485
46.30262901851297 2.3605539534771403
42.33494299910432 11.50778310520928
92.89026635349491 98.20368118771103
18.086061488813932 67.62461765305406
44.74351918692376 87.92698458996362
59.43646766558175 25.893862921184095
3.8517490232624407 69.21099206927398
41.63663390615373 49.703606095497086
66.98986795525721 13.002209565800559
23.04576085822174 46.363821644542426
56.90910546669892 75.8365163900559
84.06450176828193 25.130590519456455
87.34183853333684 89.8308212342827
72.50077737785901 48.600504139696696
63.87942565105513 50.95279034991238
49.328921580394905 93.36967933774638
77.75817763751031 1.1007787800908941
51.37474599181737 94.37585190908283
61.740806268056424 96.77119666993579
73.38233845879041 57.601250547890935
73.6492551150026 49.95344090688927
96.79151198084695 78.36378475690829
34.90309727329897 90.79759493687311
11.734311993677204 88.02121057559123
95.5310089075172 82.58544528157279
2.701946506701658 87.17154171759813
83.55789948922525 99.89315812948321
54.99831132082888 78.25790645618669
1.393600359026581 46.08166056903724
56.71238905041163 9.792806918571184
36.02956909118347 41.620050409102284
18.8927413055076 59.64506432434524
86.64350658562634 94.43638510242272
34.87029322661341 48.90423787908196
68.05185353300445 87.48981410425631
31.86454277355175 70.00277042066512
6.542460240561998 38.572263881849665
46.20605245942164 34.71420337797242
37.42514669284036 44.06787862377968
80.95440649507968 75.11758353377623
21.796347545086125 39.29250811009426
85.63404586060209 52.008370792732926
14.879724520545977 23.150607529590417
97.94296483047951 33.78888532317084
39.76676223966544 41.583095469365695
22.443693650750628 32.933536206250615
97.08697733972691 38.54454953454476
84.23361512120296 29.332313687539457
98.18371679606837 95.93797738050445
26.783280470770364 79.63404767423108
13.753414166587351 83.73770989596443
25.249582152880823 61.90743066296023
57.741727622722514 60.52103954141248
15.963756360966075 26.617965979180667
20.978193354980323 17.957973216061408
59.45372191526916 75.23875187658444
64.23798095379915 50.85907958204021
54.283678250801294 16.385599832761997
57.34721438723467 97.83091944226214
24.286892046718634 96.45817750107885
50.39980543297409 54.37344728277511
86.92576715623805 30.37651437866069
93.34183286178677 66.3266245133128
24.960346407280063 99.6626359634138
18.23900633071325 91.52288759087703
79.7262473856326 94.30734665483587
29.889242944589856 7.963499539502394
43.04804284355859 44.514966675515176
95.88169677467602 12.18002794920723
41.9669374819621 69.4495404446607
99.17597184252655 29.998511196986644
3.281641922852341 29.369868007786337
76.60800189188106 56.97825055996386
90.83436394693594 53.709616138925355
82.3844448337139 30.536209271605365
1.7719590619005299 80.24723747523588
46.57354339712614 79.90557860525878
44.968777413189365 2.1834167415532235
10.260142123840676 33.62649872141028
85.91069510764844 66.64721843818117
0.5644593925145491 33.53827413459087
12.99549694091031 5.036283574619382
15.359185291009236 0.7585154501321023
95.15749995204696 11.043082785718749
94.21689844842578 0.5428372206739862
41.31883254266844 93.31603764220779
44.64114515193509 86.30313983772622
72.96510006652748 2.595432296791711
91.45575558882999 82.97083270219
95.94546297971146 95.30793386599044
57.25442970512042 81.26530409831206
2.1922980609352827 53.19006946022742
3.045607605003453 85.53804485733801
25.07697204982251 8.8317503059693
26.79737123313959 96.0893404180986
92.25119702721483 82.56929121452985
88.65728864464228 7.281471421001839
9.590540284163884 95.8092003053706
55.20232462017167 49.47061576984362
2.937461569667632 63.21797271649421
32.73035270578881 52.29168775610056
48.28202649895712 47.05084583276147
0.5764995756913915 41.999258126648066
56.051936402149494 3.8411011133906214
71.40580870532969 64.58024446522244
1.6420411277359825 85.81457297781698
32.85518223226427 79.44087113856723
74.74452601151866 71.61794200364486
44.23492380888847 0.8698819383029521
77.24855322641366 53.002655300386216
45.32354838143091 61.91960576032363
96.52124925353955 55.3148231194214
64.68411209074318 82.69906969353784
77.72356427866949 96.0760297789085
55.84552216453895 27.718135214662997
96.24064292620594 85.72763414153297
94.87782356673347 25.7083223999961
89.84520231704653 64.21231589183749
98.20343917386253 6.050190713186354
20.49645712713868 54.11308712671921
73.24776013450511 82.34763802458556
62.91179603643329 94.78136324683008
69.83614387612282 12.459122568741886
46.55031133847176 3.3844752753893648
84.04614941179926 92.19274722084324
26.634422408839132 72.51486214578864
96.19851804937909 39.526893724897064
3.0648603866522572 6.239511996855462
81.79670099522716 15.693129266421945
71.14068711707408 20.098470362884726
95.9386722829336 34.86245262139678
16.242437396619437 90.43947437545405
55.56327932486516 86.54581876096421
3.074903240797444 23.55551190343419
86.16546490641579 46.41575080296414
53.28851244728155 4.927913285987406
27.240868341193213 87.30436001449466
48.34753939160264 69.02997793494944
4.267271892409608 48.97018958056671
48.21971173043138 50.63698893996922
87.23212700151063 77.10235373733043
71.03602189780418 6.301002386781529
77.82142099858555 22.823710020864496
84.48136077833117 33.66161304156918
11.92333506429193 57.514324623221235
7.109967835257547 50.577430416228395
3.7419180527890505 68.7223472174727
12.467100577217117 95.76486866243228
11.855626600972968 4.485309809163818
60.25187989674965 65.48526459605313
0.9301360691828409 64.22557305578087
27.511469284685376 1.4200210576099437
91.38101323871135 20.887391269360258
59.570033712956636 10.858855933284994
26.854675581948605 77.53787958494462
45.12943653481789 76.81348854101617
47.046881178754816 81.94097243909944
2.3460696713726747 8.436670747937637
40.4796858927563 63.41671966892297
55.33435441514287 23.151937025352233
13.183101075557445 59.309521070841306
28.36896246002423 88.64259669623522
74.29640113616409 96.72304124395743
79.52855093455449 91.22697553876287
72.97438308577095 82.30308583259722
47.375638652257244 98.92296619059304
65.68256185056799 30.441910745585112
5.753442941866926 89.22412370450006
95.74824133174029 8.837977424693966
79.48303603399769 39.67998540196256
3.77248269448609 43.862852321875145
37.064604968225545 30.55112923579262
91.65974783537854 83.78057432364481
0.1862169237265343 57.13473849830086
92.93260771016607 7.714646161890659
95.98255512997056 13.79020048499795
36.02180556575403 88.96358561324837
11.5354936422841 82.9218282724938
42.963644966146155 61.71840760031366
85.81367444257107 73.58288989185917
25.969842297416278 35.485997705634695
25.154798148140213 26.561418518107317
58.659639476674364 9.371019543369453
32.91731813730596 88.25522459220142
26.57777160235282 40.61542410532164
36.35146951644088 55.40773087253945
15.553591344872796 88.43640799873968
47.617460126651864 2.3592861233610263
61.36076797205923 25.92421721872864
31.24973884111273 51.59197846351553
33.15413560559281 9.29876920093844
4.095404091018895 63.06697419089375
76.33168180893617 67.00151715349266
84.75382496292721 35.12975998501926
49.66782281561124 27.573046577873473
46.44824298146475 50.88603253265931
65.86980996035233 60.36065990017294
38.67939390600672 38.44206456365855
6.01962121154056 41.61178746462901
25.772976384238678 3.905504873148624
20.43260799201747 15.274081101573046
61.995901752124084 13.655113424175603
96.71749962456815 96.21712487071119
61.86404084487411 22.50829161589769
10.092435544682843 30.436047220782257
64.99895430994987 52.316208281768354
61.76538551287163 27.88038331238798
59.4265030206476 46.7272262026027
14.036971559072375 66.59101036342953
57.7023787886442 82.5614696867892
35.151058226303135 23.159092023039072
71.76268945500273 22.556729899980787
26.274995757079168 7.180587697539198
82.10606443113863 62.753527311180335
75.32034661363676 38.244676077892194
46.34623970228222 12.107882400215143
54.155476605711826 61.826645844596385
82.00995447971113 47.49991654297763
4.752582597588817 53.237197492695486
50.72914111314084 46.26540422159009
85.14801781429806 44.7300296415444
98.6072009699025 14.884334012399014
77.35516320755964 42.81371433532524
88.15165735758575 75.21202829494294
8.176642130143374 89.43038883688612
2.3923509743324134 98.06485518789707
55.04991709980824 37.11675084049231
49.42479296993469 7.9109163538331195
85.70449875567026 16.49498575443309
93.04145646680888 36.21712546695526
87.25401826847472 47.54943617812939
43.93939752733549 32.71459777118335
71.92230414852084 23.461426947154116
27.922506506958577 1.5852440203508955
73.30231425057292 51.97395645468927
82.16514243749486 83.33351735345087
65.70549070653327 58.689135023156695
89.04960040799614 27.198921763958417
9.872873835809525 21.81987769294864
10.450275669443943 42.16806464435208
83.83623745436005 67.61128261053713
84.8891913192445 24.25381339174797
4.122456057843582 22.55423924336648
64.36149049351592 58.313263795184646
20.92853682319804 70.31938158884323
87.45499860845116 13.802815489731767
24.62681531433222 78.23117959812798
88.98882762338516 45.56137660260096
95.54789737906144 31.34056178314122
66.60637290850741 59.70168283241433
76.07578424614987 60.15852454855821
56.827872590254415 62.212591363753674
38.7088183336779 24.53436093050625
19.918866491452047 46.47053428048275
76.59960707194917 35.38163478859837
38.46827579302789 53.112806611476856
67.92950640141748 82.84090640625632
8.142066433702254 60.593348676874584
16.64351947201066 52.16513815690802
37.03370834780919 86.53018458545294
17.082568334551507 28.34439320453037
38.44990106409176 22.682470898727747
85.96498463890461 23.704813704665174
95.35020059131432 99.57787895838797
93.3517761837398 49.170452546240014
47.06923056889107 21.815915718417102
5.200892461652384 73.52912037912051
0.9662158981253555 84.1714274604712
17.828681768854192 46.98251219819098
98.79347864790992 35.4659420430151
26.641792267373688 12.88317407840509
83.62664835265434 56.360104179896744
79.16714036135393 72.25398987926779
95.36368074870516 13.694433829752617
46.82830235216502 92.86765756553821
75.40996061426233 28.019660352412124
1.4000578758995186 47.69997413394784
91.59424370243137 51.113347857800974
35.75771734338713 43.99395162693496
56.58350016028007 66.97621152603988
39.19753273315134 45.15012836103802
53.91607939683401 88.4914829015845
28.555230160086808 9.351794229462463
28.50169577959536 92.34386825679354
30.47994161236014 50.73886026336423
32.942392127033315 64.91477865910849
41.9237022821495 41.620531368333324
69.46477698366604 4.460296727326707
81.68158869963496 33.047644684761664
21.45318675618273 73.24723627483705
9.977206037937702 89.21329906373383
25.53275099815322 98.24724472037747
54.42035309472419 69.40624002755851
39.077388083619205 76.09504620277127
40.38430142574565 68.3264866188303
55.274372300809624 65.12319032439866
68.71464036845467 91.20526109522675
48.72472324588617 37.73653342093186
12.968919458864136 6.983198146632419
75.36942713206192 67.94348922671227
11.218536105979314 24.548616951817937
19.093629870496542 52.675493718642926
70.01259231763555 49.78360405396931
26.90159205485463 9.71235573002691
0.776839141591501 54.45882506142312
89.5413979838912 57.83003537100151
94.30209233607005 14.070077041544238
77.79559524816082 34.13505716931227
70.98723779838782 63.53823429364836
4.705413087532739 48.22175634404713
60.33060463404929 35.95748066262696
68.37450479347116 96.2233197197004
21.61561356452428 50.45992976555909
33.52227697237184 42.375980226217045
34.63754304972326 21.996001850543113
51.96980240392002 36.38969355779638
39.48371805543731 8.434492735990396
3.4882802189256212 86.20473201454509
35.422733399849534 58.895944502144125
7.737038514602168 53.93406251119697
34.676546326810694 69.19785442224264
4.547220826383369 90.47627006362731
42.725937634918786 62.05336668838075
75.88771686730512 98.520822300074
51.18035286159937 69.1041538991706
20.32138687007885 47.2549173727435
94.04088445087831 19.85684348158823
63.68810379490917 29.685120631471374
40.15043714287505 38.92186483052746
81.68486441046758 55.68314045455796
58.88004826093069 6.689200706732534
87.49222750739152 7.5852210497801
46.56927938499322 44.275735313463784
71.16526167762596 39.46574500197468
53.796591635117366 97.69460395338336
55.186276455011615 3.698948344666597
91.94872972536285 37.13321441112585
39.399437900595636 6.363250743569759
46.1198610996278 66.68309967464133
38.42334870978576 95.27983727107167
38.838211472832285 71.10886596922022
74.32877589841453 34.026210946724355
15.372642817913329 20.80790917430473
95.0674337057567 9.473278486572934
30.992057095431225 85.69731043883027
30.473123304338824 19.3226489427601
