720
1 3
18.07624908528842 66.77768589363848
67.9629532544433 77.9419667267363
25.408074946629554 97.0280965052648
24.330023218164733 21.65444115082742
85.83073631721759 62.34050411361385
32.18667868119689 64.29035262330645
30.770727398058195 71.25116112580501
72.30330022462309 8.33033925756661
59.519258148995036 6.088067174148892
66.57198071212707 21.956693406215734
41.860054172109116 57.29713511502759
91.23310176276718 36.57379405193011
48.98414597904412 56.17609512787753
51.95511143211598 36.77924247673927
74.10444130283823 36.666441754847455
32.18836673777543 40.52965229029235
2.557732939730206 7.449078604837811
7.995381848434691 22.231801372626414
20.61336591770924 56.62884693865369
11.275961809644365 38.82130410861817
86.54554238370054 0.12935161928309125
92.6705864884791 44.86668334509623
43.63581874474867 62.43286447080787
49.33061963950718 74.95490289298475
84.23051556602978 62.77267298603499
90.76829514898388 92.80109226709075
98.73589477347518 85.22110530147036
55.241125853316845 5.588284795904275
69.89366547863503 41.32579185666996
87.06308390757462 98.69899220116649
51.410524569320074 54.67277940773128
59.0987451220133 59.15302755067542
62.940427820236344 80.38703461406043
81.44911847611434 98.37758322548646
63.804600948864106 31.11882514160691
31.65554800302146 51.26164869812659
51.79012759943586 14.53529821439341
52.432995375969995 1.1981449258597454
38.56242926195031 47.71370205818557
48.64761561789286 82.56157775643922
69.23708966715051 0.9907328525964099
41.71573330532572 44.15484850958127
26.637013302591185 51.63366063954189
77.29043102690838 74.66304903889416
28.849647126940138 73.08363057353837
61.34303855958603 31.187650928346034
47.970539545346355 5.0924463536542675
13.019708703163847 33.48572825818334
13.162686284422875 65.18661761845937
54.50730653887281 36.119877410243916
93.92330328952707 53.9490492121947
4.873090854065709 35.946322153628806
40.594050418838215 97.29152840725584
25.46306889988108 95.54623478773088
72.2287896387784 54.17260342530954
88.68220389362638 13.137608958594438
31.079782241923006 9.092465782358182
2.349883416591614 83.75972179752871
95.86997210070302 2.4613945960592742
87.42420879830286 77.29905478940027
72.2788164479409 94.66381567734084
55.51657596653132 68.82537835569306
97.54668064634937 13.072057781716694
61.28129465175043 41.03831853897291
69.09208533392368 22.54815415970135
34.817334466508385 9.296579236293411
63.5462696781441 5.102913924172214
95.56665312824903 90.99431604813182
15.992257607896065 47.71049264720564
26.65251817332164 87.78291451555005
73.47909710797835 96.59102897893892
84.49309485199178 22.793211894520105
34.249016774090826 77.9488974701955
41.20845925138086 14.760612765294855
85.3440703127398 57.42344428164405
75.75218174391547 75.78325160595618
30.01732368111043 28.9018543605007
30.773555490117353 70.78189401258683
88.45330036722277 63.302573979350704
66.3525058661644 87.80108838570375
60.448274433295566 6.48786524048206
23.801720227718114 16.695853157163974
77.47423924890929 82.22810063226969
38.77390064620747 49.92209112485031
48.182095834272864 66.0474948211537
23.998950228330116 2.94306274410423
0.5090650196894364 0.3632720108338816
8.583031176186351 59.2147048046983
52.93470190365157 63.005262043417254
74.69828318283184 30.042765548099283
64.11931826919894 79.20613036795797
95.34552319797211 76.76200765395123
8.319156175087826 29.72495734661873
59.6977651999556 64.84923574567749
65.34668172413063 35.84601740604507
69.96207977922899 74.93855447005784
85.03093140793112 32.26583801619067
63.47072607860744 65.90350895370985
1.4983157602693087 33.4100827601771
10.622586334834882 43.303811619811405
57.87136587105266 20.3872820964776
50.41026234313901 99.05738168132537
17.504938789423875 26.189075907295912
3.415274110827471 95.1695193726863
74.04151038431002 73.15284829851778
10.564178721257878 26.22687538113353
82.86296826968417 95.70417711230104
87.68628113093435 89.46166297941002
19.017105319931638 62.50429471176737
50.62144997603137 49.86947967708297
40.82200555705955 20.749473689573318
25.56201670274185 96.1101473177986
13.590635063212474 29.436841199704112
98.98869571310975 12.708366192901522
19.653360101522367 60.309019603287425
48.9911747462193 56.15822055176136
88.4497276949267 82.73072206856324
88.17085650302032 13.227944366147494
61.24792892936411 52.721374457965034
4.735860046801443 62.62638879502687
88.87308746303857 2.8502633013886447
11.270810266808095 13.332221847768967
43.673875171457595 67.79583014398072
82.30649429326222 89.42979383449361
27.298993981229792 84.84395803956426
85.60257267867199 94.65826021236632
20.900176447265405 36.91506835860308
74.51510298797106 26.81825837950047
69.64420840284384 43.16993645154492
15.369680762372596 76.30440127639623
87.68361601732455 32.508166976338536
78.22195095747375 57.702089405179315
88.58170500013868 13.958635045405
77.6427046884429 13.27699022056863
36.27678526714837 39.72173631863696
27.63830447083222 53.26107014376487
30.14574991135841 47.968767161149486
96.2062105418372 94.30570806375569
66.94293190852815 31.37201035478516
7.95770430518441 7.677298405459965
92.56406931365642 55.97691832311873
91.1415834021041 12.714413004384383
60.55890999361151 8.769291104282285
96.0129287756108 36.66264487818574
44.58851950753784 21.00848969217688
78.71090227784636 13.849387222669375
57.12928440556819 25.556410404639983
23.3972853637296 74.44115540580962
63.01793623215852 78.83465436251689
41.6487002455811 58.7052044729248
25.53209830506844 43.08101180417743
88.45967892889092 33.324970946068014
71.44740473172628 52.15394000180158
10.497077753051776 68.48534481528455
69.84905324640629 5.782806421899056
39.26568414073059 60.41366570342932
74.70956921804822 72.3332679456373
42.4499010484634 38.99408388299035
12.803174340084201 37.91680718796053
80.13008035900664 77.53720976115706
0.6227851126064943 38.61639941979862
70.02354340846824 28.553698918514936
12.777032389061983 43.32860520228614
9.548347257869615 37.578947043125034
62.743385533761334 11.121149291400245
92.20046341662709 72.67000067158858
92.79942412064497 54.29279462402543
33.85130996481192 82.8892626021795
69.16218259827798 36.81369013411191
73.2210512722803 17.43361877701797
67.98474838795336 38.96162301633308
82.10823987430385 68.561731397032
41.95356580630929 88.41385290997354
66.26558372451075 83.6745993649188
77.19416685235426 59.41778914579563
24.331429166504726 0.030990543542674942
51.52809214309622 36.531670432100924
23.26497191208783 56.96907714207355
62.19371260930491 6.548653051049658
82.47251520720955 35.716330400811835
39.2037541307765 11.003146733487501
32.03327736481045 22.416173374100488
12.344963901840856 95.99066789458517
52.38259507464995 0.33462314963859097
1.1110756124687704 84.24078867233796
94.68094823718498 25.87094624814732
82.3661857185886 73.54738285801012
18.909323711181834 27.169501698883835
2.7869701253382617 26.324652650825954
45.06776622820476 72.044949668561
68.86617854783006 89.11887596093149
12.63955999769526 46.85936053468731
96.65355294305648 8.738486982190373
19.768528708119227 0.13277269637805844
82.95188728108593 44.12960904787748
74.66276618114746 96.42053051289288
85.92433739655709 62.42233903131367
83.64628517158962 42.66899337954324
84.85948146790135 68.33356170720512
50.5970734156209 1.4191782645776252
1.1194608453638288 69.39682653085914
63.06855096612196 43.61370897456798
4.934644350024353 8.940680030258253
31.440786553670797 77.1920673963323
5.804992906921225 8.287224514408154
64.82551876677778 63.06909476529392
89.78325149495603 15.926427505039985
95.77506056965954 35.53360776127881
5.741967002539505 79.57230206646939
38.19584639815865 9.327393902213599
52.26346055373339 9.750569998688064
50.537849519315905 29.147145012941913
98.67640716384729 63.232435809562325
46.35407684003947 38.58095465064733
99.11174718237889 71.94005314219885
20.23064467739546 89.669399874765
14.654869242306523 54.22303689939674
4.737782311346561 35.15238910037457
24.537026090809498 66.94983421733629
7.555615885755662 93.39230675175898
53.02174780426769 16.630391435443336
7.58989541377193 43.05347590488855
60.785258993627835 78.87845521518308
47.01840837269007 83.13752207136879
89.52438587671514 97.10709666307127
68.5477958208496 50.16124513314759
40.19765045143344 69.73595300179392
33.32206426370388 26.217550374314058
92.80355628019625 53.72789621882248
69.35623075637116 55.9069532159488
15.75060588930095 40.82565949964414
42.52475603975454 61.52429436528306
82.28225361306498 30.100158455728977
40.06290386281142 66.93358328090176
65.43330072120852 36.672068712164844
85.18766155609367 83.5249816890308
25.798507323779198 98.32126864852304
34.18181215577747 17.147457298713164
15.116026150530892 40.50234523039986
80.96002261390775 52.113908754744706
26.203535601093407 83.28114346942186
26.95917429381387 73.30341238616353
39.58677098414625 83.11171135763604
82.38628530131086 62.337648541213355
85.05698812750435 11.370654183493123
88.29705877285161 99.7244301242236
89.43273247440982 7.489058993038
53.293479630990184 76.1703544879957
9.164200260385403 57.83718789052794
93.70419717442635 96.74360416572615
47.17035782280412 4.5282727110771415
81.98754543055857 21.89093145670318
85.14308058039066 88.2951030522898
23.019370158380646 90.28455552549993
2.3200804448181955 13.793085303140584
42.43307752011545 14.410079788217578
48.13363497027605 97.34381065481664
5.952862346523102 72.21450735042416
50.356276472514374 29.2655589531843
60.251409670411626 19.65940652892675
14.201835383931094 91.12835755769643
93.66878036604685 19.688530021626292
31.274029360349907 11.925982523938238
32.49200354958297 37.116533633830784
4.896257390726433 90.08719267321518
28.12264871531278 75.54392280605262
2.5895717831980525 51.26270191137172
21.092671653641393 64.49134877325827
12.027482170245474 77.71754200153205
10.989241696515828 0.8050100217474876
82.70671624308639 26.224472423616675
90.0369315147006 17.883826101979714
49.2719529336888 71.51870133804448
42.18857082943557 55.53734827936707
73.02151938272323 78.59483962869425
76.6871000774964 75.39824778968173
70.22376491108804 98.849637274097
6.631359500129186 34.78868824913419
92.14274530779181 19.799732265531176
55.71613684105654 1.5097852373679999
26.451526401760116 65.1817581027369
4.1811176523952165 68.16554297298192
7.3984090273116365 36.244571571125746
28.318867894566544 63.44140855432801
17.62146985419477 92.51861363806653
37.10333895050289 10.424268605119313
97.27407094432272 64.24624371301839
35.17496472431998 23.6904913285928
34.50701852310303 47.73918472796248
13.700547215594172 72.74605597557837
63.19432286988174 66.76076980962948
29.46172929978652 47.87256591398472
96.17117492007962 99.72314585424775
58.04879008255044 69.05089279187209
52.60917245256025 61.38981869072862
64.02812492283947 48.04349395172493
76.81472215290941 68.20247084608732
42.56858008553734 78.99159272967147
76.89338326504995 77.15713009882603
92.14348775809957 22.55174118702299
86.51628922212164 17.4631927296077
50.20238187019259 18.81072957257326
39.73364701619453 62.99886187504657
89.52122159856826 79.45273830498117
30.223700285667366 65.8194212523473
43.52514898459432 55.348102413321485
28.480309421043692 32.660614492436665
48.080799077948555 70.98711859365119
83.09288233190257 76.28625218335073
24.053612221177524 86.15046576154455
44.534522320211664 44.13992141247532
53.269865235341406 1.9330917442296425
60.82747343434358 34.13245579812811
88.33262238086448 74.26058821579775
8.348915641736365 67.49846961134116
12.101569877397456 46.52106510055389
78.17210341223686 99.45843508692633
40.64703660103331 79.30148900255156
86.4842947659744 14.570621820700014
58.05354721736799 56.9533428371517
30.420097078661733 77.96947122482412
95.35187084028485 59.277648711196406
0.14347608650060462 56.53596810922572
64.15204500614794 31.3720183072016
60.46496100258001 2.1675744038961
77.75012505076792 46.45117632218761
42.52875143435355 85.6192725351459
29.301648990063534 3.6486132434242258
3.344209610035187 27.018333695823028
70.44761521483882 69.89254494776623
66.4219667242771 12.462980201575323
88.05650331289428 67.22505064798405
84.46350473731702 63.92910859194081
85.73766210963345 86.55978088597229
65.57272342337899 26.107349173282856
70.52781845767966 84.7245574005289
59.588307564313084 86.30388862933654
76.3742253056988 74.35100023335634
49.39662353670617 99.95909836670837
6.834826438125496 76.0812878998405
35.65088748052876 82.0148498321333
56.816085208184994 52.85198570162704
81.13913409228226 47.41543389544722
64.7746864007807 0.6274025879298373
75.90844784349046 10.47730409283032
76.532428754853 70.73966931454783
89.68411033381018 47.851772293421014
4.674790057436051 83.18383702448658
21.163616756983195 79.67098522473748
32.05796569084125 22.568951193080334
84.02964696999568 61.08001589646823
93.4342305803459 68.66838360814518
5.919733479587053 5.158834120647482
46.46833659174614 60.92035189725007
0.9377638171935931 8.709982083924327
26.37733319033395 13.825037702421184
85.1042137245496 79.24377211794997
37.599561027148255 55.922959356977046
26.090669649997377 24.47549595301892
5.858095838627175 13.189293751277265
55.777839194636705 11.234795031284195
97.08163730465165 62.00591796447414
28.353000401941042 89.9857329046743
71.45081130508753 16.6525765388694
38.41920265267689 12.459343958208557
28.935923313033427 67.26292538056195
11.28326922617191 11.51741894077929
16.75637792861302 29.951302705059703
39.0641083168348 10.459427227017692
30.76180061088618 35.84317216955031
0.596624463618256 29.55532617285406
43.42357395260872 6.581899997275964
58.536709619940574 50.239913242831726
7.758828652286698 32.43862476269184
92.25202321366936 49.919756059602435
91.66425223101959 97.1120414892249
43.16854652525335 76.71415605519965
11.61986651198803 28.840026883452996
48.27844063392386 43.36875877302915
65.22591478882332 78.6687944175987
31.129517891966184 22.545113979515243
21.081244019444114 71.95917901056322
15.632127839457578 91.83676067237403
34.849867866044335 6.687269652356775
9.54540863538018 62.83912192876115
3.127936679294341 79.50859020272594
82.81419800450705 97.34931366478006
43.7864014176587 33.417075747005164
45.380008192270104 55.274672091183554
1.6143203981348053 56.10369735699805
3.06734917802014 22.565578719240765
96.98299621849917 30.808372833056687
4.538785760609088 65.4646823126898
36.64648189541377 13.78725464124817
76.8534464395437 77.96825992208692
39.224798374111415 69.64159745176008
74.56644258290477 94.55865533898083
77.98310668020288 73.31944500788316
93.94018797606378 77.26109806808263
35.97849500697225 19.04778973408312
77.67014721439118 65.9145425698651
74.14852447691428 88.81935847198072
16.49822442530844 80.94292152875737
40.208380937412194 27.492168055008804
97.84389992984683 48.87912008994768
39.79620735419325 57.8457717371885
51.27953783457559 29.423347573525362
70.29255362404317 80.35817471022371
15.13258386682448 54.876013945911325
56.13552786438789 75.44176343226998
36.45228304183181 10.30494196724483
27.537250315633766 75.23930157647247
59.015452852667494 20.01544626690186
19.87445448881737 80.39281498929194
90.56328601183652 25.10011857896042
51.056337597016665 2.4380289015948353
15.352026188998913 60.75226022512905
27.496408270669527 25.45707398369428
24.500293336999857 97.7424566496511
92.08201437109662 41.697455072118686
47.57343001884444 28.571836214550927
33.02655728121775 58.81994222882141
9.941375222902193 19.06187669279158
27.58347151860434 29.721564614421347
30.392377565936314 86.84523164448241
77.76516116397192 18.49320461389383
86.33278388772332 49.00658614498419
35.985246772387214 63.033696569044515
59.30711981775059 83.14441766375509
53.740980575843665 34.89635021567692
2.953510055608044 91.4666963412584
50.19883937994025 9.180052685292473
15.289516275951653 69.15085693521297
67.19550204907063 90.02471581990609
1.3238785251878937 58.56077481971222
99.98366060616209 43.31184348650123
49.10397491806779 82.1508961603511
62.94039873575228 96.54519272453037
20.70239358911261 53.05067852921071
46.223222886957636 28.66084837210261
33.57864941212305 14.04648404424098
53.14740933954527 67.73892696250483
3.0457683915284806 70.94537813469661
8.291309059619678 47.45487288700454
82.74401917804053 17.580774559196865
19.513370073294723 80.45777233460265
7.425555391303851 11.53072971818112
49.08639742682605 31.96232820186331
7.837002919428437 46.054486377522096
81.81213012925039 74.14157557798077
66.71940191164087 76.95025245681069
60.90031414178865 72.1183853468448
7.311702992686775 43.035170872947546
92.91753752884084 79.97025391229559
53.104346127275235 39.319095958043285
81.17097888678617 83.99019307517021
98.68187779790631 68.89588763528724
35.57613235876558 41.15387598188529
82.74950800229578 11.546054954692874
43.16618535406405 85.5805255023959
29.615901208500727 4.895181949159344
37.59951238286972 84.59771061390428
17.785548687897258 79.08249001213252
95.17848039158743 10.923845162167577
16.079822323697847 2.124222554379873
50.61656667354961 72.35824097970382
26.82804835084658 33.998988132035855
53.82175709585424 91.05338137630048
98.33609987361555 34.88767820459457
76.2967178197131 0.9204843776151828
31.91006454151959 39.052333825924876
77.81392138875754 70.75465056789558
26.575949782479256 53.71972727912537
40.06067871010836 75.85427864275745
62.16399838531157 69.64165156142235
45.15868869595434 51.05436909970631
48.036640350737045 3.5656597314327243
31.581736018968655 21.042961555141957
44.18230355692141 27.520929218721136
42.85033379330605 19.590013115226903
50.00183366560469 77.3793790990487
81.02859494803447 52.36302628032081
14.73265293323145 79.80767613552734
77.93735420223969 79.61831528097578
46.45235716967109 84.8458833901224
56.36792398366883 91.39286918659218
99.51100599332561 30.51699226050768
74.75451999422332 71.23107781845484
11.727984665175484 17.538342966776455
34.170839667355835 49.65847034332364
29.333720619133373 17.32698334875149
45.307626201016895 70.51855747890959
83.58882143123965 63.83922957684707
60.8201218261063 59.485632135736296
68.01787836874323 16.238263359942962
20.631212897302387 56.58600532959275
17.705909038636847 45.091946468107565
22.312375171187114 52.9431087233851
58.8996370511476 52.44357876134465
67.17536728877327 11.75273541309756
60.831635763642275 15.029489856021216
96.04739083662064 7.11099544289393
66.3705636144156 42.30936120752673
59.097780313615786 79.72793361224002
28.87470533201768 88.06936194601309
83.60030778255538 65.4312677819151
26.408160146314728 83.83737735342555
2.8825556222186854 50.5424489306743
22.53028424466985 70.9479163254004
56.88126119932837 9.747373998837183
49.099482597599106 37.20208498914672
16.834093296472517 38.91114605303891
10.720667815211392 5.882943121229611
86.87649283788141 83.42556080165839
50.51678248556437 39.012866986347646
72.23973678969213 0.7505926100682014
10.239882480092867 20.477104221689267
88.32846850272486 70.67781195155808
86.36672653295842 19.86022642437051
99.11210176181811 73.09997320736193
55.003532225917894 86.16587855439712
79.05799311931119 62.48217122116437
71.4539635192965 27.44679227241429
70.65537926850341 76.38871232207698
1.1325084574174582 57.02854592767266
89.90947693335305 20.91353192955012
33.03236861867149 12.649445040537355
38.58821240695769 66.84146882924612
38.87958651153058 29.922355804572543
49.91314140515113 39.50058555709366
55.01775719232018 76.7143475727933
95.95828728848228 37.49273743006651
27.55770320582478 31.081780962175
27.43202908597764 95.98660571330153
23.88246968397616 75.18097594058557
52.8118763474051 79.7960985262435
64.56335273134974 7.324565762340951
12.431371744639774 87.08488886343531
14.727418283051597 11.058988220252019
1.972662604952724 5.97316189740178
91.71572199249023 11.36598975410914
50.77229436929549 64.37851294663699
58.69769953315338 92.5808127842208
61.965583167965036 29.205389984982922
92.12299464334306 2.480621580906406
15.454307691372794 27.174970899802343
18.676409613795244 30.421091118745338
65.80534320064844 12.901745273828436
46.16292574690306 29.2772458926299
24.984354183780955 98.34119303521875
57.643045970193626 61.604845657037856
40.9262760648988 37.63386733813139
26.346436126496343 53.62249970139155
62.7031477874187 31.159866277896974
83.35928349679614 30.013356158074078
72.61510097278286 58.269082799876415
41.08066417524236 84.78207447876751
25.117266175289508 48.577274987949615
62.5522955337837 14.993806129164366
69.27528623561234 24.947898916308198
63.79548712649687 6.720404719376627
47.6351219331774 61.0042292609581
41.94183171972292 58.0780027313345
23.557528790744662 90.92759357964289
91.50546708541005 5.7225392324430135
25.184054539989287 18.33311822791388
63.162279736726454 30.661201721934205
49.12255078611616 15.242250710720452
9.926313667066577 17.108875592756245
15.690679031579213 26.614479448887952
88.48148435170175 90.86256456108845
94.59620031347123 31.34615065238855
87.05949106127824 16.148988835679212
9.89015908842854 27.646679794482875
33.55315295614061 4.512321340722347
1.7898195444366216 68.14362793188519
49.7102952888719 61.53792254422385
58.33119234452639 34.471403415300685
1.752842609955474 83.59679058861447
43.912641523791685 55.66099322820322
40.22170988039888 76.34860721889419
40.95371859467836 61.03226621775726
62.77933250477881 11.903115915834771
76.37718778162063 79.33562005051628
50.626507503629846 82.47903391252021
46.980433696298874 52.27870428398409
18.88598881434398 51.728333077771026
76.69385341503508 70.01570279891436
20.71159470516315 74.10264498870356
58.637967792727316 95.92979040547125
74.51719639284407 99.99902995652626
87.73631382580179 65.46030384542225
30.37693529011689 46.45496131543465
61.943201761374425 16.585457918799218
63.53138201301647 45.76358087476245
6.941660534964278 70.73773232928751
90.55021202632997 30.93646688472198
72.83897852771959 11.91859569242868
81.99514126355719 95.79253077919493
68.18456280806555 84.96382487834819
74.72857291379573 79.2871801552608
80.20799440333512 43.95255072044684
14.289980516025903 44.00812413764168
10.65231321971185 87.81614809792595
83.7978034755438 65.2084573975251
28.96784698499104 43.61045537726027
74.94360635319062 10.1808104103279
2.4121769668586923 36.73617824691391
47.593571369781905 52.8077930301522
62.12747534916039 45.876664446967894
59.77548297191066 95.34019351418046
66.33804935150624 59.63022942964589
49.32395055676153 56.21810583418467
8.957921240768707 98.69471873720971
28.227244606270908 83.14965063527715
54.19157325392732 97.34715152943573
61.85736248276772 43.60359635449043
9.584924195109723 45.852896252302486
17.644447157112843 12.43354785650046
96.99340278687527 25.56956059661484
7.701798513983826 28.030426277461462
84.68218608567697 15.520355987256963
70.0941483598488 35.50664686840281
99.16793232140817 44.97526345915108
6.1049916822353945 12.904320510223855
36.39670862055606 42.66088008627793
88.35798707668357 76.7690545262506
57.97984858220519 96.66579407444812
81.80153364537013 93.72914092248097
27.606269405388637 50.104551572946846
10.295171008891568 86.15310567412193
94.84841045757261 36.59561205823694
19.388209946201428 30.078143646548327
22.505319533181158 83.60524488270032
47.07673466859972 25.500483684793384
8.305349882981638 39.82467177696181
82.38817560657002 70.98229526320267
15.327073961242753 87.45957613258845
26.659081203985437 64.33717778950452
69.20151850312999 83.79578992785585
35.85677168221033 14.008851688081192
88.85001876312893 26.285436527366347
64.3065715966056 52.195740001399635
39.417005148802616 94.2706514833541
41.67905992785441 32.74555719122778
60.79657068826818 12.790524032812801
82.168310400762 5.320794648598004
38.46646359825419 36.465158648236184
58.37499460142712 13.955396245154095
29.10648488552119 5.559607716705517
37.62281206553262 4.338243761092042
33.13655037194603 9.833934739357208
86.29520142550757 94.44696057995148
49.63128691495717 19.376287632776435
58.109531765356515 43.696148184637536
64.51390264330583 61.58875385633165
1.7762969255987748 48.44345712571627
12.833895136881823 30.6248484026
85.485221092556 27.51317374561335
78.653146378066 11.414989647819818
26.103117932818876 89.18833344520176
17.094510778824556 58.148856800179004
24.87817628196258 93.67899898548981
2.219029299037123 82.58217799494642
51.067937892135376 59.542436432908396
53.874077864208324 80.71389645549888
23.26104136557756 74.36313612998529
32.239849446687586 28.442908157131463
4.272683878043182 0.8087803321269682
1.1881868316111932 64.09632666232226
93.20025231996229 94.40673601842144
91.64291863236373 40.88999427262172
48.31673344845606 31.44163584221813
28.5061372582218 41.74606173678621
27.559367712537618 33.33134443328905
65.74406145065032 63.52771886384658
42.315752857526064 44.98294481434988
67.1440344280019 69.60812493234094
99.95070407368716 30.129451520319517
8.344238697489303 49.12925660512235
11.516465198990655 36.468322124106535
50.924038908357815 63.95927838675948
90.47047356812428 72.8204619872488
6.645280517214669 56.25362308687642
12.516497223918899 7.92175179577097
25.216928393934435 55.01769330747717
66.61093903369645 13.126067844862831
30.41853514942714 8.801831400388703
42.62716045100083 78.70531501536084
52.046558953038556 2.7116891773935503
70.92517237427676 11.713928536216622
45.09794016665114 50.75797807607032
92.97369035701433 78.3693070798812
7.501345063416398 49.11169516021114
29.226043569430615 9.153031543440338
65.69015629917794 25.926289303114956
48.16716080523547 14.646652894670575
1.4717497871402196 96.90533498452876
43.120831752542735 10.87511081408763
17.121528804918217 58.517421238150206
34.43004028935355 40.81859918093513
8.252093358731782 39.71311230044694
97.5644490606671 91.2649474846593
63.04063126551029 63.71844581921191
63.90896418686549 32.253733911016624
0.31183840378552485 42.217432153390114
30.22166995868709 3.3986297939385235
40.29256839054221 23.01341298510131
56.069653669813405 28.239359253204597
52.490346467556236 92.6448711728134
79.36811944928243 63.586984063596375
53.075352137754095 91.75345045765859
87.96269690826716 29.2950787767589
4.407078766469108 3.4831862453642115
13.428867298033364 62.90072430642939
24.79247053761282 12.084075008790606
98.87808174004942 76.20538760495646
70.78745632397367 70.64939451956039
48.73128583224609 3.800872603281835
77.32619353404282 85.24790203464651
