130
1 3
36.68085554240812 24.77100741512426
88.08836695573285 14.00986619126654
76.32981700854877 29.89725015878857
94.39026798447512 32.84868985524003
76.9698231728086 10.732597118259246
77.12667502994512 84.25086969580997
11.569252909526861 30.597101390195114
34.115086039088574 88.20303957593745
99.25398698291201 51.55108419352128
8.130407728040856 37.78192371843387
83.6492823369239 13.368729856682627
8.75865238074056 18.953034652232613
67.26664144289695 56.298457699748106
87.2271015126574 41.658387356633476
86.04286361669628 55.38532450879288
21.968901198300262 52.24114342119388
98.8345073367672 28.62446123524429
73.37615148313658 21.08714737105155
67.6362805647881 36.880665766976776
83.97945123395918 38.348533696896524
51.79627769185693 24.7421911869123
80.24163799265078 47.036604963427386
22.600210951197376 24.77950123338475
93.5391819372936 19.106546072345274
80.0507795715777 13.987861409130309
70.9436931018925 12.572408047763052
58.41019579229272 60.20859280576127
77.44878644642476 22.92465523625744
53.1205016208709 81.94884457557782
69.39193398596335 77.08122263331857
11.206564088557226 96.63913758151143
65.48604054103073 92.63972331634496
70.90453124534966 34.09507364726587
77.19303856640312 83.88063080485053
82.42450106781294 63.38164685416221
18.80695496460103 86.6974728011666
6.517453208782942 40.20288598034407
21.13756731364862 76.63056057925024
83.8694581110186 84.39745614980849
61.24115349185073 70.14181042166871
56.620298265105596 80.62758611091543
40.190714601314845 63.86807901242062
76.98627006340213 85.19074618078119
93.95247049719792 9.22442748963881
9.462892965485858 99.84276684703441
60.86883318741676 22.272127872964486
25.991721766831468 64.3379113895629
42.51178672500504 45.91631065682502
16.75144044579544 14.763806707720839
22.406709583200236 35.939555320024
58.86413604750127 1.6933920941283764
8.44030289382982 9.685161227215389
74.39665479049845 2.4934942281809924
36.69364869573892 45.37122795124371
95.05612617604031 90.89591533777491
95.75885278424046 66.20492648248302
37.43241016705889 31.448004363507764
81.83374331362083 1.738698921752091
27.321328074498453 96.85642819428534
52.092937298102896 6.582905852452869
10.783614960011146 47.20016871650172
40.28303455580404 52.58306930260939
95.22677639618577 32.68786571224385
97.88526770853186 4.777346576080199
94.95016589771366 74.2102985067731
81.79126234219754 7.579617981801312
6.798399072248706 66.46880072865491
71.47537982449461 43.271687573998776
89.53457525193312 39.328247546077534
64.15788953637093 61.69303017560757
71.04551752668438 35.57134208574537
30.349194428119763 65.28930730068497
31.165307137418942 19.664896327817715
73.65741780490995 98.12159677261603
11.383312563484571 24.606648558127464
59.62697463356405 51.1699505863283
46.884762310730935 80.89691915657338
61.138104169978206 98.86361531339152
71.66346781075075 58.433066405366404
20.772287031832228 52.16165299573989
68.0203652739231 48.02711591048836
47.17726924116303 2.7824453646950964
86.502020721355 52.256235259571746
27.793661202337084 57.34584046590647
57.42125610094211 87.66432127239581
34.34420697218818 14.011639362094574
35.787076359247806 76.99860386149362
64.67050998552554 28.578799465770956
92.75556509043584 68.61160196294553
74.25480447555223 2.7037812774417525
21.052463356835837 64.11316432895858
0.7144546620645231 6.7973706071370765
89.73707675379671 99.81163459487938
80.85419818096238 78.31697977465062
52.42155475574579 96.99684725088143
44.93957115342355 20.908015178154884
42.937280481172316 75.12925931986945
86.01497724267035 17.709255387457425
33.47171655696049 24.213157856535574
32.99605730823097 27.135973388493582
96.01600039233674 39.3463931477539
22.09438618963646 57.18292739615121
74.24032610704148 45.57288237790183
4.304431448411661 34.75506436004589
88.80011461974524 45.844755354810495
98.26281185263659 42.47815847516494
79.79462341236805 15.867439898924296
84.48181045491452 20.370100267524794
63.60011311595031 17.66451174892967
15.231520702406321 82.51097786324154
69.08376482494221 89.82584476481894
73.09997232600192 68.17332776074136
46.205017734787376 78.95492308732588
68.80253151474318 43.49803500451319
84.30430487414166 66.444896921303
73.00725764805587 7.198828505733923
45.61969107031396 92.16164208663619
11.11490919137681 30.49606378896337
70.0266074383531 78.67795164515977
32.77686372489943 30.902367504740557
31.72570767596683 20.707938631299207
25.21441704621421 60.55836224431324
4.173726730711413 62.113156649177824
28.66234859882859 58.63933707737237
4.933804716563861 13.8371364719315
30.614001261335222 77.68216730498918
8.543563161099922 48.66485196802941
59.808131163482024 92.87539591185808
60.15072080841235 5.412980513327215
70.60109416126508 49.48349286323699
