780
1 3
43.34090684006042 39.760626295275195
35.1645245422785 24.54919228916723
97.8637656099658 63.70833422817426
83.3684769159012 49.23470874245561
74.31919978107841 0.7801066957281444
35.063178097851136 54.59147403690303
59.60448890363148 49.157527509099964
7.562349495100795 25.826740207240583
45.63849009700092 5.155128603332204
90.16519374764094 34.32347723852016
70.04751250312916 89.52981926586897
67.80259935768042 29.46078275572286
11.838651730247097 43.51658377224452
67.67707084335055 71.15914108696073
26.92166264002369 99.7928442222924
29.225272734795915 62.35332444470458
43.96624895764165 5.361154801016288
97.34791620487648 98.91293238828611
34.69032415894988 75.34049928519818
92.85873541272038 0.8074652281865102
16.060018573352842 84.64403030935645
38.19324354913831 47.10101970103866
19.508175887174172 7.657829443336661
28.08039942907019 11.046495333708961
70.27232601199924 81.43268832981141
30.427708966676814 94.73138280000666
73.07397742562314 8.437115501746595
22.636175084511876 70.24625992690122
58.17814621952859 11.987510818398462
89.22400382060532 14.244741792272354
95.92138113068651 25.0700527098348
11.984579326570577 65.14902956844999
34.531269286381686 57.9273784430421
80.27377206165214 22.68452944986208
50.12559560544572 28.073198338894123
50.596182861104275 1.0758291986094015
62.904723894343405 39.31316811405039
57.59516004363714 81.73063510313455
32.73334295598169 29.408761626580503
6.89796338201174 80.13869830303264
47.788162426388794 76.10609452991488
70.8372669355256 24.370837599536223
86.27486908776545 37.72893292440014
9.297550755629413 38.681213143847046
54.55698117254231 8.685375566668107
15.346258538446754 48.04126520547874
3.0119583676782913 24.134331057819768
97.22615474632987 52.45152614158242
43.26799203607943 20.203442643690227
75.27872015386225 30.3105360873942
32.45654330379215 38.009605283713796
21.94360814831473 61.027112944289996
42.427108032230684 85.44246933253908
73.51872912746182 64.08811593416254
66.89273047067299 87.82966274668502
96.73964636847914 1.8647852763785888
86.8229129648753 62.945466138605056
65.89803603923573 91.10166789563223
66.39159329877668 71.87743912609118
6.982289841133249 95.39858905584373
53.105435463788055 71.39163751307014
48.45443183044389 16.711656832086508
8.058286108545465 18.731429585281912
64.55723918287337 91.530924270925
83.56880696170195 58.288651071364185
93.03170796806104 82.87917816135734
6.419343939915323 60.67378166888688
15.481197482937059 61.702535655998346
91.51706604018375 81.85871001328616
84.66006259205858 81.09630098103766
46.78364182520325 70.01555161215518
11.850779238188691 49.78746269396213
49.351948348983335 65.9187828050752
38.46936317613976 83.74108329430392
87.139043071837 3.6360316735355225
20.386330838253652 85.20474023756783
46.789762148900785 59.963910216312954
36.8540332479544 62.992711396545275
40.151437156114625 65.11861552750568
81.71660780301289 77.39386949136164
63.617921171264236 17.51023161938714
86.41207145008205 24.568284265795583
23.525466005823436 73.42664097855878
79.33483654951412 44.55690622065016
55.09023063652527 34.74205075389807
87.35656369222686 8.921968560941584
53.55803625730082 20.57575906243272
84.12443810242736 49.06487241473911
18.770569177331865 75.17087343122424
83.2475384993873 21.697983080755677
5.197473077296322 89.93870726261008
2.771849562000206 30.264340132064472
92.07032175274428 57.487771253144814
58.04425251357548 9.147535837651821
13.833855732308242 84.92243566310536
67.0264525897313 6.606895102856991
26.313181385738993 81.39348876548813
84.54786730822607 37.889989710403185
41.411380723644186 18.772743596828214
37.59032398841502 21.605116351499376
14.790916686576484 70.68002070092668
39.80595507909932 98.25066078580791
64.01579498062277 96.41408781797264
28.414897974294263 98.74047802313268
54.74574278422455 17.244866168954488
62.22448989171456 50.50859455774825
17.749949260560594 79.7610208291157
28.011930713474364 73.64348987797062
66.57236513758353 44.96797073343173
13.521812776549824 15.72178174327432
85.43778551684727 60.49732753579822
12.717670239223654 29.16178015068094
13.321850012199189 0.10721253339822656
6.135342710051139 99.35840147226322
98.23338768320849 40.90788767425848
51.644786520376144 20.212584040739088
71.2594106249429 48.284748087629794
67.45642904052471 89.106127471581
16.233763673727086 33.211140702004485
82.81001307954247 38.428900252908015
65.33432795599892 61.500529302838444
92.70855556400035 56.78805198094354
19.626182456799945 47.32046852647143
77.28185759905746 25.157285921993065
69.48444023089712 93.95763985369909
16.82901894337634 90.87419370772021
91.39025999743318 35.79476512214186
50.71864223361824 80.56289112759191
68.45822090208948 71.43530062824351
61.76539843533653 0.895450577553647
78.96756348063198 36.27316022022031
98.2242622039623 52.252462707730764
35.12460284281862 74.68832154261686
31.95870216173271 2.9428654716039615
89.21468645741184 56.722660986370066
41.31020864814454 62.3591592095732
65.09199884993262 6.604206994840012
17.200407437431696 43.681401038275446
50.39747698591162 47.346391254383136
82.50321149558661 27.31536161436774
26.750435774731997 44.63824751163854
73.41851805986863 99.7609354858156
79.54022156070562 44.86801857237155
14.779053917500718 10.157338931000615
43.25656410270844 92.2432666505156
69.42365881145767 71.1561248973831
7.456794096775865 66.56356252400388
88.58553547204029 1.8415532040798377
31.329394712968007 41.804650079760954
99.5264845552487 6.022300167463568
30.826324775247336 28.694923442540144
37.11967515968304 58.609446905614426
15.914191900138142 12.364148743309977
99.11275292814904 82.22435283059222
18.477257221360198 92.06741386770263
64.54425799879056 62.26823761847802
20.689392617285773 50.1458151554036
50.821788195910166 81.65897707530017
39.295498381458714 44.97696089381431
74.42045198357089 97.51076021916722
22.527201763093352 42.12300450433415
28.975200237363197 65.99130924107008
23.516549259800755 66.54973402206159
15.944218015159706 89.24526158126712
19.063770472473387 64.3740878811966
55.971162406893285 93.03800513775549
8.304984823202123 46.488423962814586
22.272408848330283 33.67905838979335
73.56314449179979 31.27401141290742
55.40597671410556 1.0276181572924203
49.34372606837045 18.78734017950354
60.498679372062526 66.36592001169113
87.50689930371365 44.54449267777287
26.627628549427882 82.87297646749063
72.91877622297463 80.103086423772
93.00879158623276 23.15440164049076
82.15112984519482 84.68649395787713
8.458832045486297 21.40104517458299
70.45829496796196 78.1925519019131
97.87914651495436 23.65973443858358
56.80122546242079 33.089003632001976
97.42878798517715 19.052103254653517
4.402305930821249 94.3321126886368
95.71023116592391 13.404277431787047
64.73682695338661 4.024272124109718
95.01767936835725 41.540654494318474
44.434827819955224 27.73390020923676
78.36787172716146 78.66258441269164
0.29353801868179374 41.0476646533686
38.33518535214162 45.88507623929212
29.020217784192106 8.081494751228192
3.896889281052407 81.66052600183724
16.837191256024187 98.71288549198722
24.2790807544377 70.07737303798373
86.56091616688153 79.60068335808414
94.75378679836962 60.79210821408982
0.02208641906615849 16.00348719175959
83.6179684983946 66.0646216569879
89.01007075361717 19.64835494104049
40.27823280460468 40.36197112002282
90.60041415490232 32.5031390902292
18.87172467880045 73.70693868531173
59.95931558454253 62.53411439671817
40.53594408621501 84.99942839358583
35.300682446766785 68.50750729298207
35.648463963613985 84.32973428698875
48.22105513808448 0.5791831114534629
29.15529149640099 85.42427244746442
85.80414291870473 72.8113514956991
18.13646236209816 57.63380068800359
8.985133063178562 80.52252666230257
62.920166788567485 29.179421960610476
65.94087777736573 83.72931838754674
2.4382455341147136 23.444929635267965
23.50797797258859 18.086681652167023
56.98277913541114 20.41829544681304
98.1011384466407 83.83584523764385
83.9775317132654 46.572016755591925
52.0164956816376 49.94937144148079
16.18989734400962 15.419125281282376
60.4643868744956 31.60078100729027
24.42275325725891 56.54328485413025
73.31369367485223 36.27314281370955
63.94646275197138 72.93562673451454
82.64096749575491 60.40066772770183
39.837290803365555 20.16583423771179
95.28165756808762 51.55110147161679
74.32482934899669 65.8017121901916
98.4121226834948 81.19315877073151
46.41925513943421 66.08375191158653
78.4685581315905 89.41011587249305
50.469441297920945 39.57568763367667
33.40020837331426 53.64178183995521
15.584108974034706 52.2700516815561
74.42190975038574 45.05651860507718
41.838373071124835 37.55279214658691
89.92554621790102 59.93145082134559
37.14733019965999 78.4211873510841
86.30580510847116 52.10901949042792
96.11346573466506 44.45519846939832
86.36648275211596 52.80125340063733
75.35175875772553 99.4584256586329
40.64618422566062 93.48325048897914
59.07036045021381 24.61678315185378
88.18607523291094 52.5775912515505
28.095916783827192 93.60436364144988
81.08149574080679 56.22004548537216
42.51806681474968 73.31859618369741
95.48414190307741 28.18420722800208
45.86821552177733 47.1984517247791
54.535207349726456 77.8188559217742
14.785544263456307 36.720936843233964
15.506761935404123 72.11531517767564
65.0810614762197 16.321748836757077
98.50151687014848 74.52037134264211
94.2169265836049 84.61436601937815
0.7088696856998311 23.655986752851852
28.78433320689964 48.06919948071926
10.560651430484281 88.36261376762522
13.989659601004378 88.77422828876587
99.82590234586837 34.29666736955854
7.340521277713541 32.25370543969341
77.31145740529459 36.0825544038013
55.22255444922335 75.44670564185654
96.52707914490782 64.50172845484082
15.700839557796908 42.310117247635894
0.7652085796933772 88.85339599330612
24.13466504816908 14.477270671846565
75.84349231689795 20.570733387142948
17.131802724635882 15.951460686244312
30.75828887416503 51.40253231750649
79.79859274689672 65.17528016224652
43.49060847375961 28.012026076618856
62.04087606538635 35.26638066507868
69.05349261224526 57.042268530764105
45.74080558077298 59.01035593800004
49.39080395894653 57.66050261033464
43.36614606245952 50.635611837560226
95.7885410943559 34.052106160728826
43.53003651827907 88.0860020305044
34.763277867865725 19.551135808904153
80.34592697848211 94.60485193482349
93.32973443008296 74.80734723714988
77.8862320814517 80.87268447545861
56.50745444311169 35.72022995717206
4.981883216970506 70.53078023066395
33.392833508952855 23.124624175803767
68.90057207294404 72.24411466591802
26.213321558940894 88.31048287336091
68.40353491517357 48.90213590463532
97.7952908285246 48.66454604323338
50.38558608721888 52.41233235040388
22.011823468854573 22.802569286617967
98.79632724104678 26.808797463114907
98.46526922090861 61.45552032037864
85.66397831521262 58.833600813490825
79.52397954757001 35.549299551511226
24.460940224135676 86.27755040690434
45.722767647252624 52.98869658599903
54.683700964565006 2.032357278241581
19.31803647797581 62.183733568469556
32.657842183318664 22.3203352685581
82.18736196595178 39.71023246192891
60.401275065962004 84.47518062760848
81.79272178929406 41.249654367476964
38.20406198370843 95.5165816665296
38.398228389289834 20.213912295748226
62.603437730011066 61.13034029041893
91.51108992909032 9.52653618063366
88.34046090194319 45.2710434740633
93.76611751475359 52.29520512449224
71.71999327759357 37.36761033382132
55.58907457147213 34.54601243667555
98.14023986264763 75.10618936647036
33.142130287537896 76.11093341252679
36.06077509968502 27.425021203741018
75.32329072368522 59.89751474024909
14.286800700215952 13.687862302743525
51.73151754231864 86.62282142729588
94.97742327697041 49.37595834755626
21.17017623220292 33.32284346860981
24.652046394858917 75.70722368392254
99.97737011374046 94.0509493079383
66.22618145797992 14.535484617430328
64.01332472882552 85.98251637226117
49.82873904146774 30.12999405567829
26.98253572604279 10.87781289391545
10.899042004526848 16.480600061430618
89.03273343688025 11.722096572506135
2.9962351441387147 59.73640297373875
34.93314629689044 59.771593820763535
71.02949635904021 89.33089994488846
83.99675552849224 13.932428783108609
46.634547938410286 14.089664782397971
37.40768938767371 38.60419314938903
59.42243122147089 97.75395153046831
6.263604120722399 13.069933030697811
24.943052828827582 53.38271287306788
14.154762978107804 60.06694081541477
17.356666982916625 27.777831864916138
11.92306391994775 21.708556401476176
72.27880416717174 40.658608546189434
78.27159642195491 59.61715763017279
82.81019440755617 47.065110738681646
11.533683701808052 23.985561741772997
22.40866542594182 64.27963943299197
7.233822516999822 93.67512028337501
76.63403294054092 57.32763957409433
63.68997237070184 5.06171574057761
66.52698678115058 87.51402413134515
15.42978580330432 71.97051985291995
22.61990084898855 77.37903087472134
76.34495072766212 54.85901467846763
58.28276713228109 86.0870427596077
26.87211214644649 69.61038374174893
91.67931498187087 64.35340313415301
49.02721809953567 89.9352001128836
6.928205936480691 18.201464278764547
12.277208347972724 34.47954487776745
45.83148029825752 27.469408623310287
42.59998078015681 23.0199554679827
4.155694675192523 1.745315873848785
28.0704324802048 45.16370431551435
98.66557212398213 5.8470681209309205
43.25224884198893 38.541460766417465
21.107706471610555 29.53448401914511
92.54066551302114 67.91972213854969
42.073424326910505 64.73833900477463
8.436215757040632 92.5357205318598
73.31734964799432 43.43066896504002
4.110370446890732 66.86749696130587
90.47053342045788 35.21674034711304
90.02338219381534 70.33492418835381
99.07173345943545 65.34493418330018
19.354873293847863 96.98764638237446
38.48227451212034 29.34009051197375
44.304754424367985 64.91065668096665
74.75080235853973 6.21160058399044
83.83447874438141 47.056240047970334
92.85110189998844 27.336566692847054
45.47283051583258 26.519731928914524
53.74409576220416 14.653202021546674
80.8742668999691 67.6791706725869
39.936627251280285 18.718877636077515
65.95671863978146 41.30024076300855
40.22056175937321 65.37058028968757
41.72575237523628 24.71123725411357
68.79660084170094 77.86459118653961
65.69261201506467 71.42219122241968
38.36505227627862 87.76655518185525
55.97903017327886 81.0222636890146
80.5188083488493 3.726565853600383
9.554266492199016 92.44609306764366
31.44462105777379 13.369681958095114
3.4133749016693526 22.170380202607642
4.336891020971412 33.446500891710265
3.6028661875372903 11.479820067875067
25.211639892064564 53.97831983932484
59.8385848774166 54.241692144611186
13.439295512598814 85.44069591948652
41.78975980473931 52.98483026659939
17.638164629878506 56.786947991477746
9.689130689088232 87.7374044528658
68.08926932359998 92.62831092845762
42.89103461558288 84.56129738397553
0.036457426286662376 43.82062557326263
70.54816564774748 93.83170000751444
56.55070232596695 54.96878404883798
70.37157632785822 6.1635629943291415
29.118536232882185 24.566095867229286
81.81715265246395 31.719967240638013
84.58061642138597 31.38204299263798
83.50154493652427 6.074269511248009
19.35859093296952 46.468648205613114
36.52524384169904 5.721238604134715
77.34756471625965 0.9996596615227782
49.032398911457456 55.16410821544267
32.775288335225824 15.799573929229727
44.53254735477439 37.65311500043549
99.57400222157702 91.89067819703145
48.66797908013305 95.01337723920365
27.042831836533576 93.18495886247095
15.760768863612418 27.120319132209424
79.77913145531011 87.91378028835824
91.64387877942826 10.10846872665121
19.776634940359727 37.30075825057444
26.495459329648675 17.406406393123607
56.03538530149892 11.02408951654481
21.786991723147576 83.78695657473203
89.10001862398549 84.46333470200354
51.14238344134267 36.85731138270862
71.46208119159287 78.59118490340306
39.462230426253875 56.380239614369465
39.373343851054 77.48976821852582
93.8676529283224 25.75321018870318
89.06065178238096 80.2886228937511
3.8421825067101567 28.430475163052925
71.82360169871338 77.6107050222957
17.72420678145923 30.65841340289699
97.54390364831647 42.6559162882332
85.5629095594575 15.299876777587397
55.221098455590955 82.88646861267037
10.094906739919217 67.01191059346148
9.160854157020504 98.0668396835709
33.09743128864295 49.3706033065368
27.84955807346725 2.365534631064725
72.75790605177089 12.355911573789747
72.13417673917435 74.29296026971623
96.00564549650016 20.012777788197855
4.679066350910555 87.51816408148665
96.76570999661433 82.6508498041231
12.784082736952062 47.48443847533539
69.4768224742181 2.817677411295416
20.002315255187963 13.977686872214967
13.411996907097956 6.371112687400915
7.3414588941242975 59.58169299401605
11.066277712422078 54.42372507557938
4.193957070003473 43.45114796650322
43.78217439340184 80.2853555230211
55.47170209268415 40.561622707069
53.03948340762086 59.00783768562032
88.32652530907015 56.960045912477696
80.42208577835575 17.50373461359771
88.92114278643692 14.882901404370696
97.99583706571806 77.93868667312086
28.143616339860955 13.917408754867356
0.9885873099778619 24.91521010513422
32.69928912183448 37.66349228731016
38.306045042124026 70.00617978768689
79.55263829342738 65.70340839776725
27.057896959627282 78.99330086371006
78.88834931453768 75.15787776536686
24.924058971637276 64.63167060728577
41.973359902015716 64.84197621739894
44.367972019792326 81.7685137901647
76.40400627523738 46.16353394315094
31.079172542801125 24.227463668236048
32.29629789100481 63.272819314296584
81.0309719400769 28.485520432451228
72.28710829443754 84.66370234953577
35.681941188367674 45.257264599589654
41.41701034883158 56.923791190913754
40.37739569774907 35.757682034085825
96.11984946750115 37.23728861455318
52.31066147713508 61.74188376921712
10.531712538985483 83.39139932188482
71.860737620693 86.17121889001919
22.93699643624838 29.18821214818923
59.90660081380812 75.59162806136877
41.696621740897164 98.378404766636
74.08565981927569 25.673758825601745
14.15465167890131 13.53204766758138
66.05293740597828 67.36802007863542
79.1175926250542 40.133135697621135
6.041234377480231 28.670485331256646
1.2178654030434055 19.691297042731335
31.279960380598325 67.1843618620633
12.401469669626053 32.313867441887936
94.05648028149494 57.937043236667726
61.03025916214033 25.92350145448814
83.78171751426726 18.75751118566167
27.501809822529367 71.23565648782966
51.951279200510506 82.98943848333951
96.19468125834412 41.56258071008927
24.152418624267646 28.162390046860697
87.7346500540249 43.133276479533336
61.48402197119558 95.20392059789648
33.02820788287946 41.59350674634099
81.03509237198672 83.43998769314369
20.54006597114395 81.62691689199899
93.26979705005733 12.836087145483543
77.99550564705228 67.20948379761475
13.07851397264641 99.04525897906741
52.90032923083354 55.59321228899616
7.842461649246446 32.655169632689926
56.05948276127988 19.318209691430212
66.94385659579598 44.085521142106465
43.443478921669 55.246770423160044
84.51474358656385 26.537079034281795
89.90842512661075 31.977790288820728
20.139231631010524 32.94404761216978
74.75726633609897 40.918208003773145
86.1323813711982 88.06911051313413
74.88005233684196 18.336430183922793
41.41461599617049 8.225449404595775
82.41605066610971 19.08047100177839
12.843823697329459 49.38436835179234
90.81676124565578 72.08184638338957
82.80120993086177 60.79480206284382
65.5750922118532 72.34177027317115
47.93325150417209 77.12877589854668
93.6204235350874 38.166262204474386
32.43831557786814 60.20436782231447
27.25457338776931 56.18454111435256
23.529399686886943 61.95880624147152
14.984571126098922 74.00924622479148
3.3438913307203277 83.18791309523786
95.69710905305342 91.26419706990714
29.43239006319258 70.38144879493603
34.317377817234274 36.86706560979695
6.950003834236207 36.40188822935573
75.4509399920944 71.76244451258043
55.09276582998963 56.03111958420113
54.490805393859375 12.041298902546593
88.22606608494796 3.432492966816003
2.7515417905083384 85.78094812616197
95.93559907189903 17.33166703606659
93.5508581448168 87.74056403105791
76.69260654482729 41.71906558165017
86.16258141077475 53.596566331679576
10.371718123921724 17.907034991734918
45.300424434088036 43.417451360999436
45.417558285886095 79.31625362239771
9.134604089495756 53.031011060530275
41.08275587189216 86.47799638158622
92.54302401953763 2.274490506531257
56.53655167074192 94.25111193937394
6.1414753831522395 74.26526552083321
67.03121805425643 95.67356379538279
54.1360963643662 46.226389849230664
3.469836229904022 20.571624538077526
38.136429653937334 91.52410325235631
16.880535252672814 61.18157557717188
14.25544254414266 46.52683671094064
63.65653601291768 4.122184157505715
97.92354714886527 47.80249554561098
64.17089300614008 76.34076846654263
37.24712582517527 2.1204849101132517
60.1690151446556 85.38060377326254
67.08756064970535 44.97459905251387
55.3139544319865 23.335271397803204
36.77053930322034 45.44987579389132
79.148503742637 18.726410665488192
26.44880591784011 20.82387424172736
46.24373371484614 37.88277160697837
77.96717773648503 9.569659168513734
0.9331932774341523 53.5975002843915
94.78122591182077 0.3039983917136668
30.67061888664049 50.20533935012443
77.08775472016222 21.36963898075601
37.42433708396149 38.71250302774736
27.588707613279585 94.72943141917254
88.42367001416022 22.10736434127476
67.51789877986134 13.818080132639787
12.398282048883736 24.384870208707188
85.77854287147221 89.32126726594372
61.02896782944973 25.85932731198326
93.43248218488075 7.574119773940868
16.41424404619498 98.67128761601265
4.116070314320619 78.99725036682375
74.44130971597343 65.22294021497068
22.737087149719848 92.08651996186252
96.38638932896215 94.40525296691776
58.99637436741152 38.83016912630812
51.49556366410701 70.30778374624904
93.95915926113172 76.96290106409155
72.75840500047607 54.23583549615796
54.38021207309749 97.48743779360281
9.1415419604713 18.798749091355525
24.788694268170673 19.829577724040547
36.236090136918484 1.3242616522584072
97.7611132501002 28.461824822928538
33.83041126225208 16.873599221533063
72.14175745599194 22.127677012676237
82.23366040951517 68.03007500090723
17.898979420358295 67.00696651996607
37.599387125648946 36.6192828003536
65.68564372870034 21.179355131727597
39.8749457257547 8.36914785416505
21.15558769630961 0.5325960358581794
21.959869351836026 44.432197063924164
48.11732464478402 37.19981895834752
6.1875729579536465 51.89769176222543
88.88287669626853 72.29048313521085
80.52430354994087 94.49940363209073
32.85962435047824 84.56198911519124
38.17616448217558 10.368921971006873
56.6675346936373 41.08472702041315
8.891509055817192 39.70062667548444
84.1344433129455 3.9301042536589392
69.11090553451996 29.370723791475896
92.15781365405707 83.43879182817663
78.43278095519463 21.548517639317865
79.6800188257144 74.42151903967856
8.026933273183667 38.74157839898711
2.374782011925114 31.50319855127297
58.90681757720624 40.9000599549195
91.36080152641028 63.7257667621435
12.071256987631585 11.817474165452824
54.64572455542689 23.03043875892392
76.8853104043908 5.924964551041878
97.14617397597036 98.88252490831432
28.73209577143627 28.5581678206251
46.82320909084774 74.04614124606834
58.55634202209505 70.26844318720347
96.42799142847139 23.99618629849587
21.17287602351894 21.757805367533134
95.13318853771662 54.334863840377736
21.420596966126904 98.2596481601671
1.5118363983311234 12.002461717119605
8.015744408077442 63.228140166749824
38.179471313425275 1.1467465586028736
17.82087360651079 77.84925648566418
96.11926806671572 53.865429980356595
8.469260112944955 60.059476788553525
64.59384017634133 19.390629465405084
52.68962730719768 29.059698119938737
5.821955005268986 56.368018221953584
87.12635490716625 36.506617496576354
13.326244886593175 69.00803540544358
93.36584078995993 52.756830877473604
2.2833549704772693 83.80406401130236
80.87821091164416 0.7468555874255767
31.21792117909974 19.5246260272808
25.60704017512807 87.96113785314297
74.5298402647529 94.078107355852
44.71924310458286 94.29328316322363
61.983018483711284 35.45758861196444
69.12010992714256 16.69273421149333
8.325998077423469 58.97021145531698
15.711349359821725 34.10652537570908
45.257338678031985 57.2288646258045
4.786284377864636 68.37210531260803
64.29258536004852 17.595468026433082
41.05752406423713 17.918342956102997
46.61173095619275 89.17993465574037
71.49368953882427 99.04712046117857
65.07866848253106 93.95388674726894
29.530006176741953 46.704646070151725
20.01545510216436 11.993156228582368
89.07966306302563 18.412554980389405
79.5064450385837 72.4790708229229
4.883706406123234 84.95695511271781
13.142729996724146 12.877817895275845
79.06386732037703 43.8450110813027
21.537793343383104 42.218973956207286
17.13592680108713 77.71399417936638
89.274271245467 43.854384585588456
32.60999827667912 3.5516784888010022
48.058286245902714 91.94609527287601
98.68047653446995 0.09093950019576358
18.901184999841547 1.810802728811467
28.797940601644534 70.22376585710208
54.4181409792801 38.92290332746917
27.177491576576518 76.73253304337982
55.684639423714685 78.06326893696503
87.59707121264057 29.65475643928579
39.046677064841106 30.068448737696606
91.30819070745187 91.72697161993672
70.92344206182766 31.575212320369552
47.85306986520803 61.12241277810557
1.0665104458657426 49.95930721269044
42.53809439373075 64.80808728382377
5.989177188605255 31.3817419136722
71.40545142396174 73.92564379570823
2.024780147441363 9.28894509427096
37.240960403808685 97.06598702171641
31.748273529785198 5.5036635269245515
46.687473736934784 1.388807731903241
48.688131230797005 94.90941472837973
7.330515204737931 6.6613226702231465
33.15790948102848 37.85726690648619
9.24724055798498 68.65858668729554
66.63201445585403 4.975923844871377
14.765852812475245 47.83568300764458
60.81520379995033 78.97143591740739
64.39372810648376 80.69769077860569
82.21749336674213 72.49654977956672
42.65510722988613 31.02203253894387
54.37139775485234 47.19591864107156
90.61075530439714 64.73291916126549
18.910177192101465 3.616957972512269
10.185107212745969 74.25933198333618
32.83380053535328 87.51587426535983
71.63925099346442 33.23463665181394
87.02962204319269 97.15600980672146
76.75128008364346 37.649205866189604
82.52166086032788 71.23940058046712
66.76363642240514 43.64702273917982
49.210312372424305 63.03022906239675
19.236776420378554 94.90058829074843
12.612782619498052 89.34980087220718
4.273774913878525 39.3380830194407
5.853872681587169 69.57030297441781
13.67718623927936 35.69428473084102
52.447885443420894 97.3891540981342
4.5654439481571 88.64459406305798
0.5307742153198625 67.71221380608736
52.107624422705044 22.752228937654206
4.985208501934113 71.45299134292797
44.9548651739625 34.05262392268318
29.658559932702833 17.899160515335623
70.10685206104547 78.73099889744684
1.639971489643055 59.39862700714804
62.549402936733614 94.75388941926639
38.8453581711476 87.83326291366072
42.024005179344705 13.285729209926167
10.128125263200571 17.966067567516262
44.20494617679063 12.252949842349704
21.69131897054781 16.245342621515757
14.319995552218412 85.84817302756265
12.301856797488586 36.0363886077405
26.198875578211855 98.77554204832167
86.81991660826378 56.385597433407455
72.74192027335285 95.3313654634798
90.74056534366687 31.97932555336649
5.885393099189495 63.4286500211346
54.85527121242624 53.3363853812937
71.002084279676 12.984239140994669
41.816967862878094 66.48182277338222
18.75436914011306 65.45157527816521
50.329540017836315 67.59449810705385
28.89534712574857 66.82173522456134
29.975574490510205 80.10311422664628
43.75728496554729 0.1821982928132737
92.85107907616921 63.406544666531396
19.72421089290637 68.0517649179312
63.17872384844907 28.94711616531602
77.3439219985834 26.15037960083908
27.909714427017374 52.18067056098086
19.37694907309533 24.602243409066894
25.145968318458635 62.95167862418172
78.1340858992855 76.13018020073687
24.446564452997976 18.554957471319298
89.11575001006983 40.14099529030799
88.47143361098728 31.577131486690035
43.16901486165601 29.242487367053105
68.14799282874398 3.9148814332442106
44.43643723959927 99.54170749425384
22.862020777212066 13.08975366785512
2.75294742969745 90.54078258247156
75.95041603040546 39.9311496716767
78.05739814701047 66.46485835622687
2.8214766943245095 12.206069102940532
93.03199193226475 39.777489700131596
20.98040696326857 38.251239102566316
45.6885932650271 43.749814817282925
17.631725971256063 86.56997725340145
42.063120368783814 65.53668398476609
26.01533305595296 84.14935515311936
