230
1 3
44.379712443864584 33.87270897799554
11.862371213182543 31.76206842478091
16.748937146049148 7.253148372070162
18.936768753062736 66.06683782742215
22.720350473820528 2.4136722488960594
26.06802616352235 51.38110171414605
12.635476638268074 48.572890598209085
74.25833891063564 33.55544333814535
81.20753167603252 42.74101287555403
30.235270342573205 55.24060000364497
52.4727525005982 96.38925474486173
60.13176477951012 14.642227012517427
96.97430931977794 87.38925742404568
83.19725877626358 89.87963532216608
48.70548820097331 95.65610030531421
80.49524501783016 38.50532639239317
70.80315168789639 67.90432839020603
13.401878640190223 4.6303903200057395
42.23103845111764 4.082257122044464
44.45761855123445 64.93314643604353
28.28126941542395 91.38212822258225
79.95350793564428 26.30110407543731
82.68090386653002 83.45936394636651
36.93696619336917 10.685136050901578
9.424532385706929 32.61849465058708
64.12459368593488 13.071330590933927
88.58164532650245 76.46325987821226
70.51257723948619 85.8796802945802
42.88903908623798 83.42322904727837
81.05484517642164 16.09038038546684
24.329441365441863 17.85453854247836
44.817692047865364 74.932183458311
92.30840755872754 96.6631672245718
18.48146197538958 66.84575921581946
0.531239546433504 25.746340074116425
49.8329463778328 74.04622702119967
90.74662239174778 35.61309476158512
55.995345743168755 22.700198564627616
73.57656272735007 8.277327826782432
93.00855108662316 39.09488032662145
96.18616899400203 90.62553278543959
0.12254845973218575 0.5056763207252013
5.066591135155596 46.959868963074605
48.81584723967576 73.23308834222833
63.58401380954064 83.19103914503722
30.276178751138595 61.55068791183456
73.62655743799291 18.678651154333448
53.18086061615244 27.848302753608767
0.5623399796514938 96.95405379799944
13.537716622044126 59.25453586926037
99.98842045555942 44.6370880581481
1.7337427223428126 39.5152813919109
4.323468656544005 47.43139780224801
98.73677545199322 5.969770648637374
5.8734954917824655 82.01351890374755
19.929479127824145 82.16248888297784
48.58184015925533 66.08414700720628
66.42369245343455 84.92495684756398
19.171469333370972 76.7340266853578
29.613093598304552 17.395106706412445
40.71598112385912 24.371185085973444
42.6851881981416 6.0651530989455305
98.63209928947039 0.7378387832926103
16.284526426236432 33.39523394537254
60.19060589743024 77.46123110637633
40.730266892342094 77.33228942177269
94.40064331112875 11.997537601474061
65.93124135326383 77.99964674889021
45.06345986659879 99.71396168285165
90.38951496030434 52.767395915053996
55.760756084935956 16.30381048357612
22.726414564493403 40.493645196541465
46.56219673939845 46.87565309896908
73.99923998930174 17.345097434301838
55.30642453883501 6.837143690508607
28.058937417880724 85.68938962617874
22.185919951159594 84.8508271424603
66.36387314824128 21.355665766730713
77.47363577376447 33.57408545228604
11.602010048366296 62.48103698771086
13.862433292608166 65.4921299438034
22.444600804851824 13.550888205016797
28.897488538949045 54.8931695430358
28.491837292721776 80.72913521646976
13.93303093427014 47.18968312602547
17.913568423537598 66.63188116840986
62.98395136622978 10.36340861637568
56.75322241984664 52.49494761876541
4.611300486944936 64.84513961971557
72.05935805601213 35.45865011624323
41.115610616821115 90.09894274941676
96.02602778878067 78.12925813167655
67.71184435022299 76.7484561745512
43.22920491542559 93.04009827098511
1.9823726242810258 61.07072016971789
98.69819664642034 43.070978227348355
21.333487196650513 11.013548549947693
74.94045962755507 65.5969762856015
47.03389306098824 3.6325654624115966
63.66882032900154 75.41839652216011
75.13238403514045 76.00463716518786
87.85622552277678 95.22218671971747
80.54732180746424 21.676759972683037
82.31223376577958 18.931373792497276
16.082796037505844 69.23115546941507
23.13880562147719 18.010982836496247
54.42224835280696 16.173231793506027
90.84905805848848 72.51245468943479
84.40619422424751 11.499941171541694
21.49775550095454 31.99032498841463
11.060277190312462 48.15029762950829
98.74981689298743 27.010277116624405
66.75584406390382 29.270196448291095
51.931923930939504 14.770672739390612
78.99176161510839 33.18148418429183
44.725977098578085 46.243070881855886
96.26562693136538 10.797938097237036
67.4460954354351 94.18101045395856
1.027576311543954 8.93566679497253
70.88844804226075 94.8997734407649
30.925750182593138 13.873948172689833
33.58763028873122 12.893525959136554
25.013201843369572 23.02418144747913
13.408464697195942 47.42143832848784
20.09190490133088 69.59076967215819
63.97311881536461 92.19580525082765
37.88315054300766 56.49710508675734
99.16284441968448 47.37712601451649
19.2493979518622 35.686896140769164
9.054866906253212 0.8353845725288966
24.373914523804284 26.67299653216697
6.777331433703893 20.933869297859342
25.436390275552977 85.22195476005653
16.60405129555049 87.82096257840242
4.25381806944829 2.3382603371579602
83.78283452427063 8.128318464342609
85.68893901342744 15.511078066689098
32.741219869742565 71.6101967848768
18.026184328677154 68.25151189891443
83.96929647387891 49.14460913632146
33.73468761315475 60.99261517413712
27.17928618620715 23.840266818747157
30.16436878407869 5.121370625661559
63.85385879081373 54.41442744951406
64.8887683589393 89.0779629309723
22.608294080942247 93.62572741056387
63.47690569984763 11.686370854210315
3.85090717903096 46.531835882235505
79.60446974763029 45.762704590321924
32.185603018446415 36.59915447461795
70.22604645560348 87.41564085594395
94.98318682703638 31.990196173914054
84.86158721910577 93.01776156957109
57.57782613848119 34.281277645276084
13.626795467514885 92.50174615180808
83.36828462263983 55.78127375483171
53.92850706934114 26.772046328530273
45.32620787575463 57.5981938750187
81.72570598477458 51.5823802028136
88.28553710964717 4.374126341212881
86.02094979052335 70.01578866348508
4.409474206682784 11.925790226039679
59.21745040664732 58.20761643053176
18.29473755305937 66.3733839963716
60.90132067768066 91.2457480208607
35.893442936149086 6.011140714325758
87.97318252110642 31.380150337052992
94.60009564298342 28.42532088325429
67.06529110675159 82.58403956426076
70.83399693306494 7.278670039094637
20.481125613705963 34.74963187371498
73.08202956399543 56.90124586870431
83.3365094008089 93.72884816531837
18.359388467419933 27.462403506943044
41.02784134228508 5.924887446740246
37.552742924072604 11.558940569436626
91.96041649990075 57.18962594145811
99.3406227826068 12.324661562521388
86.92544313552928 28.704995565239866
2.8683239128139304 7.866191147390822
66.12695098993335 64.23162332283006
29.57339133804926 4.071429997689524
87.31159234349737 1.3952123441125064
29.20010295952491 40.05140955010338
29.157200632434368 68.60833277661646
68.4450208845459 41.21341541754422
79.03371667975037 75.72103818645866
20.625176307531934 35.53214008437111
4.268016199735736 57.43292645379674
54.70748240088279 57.164442429386916
72.83555903490353 55.24791330415808
42.67452069269493 20.539836128277788
88.3608097294661 58.2249766895059
44.05498845824367 54.622070637178965
15.643405300654134 95.78490215698774
44.84282210487605 93.15418455707356
14.549584220754607 81.25335162025608
95.50020977850717 32.5914354852461
59.4585613333074 83.30484848011932
8.108479172944216 21.885990367371377
75.54630999948768 69.0181874529117
46.19508361799234 34.87328903110316
78.93804521472462 47.8772489215755
85.40825436060953 50.53020666835555
94.11428502580097 63.702622344446546
59.75108288321589 85.05001650017212
32.63038360472024 25.675959846581485
18.793463960318334 62.04822174758186
82.31794233064139 13.244574271792263
7.775607846853694 63.33474513859419
40.15815355090688 22.009008142955256
38.49565342363619 97.77529290477973
34.23243376338285 32.890385839286694
83.21109720778257 24.404581991645635
32.060319176352166 35.19613709302691
19.476488084925926 96.44674624882659
93.56187508377589 68.07579188640057
96.92933695467832 77.32989719825794
48.461825402704136 31.373739244318834
9.106606786708937 12.717353022944433
3.355052271500103 42.54659071161986
93.85924189203966 47.60152103026633
52.08743711862702 8.733442301134708
6.992779673761285 60.82808835697384
53.51683391491704 60.37525450723091
9.839327837525214 3.8451812221897086
8.910387271813258 85.9417394775849
7.526780319713033 26.015542552159832
79.20201535379195 32.32272085793748
81.64942271203958 94.30943824376476
