100
1 3
67.78362701986063 18.567011487178362
76.88842556150139 10.026666801438378
11.592087286073216 59.78619070938485
70.20374584858335 68.29793534493443
47.21952091726984 72.53093762931404
57.384763619712764 51.122604033638
18.062862128560585 56.854460459600695
40.47842061513762 74.35525276105308
94.58305428647482 80.6228646972796
18.672221806512045 24.16144024413649
49.36303800155626 25.822708300321608
55.57713379786815 86.35298085277947
82.71340934847322 74.37887072271769
29.12235890611301 78.9398477133117
97.48643121650255 49.601148457871446
44.945266997821534 48.71056378767755
67.71807193259501 94.2857993114842
56.288769815897744 87.01043988739303
7.2862789441696885 67.27515390804959
80.75826933764647 45.70589184053671
53.89036407835939 13.77949391044524
33.010368397521674 98.84307672343758
50.51061312227774 15.50946703399454
8.420007527593153 22.824180234458822
92.15101834274793 49.92301049168384
79.61679993588817 81.57570784189758
49.2348666812839 46.40892828134013
54.79588363448011 6.160652984204762
35.572197119180515 51.68963717187589
37.87996893819885 42.12476057902488
30.69928469380061 61.71311930114254
18.83304657475562 94.16426094133902
19.71494933062541 69.68070711612859
24.095868841995348 99.69993370027387
26.841011466619324 67.16610013048523
91.68718181981144 21.77604089454743
75.98224221303067 78.31442127565589
69.45936011699835 79.41648574752442
75.42732343838388 26.22427069617914
75.41791109782656 82.15462565715059
41.45141643809056 69.8866477734944
57.05473576392151 19.78834484782268
81.20272366911169 47.480934853486566
56.668258486003495 75.6361872146438
79.90613529766244 33.646836149267315
93.44128562335308 41.77359586589833
78.40010152013011 25.56675052297448
72.24926722363283 65.06069870855467
90.86343707602896 4.6787621718852535
72.14020489005193 70.02925153009778
30.063017674536674 8.400696658797902
19.269567867311753 57.618691520967545
54.28156359818763 54.29631308001311
42.05237800494663 31.501861102111796
36.7894418164586 98.61794198303986
80.68700412356004 37.61135911746085
34.64900501205206 41.13169949417899
89.59268235745374 84.7206298076674
13.327296607690942 19.555487385228453
70.17221605671634 4.034093685183415
97.93148018968635 25.96112043579881
74.50757764781568 22.777273042780898
9.384420803157623 35.78164512451758
93.39745869223981 51.87441661675467
29.760503736929888 44.867011921651965
55.20324293434158 44.69089223007696
91.20997438117993 4.871863955666722
1.189803094599351 32.85392989898739
0.6252119519954524 1.9326475210776017
87.97824260081859 18.204538746513954
31.419005281412616 70.6247007475211
60.45849539031805 20.068593307790827
25.780883135690402 66.8302252726833
67.04521822534129 98.54313423594544
3.458017490125642 92.10212406521374
62.31145835937979 87.92570474675725
58.30145770534831 79.784429632618
14.355137821945574 35.33618466074353
47.514159432125446 83.12295509023771
92.03642529696975 23.17817372385338
20.247430689348334 64.38484538050307
0.1833489050091508 32.25844201121504
65.82289379739011 2.3699473725663722
34.183974937446024 64.75332416818745
39.90026132898288 32.56424148144272
42.9494211045764 44.31529300411905
24.795763427862518 0.3398602233561254
11.258391902337529 50.287118404396395
92.10360870698875 14.752436208484898
63.39548319725281 63.28483738118385
24.263660291067836 45.631414647717385
48.22744840854549 57.5755190585661
19.24654512925652 84.79276033883582
78.06625933853964 44.109376656025745
89.31180204419103 55.02307010048069
90.46747274039029 62.757469759320415
59.43869652389815 84.18076333323164
64.77993928904925 1.4930158055596943
21.140559350413458 34.66311299418652
58.03721622599311 64.28100579228678
