910
1 3
12.403952062086665 94.87818364668537
48.578165788735376 93.42652952071853
94.03112826460026 86.58665321468462
11.580699226857849 63.50550914239936
54.44836191197542 2.6980239594296185
59.095534882558255 82.28104582466852
27.81129727887035 91.15128145037339
34.76882280150877 59.93407012772447
22.6153550943873 18.138999809433344
11.23336169539677 17.734828002334346
48.889229310759006 3.045337012642979
3.154218214691862 8.916958427386291
0.18486302388336373 33.90779171647844
28.249196830537258 60.13104593283922
47.04713185717859 88.30238890726376
57.61580661078547 15.979749670399634
49.22888125705034 48.24958981012375
20.350887702281618 85.74993609271435
43.72058055610131 89.53476090385588
6.761899735712529 13.762893182762292
75.42729792114888 64.34280128608985
24.52908812421788 5.993353813956692
3.625540967860341 2.3438359888566795
55.69527356714512 58.4106721456773
40.07153260288001 29.411227477862667
37.18891101098443 21.810794748929972
86.18351301321974 98.14723299945283
9.79185641623792 45.536944605342455
85.77712603812932 28.85477942763068
43.202665487525714 60.59978798859584
9.828366193484506 36.42600512472609
36.70886323852236 11.318973579240833
67.13226082730071 65.76569750660866
31.25245274582287 20.91888877780097
1.755770876804541 12.048173025711883
46.478477877469814 67.03473786271093
29.481215534654147 74.08692212370889
20.992299218455692 76.53481858413014
75.06027266677533 7.77923943298322
30.744837872152896 51.147565084949285
57.83455930335091 20.8277274804473
13.512007260047444 13.63148440375248
96.88446997398621 2.7891827130636093
10.321168822446648 84.62815189770706
25.673878136031234 56.294022067493984
28.161983253357302 47.45193675583359
50.2496221063045 24.955883712183425
12.498822742112736 12.496656532010642
14.263858691103648 60.01506969879677
71.76056047538961 53.323869762640896
52.9709465005852 98.03012057292403
99.17245363578864 16.114041432830774
0.33340204503060633 38.960366084715844
37.69799197812844 44.446204017412725
40.7953621008833 31.040907312416977
28.67270792698793 30.95369594665629
14.996652741782501 63.7927379132714
80.83063338053222 31.919512338567802
78.69773810809733 88.32901390654304
84.04098958197616 74.56171185514009
15.123845115428058 65.40364605209616
49.070825820253106 29.92125328324211
91.88294793703808 58.0463073544379
12.856326503838368 38.236073263478666
99.06004366941374 53.849881875095875
78.72359784525129 41.11832282523693
27.798751227070383 32.26480579127238
85.05512477265573 63.787082113196256
11.977497321113905 47.43125451292942
32.052590504106824 78.25983353902267
97.13440323033045 70.03019621994402
89.65763719285067 51.65211954391018
95.83307696252162 63.21067674708583
0.703712722487837 4.8228088419846715
72.85308925128524 69.97805239246718
57.289960786143304 10.703093047864654
15.57188817783548 66.63541971871794
1.238160876865524 42.79776908488775
11.680075286373093 71.9716884141306
78.75004830960593 9.827183996396505
53.629214270266075 70.8008023939057
31.697719883907837 50.004613863677875
13.420034524882318 85.78198892521647
87.13108016524377 24.215888738438917
47.783346463715716 42.78044544126334
66.37585050364159 8.32979266322662
20.333731869687078 40.014975618270675
4.9950477496292445 68.72538701149593
9.550139606938025 73.87894036541492
95.47155221778382 34.087861066281455
99.33376801686916 38.452434538462164
75.26093502574886 25.065221852467957
49.57500692137336 88.77249902398596
95.01910356432649 87.19342121896297
34.78324973052291 66.84835540841294
4.358666877313144 72.36312004042382
65.42147967129767 60.35203871217962
59.77052387877146 10.97212784067576
9.65745655117296 55.35373886282409
34.25063234540418 89.53633153477654
72.65147653240113 47.37768716036008
33.61773276123572 42.006318498081896
37.67513443039701 44.55644780340358
58.99631009220796 95.18328402839211
45.299746763574 4.900569200036942
85.4672233732638 52.52653552176352
19.527817430113604 46.41723250390575
53.672032853467066 49.11180987328287
54.47440163598174 14.254586681273441
10.347812521060407 40.98021565084022
51.53137558161358 28.608259764749832
17.357692717175468 28.05488795309565
35.77680242466739 41.43147534395701
9.539099368961335 48.43598109020086
27.517324444628866 79.85182555288834
55.81223858732576 78.63787193703233
83.68071527583834 47.94600490113123
32.427354587356994 68.71945118201077
43.69827077443438 47.07071188552039
68.15552247951346 21.844694884438166
19.254669341165265 46.00139891250878
17.437033880510057 38.14820237986498
63.741930744189105 31.37494156838838
24.087310252691463 38.462832942056146
29.533065289582638 39.09382908213661
86.44214145105174 96.84442426694679
4.655834782498247 6.717952912047465
80.00636136661159 9.718619447726384
94.43224201758851 37.33629674511625
31.620731168604244 83.93690017942197
10.180911416099159 76.31354981109808
44.445776847249086 94.89056267757027
10.47624072963751 10.485230046410932
93.98231934453456 94.26298155944191
84.66314118861288 63.14325864246917
65.34115642041715 32.14116050505827
26.945688595524132 32.74712310013144
23.05115081172737 64.036063895261
86.13080961087547 48.032470478421075
5.040127872045619 57.583077841684194
51.386177353380404 17.534597057076027
72.29075261320892 73.2773228955423
2.4386095174852906 23.239910088702164
87.91744139116095 87.1725266047507
28.723490995882784 52.0743433150112
51.175022995243054 55.12972557683551
74.39173009400835 24.970733248798926
90.63544146384872 30.662303616467756
35.86685873047293 52.10410704307178
53.272173818387934 71.01469527605315
19.310606888179095 85.1132388286715
33.793757676624935 5.885741371364417
46.417735971150556 84.22828533167026
59.644658733489095 76.17375151967624
83.47164323912779 88.68588440399436
11.674752697110446 65.52945988274024
76.94277644701049 45.53949184543353
92.92349923567733 52.89693439204428
42.14522505612586 86.02440917107108
73.74113970003957 53.1183562319395
86.03648147167007 97.70234913135761
66.76647134380482 12.007513370663236
41.42314863001659 28.413874579401323
75.90313242405252 5.222439074200569
47.2134882726595 25.65037924354019
42.30448835591098 67.84982946764532
41.98989939083268 72.8957431281188
66.38877060876645 5.944978050722449
45.244320337781495 12.70530859248824
69.91119636536291 12.508395749245139
92.33513762992244 0.7065979286504653
81.69131405322987 6.813860947463035
96.57001676797692 60.97787986809091
62.88213634690756 69.89328740569285
96.81114551244288 18.06526841684215
54.25749268988498 45.78284630699776
11.635640979726025 71.6999623932981
41.18187225138612 39.62218836973803
45.26867227178584 73.16293908675327
82.34263512624777 20.186695384644217
15.423317135818792 71.71235136113393
52.113977341456774 30.29943166921829
87.59914466128296 58.8283684004574
40.25278485169896 23.392929214612156
55.81257419842578 88.50286383359204
81.5176121951196 68.95775090806491
23.143758209914147 45.72294217418722
22.618016328965563 79.59277926436047
70.28625335707119 90.57888514493808
10.660232043131511 75.79415770807184
5.187436312457905 96.87542056160589
14.545888498666958 82.97680498731455
67.67093944882079 74.75087387603247
33.70492583666651 78.8609137170567
91.42032987704695 71.65247542725382
43.451121300447056 16.605151922428796
77.05524577743435 50.04304906037531
61.93444076326653 28.084514857004294
11.191766989614749 31.261572196182442
31.688752803850505 76.39548560774531
97.29818732781558 38.123900055708006
68.4707308741663 78.41999806375036
11.538411564531504 86.33055982542788
44.01343128853652 30.322835284940417
38.49994341209495 57.404768998129654
65.56241585953674 23.354900570707947
60.21380351604415 79.5681338136216
28.700233978148624 29.512154605609474
90.51286658198087 3.674467986208918
35.27716095935285 6.218576450877844
12.920706610664666 28.40457198217601
65.10191800353154 62.09198403829541
53.42380150077146 14.407143496284135
32.342781000362876 57.988256657978354
31.410838556608223 17.947455184413585
13.76095063909264 64.42533792546965
41.32982935254774 39.515535437005276
36.923583241013034 9.062682739935756
7.802994064553848 98.38339803824641
23.428798332945732 62.75432227307158
79.83550007307518 59.02148618946044
33.87222095280056 67.45845280102554
8.793994087043956 22.52028180118739
47.49566186969045 48.310736376626195
63.386859484539926 90.28856789282231
30.8516510092089 8.925062706772557
48.36404276373136 45.66164607763843
85.10623293901929 49.97629140636788
6.8644853763723646 4.934568966122188
21.721578780300277 3.3402887216831045
15.266902340940923 62.52157415279422
6.872306965805319 8.258417460439315
71.35888424574873 98.0704259919672
69.08390688951064 53.141780306093956
48.21803401809264 54.729453533659076
17.337085850286815 83.93657668538323
33.454648348138804 67.14709787843908
48.93952935028767 37.96571410343172
27.531599275830576 35.2217480141819
34.677148555216554 79.54390075378048
94.72224362978807 64.56727069346738
11.323858719960755 68.74112453877991
27.61200867569218 33.00553300734306
99.85807353446614 4.40337475653525
14.401653872687348 75.79174052450324
52.27350360244649 27.246028419660107
70.91222287942563 27.78173454845463
98.57912630823888 98.62566198699709
34.72721109242125 91.11882112423851
78.63524034427778 12.594694758204227
91.4150338301888 84.63616647436234
21.71083761339545 34.701008020366686
63.5272018043969 72.85974520666613
61.62439680904343 30.37758540815545
81.77237846132996 5.143532509343007
27.099293357658595 73.60933777980219
92.05727484751817 15.119798247563399
98.18175940706404 38.051401258154584
3.5213972501832336 7.034607127015224
64.76817800774714 93.53057342404063
84.97171301813913 20.172471583613437
65.21263904779542 34.64806278681331
92.81049945609267 50.917071317934436
4.71932145820011 38.61770455006091
14.290649416254443 98.77161415740964
53.19858032012126 85.63314775809039
60.84242092240593 97.06002939220912
66.01066021552 51.7314527364922
98.35364889457672 3.6769510854964604
45.497259267362125 57.886930774932765
15.270479787782332 13.754421001558148
70.24145610830081 85.13841859476288
63.314513255158644 78.58850464619638
46.63548032213893 24.649641613456264
75.6153615693807 73.7986718515852
19.886866102710886 44.73046058366785
38.13465907609177 52.61910308417441
44.315703660859725 79.54994155059228
6.891096821874676 89.74665783600435
4.410109364960424 82.55710197974788
79.96729125731127 70.39965974229081
27.014778086633527 7.327681543843845
17.81930828290923 30.182641947552312
61.21352273186975 89.98362399007269
55.81196033313831 76.62558820487872
90.64371374090679 90.50999279713486
64.34666750132756 49.333798463193254
40.325159335345795 86.440841850093
84.78045134713462 48.397655966939304
23.151810578572253 19.317657416948176
74.58706302746418 68.19598224676109
20.325203747943 53.536637669642985
35.12339757198231 54.82606754180224
73.85878914800857 79.35834140192422
38.36730343482482 64.53426389123018
82.42339984485858 42.90459809365312
36.28174875309868 83.25511165027643
40.865072278460126 32.612483357276204
10.658067881538758 79.96638322276723
38.237617499105745 90.43406103452905
32.41906128023155 63.9034363762901
15.825191579358776 23.86935594477788
59.59173846479422 25.370774476271762
37.15094061123827 69.21580677264262
90.18617843391037 79.60247968899981
71.76836259033416 36.11119388276083
23.906665265518235 78.17560395928143
44.05558073585043 49.91007511963239
23.915649893193304 69.86104878505127
12.035128336535749 23.487472671222864
46.94495450401626 93.96417269647365
79.16567440462741 88.60631211267598
44.78921992495255 82.50348190800973
44.26403797074414 90.42084843578029
62.936985244035945 19.52639612025242
55.858439727538126 22.068949491520804
59.65602706130022 19.97891249486605
46.265273790903485 99.90298637394623
54.1058624184235 87.90498013012976
11.738408003367628 17.036446336585364
82.07158243242428 61.73180378956371
81.05071328644145 86.22475847148401
19.04773224206433 58.87296107084625
84.75875254760157 76.93217893371798
58.738204718030815 39.41083890520864
40.13882544397458 65.73927156148834
79.75232220677857 79.71704825894119
34.97364661038187 46.3102829499575
33.13855468365436 99.4074465108744
72.71323046556024 28.29227061426931
5.419161816020468 84.85909044049447
25.005108368671493 73.00382350098542
80.52053991902481 33.40636146088538
11.410641751373674 54.360268326728864
42.411181481144936 38.91474166426689
5.196744602518422 50.542176445476606
22.19152671720197 50.433560904145146
62.63278519620445 73.04796158747216
83.96546417792004 75.92170705527876
53.0007919877101 31.65078215492003
58.281536403368484 99.76489898739669
25.323130522945725 57.43794876483508
5.3162019992626375 26.69892311745887
47.03656466643138 45.41214760987498
29.280414084437044 61.39604229189401
50.319900264650144 59.37378032803691
49.75533810238688 60.570649936470744
8.558878445373885 56.56720996032889
79.44411589877957 86.12538647298106
9.27169522517428 12.85693233733809
13.41930282525925 62.99776628536675
31.00962696349876 82.13037002759313
19.92826309514384 5.567753694293853
42.30672009021592 0.9504213069376322
92.94657506844968 95.95559068581126
38.29151146789758 82.90709766568631
57.01614443442165 66.3161358143864
32.74772161350772 78.61305641770069
47.1589284508467 68.3606003416281
54.207756062671564 7.901646074220192
16.654884201375463 37.62080708391986
93.16741833804423 12.462096721791038
36.35440528845688 38.54460202970094
97.22259639705344 63.32248793442867
43.200183778894676 20.778086123921867
55.23006233841037 69.69673711709896
26.90782247177721 99.29766175304063
1.2091014255358523 35.69497574544032
63.341296933467284 15.197826498326217
9.111507430154585 97.54360029637988
10.264029047992128 25.137396260296253
49.94245730353233 85.81115102350027
13.107554029759827 80.67840961288
48.67489376245842 52.62747869990891
39.94131439522073 71.106997563497
14.636148081530065 56.2401292743216
92.69295062374674 13.865217141348896
27.02894711719597 14.741816838746157
75.47997586710333 68.87306867569394
2.463992679319116 61.44392719941922
57.89076812215688 9.400490489188584
25.481783206549167 36.70133224297831
32.57040063833736 20.52712355259927
76.18126328442318 71.87240921673903
82.81249789239693 24.45366016388515
58.57409515520074 12.656419677498953
68.033999515482 57.738043244245695
96.32082023407902 14.613738876525462
66.39438642364041 69.6677421799515
67.74868324053904 2.939963874579732
35.33690715738152 94.50175656536226
92.0417909070764 84.99060616993319
73.75719526430953 61.39163719343945
10.302291167182043 89.93294133893832
72.80093806307188 69.73616708351054
99.03024929636163 8.967119797581248
62.53200852104135 42.434671368736666
39.45746469397871 89.6784100946715
23.396269210573138 65.4331676221267
37.5172638527622 78.61969303689274
23.778270694662893 76.30972416643932
88.45175127354423 32.80658672453247
8.92707308848546 31.43068524777246
2.146734219818547 24.570969937344756
73.86025327006035 13.808905252783488
29.44003149013541 18.388079649249732
75.95044961525264 88.19571060781522
18.87580854315982 76.15409688575075
69.25302453175142 73.42336148786703
25.65794409685369 39.752523366944814
24.690927371485436 79.58360954388763
77.78390157102805 62.393055714519676
76.1988724353217 12.82337526568118
88.57964420663956 96.98630692011805
1.9093549741209914 57.66267208728439
55.61826465274966 10.839808614475599
2.4266880768607946 66.9869904098776
30.564004621302153 57.617172186189045
15.696329851373815 98.09228311095256
18.831511975743908 94.29224887008303
69.58122283187511 8.780015370066963
26.774151429534744 8.01443778163029
95.1419909891301 53.638533920184074
38.39077483465465 4.76245777323816
5.461320663128366 9.72532124915686
70.20957218594057 26.626863640573628
62.416343583660684 14.37362263422417
71.78263938209967 33.678702285546706
28.736426698577922 73.67907087499171
77.33153906260873 8.72242136970074
82.80036117514764 37.80165636050372
91.5400722978305 33.41305101332357
5.737930164460336 71.62029395675566
48.721798854928 87.98293481126285
13.693401205221111 12.471280297116948
68.72823640690191 12.77540556908432
67.32548748674019 30.475880509072063
17.727088719130137 27.639333093029194
2.757778770375041 77.08795033779263
33.051287684038954 10.035763753311034
71.56856781067191 32.45754755577997
46.32593170697017 93.64695955688913
7.563945917492476 81.26287443869646
50.452885853204755 52.959808126311714
84.27846635844413 0.021928720275976588
73.3760870390707 45.380332020503914
34.9340537405717 88.67894114797488
98.48572377158837 96.749754048415
88.76967165717113 81.13226743744038
14.439021069325065 37.69418595437608
26.076288702546147 32.41655189839818
66.56756868129779 31.074615586933916
20.440295977021638 29.883081865907222
12.099993106099106 53.55730053022072
37.763545877028726 54.667165808360195
63.55969904620969 28.459439089344805
87.7230037896592 71.04182457902274
48.72740416811973 12.69198472814077
85.0863600692942 98.90358317993449
64.43993096133578 2.476723912292722
52.30880936134652 18.759851706145913
50.54087352045011 52.67115767989412
34.43100509679671 18.141468324213108
74.72164718911051 98.85160759920883
77.21275785178656 25.298304124750402
56.51309586684208 50.73245985688772
50.6672750233921 65.14242544114863
14.338867371770924 91.18848910521591
2.9923633313373665 64.864551319397
9.515706969271998 58.35110213091905
82.29283866396982 32.5505707172973
51.12215511622462 89.60400384412652
77.41683598590707 44.98781330900017
56.89153385535064 22.161026808609297
33.97284298264387 22.253887128162873
58.30410865904314 80.90279375200421
61.30453205271269 89.15203975451465
4.678179045166142 85.03567095450153
6.494789358074704 64.9636144269081
95.57327956589103 87.26724551339824
79.2780865894305 68.16698327438797
85.86996327472156 37.985578228623915
8.84874541685825 5.576309412290881
30.583151355018636 58.77593304706965
44.9363982248767 83.18921267661159
32.35210807362985 10.777458710721778
69.36613556403182 52.07255021338666
53.98410511306266 38.71253368625665
44.243973180215754 93.37137633794245
9.192118492150737 77.8473100408338
76.30513227011491 71.06787042505951
60.919431912513566 72.00062304152975
52.793508210410735 45.98630349285091
89.54924211735525 79.24291500107643
92.73458830930694 76.86895765361325
31.86154562031409 64.32771985997982
38.41621513574873 18.185189584369944
46.64662010180582 95.31560856603996
48.55349488963729 54.11714974738566
48.95027599159911 51.9149800962867
66.95416688064353 60.39258683131303
22.726604807867567 99.41115408187939
28.804201975246556 64.63016870228186
18.722098143460553 34.94362195854852
39.65796311874752 15.192932416568139
22.32021848146355 65.18626008344546
4.253667779887627 15.876984703589759
33.09315042946801 16.035497981562518
79.10726909438705 15.754276512407772
37.540769397299734 85.98810476934504
58.017068462424895 81.03357816302083
34.06551672270215 79.94181527319273
13.059971371537515 79.6449115348107
5.317424222639211 62.714946944770354
79.92189993989956 78.47086291173086
83.10066311070618 13.39791981606362
99.31041841097321 77.54752779198957
53.60981055095921 0.9367837936596457
97.18496170140835 27.646911571120892
47.993927531923575 30.78960709683425
67.89345541249352 81.48634900663716
96.00823291438267 76.39453540485013
24.561272307307846 90.05667679060494
2.1982692828814265 58.05515499574463
9.969149770952491 98.92172813069955
62.87653896080603 65.8143277603718
15.144243528841738 60.96039003159246
77.80552109652771 29.170624946960167
50.696840319778126 33.529102862708115
51.478288308216925 92.0398327220118
34.19009141508944 9.406314186330867
6.820197793829674 53.39067315245347
35.69125395987061 45.624970125101896
76.0376268564722 25.96505814196761
57.96184109268376 28.90075778392407
0.32233997973700745 14.73634334829641
85.60938990848554 35.277745034660256
22.495748807166116 9.670351229336728
86.28646535336975 31.71734465730203
17.866851726284484 62.65101326956894
80.63710529697339 57.089242394898854
75.8248418520391 15.933673646059754
41.45127418832084 73.81574886209576
63.723023881765364 4.792997082429196
57.32708629926706 55.70741838307205
82.88949546482738 96.52186511192795
42.24547242090417 53.58426387492199
49.296283152212105 94.60669548511088
14.130706783348135 88.32292165613566
44.95091568076377 77.6881629499796
86.32711331286657 8.359556047880123
88.90906653915212 33.946890585290035
95.26761195750673 59.837654061642944
29.191269273569787 3.776067630270097
79.97514997319428 34.158081722225944
83.33141178018411 14.774580987688246
90.7208527582319 28.233267424632036
23.375184679414552 58.9865145810232
24.141741741976432 12.287866121869095
83.81921096106588 35.240778518260505
51.48837973713718 31.44794347861555
46.724168710607536 83.12527968778969
61.47094805520139 88.57401645076055
29.80440721329678 78.32872372149717
52.05493229382476 68.68382183477888
77.32330324234036 80.21460638312132
52.77606396566521 66.72178497304553
99.71025515456337 79.7837442613367
90.7165476098684 79.22529168936485
88.22845521239402 98.98808722993817
24.670064277438144 67.39824999606243
1.2722534412062503 13.24762182240329
47.12146263612682 73.25368720887697
27.609159723450215 25.65227696392367
43.4672536733409 75.93411227590813
57.09559384550338 16.84521722944652
49.55117468595358 97.88800301454425
1.5492132029117478 87.85248718248415
13.809991153129353 67.37356721138102
77.82357065424097 29.194669011708953
43.37777434318328 34.596390633134554
14.30198742530262 17.511958566578876
17.379185208284365 75.34573679687801
83.03345390394243 4.660000992975388
90.66332774326003 43.806343609003974
54.26224982285457 5.699325339286032
64.75245174167914 10.434493562831705
29.98808671713864 51.66342657361784
93.8533250805385 30.885494588510664
5.13137798948573 25.2972269292679
14.174258453036593 37.522387689521054
73.47853588021252 24.75875315404359
65.87189923810108 41.60032821739681
29.492924982468118 13.38734594461779
4.141461432947091 2.275514091525821
67.99058888414369 68.06022948310574
26.049739625011824 36.81945878217889
90.1236494536229 84.02344579299641
72.98484679443152 42.85392237209054
59.09044286063507 10.737359477018327
31.43602822261702 36.67916536166518
28.002898665439034 65.76314988046019
55.30454109988878 34.00578091043596
30.983367867618593 50.63787339784729
24.557009588010548 45.28578176571558
61.49257047692445 66.6611475758335
66.58264567721363 59.45886869179829
9.041190666980592 49.078675143049445
60.898215300008765 65.57325232988514
44.71665287335232 31.521282055074785
11.617257804901726 84.40589581810853
5.673911404920728 28.044551689327136
11.232476834568295 45.1483424263597
16.925323303565264 89.99178154593363
84.82393738142704 35.06916370634103
44.77796449789344 68.03478197432533
82.10325315796376 21.85977169544442
23.875321381409577 27.0595939115021
15.094568040391486 97.756009813832
84.39288527824742 85.04041653873995
98.44829172308826 46.45550456502712
9.647510312311436 50.97614798360206
84.67497150842816 41.62134022447512
49.81746069262651 73.39214602408674
45.793855403620086 84.46543017536806
94.83074202118308 7.547961086918331
4.58742730477808 7.493787826571285
97.66254737388877 64.4124572639299
62.591611688895064 69.38550814492508
37.17898926988117 72.78023120047779
54.541150300266004 68.56160051767463
26.381602763828617 85.69176914099455
84.14899617652614 65.23249221607234
97.5845311026906 11.739151007812755
21.50278201988518 41.79696717762982
11.797596885227101 15.35882201537797
9.26691084399085 34.664615097100814
54.853083047533936 91.65480096939591
47.67189306976209 2.7285329737952058
69.09638599007543 84.066469635832
29.31207483936349 31.98566346968046
48.87659632126669 13.719293398355292
16.414365653696894 66.68164916841313
13.091657609221908 56.764958727982886
70.3232004996924 31.67365079550788
80.54168104242272 25.259202896600065
67.2877832596161 61.119830179327764
93.67069425077652 66.9607277067896
0.5804848704318966 72.95439686855174
59.74038254918699 55.24883553332751
9.613091702674392 41.11891652497235
74.34157287381133 82.68905477910332
79.71629421482733 30.24774711583449
57.11602706133174 14.786084855314385
83.22891441474387 59.42278176964013
65.33068835699582 90.82799762716213
37.24877759219471 50.69266340618472
3.912263410917949 83.92672248222269
29.767804269874844 37.29886794216082
13.166656786739805 50.84796077706697
60.497121289572675 31.760868995828197
27.07912139914246 77.41788265750442
48.66218699672047 61.230387752325456
45.10283136039157 41.63305360999403
35.362123322060924 93.21206735301375
24.688499426603094 67.38851781788158
70.88803461420706 16.380857334953134
73.16182933896367 76.09726326371621
54.71212996735233 3.408555900561905
90.81615003124467 48.71671122597936
53.27662027911104 20.621470874298375
99.33572192745484 13.128595233811136
78.0980796141587 58.86425123481966
48.1428214283677 39.73495584441806
1.5411694350227378 61.15991404355097
24.91165323654949 79.03049980743602
60.64294562723529 94.46917370723075
66.49305109354819 92.51580834543253
90.06530475921043 89.32904118145034
43.855117142449494 77.31528630806879
36.50626860809692 69.39357253371787
55.645158483675885 90.72164849822444
92.40844919545192 17.509829412521285
90.80890920912299 31.246305980047918
44.99983539806187 20.937060915443205
81.4726061296261 22.163418222403152
7.974396489281399 72.83758990181903
39.10953108408988 33.511414276781395
64.50142777437678 0.13744537475319785
26.16740411592695 71.06473561614008
91.43506909083983 57.61139485382913
19.544988674985795 10.260141349816188
97.97462529221835 53.531581554262566
20.567632394244107 56.9440873539746
35.581993846560025 79.79815991208234
12.668291335269322 78.9797514469234
14.980100033736154 76.8573026011542
29.75968519610024 66.30093852947168
35.7108185026622 93.41505732576385
67.19911690560217 7.364456128474939
20.40835829274579 65.5390197647882
54.06509493089611 67.0791041850169
35.75001534976137 7.78204043890478
97.79449011704513 90.95627792958302
49.69058442793397 6.821354540055635
79.14486290687712 3.393429701998407
14.34569251933957 62.607938790574046
67.7971398047672 55.594822670085264
70.3671047827829 42.423023418586595
26.56826546008675 25.766955335826893
15.333445975037584 38.679710743905105
52.89495017858794 10.671272697592293
75.32379735847401 13.759518597332065
60.157906377446935 59.08197919605025
41.993501770080165 28.656572069413876
91.86885746054159 49.91347399199717
0.9994222807473641 89.6666393049047
35.847707535621495 8.380359697344563
80.58206516680804 67.1728742555042
16.962054421143446 12.244969697651387
42.016314864256856 51.195198116896194
64.58749637985916 67.28657810876643
36.72821556190043 68.4996216260062
93.22113991887451 57.64988851995787
64.33417223150425 89.52323590611084
59.328942934638974 19.89247593041692
47.43919638370062 40.30977983116646
10.003124307300437 0.16799874526471914
44.15277332512131 93.15588385897435
17.52496802703025 94.33061368970097
34.28935340306569 22.504023866253476
97.882557228518 72.0301718510822
56.504269077537295 99.06818527188838
47.53585962164016 9.040182017435793
20.883232833191954 92.7509713207411
13.63603352614129 25.10435756007596
37.182856550804466 43.98004492443013
55.30188713062203 4.846679645943941
35.8882352039378 40.11611215362405
61.94100673035234 62.196178458423425
59.361403045054416 99.78470757594768
5.766539041027241 98.43282958302737
91.58357350721718 84.85415545712065
2.714427465238045 26.475700193778273
51.440832212953765 3.6896130888674827
69.443298783502 53.477196077269326
18.741618518726156 47.72057688428997
83.84783615597244 79.96141193676267
52.32753551349234 31.344338889298484
95.70403569181323 84.88696835959071
40.80462709737582 78.6370066994785
28.127175324755793 58.32336739290132
55.12792796441577 23.247400538669606
76.35833834585557 80.13287060503743
1.5204574801590098 15.353405796723063
72.69069339940025 55.26624644799747
78.94450872387281 71.9504689313891
88.40283371868213 17.934884052189126
61.89887485297743 77.24224277364915
80.07219094018323 20.879859141208556
40.79570224780549 56.25000003274623
40.15705651638657 96.91509543100982
32.39619034925663 68.6037336198758
95.30368166379219 15.04419988605048
28.00492421260694 19.479527969258026
99.93163665000762 26.67478487046504
55.51850827943172 64.52901638658635
24.986695287648764 85.02010116068355
82.98865379869478 7.662221046923379
78.36888340982695 50.114930213485124
82.17507138738449 87.55937513338674
28.250608926037035 62.24440863901721
48.76584924630365 0.012831993120276941
25.170957174970866 7.087592005066723
38.40273918211259 46.32942456337681
23.270864827875148 85.59925956976164
29.49286381011651 35.42525009397715
30.376034445966816 88.16854579264968
74.80347856503924 25.754436008102854
47.34256536483565 56.418947162819855
97.41835099511427 2.4723891218732197
95.30236246983563 28.092766058165953
82.74827597711698 56.42554754695206
76.36627418939499 21.280091610681296
26.994778132615927 49.842893609765085
89.33408622210798 22.998743163222947
17.30590574307145 27.47967009284573
25.20299459126909 78.5242610442984
21.30641897703085 13.410019180015142
17.87392452574923 94.84675954191499
16.529777852064264 93.36932118475514
46.187054030597416 78.1078837644579
91.7738514025916 59.355595210320786
49.99180205480418 32.671718561265386
57.38996578243183 22.383314435963353
7.8783986890030855 42.02784650691969
18.629553202881375 52.50578028592658
6.07517464357592 60.06112332763651
51.70361860545927 34.211924830053
64.15970382673105 34.31731976981578
26.636927336720497 46.154053679597155
4.971513042886699 8.579915414235861
91.38596272987118 42.43004426218111
65.82099933728935 49.80461776873639
23.561984948974057 19.137907684258003
21.75118528616935 17.992734486266126
24.952115604061873 45.96344531892345
56.79652759224629 91.29223242931201
83.35679658598423 30.73057756917732
25.66816442045674 85.63631000070122
19.079893445448736 40.406259805901776
50.906225069067254 87.29700432650111
43.41052217551451 58.32146925301653
82.68895223237669 50.738513185057045
67.97909639680013 35.427445230852015
75.67007989729015 20.88518929850165
15.31136948307048 4.271121308656367
22.898225014370087 48.47889487910288
96.66256929528917 89.30468331767416
73.45971764198819 62.85045846248711
52.518471760650364 70.87828896896984
48.387969432557476 77.31117388199682
33.27546687015723 63.928794467188155
6.778405082173911 40.79560439027936
71.09177026252436 82.07515777882955
2.815258537818499 2.5620509830915905
35.99340505112103 97.87215525097702
92.73068217736942 84.6266176910363
53.882352140446166 26.962495986962388
32.614351052191125 58.82758132783592
28.060041496528054 40.540454229014685
84.88146391702674 20.685625869444003
79.88308087251015 46.28374933563373
27.823428114528493 99.66707548660744
10.442841711077456 76.0261038104284
28.063790514975494 67.17404602947727
47.975922463582485 15.927341927196782
13.935422049401147 97.56037621914857
94.26538425839443 74.69696321310377
77.55793345589225 86.11179136005873
70.00698802533907 58.77596119060324
78.06232456415107 75.57355249944658
93.34707418355639 64.9874651062899
8.67879110219112 73.55396741357343
3.8896163667208272 15.09850882487449
36.120333925926595 34.550831863245904
79.20864066241509 38.258959707922656
37.37819190483127 88.29889376481945
40.94194230877757 83.66598802926764
16.004709949019592 94.90662444883404
84.5128054678639 19.77413996170028
9.260852055474444 46.024241910553144
97.17103444034647 49.58260629955853
89.58978557461647 72.32417882604238
96.03732485485872 97.15972756990163
78.56355612971369 44.39233827465885
26.06273934672987 16.10389874403888
33.76429728358854 33.584710743348786
87.69277940343427 29.698171636390548
53.01332822675005 87.63973672542332
81.90242780504038 33.64915857287871
78.83830928456939 80.35613700602553
28.771894397477226 29.990754507951543
59.85408283698816 99.98080363490041
24.783124563175818 88.9439410495156
91.15881741894445 41.018354727912886
57.041831409127575 50.7813751590688
72.44422965467922 57.93739697955367
65.3210127812806 30.125886801891568
58.40180852078545 36.699808897185136
47.44463167566673 0.28167927709505935
32.09987151589617 12.668059317863678
85.72173567403509 21.80527415015745
11.97641511939822 68.38748100384645
18.531101957040196 41.671852890286566
61.813687382304664 41.54065848529203
52.28358710269254 5.166729912913248
6.335058270194893 20.666621395259476
85.77695378842893 29.216502769048212
2.527445813172813 72.33871161908169
52.06263690736599 67.7058404563793
57.45889233373869 23.7265337476261
16.210142529820427 12.42958279710451
11.562140140265287 57.26474473783809
81.99026383678185 24.38294648670778
11.949177779065723 44.137262441566286
48.71238525354005 10.312377107541092
64.49540629839665 95.73516075013777
17.19173105268379 40.4912344957028
77.93288484119103 36.13902619388332
0.13815818960571935 68.69895105090941
71.51990372010948 45.481472640264165
24.815215254066647 65.40863018274065
74.48306272831596 47.81442615927618
90.7285099559738 48.76493913759559
9.164454957236568 79.520018900018
18.003320870178197 50.3288167100052
59.95311454875907 98.87806416708091
44.18864675788048 41.89259348783987
22.26046355580835 24.217460762073717
64.98651022357811 28.66963583375459
9.127735884449816 34.38871072595708
76.8775664379778 10.438394133870798
11.098987270576677 53.44720892550938
70.12291125689947 22.40107553397661
12.700507354197432 72.52562492010746
29.006421677970916 74.53535068591412
80.86915538936508 38.41826530528283
22.965053533507284 96.51012723429292
28.768565790643265 33.44949515030486
