490
1 3
1.0157923765325538 36.341988433547165
6.175869866395556 74.3512564384218
51.116982001254584 94.42148840722773
17.008266736313928 80.50884404141792
57.58519529317396 34.498916107019696
31.62532961030613 32.87842913085248
83.43665873904943 55.98937242430657
62.582601424461636 9.00764384917212
11.807140749604294 69.45548376983477
72.9822018652981 36.91564819247961
68.72422431496936 81.51726455395809
71.28662306641348 35.2514464972981
52.56554500587725 3.7149287332016057
7.856393500213765 74.67198324293334
88.27900249758657 29.42244530909064
58.81999560016038 15.752912460256518
35.9824949688081 95.49713955156676
58.689229220185894 60.8485841812604
7.987881282906462 43.733409648464175
88.76827957302167 69.37836381729721
22.046266982335673 80.94760464826439
49.2899761858754 39.359592401020784
85.94355466701961 15.54771717081518
4.390447426625377 71.23018890062926
65.44655213171022 53.54231367788989
47.08667873699937 68.54088530569189
45.670345691142764 2.2700891475620377
50.768113492111496 3.6888657529920987
2.594888904514181 91.97209842308753
65.824210445314 32.936011994816525
88.79669221135862 79.48364365055633
2.680106898175749 33.69715737732262
60.69929515811421 5.643372944959513
5.401461511252403 4.0439113184153275
38.560704069150084 74.57281428666074
70.23148070419253 37.864518790160595
8.21171638899203 58.04783394125459
92.93992374794782 75.7144352671591
59.19414619921306 79.93116566198151
18.11477066625915 40.96744084550896
5.20755309094425 28.445235147152538
88.91498173202956 40.88098368562929
15.14910494328079 73.75973937844309
76.82606053694838 45.34945840767348
70.9213572406671 81.23228959307728
3.3313021359578032 41.34245781912427
89.80095508101394 34.16793397274682
84.05611715321328 60.90239006293699
15.94657163716635 91.79621613768984
15.973168468227339 88.99641221049286
90.8313294678627 91.58763798020834
3.098839851737889 14.039366132854681
47.85670643391355 22.961812972750927
81.52425074045628 16.626347916157826
21.98246671950659 19.91729733021781
6.932189013275081 59.47795019868127
19.83927294124197 42.36606364788733
78.1339474183463 69.78073672033105
59.485411975842254 46.47445737912888
65.16762189445214 33.665718144805076
14.181754891755084 36.206248664432735
51.66446412772496 51.89938642690406
87.70973274820565 18.161322296602854
69.53408264557979 78.34426646173058
99.23393789873363 28.46179961187907
7.873076919017263 90.00150296621928
35.94085006305823 90.13513672051158
79.19111660845763 45.72428703538656
99.23021142571413 29.97167037928399
43.12157813097252 0.22956867342753817
95.96334296137887 15.08903637762109
22.13382810376039 69.8502880785379
10.787505258889718 37.13080756549771
80.82546865941111 18.218774097530186
88.18943215476853 26.50975784802798
49.86554709995359 31.337947274252432
41.61791375052797 31.172816134314417
84.43663962798362 51.928050390224435
47.604420421091675 99.97631784474072
50.37084320615119 23.767963478310648
95.41264524677217 52.98405555797703
63.401696518684616 75.03012525951426
89.46499519763755 64.7277931746427
14.10307848904968 99.24690632205777
30.695774362057413 58.318792549158886
61.47172637275029 78.58509741008231
57.42175006406563 78.06818807830828
60.78301979100835 56.902113685914756
49.79809472986532 57.52456192926565
73.13806343295741 54.8160999901661
77.8121771089743 16.947787940497783
65.89575132165622 0.17343729791676754
64.51132372144424 69.51618034442633
8.376360602896526 34.49256545708339
95.47960745062727 96.81561102969924
35.29907571830535 35.198482135035626
55.49879977246026 38.50466561745194
5.805458378233785 25.06269823900258
58.497228791733626 37.33154134171954
39.52842908224843 67.25962883807608
90.10104421708928 32.06027293789828
9.705319031483306 22.12366348808161
31.09388600381575 6.497828943234429
45.5034402647172 67.69937461327962
38.90672580859778 81.73593366378593
33.04432397764092 46.31202384054474
87.77950725499015 93.96757924573154
79.59016412766633 91.39130337339212
63.78774912095675 22.785234355466176
3.2708684343095262 13.436609044106774
95.95466515879913 46.96649896300562
88.78981034492293 21.83417324740653
62.75253809466494 76.46030783323287
47.186948738261705 90.34209628490306
84.28107868279837 22.55546278966214
54.51725108273897 75.87715962250279
71.02455588703035 91.35249215526018
23.744550230778305 2.2670566035734696
28.68640284248327 41.50320694142622
66.72923514073852 10.931617973977037
32.37515295587821 25.418556996576825
93.08259189866868 9.981553583553083
70.77128004098286 97.70531863126477
66.78672782867059 13.16355099261175
30.155348210123755 52.30270109163533
0.6164482655306225 3.05099270128828
47.12289252298476 16.091303344113328
28.73310197283152 28.6871254437165
80.31752394604455 39.19435723602722
9.761944019937774 65.38396615442201
77.9660926015121 2.216140346989559
59.61044931473689 52.310740612540044
26.082280543127734 61.86613453856194
67.17923936400993 28.96312303405486
31.102736125548237 60.839147046532574
31.48239495840135 16.35987390387099
69.22517911004367 86.20450176245507
20.618448733651284 67.03467494517798
42.80544602957934 55.355767310566215
6.114616610287671 43.49918499782981
74.77738092287562 25.053082309062113
91.0114356119349 51.078240245857586
72.89786038992591 77.48759593194832
78.4374986917545 27.9237845596096
44.62038616117088 56.19544557447291
2.6779756808278155 34.750539706382554
78.77401831342623 8.600619490851047
48.32114993187846 48.90251584746397
1.474807839517167 9.436544088837163
15.646897846977947 6.895418127210795
31.44399124987578 25.297026286648673
41.999760715956945 72.1928339664002
94.38825229174701 23.236593152370876
48.32512004202132 78.03140119219401
0.7313573379909899 96.77655101830787
40.281613537963935 69.39018023032291
69.49262583424327 13.907545806892685
33.282906882626584 72.29450039676841
33.62509068688182 96.0742983995055
49.80819710213022 8.279670795659433
66.16765428281373 21.784942957810305
45.77908489326572 87.9087513644312
5.634327300778552 97.91278831692112
49.87497050001708 55.32576387946231
3.7221344040249793 59.84636693183243
94.96093366410786 60.04147466900711
35.39384641910384 93.10244388551676
97.70116165634116 69.75372927821928
41.460990061265825 97.01629458610424
75.67809045985341 75.83613332711938
80.59169910145742 37.319213943978994
0.3266879121184063 76.72943318931573
36.473849411991985 58.46778164086908
80.68288926934358 76.73919191242777
23.037585955410613 38.17257948493244
42.2930682445739 99.4433141529121
35.59797703213159 3.1444859162440997
72.77694341145533 52.771407819399904
22.96255256795614 21.81190711785048
65.97482018208945 28.422402359938182
8.880212173194568 2.3365410034358325
19.08057414167064 92.7297117534953
27.593833714400095 35.58994538853866
34.42638731822498 2.4290614622956674
72.5611411307809 5.119382873466116
18.830326420471778 21.20043058545098
4.238668443956439 77.39678440108281
44.873598026817604 39.47809860413016
45.87563815423608 42.36540973489211
56.6915086826278 65.33096065035468
95.73141662100637 71.47060062051769
42.34408947009156 55.110952867193234
81.89278499303707 68.16290384511665
61.42611364718904 73.80532474257768
95.50176846409437 46.33044462846734
40.229736129529606 66.11090484393426
72.60054000698659 2.63983128621601
36.591956843339425 69.98676211033421
99.75901562456902 0.29926995680169544
13.877890264009075 38.71743615444934
83.5480021952258 65.54896315710485
49.20381969900285 44.17200604216336
30.77037582978912 69.42588761971047
33.38931896426376 13.454696477178407
57.59489708593397 2.680907427044077
41.44144379866243 47.697043738454646
94.00855450332925 64.15390741675226
7.777207409170228 38.67910455527619
61.427268101642966 98.26529826600117
93.59083978361826 2.067509712219673
54.18374126894025 54.8899269730468
23.629990392004995 96.1406178637217
21.872327296685224 66.48860816379818
33.917573003804335 40.052202516879106
54.86751927728157 35.83804500135501
50.9185543606975 35.361773975374476
92.64114637503573 27.817481914039654
75.45203470113803 62.8816931108745
8.516226815900584 70.72772427975819
27.76181393701085 28.669214787787034
6.491952927354627 33.044345009836796
59.38492700505957 38.908972739905124
97.16848734143899 50.73427161058333
13.966230224760112 4.904501253426252
75.14487637604779 71.65210531968683
82.46802461492406 55.60816727515283
43.66117600267945 5.253976804880245
22.484477559725246 7.228181804938361
39.6303158522545 82.8226802387813
10.748644346216562 30.77035297232147
39.97065431135927 42.58775669693022
65.57391764907354 14.586949229559899
57.20656387055729 43.913083272096976
8.411850926782382 29.894435316763968
25.88577534910843 5.023884847707527
58.39935075642253 61.21674541320956
84.47771481761406 50.42570393657036
68.1227012806524 68.62085986388493
86.73948873818158 23.050717895404162
74.1901646123782 72.48642759715564
60.20997419558041 5.992830473022259
10.17465732417817 85.81778179764483
79.85028434262074 5.116589427898499
98.69968542172049 82.63778777188229
66.79524487662559 66.0964638830293
78.70355455400151 43.57477235440439
27.992211821366975 26.75398380604266
62.44807906067322 74.5166437151373
33.39458600139125 56.242625176290375
18.706471390481163 11.902338398596646
80.41523358701295 6.325736397492809
32.429487295339676 85.52317371437125
1.4727819718089785 63.31263655936448
43.78710821030474 20.30066408846256
63.86349134958002 67.78078468447428
61.06496287851495 52.80258023909168
99.39805096565833 12.469835124784945
67.77381902482544 24.602986371869594
99.87414932658707 45.006775185460924
97.49771263377669 81.56096974207534
3.5878583142223253 68.62187283339722
11.557102750751614 16.50647860214287
10.346890191626334 93.9271637798077
64.8757001527272 57.9694973292882
82.85655063023958 37.019830158630306
30.569128650496637 55.607241760638445
96.8734237948202 37.72249106711285
73.51466481651556 8.333684532312002
17.240282852844715 30.35487655867901
14.860848901965063 87.38409812836645
43.7366399135126 29.401197814051237
89.46848779451557 10.438424778059808
22.30764288470739 62.15948989385236
65.28308474019799 81.37702660620643
3.388170640225785 51.471911391981195
49.92674098400735 16.905312203568123
71.70332156218193 81.19677783191194
61.09542987235934 81.89725384965132
55.93573969340262 86.69077167122725
43.39727637552031 2.936414888909611
18.31634864085927 2.0667154228731333
29.996963949129785 36.27336624709117
80.84849779027017 97.46577258919756
94.34072263802283 36.076658973379
96.01733531470167 74.15815249342732
16.048399264982937 31.038559006381973
62.90172935670022 2.295586148482598
20.929883258514124 73.63780406679174
29.78389616782915 39.83631129213543
91.08738414316353 37.81832317963059
17.847137989476014 97.79648408966804
13.161994142449075 69.70596671918383
18.668190036088216 76.59412550425444
95.80097870945146 93.97824575312956
4.063453881818324 91.15650092569551
37.74383367526046 0.07910309130274573
26.06449534390489 10.47636656528612
70.27345930651056 85.99386395186417
39.361908186630345 94.55624395164932
13.672573816970356 19.186316332471943
3.824521134888248 78.71008148367378
97.26065578137903 54.54828998859706
42.596424755729934 98.51282650362863
94.32458553218814 63.72130699660741
9.62069903644782 94.28580484941335
63.32309085129313 38.6352164073599
19.399075060965963 50.13669743287921
80.25001619843609 39.50365700740335
13.053959392064417 54.74700579726819
77.42883699423122 77.29174745632832
65.04535666682413 60.45456993017155
80.85390359661868 42.00252803590019
85.16568498693387 69.71779869565493
33.9627160894685 89.72796519342177
72.40721148090049 48.295672222669616
72.49371829903365 10.144173221825703
6.915241911598957 15.744120083491087
84.927046811261 45.38165959216376
32.74447453009102 54.000437586685955
89.54447677828969 86.1281302437749
34.05889463674821 33.073691338138424
65.29907228919984 73.80985573866286
37.68660443232186 44.889281484012145
29.378326635796647 44.42965461148982
33.32676671367041 14.305678562307712
41.824998755107366 69.35725316157648
91.50262044526403 29.274350660669235
62.721432466149096 19.905642928052835
12.676973980202465 41.65127415704599
42.42479792056037 83.32778340227014
2.092425132379372 8.938364895922701
94.79233686525976 54.9213586591562
38.60381033737779 69.49788997065835
0.3676865714115074 4.662303461118933
88.37858619497861 62.929399425828045
77.02157282739866 68.67753768605091
57.53969572757314 19.279160956949013
58.11709344824667 63.939735952501394
72.61310674527203 20.193895605108136
79.07890414299384 90.242726051761
95.47069306085419 86.18974033624103
87.54762699425704 16.144817479827566
25.019105267159137 56.992796421287785
9.988784144728635 6.980051226945827
9.099564030958373 42.624039115102505
70.72652402864807 43.21219571458206
47.40397436512056 47.18136054719251
67.87450768712957 64.4186688213678
88.0350589298756 13.42385314096919
12.947237970332193 83.23895234320678
88.67062683689369 88.1128327759019
59.0200052312815 38.60909010907299
59.386442126082706 70.16102263311758
81.11049752857437 41.07187946639426
60.370405360033686 63.99142040162733
56.74961668476681 25.406633128646018
97.68081965928125 81.30236666627478
28.443092610871858 35.909930433647915
39.510676832757156 94.68587909981206
29.229805267841602 97.72466234331809
94.73744604083613 11.06491570546082
76.98910312600718 78.33251362706318
81.04216742536485 56.71770399308953
18.389692061905972 57.679461194376145
79.8926349552042 33.30637285052762
90.59299610624541 85.77492859016729
69.57389116027359 71.917478950144
70.17982442019883 62.335371376252866
39.87086363545751 34.593563893398716
92.4254295066903 62.23231716553632
25.83005792948225 32.43913464931762
46.789901176610236 86.79317735128484
31.120177699050732 67.15257224216845
71.4196606160532 92.36482665379265
71.87054644503992 29.929827145230515
69.377397416558 74.09317364343005
92.65861219112968 46.8205563562907
32.7158380741251 69.6122355905045
3.5089202810050457 36.58499295159041
2.231156181193983 50.09487969171833
80.45897081991373 14.195044976568294
46.81737939022344 69.42380397229535
95.03447874056002 81.96268387660372
46.04134725571682 82.87697832899732
9.538378122239477 43.049584722306
0.7067447037731212 17.118100826394354
69.57437494547247 46.62757687695189
73.6528532498767 64.86341149641892
68.35398162494242 95.28861179167072
79.94213347558114 37.72152709904144
7.346591555649296 27.537616974702583
7.7383969965808985 79.45709881515664
94.76939605731445 29.681543524471564
22.251290364206056 14.638993298651748
80.00261346023005 50.025258016530884
89.54439234435331 58.76251618460311
87.26745570503618 29.981979219365364
94.7322136604572 47.942346673781564
87.24683541228767 24.629446221823148
1.3358771157661042 61.12304097200103
73.96769808126855 59.27980606141363
52.47763529683305 48.647518467776266
82.53982132427234 88.33045122247796
40.02507293708988 99.50988782562058
13.862508881382452 44.73099209414089
85.07432444491141 39.857567516223355
64.81858931337858 21.994712874147382
38.73688858795228 56.170852019845995
35.288384860275436 30.112144607567014
79.47075997501514 78.29486454779094
98.2525413412944 88.54619294726047
89.38399358092626 29.695046934165003
8.49518993036462 51.38620753260004
28.132539538071 73.39020454794675
28.236024617164368 97.67827279375949
90.21570321636277 15.99159623636044
44.7413087426636 97.005038130054
38.33597777479794 93.88932646548187
93.34730686707826 15.326971217605534
89.53397150869435 65.3459658059427
40.190757966353054 7.795047481265427
8.160039992525592 81.17591298298865
29.290213587472902 63.98432687516396
5.4560572082720915 56.395691202040595
90.28636027618889 90.01156052092053
97.1837700413517 28.511690847505445
83.96413390253772 51.279683722596346
56.3184816985314 86.63707197614659
31.474831728317266 32.995879236657125
95.25547154373841 95.81812807377202
55.573715174267456 29.551525791405187
26.649999585369223 41.82774518426697
86.40596132436231 65.64082457234677
25.43132603949365 81.00732050150286
50.75082043960846 14.635878260882373
38.40061943701638 35.69068615661204
48.68975023049498 72.38014655681259
97.44255171964559 24.580347869827722
57.24251667186668 99.75368672295349
65.27213559162624 9.355601489294552
24.893037751397685 27.63694623278785
71.36484835134883 65.83617284192422
80.68248628656687 43.26635641568084
92.58815316653566 52.07582693433166
60.42240577794593 18.662238349910854
65.00469261776196 91.73984493137542
68.70325741013062 32.389720228379424
95.9235449124926 11.097859447610592
72.07358426521242 25.255016650515614
21.454284659930913 8.809688914863534
62.239528724978975 61.6844604737232
62.71000198289269 86.97046263281156
48.40969338608332 31.77047687840744
21.09228502046927 16.012776333251978
97.7575163809671 85.69103270610057
9.25981483370597 34.86394017043095
82.9625852021249 73.3579030399707
51.732871799932376 82.50954885591364
88.88760983937156 97.81247585370612
80.18132866573615 8.045088702229041
96.06192610672053 93.38299445981248
8.156592244622374 54.94517331293514
12.895947124160202 10.222479445082344
50.87319117476468 57.37725807694971
65.11487371687399 46.58818582480937
24.672876114580355 4.267468421071152
90.63668995376982 55.3838243076187
97.43693605636035 27.16823171743592
24.39533639178002 15.193310664051584
60.57530333703216 28.948307452602883
17.824518721676363 68.71269775807424
21.511929877616566 0.9549940282026936
81.76567085225281 82.51854741937375
70.92316839607487 87.33464260319374
34.94951791283532 75.90990385408958
9.02804544624971 19.56370869301114
55.128656002323815 48.12682321026789
52.52601680865594 74.62335363812585
64.51496219324939 20.460866724015524
24.395830164760923 5.8953428242069394
41.67469456581478 16.02663100966182
28.137774544355622 65.93276335266785
93.38055991231906 58.75002126763478
99.6766418214859 7.658599446549119
46.66921238816393 97.11915381300287
10.086364660115876 13.440826957646014
47.705938623149116 81.98605719783576
77.89627375628126 14.826357004975765
76.3680137305488 78.15037366243737
94.31557626657805 28.18951601687587
