190
1 3
60.04230228082512 5.144580706332347
3.598378287593418 65.71954638395927
83.8072980379287 30.344103145818856
20.12939560254987 66.97079021709736
6.042923132374178 55.91593776745856
65.14502897294693 56.39728961539732
62.72798124843744 92.7113866291266
69.76216201390422 17.792586047092442
83.12535604829061 26.90744302003627
36.568684600575054 51.37543468056127
66.85575799752542 15.601305629823624
61.47583410418815 14.334002440503713
71.78789390391671 0.28236900760258976
53.482504894079554 81.35401122946337
7.47863168369598 48.14552952897601
36.84303452579674 84.40135746593948
18.68174521417569 90.98586370076025
38.47279489909163 63.947028535879014
92.9997285722782 12.872846800034399
15.012895873811694 8.987374075764354
12.572395980814587 54.02926660840856
24.240505979026228 6.99867634372644
7.544600971946069 31.63582452767375
3.4887255333759803 96.03388569409357
1.6565302743539068 36.17116283039496
81.17509824740326 82.74095832457947
51.913642402586866 14.73700868444534
93.55494551933457 78.13156058980016
38.71401272856583 94.1773401638911
44.417760557334596 27.192718741343768
25.12518058237645 83.69670473080517
52.11633325455654 90.07334006443561
49.58519968799513 10.523429071716084
7.419529753248866 99.54782906138422
80.37061542524657 26.57772448487956
98.77896314926092 41.52336178888076
47.532571873481345 83.70379116688254
13.288653290380847 14.10238764923526
98.23502448840027 34.90831354245223
31.752344513387754 65.45955586935716
39.41519016663886 12.36650673810824
64.39523599086495 36.27686780284935
67.24310188110705 38.53658141681251
70.38050298488159 18.199788288140972
99.9112842656958 78.05631423334714
34.01788988343344 0.5088357830161261
91.05752239411675 0.49983364318710866
26.711023070494488 23.820073053563817
95.97689248364354 34.397006375770054
89.66470969816255 66.06091149344925
87.90941065449675 20.37093670630783
86.34682248746581 22.33909553468918
14.396717387642743 36.69022598391671
10.442159294795728 34.836257420240926
18.043681004026666 26.696798638172538
98.70435138688755 46.32798193008283
10.46343885683536 62.810407766247245
97.10128161297649 89.13662915278024
41.22100331963987 83.23198635041929
44.357963611880756 88.96812828319614
20.222460247461882 65.953401840874
12.297557891032662 60.14696353538227
32.77619951487887 10.758468651378262
86.20693736769607 40.220712004887375
73.10944817905889 29.282683021768243
46.00127933030473 9.594385090416191
80.66692530824501 59.94447753531416
4.9668273075752944 61.61531287399491
98.00512049433809 10.801353100925958
59.26206907405629 16.448872022668404
29.494642583517884 22.63578900648473
87.80607421038052 28.22062374525498
29.537330257091533 44.30089825051156
6.978960558552694 7.812417477468303
92.00929174758532 21.79997446123545
96.57602012855106 93.43067828129657
1.421372527211684 68.35665530737731
16.393698932078003 29.41576647245514
0.7182077408882659 46.70491713186789
34.951862678330144 89.74804502674888
52.58840713465749 90.16748312144533
85.88268817345066 37.399346992286574
89.10298928449998 10.879087938205402
10.61593358888777 71.73538882550648
97.62772027305377 47.20075277710283
86.14316781299598 53.17500068928194
57.71085930948638 98.47005903493036
0.9506598949026612 66.81196969190152
59.64346939793141 24.302093267396565
49.16190890142609 26.13916125360163
70.4073343161173 0.7290187524839675
1.4623481383021053 59.81104953983141
44.03742858343449 74.2262992946616
86.53204828208733 42.24726861974273
77.45838191722076 7.8204893398195585
16.890479625632658 80.81851167747706
89.26846778600583 24.767176983019734
40.882988887356284 73.94440805385409
2.318658119171779 76.9900298575004
77.41740704049482 12.436973514790918
67.57977627140794 2.437707170921377
30.23199187079555 20.380660818057407
81.38466975456686 40.54999163772519
22.994574139686176 9.731342098664042
42.45434657699041 48.44093783035346
94.89007042258608 54.13855316047276
79.99596864202756 30.172862041470626
67.52268414083129 94.9828755045968
54.977548075465 78.79956205504965
67.45308530444372 2.6809900573988132
37.11172117105068 83.96938761333203
25.39557239693162 46.70489191598284
19.26478016359525 40.370650686929864
34.547342105410486 17.510904042725173
54.26667448823106 38.255828402614945
85.23071676576215 35.66253500964831
51.29859162549233 66.12321734342999
45.86422518239266 52.87084743226613
96.66452648170663 73.80036406604617
19.5255129214962 37.97490633481353
5.060948164052537 25.650538944696066
21.618140282585195 18.743235545933313
98.54980307998835 21.97813498291432
37.10103070315478 46.33261786503229
57.89305021051727 55.07874652032445
74.1986535262624 61.971443249525926
8.501208454083663 99.08851476526243
48.44506234181447 48.760635993677305
76.91333623691588 55.16669782326649
41.487499914397155 83.84817974186606
84.28838185886491 20.59698099255982
46.094658442254996 71.60585712146967
1.6790573797321295 57.32536664732515
37.63340393939758 99.39858830976365
77.70088185667754 90.74732834289112
67.0631028364231 62.27025610233217
44.646563484801916 79.75893989019514
39.31543383229741 71.1713116575291
94.66868855897688 17.172118246910408
21.363479390820615 40.30355287907004
24.172904156977303 69.43175271915673
54.086671245173015 23.37572904106353
8.530703007159612 30.97442619702926
44.76847447164172 78.23036582802827
51.554547817672926 74.62107620673362
76.81117100191912 95.63392498398646
74.97987668261759 82.05015869489911
82.39084383677286 57.955267774892484
85.08980194409403 2.7663755182762317
26.5344599256095 33.349780598077785
16.42596251081607 90.80200755862626
74.49849792100089 13.49347775861598
57.4837935055033 88.56435952665873
34.70265581934762 92.35104575244257
37.200376171514726 96.14022461595269
43.54585598033387 49.41969730948623
63.908234545137944 4.536284220168985
25.92732635714676 84.70242535388863
23.93653519260539 31.9741054065255
72.93047492339748 18.15603320065968
78.46660604058025 60.35839679405412
10.743055453002404 97.62692874629684
45.35094450247603 64.32858378846859
69.71601862466218 78.68930803304973
14.427576812472132 76.99187506692999
73.86450984942871 48.20414528866384
93.2600699152687 13.398639275011682
68.79852250767047 64.16748526909531
93.6307538952764 59.893553799146225
79.77349373069798 87.66457076383085
26.94984783066343 14.105419626424954
32.726558448295016 74.15865698410002
10.776373582051857 37.07025791805285
34.337152268867065 68.68845918827466
99.29505399875896 35.64629876236551
59.077729115923574 93.73959061214181
92.80945785454438 76.81858669058512
97.94926577492011 35.101378535852845
0.045668090727990496 45.823123088511444
47.25801953934008 82.94232802283837
7.622834479261065 94.06373851212216
22.17179203318249 88.9758101847577
75.9157478767092 95.72593497175286
25.21722995602844 70.13731991019836
71.29138297785435 27.20134445521405
58.70247706030061 10.78780727781179
51.69813888304802 51.67674411976135
52.58136066235895 80.90957795951903
87.61562252066122 92.70916827533723
50.10988731469204 62.19817449177765
