930
1 3
29.745561167566393 30.385318350666623
9.685609451301236 34.241241851495616
36.926752738947386 93.8008247208513
72.6201191772309 52.10573875693125
8.132740406202533 5.0124529899552295
92.68342219171947 87.98202939105761
17.15277860445752 15.184934973868923
21.78284287130392 44.58956688295852
20.511578718275047 69.5305065183524
29.638714392949183 88.66018307504106
91.91716178784617 14.167922951202637
65.74419846240178 1.0534782278457167
27.349110375230513 46.619199069692826
30.047663751439146 40.43111249670375
88.29490909479034 42.889102129003035
30.14479828201766 0.6115521596322671
15.982582808304823 6.4036155552794405
35.59189787147727 54.936550483519994
26.10587547430754 98.39404892945151
11.55644720502622 42.74060277775171
88.5139859289791 11.219028562498412
77.12919606231645 63.96624153219397
20.82706092750206 29.70433421043639
7.0142120392904905 59.92946364297445
91.81065567635036 8.380498580675466
83.80242044140435 12.540520442962212
27.716311945447725 8.747128771497392
85.04377978773002 20.648201183832903
66.9830836684401 23.756369222263295
1.8808648724260024 94.68126369235836
22.279477509891677 53.20959450232403
91.54441011095469 29.77472741199174
65.53883647410572 14.094854898440246
9.315052192315342 84.74780555404391
82.13206823426825 4.160388082128752
67.61020590775692 15.867690466265948
19.82535071674747 38.60328358657383
82.22157732658108 84.2167288874292
9.826793979759408 46.33599895277587
45.77240021841546 97.27647902040061
25.939941943189314 13.689760536386842
85.64842120680154 61.313981602248525
80.95960227853911 33.78235503528786
82.12104715575288 22.660169019765284
83.32604066411959 67.48281091876731
17.32805249574445 92.64382873337755
93.08925963680812 51.01112332592754
51.435158681565895 80.02356808063806
98.73518334656133 14.628795179296716
85.45913083869527 8.492152228758476
75.33802006132568 87.30130713659754
20.557543319221484 86.87403710857447
61.97867182872632 20.747930318833152
94.94256414828077 24.43657619182218
2.7385851641450687 39.97073518535399
66.39915895901116 27.681041316717558
60.92661260294994 40.95682866176795
54.79681825869165 70.39714184622102
7.0880914675802265 12.147851049728843
43.80140096529277 54.352787999032074
59.89500950172033 32.86858170075282
88.08894266843446 14.756288949327612
90.26673402838242 84.74276438678015
83.14345185164429 1.5572903413679562
10.122380520462393 39.1148915973081
89.39927241142391 52.95071713515489
76.24729408144249 56.385988042331036
60.22475255201159 56.4442708425458
44.72236451117557 1.2003794311300497
11.643442948824667 93.97037601987834
49.92141541959991 14.453577731658651
7.9550527410162 43.518588482915696
76.95374104016601 70.97991126539243
50.993693959441465 27.51373601644542
77.7091538121788 1.3683079487664562
78.78592404285686 38.4834632158942
27.892410179768024 29.91900302767643
65.91882280721744 11.128512751618903
51.763288437291386 87.73022070853973
51.06453392976456 96.10495102005456
76.95992904883954 87.01713203196309
50.453388781824124 44.70228732003834
67.82825288453682 99.69735178857498
3.9289311657603188 23.69968155031077
35.92740416128939 10.698416816078126
37.36593515912689 12.39462760100032
91.33703613909783 9.198014021021717
53.648434783437324 38.595144025366146
75.94933046456794 43.42326670550926
61.90570062987844 86.62796811519277
5.456478440049528 70.90522473253738
66.99039486692871 84.5384593119779
39.310114163752694 90.19358458173055
99.86206951327871 6.43547309817698
98.51183003742013 33.42461817931983
36.65545632766176 51.79747757275188
97.33336312028362 55.50858922744197
42.1129709309406 19.991295303284538
50.4595792224215 98.77772177846846
85.71379345629005 8.87552660796449
86.7202606489371 35.56160665230224
40.883321873474124 94.98312831631333
11.921701838277876 75.83735663066007
17.186258928282292 19.52974835004866
98.61520823258971 90.52616972113844
90.37509402397627 64.3342987869739
11.679632037460541 3.155373151062024
91.25895647815705 79.49800576140342
7.245890562495116 54.14895866371321
42.70730356046977 27.30527105594853
67.57126158940001 70.31212881462135
96.63937359717592 29.367532170246548
99.93749951182748 28.95073907444161
26.8618430037985 44.24948731409919
59.20450210077179 74.29284145139805
33.12854180316243 91.14118396487714
0.7834218321165487 3.169365179577688
32.79452846551627 59.26471844709802
59.39580781813489 30.809874478627354
96.63573094246756 14.295269340258155
62.45765164639621 89.04881586873343
50.275742471049625 53.532700796927514
70.56868338156603 78.13711818399871
94.58682999338109 36.72466476325875
41.40973730645903 75.19716577659975
78.49870801529582 6.5422532496034025
8.806216645414299 56.961594589704376
32.071275837685235 6.714139915592843
8.679264683065234 67.11412518786113
39.60748877679925 77.67535160216241
11.65515120493643 46.94646290416837
71.15553929540957 78.99180047060037
58.86983511119901 31.263384557023887
33.088418002233055 89.78441808262923
65.30787645765909 21.44655550507688
41.82012574799627 6.776229490375396
97.45780820481139 53.66161847166748
60.48912634976937 46.18492702085027
65.38956485710499 94.83893167097828
16.5757604033284 4.660907000969239
41.48169190259965 1.544130044294767
18.50583084128379 72.04632906911002
39.72519218784218 56.07406838294733
78.4478651304747 67.03563702903699
88.37430492260923 57.49581802627828
73.1966391062159 26.523653653270564
16.345274232948313 67.64310072387794
95.779060118658 67.11603118691443
11.106656653818403 98.55634532069864
18.638662635078763 80.03742374751992
84.24294346865184 32.38928739232681
44.14557218356858 40.77432699462966
51.61547794833514 83.86517594298704
51.34120074356021 14.95807448475035
68.13645479667558 16.411003936019576
61.01721996310425 21.34545774442771
49.58843901150893 37.703293891284176
55.94344331122778 85.67619372886035
63.71683696011405 77.30706627028682
77.02542288569285 18.56647661048756
26.11065112790769 19.620474464383086
51.36257429490081 0.5924928515145478
94.02523348239542 66.75117653306262
44.020620456517 19.784351961334544
13.99951938704216 22.23784718775694
29.181662032389234 82.0242167729967
22.719175439082328 42.84802308190962
48.995262048124985 3.59679570000484
75.89653901046283 30.480317370758957
32.85622214551898 51.85986867866499
4.238063931073088 82.2851833966497
30.29573579657905 97.98314156692692
99.58648158684218 50.67715987135792
87.67417700930955 22.423144109181138
30.376347202029862 25.2360780395958
9.384435301593342 89.30563100001072
7.277162988839847 28.13956682429133
8.499990956457303 30.7722751862477
47.776427186955075 52.044813339674704
88.70111817702175 85.50342990010762
19.272408305546552 12.021997741355705
91.36363471726507 23.09592778068774
71.45064334863702 29.111407961183524
63.05483681429445 54.89635340763495
48.005570860189685 74.07460079736498
94.12433018149504 35.37143485570202
84.02553920480827 14.03865925989971
82.6241529318496 60.597971682153464
49.810195352372766 99.20510585944504
22.372951049223765 48.83367512732528
56.621765127919254 10.30790303235236
0.1553270353912506 82.47459342236718
98.39979256676446 24.168442931538948
63.38765114069229 77.00309104950165
6.430367066980192 39.34132752630386
78.99544388052865 6.500382153526352
64.5965753017639 98.13739710755797
36.989389613418 60.60389825938783
29.433851383702915 66.39642565166987
19.76830798566036 93.50339402736884
24.70102599275823 62.88121875838462
74.03743094544717 60.78387248889348
51.10649008708421 35.11459160716255
22.775087316001084 35.2718994243405
57.912772903174755 12.44051688200869
74.27373960499406 14.092872373255938
11.004335284112287 77.69451914393206
62.668134882344305 66.98280221352238
43.099683860873014 93.80844624425045
27.369087867425424 6.108115270090608
16.894843245823044 36.397128421214205
28.965440311502654 10.725993841027858
93.00062091707655 33.80005850078969
89.61415228189212 76.50822822353527
89.20090888449413 47.530303968053175
76.34662617426031 62.587276385088096
85.34589903634426 68.23561802869105
48.478335954956385 70.96932903172998
51.30176572281249 63.68303031771438
58.613785525955194 84.83137559478983
15.462766341124802 94.47542679731662
94.54492410941513 80.03118297555987
61.31602418421942 50.88576700710527
38.29166259642758 0.14352038233176323
64.66606344191005 48.85800511725105
57.095414748737824 34.05160907169673
3.8602383259363604 13.342970981125246
67.75284169386072 66.54699050102974
64.36134302665582 48.67206816123743
79.34806795606661 3.8919330734312085
52.08940977538159 84.56776643202323
19.027804130038263 96.24883687615429
81.16859618246193 26.249142175799744
6.524962158288372 34.8163326555095
26.742624949907157 66.12410402802087
46.80808883458916 49.0809161833635
30.33395619184569 31.61550208268138
75.67244157752717 29.087208207732406
65.78615521990594 97.17181444458707
66.88097235092476 55.89022387472771
87.78148335196643 8.577497049776394
9.180403190268894 5.948676681983378
8.07968553585583 1.679260631068047
81.71488641556175 88.12701529247975
44.780762807123445 59.058607733807
40.03761369893182 11.815966163511105
83.17470175829808 67.75696643074231
35.9004835360099 71.01602734820793
24.81386794179683 21.07750314705732
7.769855838872086 49.21416737814275
82.70955537925511 1.2853706279082555
30.431339670922487 63.40414614827083
13.0796327982708 62.07767598354372
56.55226342038442 49.64520714156713
69.61245792915756 81.69406029723247
44.373030810040625 92.08503137688326
77.2230525480913 7.124366255319736
78.8466255224135 94.06098233099549
84.2087090682345 41.367498579337195
49.4865693758961 46.525726920365344
89.40549506437647 59.667233546951316
71.79604853610309 30.558356169174573
49.19202569470609 18.421391800911223
67.80914361681856 30.256763512601957
79.89053479839288 81.41298320207777
0.056072483655533745 33.023525222873864
21.536134215339796 88.2412692181032
83.5598705113083 37.90891231090458
54.34989963254295 30.796787126048876
48.319020280014115 35.87407121972011
80.87383173519125 97.46139128468072
84.73946008730364 33.358166597124075
83.46915612597417 26.83116695010177
82.49409743097611 81.08142303672001
14.4633821291273 48.695092880972
17.825640578118595 48.64784094471921
38.43082642103119 3.7964012799477143
12.891395383405758 6.669487738415403
42.98720777837745 41.04786355255712
68.3594330010151 31.817266243965747
92.00599034713575 15.762780071395998
92.8922599401033 85.33187680764647
27.12525665060559 68.49207770182282
13.727076797099436 40.61604493256055
47.45896263763023 36.0932010735616
36.33448912407842 0.11277964222839998
44.87181245547291 58.09479131867539
33.987933782966536 80.13440975328547
19.636514371799365 60.05965121566308
81.5121461731516 24.16744950782177
34.07918618116375 63.701438559043446
56.231764769976266 29.38466113492626
58.712959977520704 91.58074305314545
30.964171234639124 40.71609328998551
19.458147241152226 20.756314533616816
41.73297240504639 9.802677894336998
52.537881537279894 28.332907338867397
5.02322897594718 2.696510314640155
37.49110926766899 23.740824465848796
98.40472672214062 31.130979445505847
95.81270620679905 44.023194062730695
61.72336037419732 77.41962432717264
56.77045713621867 24.792216873554906
71.51667712986851 96.28296234030952
9.161143481845691 39.506275586428515
62.0744236966545 49.080675171635505
40.23564085707383 47.57210212961625
34.87744674419129 79.03923969381322
22.830859056698593 22.37474043740264
39.95006643409171 51.5324553541481
61.276424700068 55.722383611572404
42.12913074358469 6.507434107208621
92.73109907196984 76.7269301389089
76.6910450196026 36.17215668130558
29.435532030569235 55.85379070624732
58.922668763803166 57.7079934926642
84.39460754326657 69.81170234795404
43.74765102666374 94.03370798146935
8.797487089280342 99.15578502320359
71.69922230814379 85.07683089096219
43.31757245388464 50.04836580835228
33.81595173781984 64.32336515914017
18.50938796399997 18.33224489445562
40.174151262765335 51.54079592233649
8.88366220258845 78.73644387163561
16.762033846382863 82.46098327268416
99.50597801919545 62.629377931185836
28.65172190989238 45.294825830533746
80.5075343511319 54.81469499961227
52.893818039310325 3.429576298280157
36.353237982714774 73.89912660413891
26.007673900922512 51.16344886528699
30.129766529380753 88.39531336951335
38.129164207072506 17.866229415913516
0.24457447972277002 36.462061579549584
38.28369438415022 99.52980673422114
88.94917168801844 95.59709640251111
86.42175975181623 56.39362127603498
88.45189924878862 65.74557874171502
96.30795661691212 28.37484034407578
69.01593713717817 16.465616534683726
21.143928570607272 85.92930075889453
27.130583593123948 83.74847939314161
12.729304222483528 51.76706275532412
5.687195648312415 45.97301709054848
13.752852652977122 77.13844735225048
43.34965284397762 18.047247190301775
67.29169710701383 78.78091836644607
97.72533271664466 74.13626985847215
48.779723120662766 69.41978623230614
5.054418629532131 44.60432192589534
89.14241302713535 39.54363865007746
65.27824972982388 11.412633869888777
78.45387305519913 78.15068267286674
70.6722519421482 65.838644822737
83.32739062568693 68.53112199807153
1.3903368595893806 13.387933909787986
81.79657874332626 19.787357855153754
54.81124304781409 13.712877402592216
98.33188349412384 21.17470485078372
29.250395875011947 53.59036682734932
38.31753383310566 20.706082618141618
1.1058273298043098 98.67058206847692
40.96087000529107 73.09277246388974
39.82268459202376 29.28591645944958
97.71262901061657 78.19378373601506
95.83210420190302 81.51353267221026
50.97371701495867 81.4386974632784
14.4466355601377 32.92061938768276
62.667969512973286 60.9342619405149
50.68036923753591 63.43130891855515
77.00489340872126 49.11949191791145
30.32219428182412 38.71002146178854
42.84936175593466 72.52010366947115
15.867818754095264 8.17180288695436
98.02379835014993 0.5174133662024571
98.10794846002663 96.58789808108592
77.90586418676533 93.03787926436071
14.213347882430716 91.94603924729077
14.556856705805 0.6457599860159924
39.66920971339245 0.7506606796770621
70.44474166374634 70.49251692579934
34.59027349911332 73.85555957426679
74.09750236295703 42.87709054319628
78.17327509352057 64.2150083120685
65.38928565659097 50.002499190538074
6.08324749900282 51.53375410173822
74.86081086219001 99.61117462055265
79.52180829351929 78.56587930479928
16.88564615582562 1.1148626491830127
17.18473627991606 12.55132329546047
38.94684399223662 40.983722427208825
17.476271611980376 47.17588179915311
92.91421824915484 46.14742507904346
69.04648518606193 91.90675525326132
0.20352339322651236 34.283449220616816
43.55461083978345 28.723542930909375
20.77596883710293 96.45326724700034
89.89999351069248 28.729901113480793
83.29122601828549 20.52499875139484
79.3117533819613 19.061842823012576
36.16400954461439 98.50277781562833
0.7372697937505723 78.19640049385515
98.57093804023506 52.9547354697556
20.530338396010485 61.70894116299337
21.42567335920953 47.57685567138894
53.36773035393245 11.831788843537083
41.53265669708435 35.46418417915267
18.95167083685059 96.52487344897287
36.618560199035 3.789121654134542
56.65172509778471 99.6209251138146
89.49411352346604 22.14810988264442
55.29495949758012 5.324705286162423
78.03326868810356 41.40173360321262
76.4356205435592 51.18131869279725
12.280121714823578 95.12517377243913
73.53935906584992 34.263171978650654
15.649666120717963 48.6519867026471
61.73005604372588 34.54768620972612
32.77126886914652 15.334527912578167
39.24945083545277 23.427150409173603
15.04943332678328 19.23502690649965
64.18834700150533 29.26593536439941
51.94310881591695 28.37192066106551
26.390539765700805 86.47812785891445
90.85887763137141 1.831575309962763
19.67984060115424 62.623463722714455
46.703611788724956 45.85294507633828
7.7934602625906235 24.285868359240247
93.65576511843628 46.61963857663138
65.37030066669365 99.39556856757493
65.87888337903513 49.06292128752649
98.55826991774428 29.83632017163309
24.923020380804005 82.60900987550212
63.81195081005701 13.36829375862052
57.46753721176705 54.8983591303587
62.88122164148724 4.457069183574602
53.56060548244606 57.77529660853966
16.222287024350845 71.31224750559566
2.6688500484596256 28.383781276290353
64.47482026028356 68.0362772255734
89.33983359685944 18.016039143970474
83.04498371511826 78.19032770923269
5.407468710545049 56.48785443335071
58.281084822090314 1.389157060401569
23.888471025498713 95.3300494549743
39.93712701434602 36.441443542609655
51.24902011267576 4.405658360069231
29.758462529667227 47.914900599800326
8.926413524770771 17.993677232045236
59.981124072276046 72.96831034074087
26.88094274103221 2.3236420436277605
83.67890414175079 5.653968469445436
28.95414785279209 34.7001639141141
4.5079593525123585 57.154356490726464
11.214502321396868 4.987914902732626
21.486739925435884 86.84879176233504
98.94238877714707 18.909095280408717
1.7489984080332421 11.325458158134506
14.425074710539509 91.53842548089418
89.20789197140186 88.30213067456442
8.530513812893826 75.49409418289905
49.938777893367934 69.36888743767523
66.68243832511635 70.10639637290987
99.01680546173795 83.58891468588033
83.30936550501353 7.387311229319771
66.69348449263927 6.548991293992201
95.70791489541168 17.180953662601993
38.48661741965114 19.81299337887854
14.58090981788045 73.3579930986748
48.78009922002911 17.600078089289116
32.01889635645274 97.67377831193846
46.90553885110593 58.75612852902818
70.65134962991183 91.47000153185544
60.28780970166565 28.895098925519846
27.913350610106534 96.17029763761013
61.213607583530184 23.328471923962326
1.5189533308014314 7.332959898697511
55.68334955560567 23.450298590571773
1.0686531549714884 62.130821992676985
54.393540923770736 18.22403046985017
10.41211396726025 9.42991339960395
26.193186943008406 82.0087387070188
62.092492567803184 7.566717227315323
59.06031508122989 62.72633532881326
44.48052965705615 84.60257551463737
54.304488991951196 33.38258765797302
66.07737633268233 33.88256269539747
14.441576618895112 19.365208997080874
11.96154517170205 68.10373555408285
4.862795256289387 80.77114446380718
61.16022626559088 72.65808031910927
34.642086574570726 80.98913501069589
41.49955526592164 8.479279619441016
8.679326410623256 66.62205064707057
45.679227555337754 38.88418213865634
94.74165206105563 12.67347174721638
28.12465912300639 49.15830097675236
87.89968914962405 40.83861505141264
76.44580843919597 62.93439432163785
4.662149857726239 81.67995845919363
52.643773267740926 93.4384795490688
59.83243500609563 79.44558228181407
50.41783454704392 75.11627763705577
18.648170507133678 93.01590688175902
47.405860618546434 7.1021514213448045
52.64828173872416 75.67105906274791
41.6839271690361 64.46953239098931
31.606426246486706 78.45134395020081
72.59268948091024 63.130336533221424
84.2114019548019 69.73827986099906
37.643005710380436 35.052057327580435
68.6331551465592 97.2708096778502
41.72098464096629 83.54392138288371
96.5948050445145 53.00007702612221
29.90056431004884 81.11452652979952
57.34056963839302 51.66472366480988
84.77673182038768 88.55548120357048
38.35552098566002 82.4549473524262
79.82724840714343 99.31293107082347
72.06874865799453 50.98554651225642
15.477549048622286 27.21374010790949
48.58804255973597 81.75869955021496
75.24533497889878 9.408577161388143
41.84233770601633 86.82924067736238
28.735778297366863 30.662193290711357
31.502600421267246 54.56505884926113
58.739874648620805 81.28113053850106
8.829957228582575 12.970357237162688
56.36671127931299 32.33574258165844
37.420532931155414 19.252869885796507
31.61638485007492 20.085670073293983
69.57976004673311 42.055779074124764
72.57050705759258 61.411558731899206
79.87544741725851 27.711441029723627
44.286748795257935 9.3743364366222
97.79050419799171 47.086379664620345
11.156429305980954 39.693029378188946
45.76805050053221 56.39391633877842
23.361876085611087 30.403928713482497
56.88643818488161 32.672433156806655
11.966742868526815 56.25702591434565
44.80515368818452 77.00501848601566
24.866197448542238 64.9378978103957
89.78176600724024 7.85916552860082
60.40993303590667 83.15033508042009
4.655868791888995 88.40238651663014
69.54228018370155 55.66777794365765
23.556715218840218 5.14084048001846
30.152794711373645 44.98792607137037
59.24156373516931 52.55588219824154
32.25135352614403 42.75395928769037
12.340335416799707 53.40922788535831
68.15323733305722 53.38394730248592
2.6569226048928973 20.036506971125533
29.856589730577234 55.116898881906565
10.31406376208508 57.6934668869808
53.26552593741096 40.97437536706139
8.571224671457657 64.2082699753973
55.59796757810322 57.52056495923436
3.5345032898919992 11.011620885841399
97.22135692011425 50.61652444374951
21.07026825105276 47.75717648581619
84.9950540621968 21.65798016323528
4.612425783455354 30.346063276212654
26.0827602366247 16.18360060229218
33.38775798937221 97.36734788123049
81.23364597990827 32.79838695141753
22.703376673865037 5.932379571343538
1.4634702332107619 30.160776944190882
28.14086908444566 72.34870325963547
80.43769298060228 0.8296145659190568
97.79073005025826 99.45550427628456
55.9727553347664 39.62243657779003
73.22946361627349 23.60384915541274
79.44011660614372 18.21547085273465
13.194058721238022 21.721678896639496
87.01622962629231 86.36449321787182
93.85139306377815 96.01396314523845
10.88620783100449 93.09373724325496
85.0727760499864 99.82773147739516
20.687430091049364 53.11929937515918
19.355312025324455 73.57477832019472
75.31790972853365 20.429038947782253
61.47671521803104 9.195407691235257
64.24302225786556 35.152085349671424
5.578726552503244 34.85967734227729
79.73841585145422 66.41630674175569
95.77500801917296 56.074942888079306
63.3686740218971 75.83343001123524
33.72748293379504 58.58120444352202
29.50498044681755 33.823328261832565
95.34563611947142 47.65129198022549
50.1550401110757 89.59996381803381
26.512042930072433 21.296658445772778
85.47733415902235 87.88642067585475
80.30668606699427 55.73827400909832
8.593154894673738 9.031079461348913
6.251125851513084 57.772779347111495
97.49234780483943 90.28067438905364
9.27469671696073 63.96931872940333
14.927077740541828 2.4728338609794953
27.23197843630125 23.22741554962655
15.834711939953783 20.08573161092093
97.46355001005142 21.318713355122032
34.52769328578809 85.58916192490848
80.25562055646427 86.15107099433517
52.31781856904585 3.6212894684562125
38.525483254298635 81.66879765748862
51.14665586655845 63.98539411754432
10.743370505761929 25.124937829257064
42.29894025328369 99.86939193288207
55.59736681486163 62.808341073183406
9.370573409530314 21.956462175580782
26.070008475861428 4.2124084978570675
70.03895423395072 50.26371573856534
91.52705579780435 99.56091849504702
36.335352998268 10.075533585706076
18.980958759410015 1.008253160243111
89.25384724717567 41.969893684804816
32.46550141339406 11.006644513387908
24.960893714435038 90.8833511812447
95.50750749374875 73.6976049818358
13.670682542794887 1.088934894175586
94.32057277282313 83.34625706120337
93.28287255722859 28.863515644701067
33.64642977263874 86.6639032202689
56.69918323412413 90.2150907814592
65.88140885833975 29.882118215183606
47.64132535441632 32.47019934071709
20.760212566463633 45.20937762193298
19.559420606833665 41.95634485590769
10.557772308898915 34.55376207313814
79.61858923109206 38.97862238748486
13.676075135516719 49.66216884566794
96.87885096953343 55.94904312958497
99.90213033557379 54.36087515599106
62.88038309379795 3.766218085632267
19.885085875448816 79.81576097672955
21.22484416901149 34.181641160684876
27.373270438624118 55.752360754869535
21.491344682067503 12.416203470372045
33.946815205216694 38.38338396107599
7.0552812213314775 85.08188928337042
27.84266831896971 92.94017491960945
98.96363669573695 34.313556613980836
65.43512912897529 30.590514496329767
16.27708615797381 33.846087819375036
64.94384098499515 89.75320834513295
68.64824497177099 71.96758924156464
33.33281253777942 26.036830267658505
4.559448964505686 9.230833243960014
10.070214446777115 66.95253858475479
72.91304161074031 23.431057286872246
73.29371320658178 60.42425818773047
17.411377961671782 21.752913775840277
83.63921169026287 18.775448950252805
59.936582558354125 63.00065274950304
72.78184895564269 93.34526419498378
95.36551005700795 30.2969052951656
82.482895791589 0.4306542256138801
73.00489956839668 5.790359585242788
16.831678696830622 17.89402151912187
43.57508920632765 38.70622434231257
36.45914847622582 37.065827649310926
26.22173095556375 90.7141543201043
21.03783079133914 15.728382318073919
18.880633767632403 96.60415865653798
98.10686435974816 37.333459648070644
93.98638245509157 32.80010550967851
53.57254646025804 25.147433114095197
4.154691234321262 67.07506354853383
80.94496006672458 30.65263707940322
36.7988694952609 12.216535579678922
55.4348664544887 64.93463266791836
52.14243131403236 71.47610967715845
98.72139082324696 31.93405045877682
27.49265372600633 86.6047459709876
69.25634107388812 9.372466270211222
34.81538411747076 40.464323053370975
73.09347336673912 79.46283453728351
17.76516247635076 33.54459816955333
8.09403299118081 32.017453456566884
92.36281380914882 4.480155773329786
88.68598012917927 66.91030113073934
4.86598406491916 25.69777265901414
93.00094916006616 80.54667833550457
97.13966996315386 59.07769116589257
32.091863707903734 35.96936857556376
21.688761121156432 97.14443277165434
91.17887596710051 84.74587520879354
65.92638785234838 27.41832870962049
26.137342994625733 90.87579456216139
55.47485555149998 10.869481136481806
17.736414144710455 99.21546801483072
73.0758082759694 81.58331935050047
67.37492012422703 8.08679687522642
3.8261582946879757 56.99463051734839
71.65600591770922 16.304273589281635
96.59802309969956 49.6202423147329
17.046690775870132 26.579701708242908
49.86739396192759 89.31589391794232
56.22178383803196 20.026200437915854
80.76566702321077 33.894635347588405
3.942394619444234 49.079781622734366
7.770050157594954 48.80858366600216
40.60773547630892 67.26739243556501
44.60004327893128 24.280967486819538
63.93647034117473 63.64281648855583
83.05801086766044 62.00334008835144
87.03495182718675 38.24036702377518
37.26225197664355 62.26184635677541
56.439096188691586 39.76283726247942
9.35873919257537 72.44036974988674
94.05976276983567 74.23663751325262
96.80475674112733 13.7157073563404
87.48248744369651 27.24192801025891
37.76027386250187 76.58919529636306
74.05857351642749 1.2742694181081982
47.34332152610716 37.932323008448954
15.875130422739382 49.555873667505864
59.40932716612362 11.011331736008213
69.02168657925343 43.77722061130807
39.97270786337359 60.538966812602
22.898127471505635 74.67332724288873
69.62962615000703 19.58096300523269
87.33614113579277 60.674622241218735
26.893701559015206 42.266720652372314
39.80500798447692 52.06615398644805
20.18958425680255 20.20982387435335
7.31468940546478 53.93810194520046
57.608470733197926 89.64499842629606
1.8286685806776282 76.65502753953928
94.89961981258529 82.64483337695012
70.85303605584676 20.269733739784492
85.79749051511953 48.923960142617084
57.46175061633183 19.95472453516005
4.028970143840782 25.320636047335032
30.374977419085948 17.035734257236147
73.58559738301294 9.54890385500069
48.93794253341051 24.498550755142734
56.30301552124956 68.38052301222946
73.37860049985548 3.2915344018460635
93.94637414044698 35.112555325941464
22.104375095561913 25.264968177637925
99.91774942040306 79.1604739091716
89.8047678199088 30.323246692426963
51.65769029614084 23.285394366422473
71.81736535163374 33.76903379222726
23.789387470058653 99.20409762691355
26.88723965818265 46.393826316748445
55.96689681263174 84.61308276557284
22.761114658919944 93.24931704288144
55.86697342845539 60.27105563010047
57.597122655607656 75.10358913730111
83.87961009561553 47.75034908520652
97.8302443056737 19.13749993074323
79.37592748769909 71.36181520446385
61.648232910833656 75.51388059427155
53.725313567196096 11.600818831881199
38.499281477582414 16.780526208920833
33.018761823286425 32.87651058006165
25.028389960624374 85.14412321178987
11.675950874362439 59.4380410541043
34.882079133166144 23.43457502527602
76.44486889517654 96.21476252613735
24.518116331614248 93.75298153515523
1.7817569068153016 82.56667022264132
43.299745019489876 36.96057778795292
8.33985599012166 18.40911056860901
97.7372232842161 1.6004674609277458
49.61223018241587 28.750471750967943
86.29917367555544 44.033629256777914
24.29863960814607 70.90638280719479
51.30530337455219 60.31279715674786
91.04098241316822 69.25513641077762
24.097036954551875 37.19031377508048
59.952301655831434 85.65879394735158
51.23363158665257 95.89295285150104
56.85854849072744 12.56058399040354
39.14650343883053 31.309449694080072
26.928297285238667 28.75203676582143
95.59857918623695 14.982618561273497
77.53706477557446 73.09421089067843
13.584805725422466 80.439158934876
38.259215997978345 21.146478842931458
46.78020678785681 72.60490593377334
73.63448367733625 31.399210129018186
19.41869805688694 33.31356589062302
10.216227869654592 45.29074716809318
95.5951416516521 72.29299858728399
60.05561937348598 11.551488157330336
46.16615457274869 61.8680340090898
27.27662330452587 87.47829671626477
27.222189810374296 33.779403310522625
92.96612420719832 53.424759458788486
15.286132330395862 81.48687242292438
16.147907640837378 37.35787373318973
75.86524512683188 89.408888860683
33.89129602656891 36.720074959641046
98.42552109107028 69.61748174370213
76.25531077090535 51.492507173227
58.360944886739134 4.508807319345154
6.131959581907309 72.96340198814062
24.51654174722848 3.4107276865974923
87.83320561344028 83.89311670225108
39.413115275389224 71.1537201530413
69.68962335085011 21.65158186094751
54.58465068154026 24.411499675939208
0.23626812179715628 42.67525721830354
37.22238945209104 38.43183719649197
53.31729701465835 50.14050949848598
42.117061143450044 98.97275957088205
70.4259551396691 54.06103197675629
62.42781202045702 44.05247129999304
48.36995078134561 24.59683641942716
17.498993261603644 64.54350298902875
13.150846329857213 53.619546946864375
65.76409966699919 2.8285071783505256
2.4598573215634856 93.37838130095761
0.07957649445773374 7.94485351779346
67.63615794753157 80.2053924331172
58.40514664567766 94.96158943130916
59.143826690660916 37.479385497547035
83.05907819208333 86.9554281843533
57.634914788295966 45.822041560890334
67.77367855744043 57.72344410433197
57.01955208999421 52.586025542691914
54.224567793460345 54.98670544603439
54.10572624912313 55.1853126353675
39.66817261689943 18.035539362938778
51.31494257030036 78.92469807402986
97.5074460659303 85.90941473266822
81.93453670230882 22.716153542251007
51.318209367503506 43.4636479431475
56.01053423226359 48.831224654575564
70.50606761861762 70.07823865138182
16.159155937954715 25.933248328620362
93.48969830319922 5.101892626232973
5.600259079186154 97.32471236909926
84.32419068882054 89.65868939144939
73.58463578263988 39.40431271836913
46.405072068982676 42.114749338454274
45.74893039066945 76.55421203783091
66.48421650232119 41.35793080231518
46.9996885788663 92.30403946428855
27.670835074861742 83.57334269680427
22.57556926141757 11.359404732125867
65.01957483900406 43.44885072706348
78.56068529563156 44.572298808447954
64.22641048915744 2.912419713965897
46.43630975806259 80.26311076162982
47.44717967151784 11.457040851558364
43.20453686084718 82.98501775761954
18.034232422452455 48.114294666364565
34.188862450244194 79.1781908875667
51.284396487214636 90.86583691780785
54.722443989008006 40.254515379705744
35.431367135663436 0.08408272192992339
70.94276052357374 86.77407170384055
41.0405517859415 8.749795051697662
34.38051372675774 53.33411798330226
74.79182415055247 25.283527116829973
62.408926009392005 74.17586889568446
16.51678907462728 67.78522635187423
72.57183161944496 87.92741699338174
59.46330074195729 14.40253998474017
16.032355202062764 55.76176383454443
31.286889748229463 57.12433030482893
51.46309637898294 13.4656990432368
53.07207859634164 68.37139106708334
35.75789975540864 81.65501777813272
14.256459194015969 54.436140915509746
84.580997780017 88.35529661847836
7.710253588114502 49.92581790873181
74.3952123581117 84.12885858960462
47.75864934372436 98.01042268241392
45.67904831558358 65.49626262731513
66.12658766223521 13.916067914153052
15.277447659761023 98.35913190780875
46.89493727347407 98.38400388041117
82.67210335017224 69.57208286574732
72.70468351446881 20.96575398156133
39.33643103622455 12.83761963788419
10.513573748618409 6.223888204662065
99.20673471955239 13.404733745456321
63.71903123587725 68.35987225266511
98.05361995658326 71.45182727353685
83.42853160912078 56.07953155996379
61.76224237515133 97.61708572625516
57.91265038055802 12.248931342600923
24.25281398404222 47.31887512539379
16.175506931906614 16.545550250621453
88.66046211400777 5.765336317799652
59.864198176631334 79.60255760748234
38.04777476170476 51.35884262066905
21.65813206168061 5.846420331244984
62.6139060801016 82.84879622567787
92.24867395637186 25.04269137491486
46.042757320935614 53.02084329756993
27.977729524471705 24.775010850985257
68.79796517073105 78.78688464660031
73.87755548865937 54.02626786804517
8.658097295698418 55.75726865328121
71.80797702511188 1.4200981174505856
78.90498915329532 0.029358799524548118
61.9843837538113 14.392724464177743
96.49252013714565 42.47892838219267
80.97974172804896 98.75778543522458
74.15479266392575 92.07718253397832
11.629333780973795 75.41724784658408
58.72064105740724 82.30567842364745
58.369945069299064 56.98550473547974
25.233315612641594 92.54591221727857
21.1244469105337 31.194974665107434
22.101206271820462 44.486315464331994
45.61280633611724 98.64905040332033
95.78897552878072 59.86248725309524
50.92028469574268 2.7429941914441702
22.020555661996344 47.47794768989879
79.35264262341543 65.41444728189411
34.321046041217265 45.59079693177826
18.203494035356126 16.565172759523005
80.02455196671754 69.11239861414562
39.5716309222957 6.267265402261124
95.54380556367683 59.819628778439096
49.24779798259604 19.17518387183863
72.60018922548414 34.56290904870063
63.019870569458256 86.22340603157737
47.9861525340896 64.09628761945913
