730
1 3
88.67210452922403 69.2888694910379
7.527924644398443 51.427480388856694
75.42875242041988 25.816333473639318
89.599198968354 93.00020276886526
64.27394714585107 58.37535422020086
90.83626813104124 63.703704621434824
5.418397164965527 34.463953577390896
4.161163117519906 83.84376622229502
96.29241065943366 53.0382629783523
52.14038940600423 45.46411061340614
44.21186538241537 92.9435714455018
41.43819168517406 4.659339581128097
7.762326250286011 94.32424289942605
51.88138717271431 22.795094544672345
98.81493386074594 87.59405893780756
58.07860353040124 47.31109073512647
87.97132322557728 32.04006414739035
10.42910383881459 55.75491486852824
57.23364393250656 41.713006187697246
32.52841581143488 37.1202846507799
12.478774376847834 77.30489112357695
52.28414532499981 1.4902756221369051
93.89224278487329 1.4769316089825457
29.90212760708262 39.07911363965921
37.47260180276366 67.93707994190274
51.37218113221338 23.439736192705695
4.975623312891986 82.9056143420954
45.35557803815566 29.96165008864238
97.66584934166764 77.19039735792109
1.9606652992615325 30.529931393808596
2.959641859788631 70.02913886004609
92.35231286033512 70.010089595875
85.0055710659303 71.8823493376293
31.350583610446158 22.468499981573675
25.98866291051476 95.10432903454912
39.82917762759812 20.674642470647342
52.68937516037153 3.540625374849271
96.6608214319212 83.63563198899635
35.0959417429078 56.995517119825266
11.640946705575207 25.441358572849527
30.09415266312605 66.82233976075575
19.05338104637899 24.70401095178636
26.83402602068645 40.08424050489696
50.18287226860676 92.00763535798046
83.83214428880737 55.24682610333214
59.96461116275611 21.596193060054468
23.568197851049245 64.0634013160357
96.11683099256962 27.23079955706156
75.31422842380908 8.910642498119504
50.31356857300118 45.68124174282375
91.40565282251558 90.66258268867635
90.21801694340701 73.21974706065745
17.315003103200265 43.14849668650837
27.910448812509216 42.922889244717474
83.41733264551519 48.95356552517014
61.83850974347793 2.819292069341106
91.95478088559122 70.38457962747826
73.88266614734576 83.8891175282777
52.12300668456646 81.85466167806675
13.089577293545474 80.50572314573839
33.44308844538515 84.0507233426246
42.34249393607043 78.08097652798335
82.27787866351788 63.42964809828311
17.796995274634497 21.558733382408857
29.116780248485185 1.6940951063517007
35.583574419922456 15.947864466339912
10.51523957849243 64.81888444914476
44.85684745041312 8.44814908819993
91.88242394889427 39.3657598301745
92.92739929547855 4.671696701752981
69.55454797029779 24.334790274018548
48.59248870937871 79.77485582923171
55.17288034676009 22.3356541200469
26.07367599014836 52.897241112355076
41.856079836740264 23.243423327637203
60.379958033170226 19.42880335507273
71.52307162552745 34.593699547113445
19.009862930352828 50.10767919136505
92.30265492338148 37.335995700709134
35.631324923149975 99.16014613539733
25.47018725700514 38.269357734728885
34.757756343805625 61.27989138155465
90.34423647906618 10.703382586194433
89.18876816361075 47.83074552379454
64.45491744120562 95.66956938429003
94.54841089542256 37.50682610693541
4.984152366246186 16.765379706142358
97.17165772709255 20.127161935129134
43.05089391087164 75.74695505337361
60.701362492631404 3.575270011152276
98.2617120120124 55.7745569034765
98.96554829705457 1.4915204100902635
80.11770652269601 77.88539720452809
29.531314537314234 25.093480501368106
89.83685564828592 91.1213142042087
27.18954307126871 57.91148062076614
66.80312540386089 70.10897703815684
92.64731323007523 39.34957829223376
16.482033626144887 5.408930453780281
84.69395241343854 1.9539068231122503
61.849634573142744 53.38434699868488
26.840715517804625 78.8757290799949
95.84835492277652 64.92223473186675
45.83010449520641 30.29066657239632
22.14326583494315 15.077097498629088
34.520409345331046 22.483465224675747
44.5376332836114 74.15337474667581
95.02682494837009 54.57025963828204
2.3942181882064206 68.25582204479738
68.55180640907959 14.518335053420838
13.317773728067728 2.1687292504908084
51.783774335752256 32.32984482991179
20.473621281532516 62.192202320441005
6.185901321438658 56.00730946605121
14.188347649223253 8.228450285121891
86.13332245567176 86.54032075980172
43.68997319137986 15.458076640666874
52.44634283304812 43.93162685674903
46.23837794708472 6.242803623811111
88.06299917462587 80.2208436198667
86.54477964330307 13.917168413517667
76.7347961334774 14.797216470107477
35.717739875346545 92.8567890849695
84.45159171001578 76.33358824014553
10.88699475679984 38.88395394284381
73.33312110557635 19.502600367562128
37.997821342690784 57.157066910471684
84.86044075606813 71.26155393840392
52.86638394309051 16.29076676859007
42.42948406110929 32.789144903534236
58.976779940978986 44.262950475617345
45.57711358266676 56.18393276719209
65.33053098876711 49.14171148967406
33.40121450004976 31.13611592837957
47.034874404365645 18.01617964025204
1.269352723075512 3.7649455846535895
35.30211129444816 77.83441362834107
13.431005951368968 45.65174551893352
2.8107283747220713 5.708188164934258
45.79926427812917 6.074502202118692
25.236994131719072 54.05031093522117
64.75561910006809 99.92713414995124
96.0730268482307 22.426473736230037
63.91341088466547 96.47414435131343
25.67691850460165 33.64744422741053
48.152415073633435 75.34132194458675
31.49289045043515 9.177123071403814
89.5832921156652 27.002486028223814
30.52928449510024 56.953862438112026
40.406123502367585 51.88782723411289
7.352263753872412 34.95561947614681
23.435891759774407 43.37346820588681
89.72376326353482 78.75192801154884
63.37439315159823 87.9859408877103
47.76830124342379 28.32041019238869
34.78053172544495 40.83652489442067
17.412382568818565 5.425085576773103
26.357383222999786 74.06621000759704
88.45245002455333 42.730465516637416
67.54437217945022 27.633684212292398
95.16185263681965 31.379444123713096
1.4693265060741645 12.282538287063517
24.13880683304761 82.57900903750178
35.97195705529068 64.140491783568
57.718059246883115 0.36656188071424456
38.301505112215125 11.935742646835767
30.02494976875274 36.528205157542445
8.03475042440558 3.8958114416506984
87.92549053336754 46.3398722143374
78.83056501225272 2.9851861995016993
41.59706615142991 72.36717136029252
7.998769938021044 82.69675955525008
90.64860432251523 70.82415818786096
11.714639882988642 67.50653583398591
85.5690151833686 21.614359864968
58.84917546812014 43.41651047039154
22.975591940692077 59.30491572022842
10.421399304388324 39.846442449221975
99.36975880124157 35.83940752540753
83.92403482647246 81.87490919585736
70.53461260580119 73.13348501410937
9.680901746868354 85.14451278899593
22.763569005741658 56.9355183419803
40.43861188540836 27.01351834046011
64.28283606153981 88.92339949400142
50.115906870385516 70.83884807354563
17.234099736115137 24.760537876138855
62.26927702908964 38.67181600846039
56.83416606677352 45.103415927086175
62.7615286886805 59.047441983198624
92.79842267177163 6.785406815317874
24.415783638034426 94.81234426974767
8.417900837148174 12.468162794057157
52.79703000026299 21.69472317275791
45.14961643420647 90.2223447401731
28.670037709892625 96.94238686929499
18.560861147537967 73.7597761596385
84.41079672541217 87.86444121207487
46.216574914695684 50.361121519381236
13.602376734155008 72.1584319567397
34.686021397370936 40.522359662084796
12.131604496266156 85.93820012292679
44.850267604782815 3.511676559708521
31.81946833104203 66.83211116260792
45.78057727328966 90.55488276802394
26.21279746066627 39.450444256609465
31.848680374281724 27.167990436362356
4.218595478765574 76.6984048033666
48.00804585611536 86.41171090370621
44.918039906416915 67.94078959950645
44.33494070112349 87.17355974263634
89.86590304832534 92.00339869079241
1.4054754207927012 81.13517801047503
85.03772684890048 68.16993437339691
54.761504635379964 70.93775245717528
71.12672348033644 2.4165123022151347
37.38837998285478 82.32687873363072
33.47472327928585 21.252782752775445
98.64720399240126 37.88979442465801
12.577511774637795 28.132109327858434
88.52489703427217 48.576414122958965
1.7813652607581165 14.992653304756764
54.625585694905496 33.44490362828798
27.065543414929373 13.328257960403999
3.0479333047884083 7.6795788002700816
41.00379699236796 1.9385959359654592
76.34952659493663 26.21910227675217
38.55776643037547 95.54426353437427
25.096335475189413 88.91923258137062
87.21641269418095 21.13855665517046
47.68915578151098 99.82898683441712
53.4813319961787 36.55908148756743
96.78172679316542 53.15430206615104
61.873134190129385 44.37364723529589
77.27511240631296 4.954080005711092
91.07133125664927 55.080548916175864
77.75200014394656 48.82276012913525
49.921701079084954 18.90016983071505
60.837873041007825 44.494813945570954
15.350924523500842 60.01483970978456
20.90319192212402 78.25578082209506
78.17445600250909 56.850256364169205
8.981941713974017 36.06483118481698
49.48994216216567 96.81302449201831
17.532914589347826 67.38710999742908
29.87992351020965 61.15446673028582
12.34513656620486 64.35548825021426
40.289511513021225 17.842739145477648
39.39512990450345 23.40424496404081
22.762991569675208 50.72493730148175
43.778191457462114 98.38286170229524
84.40638414195509 81.90013440255626
28.073367620777233 25.239751317865444
34.35530980629717 60.75083103511425
46.918807711394365 12.447719995737682
93.47485875624008 44.204524180788155
83.86509123223867 56.298828126538595
66.10510576849005 69.1254797840777
89.92759719829648 97.0510911480068
11.849039297807074 76.88470336636458
3.628577405803135 5.904557916073916
28.537395977856626 2.9532111977085496
96.87833646568382 21.269582744757322
68.31193262192355 36.34141510315043
18.755195263716917 72.24454074000495
50.37412611038059 3.466930249772826
58.430256378968636 35.92064630529575
66.81388167558747 14.128520081577145
90.6683650208686 71.90306086100591
37.987230414580274 86.80782854731368
68.95578450883573 59.20684369300986
85.9307973055879 16.66159923275867
82.81217869613404 82.38044928826298
88.37736800223115 45.01052958211182
75.83190920268346 60.52432280000255
35.95374807641707 8.318972595333719
50.13782958514739 80.6663639920047
78.18829805050615 34.30236656769268
81.06379333771656 92.99319506368549
45.50491466259412 75.25159365698045
9.85114164424914 60.142116920542854
43.96709755776156 94.3894722212478
50.1735816422362 66.26925354293263
51.04828151710623 25.259857998843316
6.778290710734636 52.078345661422574
97.62909690397154 71.22235526672674
82.10229363160938 4.355462274441102
77.36947027900041 1.0432370121491008
82.12962213836663 94.63640278509138
25.355723980976386 46.41889272323985
90.59608082983235 13.268629804613985
3.493732150152473 67.83222117947172
51.446680465893714 27.532199566951032
17.055306938903094 84.26201634591311
79.86498216189794 44.63914500349291
38.675975734222675 12.133477159622498
0.7307700491642866 35.07958946426193
22.74862838036251 22.31474911428024
87.85884008754945 89.44114454973891
38.57471603251958 29.70888633175408
61.51270195743754 11.3305444560865
15.315539801107692 53.14626566037539
22.78452376253668 8.065093448881221
19.813680290047685 19.46668974800452
53.893208093870726 66.79717578790732
58.63057002725371 91.42524935135077
44.933072415560794 41.74853698661434
89.81295155973154 29.741836765899986
38.26517279080917 39.339013638449096
58.50267095002195 72.86189783129558
98.15205832770263 94.1674338155007
84.4555352522736 11.1753703043582
30.877897671164177 18.97122170300447
69.33333716535151 68.3556981167559
89.62444474099354 66.24477662299827
2.009552303927986 82.13882204558533
81.22409772087636 0.79196807505717
55.685855083269885 86.00224556439056
2.458709181989094 35.21072601414803
93.57381167622071 16.42553687306545
73.15307894916407 30.54920361483493
6.64637990555399 21.127476542197044
27.390276847377002 1.1319235707502928
84.33548148387135 4.443772104071653
92.40444757837929 34.17395476958933
17.54646255049408 81.71516820196487
34.40155216635203 78.32919886462018
37.70867043086603 19.45160123343326
48.05481387637873 51.380528733273565
17.705946539666062 31.4209951174808
84.08062872965864 68.25958670141566
81.24153578180096 84.89318531444563
48.296757897987504 76.04635500729646
73.40673579782737 17.90406347615201
58.17660967015436 11.405567875837018
8.905235187907422 98.7096387276229
13.8297088014248 70.0055492354619
1.8364308948193075 77.5283580882809
8.708164047097867 65.90014698482567
64.79724411550991 93.74432881885393
72.12119510250852 56.5174264734295
16.482313037485397 76.37969609067774
37.36146671248078 64.36666333071126
49.5053624804757 5.233769346036832
59.057165125064955 78.66648112353228
23.937863319172116 40.67073953833362
73.35649809492853 58.98376748656309
21.143113720883242 94.91483455574203
12.241948962119785 95.59767101833259
7.139504533124774 59.07092398194229
21.977787234041024 14.135438808458511
90.3649736020571 78.83552254916913
42.02228190639896 57.0897551108579
81.71916359614279 29.42819749891763
7.064185903743758 89.99065314140422
61.77688186749775 41.841056194704684
1.0608281703954114 36.55957277796502
7.79463297349805 57.04782894144211
43.80966797586148 19.21637866041528
82.06754032017368 79.52513929308466
13.967543954663997 23.098184391931277
76.64939244302467 18.434502751620197
60.14204927743945 64.6520625732889
15.792659342620352 64.00025447013695
26.84767215625632 44.190018358189164
6.571618236642784 47.49346704964308
46.57986439568942 74.95026756281963
75.6705611130301 10.167030817765554
40.926660014577585 36.69637011263478
69.96865428770889 0.895081528530417
28.007893433188723 57.39983543730598
63.13634219842428 19.795838715910328
23.23386825351672 12.495081028900712
56.97516319686577 98.4614999456532
57.987294863498896 25.71023249673281
54.386446278553244 40.48762660582979
53.18451897773249 43.77874600732099
92.64424385733803 54.02261792630021
55.26013345854286 9.582623859178208
98.93031107654014 80.59459693138271
41.24793049750905 89.83618057457932
17.15664703994304 36.12740128144745
33.93039376257312 79.66228252923311
90.18910575276378 66.66468592427819
36.79585634314533 73.68765799131776
29.511263384262733 66.20832452365879
41.079653246340044 31.16478530707585
86.18493516897836 72.7753557260294
52.78680682390442 4.506605778579997
40.15528874895686 35.99429638741001
43.33387291827202 67.72186960414848
10.954315540113457 37.431976297010564
20.398523287934367 67.26926920127106
65.26340190766788 63.550633483415076
80.05402978403976 9.275085539403282
43.35016311380046 67.15617166054004
35.73356254618574 60.153154287614456
29.058366448904493 45.446801171693885
2.8686394711702645 98.06791457284629
78.3318164785201 60.15690347718894
70.69570055494081 12.964551388916545
54.93801028276171 71.97824120407665
84.12917146454491 20.69042305152653
30.208993795921568 59.63862912196056
91.95288837099773 89.97938022285015
65.18299623859947 68.49803064796798
24.51084118960234 45.422549893382055
31.84403384846133 44.31169921296154
19.508534264923426 66.72314370413086
55.80282755087749 65.55361283557262
66.77762731506786 91.7364102127826
34.55977051231092 50.800146516002776
59.89836634620707 29.807667247606062
99.8666167738364 87.52805109192161
78.61569897066774 13.094023497726814
2.1501149319789636 31.146499442999563
83.43432769254512 70.83804713214631
43.380527917472044 61.52126705091885
94.55441314683371 33.76163751535011
68.64473117592335 42.447444415254566
25.627851165716244 19.61557004838741
1.3300899715870784 35.449813768727644
32.522625263029845 47.270484472665174
3.5645018487858504 88.93150722161178
66.87310888053351 99.1789966046629
21.557976075794947 30.211872291189312
85.4821109585532 98.40847926057536
21.848820076892437 69.3885046720246
11.430601092373816 48.567833101353884
20.98983478472136 47.73613728525077
64.30521390969852 49.09996698457964
22.18540499815198 1.7267768862636812
99.55504723663094 55.55103689985599
32.30316028403259 38.47647859930989
53.532482543494034 89.99985796752105
14.181085987502229 13.79756931006031
58.74856568304485 0.8677111637847235
60.209010304010604 38.72996873299852
87.05800949780162 2.244192655438826
53.56921892274777 39.20640867639413
68.99704786097777 77.90349064714232
77.29142664703801 93.06832723381405
33.53470661426088 6.069266423787911
0.8198168053161536 53.672372121483455
22.43031588733768 23.208966644235794
28.242768086252745 26.74582424780001
49.44329164252361 91.9792983627614
26.425113023179204 81.01581306664318
13.023027686661969 26.644276852161596
7.681023132268461 3.5693334688002842
34.44932712899711 61.48447042097638
41.22512888687755 55.407944514644036
29.05188216464605 23.65617104423301
18.733890234789396 60.12009533503229
87.46402645003437 40.85130017419325
45.52605393244129 48.70864265074331
42.9360000114561 31.972185445327582
94.62760142812141 19.703286972446364
0.7760710250963365 69.37508373676711
56.674991023066326 64.96001376700879
17.76662494746384 69.2045062084954
98.88026598633618 32.92674981516339
98.76497144629448 60.876335458057504
31.70488814680521 99.39409602920497
88.32447384213866 54.39729104597855
89.05677692799463 37.57813372683927
17.37463790384719 61.98545288265554
53.683559384617084 34.30906549743633
66.91909184968945 84.46361185730673
73.96668484209215 45.1413997681934
23.697782148651815 0.09881677580145798
40.447768080865586 19.669253672748543
15.849404592129869 64.85142970937363
97.8078335443022 67.94457192088046
55.419677024603686 6.245950830884062
86.91437384225289 73.03656466204893
41.445686265790705 59.60159765467032
44.70831685519989 77.28874351718366
90.67167740609341 14.100679024574836
47.10227229286741 80.07357835658931
30.280800199564474 46.04290963193263
87.42471130892528 42.852662844001465
78.49691027011406 59.23589175072041
24.051322915674156 86.63460742351086
10.055220357021488 88.78822955515963
7.71417458818604 87.12154072399798
60.77306212073816 75.39250345537916
11.256456683712068 62.461676205523034
71.30963443156257 89.11222019558782
57.55346096909073 35.50869262939831
54.900144714273466 81.5466371077841
71.51087665364557 37.69436697488109
25.608857983902734 21.67115064159526
90.55298964737723 64.13603458675058
84.82751651494755 57.788262839176
58.55420540027676 10.074097327649213
45.831158750937796 5.061099139891212
99.8717735075072 80.24441665871811
4.004924461712656 23.876595598875895
23.386688514111388 22.957425751062676
54.89036585692553 25.746795855614124
35.53030119677445 85.56484823848352
93.94607607124146 15.03468981520777
96.4151765612084 46.275548100092756
32.311024753587894 18.276691020359557
38.95223686352176 38.39616911441674
45.626782859024374 24.06459287211642
99.62609693229732 31.687885884031818
92.33041140805159 45.49223665155229
3.157092675888551 64.30098929358053
31.395118402234743 64.72691262989186
20.89144148635502 18.813641496807975
8.846994592966206 71.74572556347553
12.154408418166462 60.948802730677265
49.69342566565231 12.344939174268777
2.0305327932770956 98.2007658112023
14.693980245762429 27.688833478253414
77.0533617871813 51.761125159062395
50.432328965230354 37.35563430635991
67.42546346656178 65.47630142560683
14.812804493879606 3.5847482450821255
4.57884599883045 13.196563983775134
85.48233960887718 84.8381119407116
81.76387161911794 86.49153724055931
3.9230963208103375 99.12193223245775
90.16981394171889 35.74404902399433
34.867631739192475 51.94077713986505
73.2489549565753 85.47774964216647
38.32686056827135 37.9048917779573
58.25036647394941 51.867145926714954
57.714983955518974 2.8354477074150175
58.47256209865988 37.812123908653206
72.44971429818858 48.24013862910821
71.36690648581563 36.4423790876778
60.440010112036035 8.699435343123142
5.3468863366601616 71.86573127215364
8.365305872490737 62.16395388265619
55.56772761375988 48.56026467759911
16.96209495695595 63.53948703824843
21.82607652836037 36.34252845981549
65.85370613690753 85.23150377487964
45.5355653603686 19.028246339789547
79.95117882251368 72.31083860055953
80.27594487182338 49.895646259191295
60.2013675133169 47.18735663392846
91.57793959225503 61.06242524432768
24.794881798885292 26.43110374442528
63.25605012466373 61.3514874818095
75.80907026789212 15.93563839727441
3.5925780927099638 37.5471539130124
98.52504619707958 26.411582024914225
22.59363151198306 72.30715086846755
73.76830310042742 80.46008896472063
60.67710675674953 43.08349876692408
80.246329611471 39.69901479557429
88.51121085116883 65.27566424935026
68.47691896972465 9.357898688315514
48.81687787872171 91.47673243634313
96.44866265933413 75.77717277670956
28.13711446216032 79.34488914351292
69.01232870423246 87.2832770262703
0.3083748130683128 17.71535806471971
68.2635574701037 58.072997168771565
92.6868191551892 54.882522769688144
37.48366892312889 74.34849560475188
13.922481825689603 92.22013942692644
27.846113575627562 46.008816165634656
92.28550068334191 5.420838118886517
7.971814421973411 96.15749008863814
8.41113484108298 90.65911436471782
55.63068123580695 46.9058153463072
96.44047708691343 70.92147758688365
88.76724112792327 10.102942369931878
62.997027019227936 52.04910752105558
12.154733960077024 12.007903358968042
5.628242191734878 65.30734002580465
33.25794753743947 0.8212957643240371
79.6117294950734 15.975445886559658
85.9745827492003 32.415795532847234
91.58599831740484 37.66991256368468
70.52087664054247 28.38218856172958
92.28159034692492 24.9519142636887
33.606149482991185 93.24820903025608
66.41943777146884 83.89408346052696
76.96667105073116 33.27291132902002
26.868832668236763 67.28646417875058
70.44796713628492 85.07560095272093
66.60552581680615 69.78691826369004
34.96572661428801 26.318766494693
15.448583112782167 65.82899207683042
53.42224257666024 80.2752972661666
15.720934380308238 98.50844940749866
46.112557147230284 49.829398649878584
94.02612766739564 83.40098138314886
97.02402325595736 10.91519519499251
62.746956915539045 14.373846100015907
46.5042201475453 57.13782647340724
18.706709162872382 81.37352416944452
76.6764591591237 27.160924558990686
94.14497106900872 87.29944761148975
52.389980669891024 90.87773788975736
27.63680494419154 20.63421343450431
71.18285729566529 94.34218054392471
70.95608978203703 95.02050120962551
34.93941516827515 0.2835731806998698
9.73077830329576 19.653095767083716
64.26405710152063 1.8291807712199182
22.023860367481408 66.6520923399049
0.17215403667976137 51.92326325556169
97.99016237391885 68.11862391392982
15.625985630542516 59.10734812339635
82.68324328077003 57.35932262850494
42.89202227361422 66.93666726602612
27.103505325768683 59.37001107607986
77.06777733961859 99.06719187995618
85.49067109162985 27.324704637536847
81.03074029059931 87.54988179160397
22.634008838625476 52.45497269392354
84.06210805728736 25.320454020490946
14.124669015351055 9.983448376207038
71.42879946792198 55.25102198379095
5.815471348652945 32.94203181970874
8.162739293919486 92.64048546447306
40.840305368706645 65.22563747855541
62.601644210738996 83.61130630921825
71.89451504235535 48.912637574689754
74.09182580814952 17.6024670155436
65.57990426472387 9.479576475554886
42.94707873224826 13.224013550627411
86.03407006934674 64.22636184213151
18.370651299563654 50.83963709493804
35.51046390175796 8.624010285121742
67.1823983542526 78.99236206296625
30.710413745821043 69.49463638959064
78.47306384639529 16.370829500170082
43.948869573091656 73.72133984937612
52.42645231657328 8.87509473821002
15.94318301131965 21.20544147137999
48.83677671131237 53.90417972339059
35.723414447002824 37.30179686293702
3.995898942990439 81.48545964125444
43.13197349230473 87.66463457740142
7.547551990654111 87.88882448727516
30.060629982904217 7.404462820274427
60.80129403169021 23.82807355588479
30.015516368022688 18.964339166858046
15.736310342122572 89.0106220267646
2.0414325200582395 9.16593685693563
7.918992495082322 48.33820733900684
73.45233932604059 36.45314333166594
34.782295534998006 72.2598596804804
6.401085136820339 67.26256943680954
68.77195603990542 79.81672592939259
20.027549772980223 53.88198961749815
43.739417704823346 57.87271728486842
85.67675816794318 57.392875583695194
94.82996462968833 47.53855563770877
82.09821363107403 12.860423268492372
77.09222998966794 30.36609981342824
31.20144654231951 96.74386294155252
34.6309068059556 77.11211574460033
21.71104718015464 75.10250134352205
33.44424464496991 75.92482964058765
78.23840173032315 61.62940515585509
80.99905764785346 46.70856971748722
13.236222116249774 35.801884951567864
69.27041197461278 65.85078401500995
22.838250774048596 18.567382307643054
78.03597228711756 59.78014047363611
82.82428567872773 27.226366186850882
58.76078569979717 41.40446410279544
61.898047066873744 5.111960115069403
27.877431254963604 48.17390167883959
51.212396243167646 1.5568054737026715
8.160073867299133 42.1167727261891
49.12980823902113 82.63545299236557
1.2325597665229893 94.45688221220662
36.187714788889934 4.844494178030478
70.1325882988612 77.43639496181483
67.241185018031 32.134797975146554
97.0026994673139 55.83719558747282
52.88095241231334 7.137436681573961
91.7847862481888 92.77080627821768
98.29146502357705 43.250394120713054
20.31858258879531 31.51540190311386
61.929811248301256 99.68383893107232
97.71987537527895 89.57297972104436
56.79921694887591 19.72638943927891
75.28110607400728 54.79484978976641
68.29041627129276 6.170142403709011
96.89751721740949 48.324502873969365
65.46992154465173 1.174920664921797
9.522982990442719 12.557940536619006
33.49998386274766 70.53375538554715
3.4984203534821123 91.03387985568325
61.74221059161064 99.46430240089764
22.490658728579117 51.199146796798885
60.63444098471531 97.32191983919274
83.23982403267462 60.692006601137564
42.22923025967511 67.26934225967831
67.33575928544029 60.672008961561396
37.994623238402816 3.7514788022196432
84.94157143746115 16.214417609966002
93.91718588619334 69.49041987135544
7.318241285799854 19.126983270351584
31.739025311355306 72.11219565627778
23.922710302123896 76.33342073393004
93.73835685669265 18.061506368015245
14.993467602857313 28.836247540744164
43.28243653163424 22.63830880822568
12.663404863057458 48.872842936045544
56.37332409818623 55.04905476840074
34.415101963302504 48.90464383432156
52.57213649439769 24.312564129336643
30.963202399977916 46.53440831144382
67.09515108651536 51.859469759560305
13.337939900860718 12.631346530218913
3.4006372931221884 54.05875551023978
62.014022354431674 67.0669374686788
59.172418001096204 13.701887754511354
86.26593269632986 59.47524441841874
88.30458805362082 34.8368994912887
48.25285574896465 17.833687634240537
99.21717632775366 42.214333945547125
98.66692845673602 9.259896176144666
91.56542466158469 17.029134488552522
31.289650091781528 45.73656717242864
69.71715221313997 39.08198792848039
36.44109091582604 44.75451595745545
72.47318980474206 73.06683533255543
