200
1 3
60.05014290892661 65.57226634362654
75.87031932793484 56.155716349975584
85.71479117084486 60.09991600339348
39.3483123096737 18.720673904227358
98.81003225761371 91.57610421564084
30.21267224088746 11.4054595987779
50.968111931280106 63.19712219806133
39.15701256240665 1.209337367532548
56.45668693872643 70.5262154019199
7.941301181911409 47.8516314947169
61.19964068489718 92.98759633218776
58.602150409591445 80.43507506390651
64.82271824360357 14.526064585495257
46.00617895518242 88.6004193087863
99.85606578227141 29.52094453175831
54.45181525652947 76.18092251995856
34.807703862052676 63.70097658093648
78.57435885698534 50.97137485183756
14.827383005486027 47.77104562108736
52.25489837648529 89.1706378569921
34.120331968448816 88.94507121106896
65.90461716332416 38.03262840520398
28.136035909740077 29.167881333740574
91.34716135937984 12.40997976995648
38.439263412176295 94.32465024807841
22.88228881526755 37.13928056269875
95.8505489361788 45.839970857448044
82.44342607219173 63.33547699109565
18.911090751741977 50.97795848439151
96.66671867062087 40.48153341261691
73.50067055136604 96.98470323823867
47.266731742241454 78.92152059194797
71.45826252764628 58.354344040051885
8.754742284889439 21.959136302303172
53.144595713883945 35.48760375997448
64.11032391874987 23.76663395872147
58.266198902826275 34.44494442757027
82.45067357648644 37.49139055997182
64.15336518140053 13.293726522262372
47.92274941795094 36.34523682954549
6.911363347227173 26.48945519949155
40.40136330218007 83.61996482245615
17.687778901651164 44.014222809579294
31.494812323654276 19.30444084464016
77.38357699891696 42.62178536747552
40.49864004605688 85.1873666584432
61.63931762180648 18.348289728437184
18.205265479592182 33.46980948154452
27.032646378480997 75.04990298865725
6.888297994046222 54.59956981753773
65.02500660909499 68.45401467167736
31.55138323992841 27.471512685833876
54.286675792758565 84.44583078265397
27.966781671170683 2.0211461835832667
38.71806786628469 1.8548801533633252
87.6164067193752 82.29030535603437
52.997487281487786 76.56107029464307
41.76525122145498 0.06222778810154317
44.96261542515758 54.971517907923406
94.74687119026851 92.75018381504
24.213666990570417 34.40684213074816
61.45324872957312 47.70908469567037
75.25907485595782 77.68060043835246
92.66405000642386 66.51153939176177
68.53767341466232 59.29254414010507
15.36174518160247 47.80982283501698
11.090695089202885 42.54935377915303
55.27967044156106 81.26931746885622
77.14390149984266 10.279073651410009
95.56198880678521 70.02452180574679
63.66115404336436 93.6080919444527
4.8430006452005125 50.06858049492495
0.5158752305781888 53.84797086978224
90.23362835572632 70.98550087750914
70.45679620070074 91.63803505948096
40.16316513831566 30.813796831393645
32.72326264044436 69.25962389632929
3.4517581776127404 25.021487586778868
26.56171259082052 15.841256277032567
82.67716744232598 4.968548132036532
24.073750947725014 79.00482035251022
86.88862466743636 70.95031820894022
85.46275485231793 67.50789387645095
53.30766671676135 67.45209105295122
66.03351704332809 76.44582012768859
43.41014820573379 4.098331115423237
45.54707299186449 6.583538041212456
10.146344522179662 33.736752740455735
87.95664426597665 75.97303852097149
14.806522339472505 65.23120656547997
86.46300180433764 18.54379674187827
58.180411184117744 40.76084450220399
50.16367190314599 81.7742085326473
33.98036512113538 12.917355254071028
99.12997133707569 13.685309035063998
16.896435241926543 59.92720780034626
38.67715571562038 70.80803702572176
88.28442825693226 63.089475943399734
66.98837180192004 18.578958877285668
32.32958292066401 71.16892081550795
53.02073569459389 66.81055744692041
85.0646208748634 75.22038760719832
81.95615390552635 90.64329192158304
25.863456084320923 66.7366629167293
16.596924940303026 29.639110817441882
24.234539492741526 92.48719026338101
83.42640074393084 27.942914207481827
38.10750669965633 85.70477243421647
51.06973231101806 1.7527320978512728
15.456658822778202 8.343043774864345
76.57943706062862 80.68087984574686
71.10167746236426 85.02822317076057
42.491992974305326 99.00125552930335
60.56237757990146 71.7183088287058
74.33201934419881 78.44700573273566
76.99952649190574 34.8692531346672
60.58201631831823 8.92960876250337
92.82481113980549 30.851415734452424
9.843607396667121 8.736625643461204
82.99766103885516 70.69541615268061
56.06739019337002 61.702790192770074
45.5052379970432 8.691999646774008
52.55988050797213 27.32705949794443
20.12911057797162 38.920018796389996
25.9304650749411 90.01503086508878
62.04775331970747 79.86451366685921
82.55619439769235 59.83395141172292
3.8173610803585056 26.881235822705186
62.50086694398267 88.81160140032532
88.2925084263827 64.03145807366035
37.82943452634928 67.72496477379634
28.56018905732638 69.61318125956475
85.2885930733354 43.03459956887872
37.054533886038875 55.90092872611658
56.434504444803736 20.7084682682952
96.62215756913248 42.123922970575634
71.07859846425693 50.22341211879318
22.082632387459554 85.11340950040325
70.78019619297665 16.18250278458855
79.68939714179119 20.151176627929914
44.13367059069368 47.478923494965855
76.82375749659538 54.93923413403496
19.902125118678104 6.5199905281007275
99.26020646851204 59.09979627399389
60.229037717565916 74.7871963805643
20.62564274255707 86.40229012903728
65.91569851917578 5.876030903436735
47.499545421552234 49.7280105199188
33.30258139733826 44.78443026411769
25.918087779806733 22.20531597763047
70.99508981486129 55.428029764134436
18.23774456918663 63.11631937087188
88.77912570494826 55.55518221786529
90.80810065571403 29.497562905808692
63.64720408176125 68.30294800798751
10.832646406452696 23.21309771962421
72.06599279059662 12.099859367715071
63.131168313692676 95.25680585911056
46.46978233515098 99.29101879367282
18.011159053627157 7.394661535370695
84.31340016414121 42.43613971368711
42.174621518800116 52.157348705297736
48.96427257680702 98.73101224506885
88.6924422190327 42.391663021287094
64.988597856169 9.941562419483585
52.99901875472497 69.0291364536201
75.21687239692835 32.889492785019534
18.54967405033552 68.7301315958481
24.225145997063755 7.312587969530782
31.558866511660177 30.294107886466513
49.27913079345778 98.04079135402846
10.231472700463806 44.469192626503215
18.469258549620072 67.30468535849299
19.10435639122159 67.74558325466278
47.597076450166 77.83716968921226
94.16414583274504 9.138596686811407
31.863402300995112 33.60070394694341
28.529776379564264 84.4433036078596
84.55121563138295 93.96296753624598
73.21963964802711 42.369826613266845
37.5847247732972 60.99140369521652
95.74505266725704 84.45775574094536
15.821744093045421 69.23639938237096
99.69510451029453 20.137842738132395
34.603324916752484 27.53621040473051
50.097702327117766 15.877627705082542
20.049244762827456 50.22857260011091
12.888643351537986 29.461217714973387
82.81743928180505 59.16762005412048
5.645542065487064 94.60069815143586
74.55023407348425 35.12942789701532
92.62506832369002 40.19628598866027
73.4457184950519 67.21793732904773
36.75644191797467 46.59341922696567
33.486644233735284 34.10541376027398
70.80032899961441 8.445402476978291
59.329846579662274 83.2337395990282
24.665506613443135 34.133061436316005
47.108324988747995 59.95924741335348
79.39867420118887 16.522014471319935
