490
1 3
30.286681350162414 20.854587750344166
58.55919010463351 0.20652500611897384
71.52900027815893 49.99312845699115
50.310253274435965 92.11395089213734
39.43657296289042 65.71550179983885
5.542924944158845 95.82382310430802
22.989271033430715 53.197429988093205
47.2356996541643 55.72508860762784
46.36138277454056 68.12498234708211
1.7446175340315007 76.96936364276962
41.69680009381245 93.4483390711794
55.81992890313017 24.592197264419056
24.46388004407922 99.89950742194407
13.564902112101906 83.94028966351799
66.83471726236631 69.2162409820772
33.34845241947952 76.68984906167489
44.12949948250382 92.16997164703129
0.17663777942296122 89.4117404750386
4.125287132367816 69.80535809482183
76.05328946519197 21.38047285586029
79.58864907906553 70.4221344369491
55.35865103205522 95.64386441372368
89.39959223384164 86.12077568110597
57.32853384219039 44.78740031975488
25.017165418225005 34.51491939941731
35.60439481104356 97.05242381163033
10.43188448334793 17.982040960986566
94.61599794326317 85.27551540913198
55.89928359443612 25.7263536209158
85.52910396353042 91.02485920223282
2.3545988043573773 43.090711798093025
18.621378446769455 6.644370698633817
8.540488015429503 53.14545623328748
30.11695715523277 2.414131643790385
36.388989191398124 93.93232628466903
25.49871146207119 16.5883432965936
11.291784454124688 77.73810133651908
39.56750358615195 37.25585710416857
94.7716153926772 63.95404209742461
74.77676572188334 35.8587121544792
23.725531103083707 66.88881459568812
71.2644224437546 7.062784846357828
68.83124179892195 91.79747807960675
62.716750149101344 7.281953795416052
89.71644401459564 87.76718271798525
17.63518653126328 58.15314209604854
45.99022728828599 1.536042562354334
56.35605932697134 71.97893911053941
97.56981694360343 98.91096308138853
90.84445150326583 34.11064939247084
28.941623920508164 79.79769608899538
67.00503858164828 32.17574964844414
70.35060288769333 24.524656955278257
36.70382719517424 44.123118474145116
32.12318485433299 39.3098164462059
99.9803276832089 47.894026714323815
13.961033130804301 9.301156305802195
7.76658098054257 42.899168255706584
80.03282163777243 97.49044303288194
70.86386084164201 37.99023632840848
93.23873147293655 31.715307642521683
96.22508298224358 60.16513275297004
83.50205502573169 46.83614299577237
89.16818765563816 13.907131387109416
93.2696897747566 91.2888196044409
18.109741000529446 16.640711896255755
57.25059486909407 98.1825872071011
56.19587351243378 69.53572436758387
17.469847048526876 32.09501528440237
91.42953605658104 77.13523620515308
87.20463424871039 5.958236707662579
77.8471923291999 40.97532819054008
29.2241663589037 56.54363066507757
4.073978291771629 30.06781663625229
97.40394899098675 8.911628186974374
43.38551417798671 85.84574590894071
96.69610395590273 20.34615280804333
97.32222983962933 68.46005216410273
48.61740397783028 36.315040499531136
73.2979302482736 88.30131026080916
93.3604404855032 57.20186530558264
50.118389467990696 36.847799167554896
31.533825669473316 33.154955380515986
92.8833714747129 40.58935653173388
40.01215615940312 48.266607201096726
47.90221707643132 5.1734406430749
30.02452971439471 73.57187584328425
99.75716329801887 69.22962188836395
72.81802115835923 41.062142441629575
11.999997628823778 86.8121170144179
33.79376777258227 33.99911983278041
42.83606237614943 50.160220693976896
25.48040700040499 78.92063891371966
94.07446699137468 7.866518258126387
39.53418408138529 1.4470729029509632
25.775711672383416 95.89471280044901
61.53070927038724 28.311219631855412
45.1302534828921 40.80394837036927
34.407696423616784 67.41496498760029
46.76537712180517 15.151392243925098
52.79530746724625 85.69963246794188
26.729467510724113 5.448218249960068
35.60204750245914 36.292682863674955
77.27123405474279 77.54635088630147
21.315118190224712 17.762388894549865
32.273286999719005 83.0634024665202
16.33552956077924 59.87101265764709
20.539717881046094 93.99098338746879
31.746238382394054 84.0013774530556
43.85302616321785 6.302721450159865
0.5106780850627768 11.457816329856762
96.73216035697945 75.92797727279668
70.48280356124876 3.2680936335317323
26.14136001385163 28.023024174201506
68.23461051951682 48.93595910889474
50.09594031531239 99.68571757644733
0.33804738838225656 30.768434555695755
5.284655308240205 76.10421429442601
60.10810607853021 39.01028920943035
54.11958891336204 9.811871500982239
33.56754936520265 22.531983879901986
33.2022926641467 45.461494973160455
57.4235796679683 69.62254632000993
33.25777281416118 76.36428381858506
32.86718475844745 98.02646970952367
88.52302165604749 98.69077009500573
93.70676915932404 39.843805062530954
33.50679603387745 79.47877678284836
12.515072778463864 54.287125027705116
29.18106055548073 52.8160744646397
94.69453626005262 59.05612325904534
31.849013296229288 6.476053015936967
69.85029883336217 2.4028951880636473
39.195638251958975 53.28149238067179
16.441475651010883 93.01499621590108
81.42640358192577 71.42286436755876
68.96943186456987 15.636572815843653
45.88107365489278 88.52976770518733
57.28227368217451 66.65652913416469
47.80609575508548 20.69249832189639
43.297129810551446 20.081526930606806
52.242162762462385 6.112232865634293
45.70486141212289 82.47713168757373
86.81158988233537 25.105251776379124
9.318719358760962 31.561883668283453
64.77465380767649 7.511158994216838
9.483369953268861 0.8753967816037989
76.78929393099585 74.44278922876921
24.583431421171632 48.84550980272433
32.223400891592924 91.22104082049043
26.216066585632646 19.708794879560543
35.645237725498546 60.3859938081837
93.21024354256173 38.10278668505362
8.390470344015299 96.12667999006834
36.54383409751989 19.73636058662338
20.708761975263524 28.71149213247257
45.51373574596405 81.58033054924854
10.658200426426866 27.69660915943286
99.7119955077371 68.36731012699121
67.47902443306396 62.293946341309045
20.83412441361343 29.401248937219894
7.144200505227571 48.503809059783556
46.27309416307725 15.499567398815039
48.26884534945728 16.01305826675481
94.08650466200778 40.67702180997641
75.27579346475963 49.70462812902887
57.74344264046625 37.07863144511832
69.90526637363268 96.20290036260306
21.519788606980118 83.88245198677701
13.740724464100463 3.451080615328661
19.172704255753704 7.0086735339432105
12.463923821443522 86.79834558502364
75.83733504129864 13.572539655450644
36.26216615205797 26.541046446585923
49.76889853420177 31.360340691285813
68.21191149982968 27.644870803427036
38.43250953294775 58.25549949964473
77.083011062673 34.233060236336456
24.219985283706926 27.83674861057479
35.79120683773116 80.73819385019694
47.87159335253865 93.27948169403022
47.33404826537502 63.244770277826575
29.650015833128073 7.318098073473456
89.99472773176113 43.580216702608745
53.909577076906444 55.74365947408722
74.40401020105543 26.15638683884287
52.51026300062753 63.997328103470586
49.005023806619555 29.117160348090376
10.31306766918636 4.987681843911718
44.07466572419769 71.05318229827292
48.74602318088084 72.1454097669918
49.48855209238596 36.7004400976819
68.75130356458816 49.72526388366738
57.9526188152514 22.73857688230745
51.46768387882288 24.40596405016755
66.22200376929617 69.54295803188269
11.825791264230823 87.39510689196435
48.20256297638892 1.367425755510454
74.20095118582802 22.313856285010992
25.585289994560867 67.07243016504223
76.49437217690156 76.20540548991015
46.919647414091095 16.674849908068555
45.42150952038231 33.34010759109651
96.31302568236526 54.892287569467044
8.341512204013512 20.309636420825484
93.54310704940436 13.024350947957641
81.44886739370246 86.30973620812847
59.09198827319195 9.979182665846785
14.203642160458108 4.304968975136192
41.44307867453332 2.2612974176553946
60.55807095180883 53.626090955673654
66.64487442541758 99.2993283104849
4.53877261744251 5.855753629623983
78.95543626357042 83.32776368049667
36.48285188849341 2.603218133572316
67.90016741433045 37.198112073580766
60.502494689430584 36.772741013048574
22.703335293038364 76.98899383911365
58.87950497305068 85.94166117718827
96.12158840602712 49.05961497543554
2.5399639853274536 27.101718091932558
54.35135260243567 7.307520400155387
62.029426070980875 86.66800909509051
51.68302553823234 59.52586404358742
40.65491663109808 25.498230019287284
21.317619903057363 37.266245579977976
41.95919270388171 98.52745532501845
72.65097485673337 46.93526476147365
54.11008575984289 14.033349655269213
99.92992255226638 69.02669368018547
81.96131764579746 21.196389981890906
0.17675170066617785 78.24123948671667
93.88465361653971 80.7449604651955
10.251342606531132 55.294218242354496
11.326362354335595 70.55019957107235
25.095130817092425 81.01869040907808
56.59954060104533 89.57993049514896
8.213886428697915 19.341968808932553
15.704937285725528 53.71711725199588
5.9848981999625295 27.63700203091586
30.497628699381462 53.15976753443541
23.94533702492454 39.578338100408075
16.728991081821377 49.37781287346312
88.13715723532565 57.808716725959954
67.13620484367084 38.62239242358798
10.403192114168668 83.1582982948484
12.537403191986908 43.21608859348225
33.60478540541574 89.3126423615753
65.32363478754047 94.0537404225066
93.41306668784067 46.858793725178714
79.90621145269591 17.584757685901643
17.223480699423966 64.53832623562018
72.79492548669377 75.11218287790484
86.72087940795726 36.38418896937552
11.7289066871054 88.99609272817422
77.94355474256133 62.790587495323734
74.77430046606011 41.42754259025241
99.42723174488799 3.9358465932296083
10.1846192149329 81.76639991990551
61.15909163021729 89.42874596578663
47.790206473695804 25.8052003426273
4.0533588632673645 70.35633898938013
78.20236425095936 58.91194696969959
49.457075876495324 13.07506167492285
91.17951239130839 57.65198045468156
57.01375121042764 9.572217964047658
83.77289155063079 7.1399428344373295
0.8412582313129358 42.46331246183854
1.2406791460273237 35.01514955925171
83.20517943503323 1.8920230783370906
38.22643001915853 48.32839641793234
80.1670959789099 8.062460677666738
62.2248228226866 84.15568914715263
99.25891915233704 9.28813876699406
69.0285167316899 8.434435322530431
24.08647210587842 41.37044583758749
87.79122801953143 55.896570083914156
28.1592055099533 90.95068188888979
23.285902044155616 79.76265147750155
26.569508461140543 41.940801977317
73.9753992192186 89.64508207979047
14.19016078138684 60.71730017574528
8.662809488944422 62.780106032822914
21.287731931819962 0.27571586287884475
72.99491364466542 51.226289268064605
50.20564920627828 18.160378268478983
39.63496836550953 17.315494754152304
7.013647750695928 48.338723585270756
21.14769687705973 31.815508910418888
8.387219284248326 12.396102181965496
36.89387862707285 20.011638106696374
15.40164274509086 3.770821960592108
80.21133103932524 20.88680359700703
51.93310778701876 42.51410476320958
79.50405175961544 9.462777191981608
30.97301362601057 38.00566697039025
84.15757122070484 60.182916860620026
7.356274266731488 89.87314838404932
85.51460917444906 1.9331345838006886
85.16651108712206 87.54539983166292
7.092920571879491 77.64187872668116
35.08914302700352 89.45106121524724
70.84248664042232 37.98148688286187
33.0360603867011 47.726572163834646
48.004825212311644 96.28753644186044
45.75014592422981 46.99487586239663
26.44596290449146 85.38765474273357
34.861729444607484 36.52438888167519
80.31966155781689 82.41978213576573
9.647389142076591 14.607000086067101
26.56092039583595 98.14739453915044
34.71814101234179 58.63697912001038
77.81327678667631 83.07905793821648
52.84744406476949 92.45741192439982
56.948941259456866 72.43461304899903
33.97554323984644 88.06666723831671
93.12211228866386 52.040211984501774
71.87730115707123 16.14427672132086
6.056715254375389 92.07915592577879
70.13700196467052 3.239685041614626
20.43377048046313 23.071571237652865
32.91791195766231 94.98793288022081
48.31562626480306 82.2461284323452
22.196727812376626 56.065982663026624
28.70259592975428 55.83507263185721
13.783286042143361 14.534698910616072
31.896546045393492 25.501269295292374
67.74024563897396 96.39331636731896
5.640271415829923 12.597737042691026
19.67378743746526 46.228539905647594
31.07462681437434 4.614801073910835
1.3590107489478198 62.26486285957593
99.41171490238081 78.4371759124346
89.85976533820886 1.3982306444513481
7.913374002026652 6.902600938393122
67.87530923322032 40.05027021610774
34.31315341563577 25.29820496311239
24.756979283815973 83.26448691293255
97.23197220416854 49.008412895171396
39.54442212673817 73.62062506823663
57.845192534160695 52.1305438776444
35.26178855340139 83.86489707943632
0.8241608221750463 31.17583186091535
53.07210965028473 91.63305472239622
77.74610869570662 46.627443002841076
64.50575246968116 12.945399587619644
79.63913779571641 14.262697777271649
55.43939697902842 42.50867245805827
67.50433730101611 76.50188652092164
18.841188179666336 23.55272436785214
43.90131630329612 48.83532708429905
36.43581526645874 70.41821877649679
83.09235570353547 49.09980146124175
71.54303281911258 28.644790293022247
47.28849453368036 1.8978464876732382
84.81080487174515 46.77415933188587
57.022201270572694 50.03100752553078
4.019759608368978 86.94883078559795
37.76806507818557 35.41977453903584
42.43058338702479 64.82525553562022
44.070122331075524 77.91664457057068
5.729797785281132 58.24122102157987
66.10036515728426 43.71935112534413
52.10717098806696 53.34205170238424
91.73771393434981 82.19881899851246
20.964354005454133 35.89602502920355
2.3143880195706235 33.8935331076698
15.63697407810929 68.48244098136382
96.29713508472604 71.5690521897175
68.0443783375208 21.074981353197696
10.076652187701285 75.44269245246082
45.56309937448244 4.524301606534364
29.264776611959007 43.08492572885903
9.241644703331996 11.717399054135758
33.065711334174864 32.0912141581615
0.2454203314207648 58.118180913925045
5.262689053052871 55.9609670413944
64.4736305868296 96.61084876203722
59.46481517565827 83.32143999426916
41.00779629873554 46.75833379730064
38.253965833152414 62.89060332427263
75.45878230501812 38.872516813507254
39.6499743455786 2.9720388813111898
64.94729355461158 95.75049561393025
1.012487711810084 15.58269556102896
25.94819379865305 45.14370229025819
42.886137346170884 17.25343879231096
32.298253134393676 94.94224330505526
55.01013536301444 49.00947646541691
30.65779030669813 30.52241440520662
78.22281181905788 87.93009203640321
41.79946379674397 92.66112872640883
71.19288532813519 14.251982485278214
36.917656282933955 85.04202296414579
31.210002805085747 58.17646541347088
9.080014128469859 67.06525710753854
58.83906385915334 6.682562939335046
91.21208028284904 91.1730478173128
39.29158993888515 40.175735233631386
73.01831426461938 91.94020482990659
10.411687142272319 28.727762672122026
52.672137969002144 94.83708918221467
69.05325608927642 14.486861224110958
17.064035161485446 91.0497012281863
50.87627966499386 13.159336252179376
95.20391850682479 28.125047456354935
98.71027265833376 16.8843780018501
40.02552049529653 29.08607950607425
25.400010469213406 6.892291101967607
4.0844090447870185 43.591710299768714
14.195614888396735 45.09619110215504
15.211216535626981 57.075772273348456
51.760665507126234 50.71015890171267
39.96265722164174 77.28172514380557
13.408824257661166 3.362107373636891
55.88589763920193 95.42643145618896
50.17340146050171 76.39389503000096
82.7114207668848 68.78144177781832
44.41940497496668 39.24427482396826
91.80083081409553 44.8606291878036
91.54338628890922 53.22861517487798
49.110037750323144 18.026237708417803
42.00984271245489 32.632874132895154
79.19496267665949 56.30215937355105
3.5865530236385057 23.166319680017832
7.835210678186577 47.952388292469635
50.583684734799526 74.3751255444739
72.70462033080945 91.42067383812366
88.01792879893216 21.83550684447304
76.36190404785917 20.946165598202903
33.06573839694871 84.099011979194
4.5789124620388755 11.456934961806198
57.51001718476358 63.6750590267511
47.516381918319595 1.3799691104779743
12.4867307145329 96.69317865347801
47.693445549915594 31.454350399608266
62.26541147841675 45.64176619976816
35.73104334052768 93.81688420828496
15.589742816001717 4.800560448779856
28.67929752143976 97.60802060761202
60.34549882246636 2.4436733507168906
19.18635055863469 62.183557722879044
20.99305465749215 57.263112371441835
35.71855790596885 47.69902051294741
26.244234467304615 72.36292117429582
67.88290121620571 98.779025039473
46.197143778055064 50.652614070579524
98.21339212354722 56.60157547350575
72.20801415827951 42.99505893827749
58.082327712867745 30.46544691015591
95.1849816212885 52.37303221812737
68.45070415561325 27.50055687034385
64.64014869921475 40.067848839066485
25.942464409963307 83.03140733138157
36.9452452677564 56.53726609866463
54.7458589720025 71.71284051703549
85.691913542547 52.314090096273304
66.40486696905872 42.129600127100545
70.75813023330522 39.5986581421365
2.992649036354922 87.01906863916639
45.25589596975652 18.01477168187249
29.286716778950918 66.17234779914622
27.56459007162537 99.38112873662757
46.04633944189529 60.698451831424215
49.9771508946842 50.3337646435007
99.39808371389825 14.601776845145942
11.339834867264397 9.703198283037008
32.119446624255986 66.50672717303674
11.98411973664606 69.85064739008273
63.51587481727825 32.06217884156606
75.40281220265739 21.404664259944916
92.397793209082 65.02405432685845
47.660820487019805 94.5765725507069
7.503920126356345 51.2327527887422
21.784221042074027 53.23419660899851
28.551463978598246 42.31383984861272
9.352916920719355 2.3363870121617225
16.47531772628923 4.812354075390823
6.552093893008437 80.98753526009392
96.45213245117634 70.58916634463661
7.048718755455874 22.20201873695631
80.9944876276309 36.57900360863287
4.5753200485676215 41.7420093400676
71.66787064677096 93.51017286237462
24.935505250793575 77.34211193183197
70.531135461797 24.765137058512888
76.36331681771568 85.50939083997908
49.510405990919296 1.5459485955844343
94.98527143374278 61.63718782244678
51.67803167600857 41.497501987179184
