130
1 3
94.35487283574314 26.64574900214145
37.28008868879347 0.22062092617289863
23.43836575342437 58.854430431078164
87.21568674523073 7.990467864398743
33.12629678142143 1.1584488780014723
66.35893583139224 37.65184823627534
53.84773564556933 16.72574711175796
20.899916199867064 34.89736201971569
90.19289593879405 28.881760139658862
23.049618546004336 53.62420590821224
60.79459133035463 67.9420337914531
19.88195322270432 46.09307824054352
97.0384140687427 26.8704418815509
56.02256271148796 6.351859411176153
0.4149247749919649 74.87300976467886
5.132133367504532 42.492620028854724
81.13250110581522 5.068922612024918
94.75289545740921 21.254256544186646
13.146264220980285 86.14218188108546
63.74771658645895 6.366842954479179
18.655924893948228 86.60952600243172
40.427084063692796 90.03495656757221
12.900024915664776 41.71859148428065
86.98057498500403 82.4220069926855
10.394645803384627 80.01438587610517
16.68758841902833 20.63569128323781
76.03081912206744 72.36428265546127
67.34326766585863 14.283430135664288
50.208431539439566 56.34347008403293
73.01918411466876 27.129406371707752
36.62701960695001 51.901566726259276
38.49331300970249 33.97030186480718
84.84481905237314 87.64459244544982
42.135925327003676 31.68760076937327
6.85966032437213 45.49324225241105
40.247259428632276 20.11747586107542
27.792838156442468 59.21138234645766
44.90548522657023 23.072132976119917
3.7913130143966134 34.5000025813722
19.747897860846386 46.895391347549854
12.822439682624797 3.2912392074610386
24.13549925596259 9.602006016360122
92.83809692946122 92.25240016750892
43.78423093199406 32.10101627721427
27.160166619451797 11.988503350528944
8.97844689426137 65.76025043555475
25.356790566935118 17.551035789454605
76.401847601722 4.703479862087101
19.310787606466697 39.72792631590263
31.867312520132153 26.494963873841627
23.07966382597111 26.38421384739975
76.37216124546957 51.468909099353425
76.42171541415728 56.14892836832857
47.93570161128835 7.555484611599517
80.08523956596225 80.89047767778194
47.85150819592818 67.36198713464725
88.54792970769991 97.764573308124
71.48325325427687 71.1209833531578
20.152827781357473 90.32431122039344
12.718812370487154 14.666664517042038
59.90342796984673 55.606758799765664
81.54409387184202 36.20944874618668
72.78656395790964 85.54500497227107
14.843377634464016 25.985503452576285
7.650598736189895 43.95574737483112
93.96764272089595 60.75830457566121
57.60374736409499 20.276421004958323
44.403730372059094 66.42041915072411
4.682404093427017 61.23566773304208
22.043247697150647 71.89010613733144
40.036836105263454 11.530547050590911
53.93746544112459 65.63007184487262
61.8830064317538 45.872139498633736
17.186660358748096 51.62279486724164
75.57828893248137 9.177092841296087
39.57686508256688 48.079760180809195
47.06427837957212 4.8091839852657525
91.25295619716863 11.386911635839759
30.146787073878034 61.13889064600859
88.97549198887569 5.681075998039731
38.25695675523886 74.29503494435959
52.72690572511618 41.50846967505297
69.29901417394989 1.2591138552710213
68.41614060959085 47.70243562965244
69.08258931867633 94.6711265196033
12.94743298141723 44.92710250134466
24.369957165997658 12.292707851410544
47.33099729025121 81.5974531648305
26.875710057575276 40.64950261798661
82.18080235169556 11.268547186443634
85.26182228557306 28.399134424077555
10.653951218227743 79.38664359108951
47.71654740196205 49.8548200387509
64.23677454146039 63.62648828978175
67.35319623573481 68.38151225281722
95.44697434641837 6.46446819105555
50.08273065948412 93.93167020271403
37.61737662931986 78.68974946280154
29.62618915265063 97.98527582809436
81.27250363401524 4.178346272862665
82.14859231921903 43.20922293240941
95.37013596875387 20.313883693017342
74.00269239200188 0.2445344932889837
14.49330442600061 19.87461899105698
34.37114666945658 39.097719722342106
51.68052317751213 91.7213777747306
39.61625258929222 51.30614012294006
7.273567842172657 14.840617268455759
13.572065389997467 81.5461093066119
26.959181978559045 23.86701624272556
95.71411367485045 79.88326414018962
21.863073015185396 13.48721073194119
71.1427662066013 55.77535170725905
85.38606717542365 58.526100877921586
45.702900172256086 62.64099037488875
2.831698499381563 49.62559194369194
92.33637837514539 85.23959483302094
41.646627494048836 99.79603772267498
59.18687263506364 81.52403898097427
22.405179289470034 38.35533949688661
5.814507595367591 72.76593200851525
44.03746222347371 17.84855454061436
31.198196482066166 55.223941324288475
40.10029547541456 67.55903684151932
49.7560885072702 40.604234404888494
81.65843602689608 77.06838775551674
54.78023363131528 11.567000856826803
31.310954461392292 83.80193332592489
22.87187288105641 36.60645817983343
2.291974919205364 96.26918704175833
