240
1 3
36.87453867468944 38.88751341639076
32.474455343053286 66.91561660399925
70.81602728758492 56.05651359863772
21.51225567419317 59.03425981526025
92.17221443122143 16.172577684890733
35.380157823920186 12.500633075790946
11.895044915945775 31.85224922510912
66.5827503858818 34.148473644308794
37.06250888402136 20.34431275299515
18.854025288578512 36.86190814013808
27.398179996959794 17.546037785963907
44.58724458377028 69.59519817966073
97.18277920338396 18.100299724974867
99.8193294022155 26.1446745104853
78.35035837856441 80.96911551193631
33.436491550778854 22.61767988303971
25.895692243043378 55.54491601152767
56.08228359936398 35.935761312230326
36.28056627402789 34.845717178101786
44.84518172231078 5.066290394242334
50.73135421808257 34.212491822878576
32.272386936561915 45.15769460490273
49.148173077575066 27.837689374178744
30.56200251727286 65.27971367945511
69.48171318191143 39.30808063013613
4.06495269736975 16.036743738155135
95.87795137135546 3.793602038265309
60.95051499408808 73.25055965257778
98.29402293379017 35.16817915142274
26.90310718828508 83.65770853679173
21.858202068744358 56.412294227417114
77.49976723028749 77.74392905118894
63.09990592704098 19.46660261265256
30.906146397459523 79.11787342419045
5.063512342744247 38.05181079161626
90.23507550342929 55.17554247628396
9.297472999825395 79.2811018216224
30.13072997767661 85.0388739873122
56.332771720550134 58.58482453012266
42.97169806207648 67.47525409897544
70.22975647629572 18.789212907701348
46.62574153787278 23.654001718968388
10.694988714211394 29.28012285123396
91.08661220997935 13.984291954141659
22.534672235831277 48.686032665954656
95.4484140696752 89.3185816106539
79.09829933961747 43.989494335738314
22.85177998441661 22.941115365855946
61.54580603033133 14.269390759992252
48.93599383218383 95.19935462736619
26.646968755634948 17.36067900039251
81.61278518743711 85.78207983946187
13.603515349286678 21.672450836858715
0.8178240528865954 16.548041365287467
77.67311491529318 95.09724985160727
27.468062000648064 40.48405676388893
12.247583662522278 3.2526462417207913
73.49620631877592 46.808461032727976
59.13351768772641 68.20382877972035
15.655132082475976 59.75483534513604
94.93752203157557 12.895011040212111
61.54478536890944 24.47034768318883
93.427824955844 36.229714551677475
40.17225697316513 77.9557954164518
85.58867169148425 14.664206948239444
99.03670958231797 22.87230560913558
15.740012995739349 37.669101780766525
1.905308047038945 86.74552508954132
39.923976565219 45.842296672096914
32.76831859564338 21.741393919905082
36.32281994244988 62.24660076859409
14.615920746775313 21.585528546726973
65.07404117498668 49.49011255129412
88.20748165755323 12.814558705728674
72.7746607204614 48.71893426241265
29.655858592331263 48.794404883954215
14.1346459564764 90.63067229149404
1.0521630265388993 60.84460478171443
16.23521848976557 67.65180864182652
54.3458635738016 29.935816351850164
82.80373730244284 94.49765418926721
58.02891423790124 8.40791929409379
75.5012599594747 58.054554926716115
52.87881902574234 41.359220388139036
56.04612515016496 80.84216504776282
69.14167987010538 97.19347300077352
58.538946188514714 77.1355000631958
91.9969474164907 32.33773110548421
95.77833176692468 14.423165268588756
45.00612773856412 99.66558053087311
79.20248775487487 59.18646935841012
18.40599361857429 38.93420962825245
15.973936480618644 66.11277791553734
3.459557264053381 6.199262905591385
48.44885444999043 71.05718776861387
8.593268853876745 36.20981949114104
20.09752123896016 16.823927945249917
94.75730594002809 89.44139873353538
62.34477768077613 29.648444212774084
41.45629639086474 70.22042275443985
91.24960446718899 79.09964142129398
60.29718734414482 83.82534891232054
33.56203546630383 46.327249077188505
34.5584971994503 81.76440299454913
26.579099483883528 28.066870097111707
76.33425513715856 22.987745388973902
3.2922775920609215 19.999348237436543
93.72007817779897 13.052508369210125
47.963017841910684 66.05161444996703
31.024523656185686 67.53141383363179
40.76127497001556 57.50936595155138
8.106769515675882 22.33514698817627
44.29307730954524 35.6639903166504
83.92091179672579 86.38006749168238
52.34388649209058 21.077380788722056
13.814607742852992 69.74759947296174
26.511822603161228 60.7323645184342
16.577941503155103 81.02216019804295
50.59162823600569 65.87909144629371
86.3242560110812 53.041161139356106
67.399227392108 19.46506623920139
37.446124684752014 88.9307499868073
93.96085042128288 36.55144419466867
88.57461067631753 28.10087414382547
17.23827120724557 52.76939679964232
76.62532110148736 17.769282073621675
6.080341751844798 69.00039014321679
30.170688428331417 37.77597474329362
38.04157354806639 4.167985382533779
89.49588533451423 3.786058239092238
75.18578822004977 9.675638191135683
4.500098271613773 59.03308984885356
51.12441078023593 61.91714017113523
97.57136569354768 74.4991024593831
4.42121924372425 96.60165958739657
72.70989847677805 26.621485110460895
59.51310711196945 38.17396606953327
9.738456752417202 65.19730874010958
48.218577533690656 54.56502437413464
4.627993884527659 24.230587916768954
41.987209598992024 93.02451871335182
34.64287593113444 55.25690480517442
78.39405045021279 35.90018282869008
14.009512471878782 99.73318178590472
6.172043595184529 93.84453103193009
75.82281640711166 24.64437508006987
67.88800373897466 43.75594954786948
2.8403571301778063 33.440371287276264
28.871507035015796 16.46543326925183
93.74974999780059 22.23634962946941
62.09498139060003 23.875036258388114
50.55767816939281 69.95274080873781
99.27302354570202 66.81143629383428
93.74943089072347 63.60296912324878
98.67134462796923 22.375893462361486
37.89822569497334 5.248081163238627
99.3148670632269 6.020345445725361
31.97858902541 26.6630927053249
70.69182092938165 24.22183982462265
0.6796266539141449 60.132227808656836
78.03747728916888 30.72088951740326
59.330047088115755 62.10143416665763
89.51925479687117 29.25669631137795
89.60111896625229 43.53765188879086
26.971272297230463 71.379007665577
50.5620618710239 65.26730069050662
85.92986653169064 51.87039965022
56.97260520926304 95.27686252318837
27.892655604254955 94.03136503386204
57.24589109005485 56.64642489308112
13.125531290834846 77.21584603167328
78.18405244644822 79.41809084225791
5.916868521245688 19.0668771147533
46.43827717397362 95.18780305772827
74.3275972998872 55.45380205017201
21.70878170545736 40.18464342407746
64.80059004798677 88.08428979320433
71.44708400385053 5.540820062837315
13.953090091976117 4.9006132208066155
69.69133953184159 70.22505166374813
12.863117835441361 80.91332610632058
39.196278860850086 47.269889024103826
20.09567877142553 74.82670989626408
97.68489778741889 61.0246327519939
64.36494265699547 21.963935541259506
80.29316405436235 30.151118302164527
45.937057939661074 40.07267502003391
78.77620291959238 42.493795181620996
2.92182198252795 13.489159738406276
71.75674389568078 32.11972042987406
19.04336412617278 77.03182978591956
58.404028726008626 3.127815121895283
2.709193036957047 88.42658284509928
47.033515636673485 0.1066734452947582
50.69385883810369 8.654235747554306
87.10007900111904 37.405009863380116
72.63551989375603 12.956945328638314
72.10190164572687 6.74091295448942
26.638354979720358 52.08424310487276
80.78189192231424 67.66293920887696
15.828682095366986 94.54188203370538
35.125264620380726 74.33597643341692
31.461799241714814 32.69565358474189
60.313962550552944 64.61403212350787
5.595734441225164 12.50287195059725
23.389724514882857 30.791667205250086
77.14676664026096 50.848370399063356
46.49777258441159 32.9762052709603
61.21810105996459 72.40588781160963
62.6384181510599 88.11378431649682
91.24204293174802 78.57334835034399
84.02686890982112 16.311437234227345
18.105673778813625 68.2664477776293
37.87318096580377 34.550345087951875
71.3146903615836 37.59564455963624
91.8637489159867 32.1231648673052
76.5973240422275 49.13982557316774
31.07066608610287 74.55545040402016
72.90733180402333 15.245553927853983
99.39997475220912 19.25415819720737
36.075656418903954 89.82471436508422
13.709729053982045 46.374281620212244
95.1283904021223 13.742050257808437
85.06285398940727 17.497609089256038
54.183330465219946 70.82895128548769
3.73840792219986 18.00232223871978
62.421853792245784 72.5938706388029
31.81947604268689 91.96054191711049
15.436409923031459 88.64678610225036
11.1209907217922 15.138095770694449
88.10965845822804 27.007101401425526
18.298491407545093 97.37822715982416
59.12839592596841 27.432887866821364
63.769499108233504 52.877620012650105
84.90511003684011 31.94216444545528
61.1182326260493 30.73733688962419
67.24261053078126 73.58401407135035
95.75297983241897 36.02708506276366
57.4496775347114 52.40525028195646
25.25161517324466 42.32788769193046
