870
1 3
96.8560798811031 35.310084571032995
38.65457211562393 13.023853059275003
5.832798237052517 16.08215044054837
67.24599758857559 60.09781739919289
54.38626247418785 57.242743588021106
35.947139372142644 80.78265476116522
6.803495741826859 9.89390147134075
6.330077838114234 87.06750075866974
44.72094831629179 82.99610445598628
61.87766231006275 8.598367807564733
77.57273411964553 75.21709229999043
25.0321646860616 70.86494202591334
22.494666809232378 22.154377661250678
13.497184212941082 61.439883239582095
12.912565400577902 63.60223754493162
77.38689415285864 77.00390706455933
95.3523872673933 27.528063573830998
79.53209102616057 78.14885679883623
23.44624348877522 51.860236173505015
7.944209043775796 78.32719265096677
36.05050927625675 70.76294251785215
64.20836183942637 54.93267011289467
78.75532622320063 54.465472144361435
82.44498346409135 54.881284735908544
19.86357270294812 3.853009167821564
60.61613229871856 94.1997267745101
84.00957370131155 75.03219073900324
14.006753909090563 17.652760204199392
52.28456290955936 28.39976462474796
15.145381070275366 97.75839011404845
27.15246069476511 84.83715967947502
10.050313942822985 36.56789146863715
57.35795451536643 92.5383706739081
35.99331062343223 69.26343218969393
26.733489914383558 18.97170437372626
31.437244119006323 72.97420114504072
8.371861062582319 98.5793137615
92.46824664489588 37.39844576011584
22.625199954430776 99.39146820358596
9.827204946634582 54.69232640814927
58.33660538540239 49.16273187218323
72.2485440176649 31.909053430329347
41.91345662178969 94.0263615590349
57.76038406624884 87.19614621262124
35.19231000147378 84.43041924251338
30.52545966497513 31.34216945939581
5.383068120295764 4.247373455659131
9.564410436384897 58.74591340211695
21.101501780509135 98.45419268767466
86.47665042203323 25.502949376690044
25.323002356983903 78.03671374532568
50.84625217646963 13.981321962559011
94.28868685269943 19.441378772185992
41.003491407502324 31.951937413262964
53.24410071001717 73.802482719395
40.622131774900616 42.561085563748556
16.4730752059834 33.280531802820114
24.76094311348063 27.515492369997354
19.093856018605027 99.71780352368908
27.192725110919703 99.93513261090159
54.03613447503544 47.33641847210226
2.8948932666824634 94.24327374264784
29.619955812850264 64.6243781474379
73.52562454614959 25.233726946223744
54.50110358608586 38.01134949199405
44.42312220320272 68.66870194439723
6.337118537699626 73.57899087264616
42.219392258311814 80.69083957252523
46.824845631828005 68.64439864953525
0.48360016502564385 45.934712396495826
39.049289881726004 74.36359935203708
49.818131471900614 60.071691856649245
21.975001922466397 5.456340295051265
87.74499131586748 20.33254066415202
60.9737766586983 8.18963356079163
86.44276529030228 28.257225177590172
28.363826860862407 24.99685376825518
83.27788997291825 96.62321012239323
75.42732463094157 63.93574460289517
48.62695872278937 56.91679532498828
53.105463893528636 28.19336322899
18.653462527020004 61.5813029281784
56.67337741774252 40.32074301620534
61.41904981231985 40.77453049280948
32.483303434070024 7.019935475315586
1.6969849081640564 65.53921001516332
21.43383939142001 94.07988672683314
40.24822392998677 98.87041719072332
27.742934369203454 96.74633905808452
14.294266786125998 86.51054260426913
46.78270228233205 28.03926587902412
62.17420823488675 28.15256355852691
68.0390348432293 37.71167284627253
52.043493664245034 86.62779453758105
63.44405416513521 76.03851639762948
28.505453390497948 44.66280063305814
38.727354371017 13.14755759286026
27.231313937003065 42.63718547518358
60.22690442859686 29.914672090956707
18.786766738017246 13.422086779456954
44.67677643813499 20.77168619125964
47.98982632020956 79.50259340265393
62.095013474201636 75.35847789269896
88.35822144143731 60.35123278500632
69.14837334394053 56.34418920163249
39.42609479325139 45.68744002842286
2.0643488302028556 28.624428823785376
9.265168036413996 52.40897825096758
37.982778594709224 77.23106211860666
68.91681094289615 96.74203032748842
76.70734263306053 91.52112497576836
82.76252302835398 82.97832657575657
41.213166316758866 10.299458604745503
37.85683320872548 18.983790035634527
82.21968887918874 11.126063765750938
56.95983830782201 53.34828700106422
85.25033850182876 17.978816732127136
86.95435081984537 49.035536181013924
97.16014786943833 39.04414055105081
16.68568166237696 91.16419276046246
34.41340810960823 83.9422214588035
19.287138515055812 58.861410697514756
59.23610562555277 78.97908336249814
1.7794664703100205 48.798210762531454
60.62029373297857 66.64406629829203
0.6177023762550471 15.85664414050556
63.705078847417674 85.72341965092933
40.74172353357355 23.928673687751445
12.84637226041645 22.571252794236795
20.581332040326437 78.51419812030471
38.06836522029082 93.30377332455737
14.949431591762895 49.01499662045408
77.4269927917077 69.0460874751561
34.835484241207105 25.987419731104012
18.148501732124565 23.009509648061012
80.05417333101019 78.95139329237495
1.888697933354977 62.82159668487812
20.534398736222403 35.75732611613649
3.4457882644175264 1.337029511339538
13.0442059514017 46.206995206978284
40.764115424070454 57.566650687538214
55.43393404058548 87.3028002432622
1.3299182496261386 20.03974767193373
0.33350274835568516 15.397071581586719
8.193214352784683 80.09014427220202
16.62935291420471 53.516745501126906
92.54835485886169 24.82741087031779
49.88726749888885 23.650591451592717
11.895537188158611 7.362095898826193
47.95622243790496 34.740333701385474
11.038837702816329 4.830366675780895
11.207802437945457 87.81599930602401
93.95611462362518 3.2069541210414387
37.09658010919663 59.33779280840537
67.16269302972742 13.42120817221295
94.30659435126245 65.26779707478548
65.05087032405994 15.795267090463527
42.53658092705403 24.866399490507174
17.65537036110494 98.49584026655991
60.90418865990414 17.045457380505468
38.12246727185207 35.11079512293891
9.377875222045716 23.954844793124998
34.09444949625009 17.890641363091063
63.3776471324156 20.466360163967543
48.508094150821734 45.25086554133735
13.522645105810138 29.34290551391332
30.363847199409054 48.302833041291834
64.57396928427181 86.43870909078304
82.00342814933256 36.90378466009789
35.81486949664288 49.041998467645655
61.41881663595656 32.79562876771309
42.29611774616953 94.4528997464649
91.3639951038815 29.615186266190328
37.39117613818568 3.9559974635221984
84.98671487423918 34.07726694110656
96.37718404707172 27.853774016398415
27.367861144471185 12.414221446713935
35.31593932311359 1.249921016411859
22.29905327427224 95.27523853478503
71.65979950663726 26.339625198318274
23.123155533051865 99.1789947757647
92.5498078326479 48.98998573226729
59.2004045496177 3.875714963349308
63.52509709301268 10.091815878507294
14.34332627817727 50.3068334296846
59.55216784291715 99.0610002981456
68.44632461423548 16.68107846563529
76.53625123839079 78.17525372390767
0.9752982798331589 85.3662907352623
23.875461076554515 70.85204073774891
23.989325030480412 11.519534818271037
92.21230904915525 14.006524720546176
43.125837885837704 19.371532247178624
58.83674991004524 21.141473689059808
65.22709813410137 16.528375163876174
20.21656098148714 10.161836419490623
11.484801017196933 81.84847176029429
44.60753518294074 16.853404384130343
16.404986047542614 98.70465233291586
81.80482894400174 18.797237336917362
57.948913346570976 82.10287796671014
30.695786049201203 58.24639978429094
85.71800190201108 46.996851141402374
51.75937213084991 92.51027304942471
12.689429387509165 41.346756292112175
86.29249697225066 51.009960049022716
59.43373575894637 24.93565173687673
14.106303849641822 68.82760039121231
78.84260583354397 79.6982065557788
74.2604097672022 33.32975972097807
7.332572805905113 61.02194293553546
12.785949120401474 48.438297468108615
22.746133903906653 76.98571968800852
67.06862175252617 56.501217567130915
98.17495921101684 88.2638533108826
70.19545302815887 85.29710099054817
98.16111355159052 5.341592892411562
80.89063256091507 17.966648506055872
4.747590565009507 95.38877195073829
84.30680661449163 59.235637252404686
79.08895118489025 93.65327245039505
86.33993421172102 68.75113325981201
52.993297155907996 50.51847439542245
87.89401474265348 49.02911529993234
32.11758634217992 71.68271949104496
44.350851886039266 33.81851965434271
55.28797384520476 97.493679108751
60.78475848927234 6.411517614936235
22.075136558229126 66.34367389209739
42.750939448447234 96.92461680521166
60.168720076854385 43.0377506968872
20.56312499095383 95.7952104189677
53.80821900618802 56.61007417987367
31.113492233462804 83.29448107264885
8.305726279266645 36.74085412218198
30.108294011531633 58.20480741311216
21.410549403868263 5.988187613760232
89.48131854320889 29.90980539316741
97.19334021534405 6.936338707194656
76.9630245427631 40.158547021195965
62.10641558092158 16.165521391085512
19.750814690926212 25.096643513242057
87.74699255994366 94.52008944770316
10.17030018748024 83.28167509203067
99.71423446863935 14.250881078780854
74.16647580840025 26.54344067529928
91.84060263190123 82.36077944794012
78.34669671342758 98.0386209719907
43.783588616213564 57.270913769243826
18.532619877574085 67.69272214332875
62.91604655550218 51.27828705765685
4.629752024671174 88.51406909816355
75.16375283181118 32.017262952475825
41.44101109323459 13.229439203739313
69.18948787873424 49.58306603146212
77.32653776430638 70.0649371479702
65.99604153820147 37.296464480631975
35.07765117546804 62.79305334809946
22.413752433235956 85.00946015446304
8.74503001175011 15.913382379378982
82.63145500378504 78.82235919166543
24.470763252183716 47.76111332013608
40.645365493069804 30.386698893941343
34.248755722434375 89.60144732125764
61.09553299212354 31.01236440973576
75.12556590852746 52.442955106914745
30.581877355207098 26.920163305030552
58.37224185323318 34.74921277946519
6.81454994084052 69.68760209262079
17.480800711239564 28.65099562318132
89.17514296129829 80.36256316210479
59.91536341287955 33.97902319372748
23.52693988170127 67.38682338492339
40.48036462249209 58.49634125179557
61.58669651531814 22.83788089775487
63.405983846870924 10.98939385481852
43.9963419846145 98.61950566807984
62.6850482134514 74.95989800251634
48.953040281615046 50.6358658251266
59.388414933939096 56.62430340497131
7.542046542126268 12.238597741592972
66.58060057469703 43.069017455885316
6.024843814135661 18.013976649587104
29.09134928442727 77.6318620146595
64.44157304457497 0.467539454853938
20.464433490946533 86.59571740302363
73.5329479691214 5.752569625699433
66.79299834303194 96.82944773774949
27.100060000618022 54.37311773644107
37.11719225375474 5.715839808221546
73.64536751418764 72.75006451478257
76.50877843463601 35.71455893149138
22.070248696784887 96.6477493111882
78.29154377001912 9.88074228113829
37.907230139681694 42.94219656482008
88.6981889364004 74.58533773875133
65.13355194276842 32.7609815884911
46.67711697142587 2.0917000371726724
12.199708692868573 38.368686711405964
82.99515122425755 76.0697229076274
9.317342368940373 65.33592239592369
53.03389918181367 30.215677820413433
51.597058276077476 1.5369633378344183
31.465996779897452 93.01759378748089
91.84959391815681 42.10371473615682
75.58426087599992 63.986328752737684
44.78534324060928 45.21398709152251
56.20903765295067 72.65583442308059
75.8520558168635 26.59689573637256
17.849032012870826 4.044350299439525
31.581806857435033 63.836585103876395
63.004153866746314 66.0448863823498
98.90907927172358 69.8990404411356
32.045185116004824 68.46915626122328
59.52706855596532 57.80853564990169
31.22384431945391 0.4831891335899785
6.794053981784787 34.37119856302999
17.472390542964856 55.75433375141849
58.48557873034934 41.10828206222339
98.23675802944642 19.118246200802467
2.9893205398647815 57.73755958688467
60.504284846954114 51.35551767103481
53.50362728152762 36.06948835653774
65.57746981985908 23.87330641018266
56.726347687234394 69.33163982066218
31.098492703732905 48.66836387826723
92.4883724732877 20.194207319182777
20.183057977633247 19.7362689916204
83.31349988176417 46.33970454082541
41.74885576051417 93.24103452896078
78.06084483260749 86.50717376437962
4.356364776245036 50.77752496806984
18.48972344022677 1.5854017387036512
32.729748838915555 44.5257349666126
84.82964894938728 78.41650752067667
8.686343823149144 25.76627831705163
71.06907464879282 22.535175469981827
47.64617090088681 55.99354980135569
46.66570593967616 93.20611876776334
74.03024235318003 18.181520996726718
30.870865367473076 93.43803094344725
15.652452752220448 81.82702383732259
34.84212794189909 24.525262671298087
27.554103756762927 82.09366685716421
48.483332976043144 84.92067804590087
73.6880812936458 39.56869596018704
26.8710859405185 64.53132171776805
24.846900018286956 40.303301752776946
28.186308420444007 58.663339535468026
75.10575967528348 18.216190413671086
67.72214202491243 97.16207962505199
37.78740050005636 31.032174279287062
51.6160126484001 96.76229446532147
96.40875043743398 49.800234925762574
58.29051013613884 83.22659886778065
42.0422058467689 34.777492651024524
26.930611072864743 57.364396674412646
89.9241905163682 29.708313704519117
67.39396965925309 35.889737460517445
85.52476214049673 71.81464592363515
82.85689090725936 67.56960977965387
33.83718447678581 89.2932759840191
0.18294948097525854 67.0935333110695
33.62967612230528 50.02901149061252
63.86128179327017 49.11138614425295
51.42674564472254 76.12936095711396
75.59311318012905 79.54007177545321
26.432419298882515 13.528200234449184
2.0687746284834274 31.1323537660509
65.14496425887816 68.30568404153566
34.40184286346748 48.93240933584848
81.25538623912108 63.16689467845218
73.41893086416775 81.12436756003638
72.32787931376524 70.93410099065385
53.49428928424127 67.8299217725532
44.946147043488516 24.867676002535234
71.82680493945925 46.95789563884476
44.02785871641062 27.03843217930244
72.79957631470029 45.43276946768802
50.0684791668943 15.506935818810085
8.676258645743772 4.796529477563061
27.080825804828024 95.42091744086541
32.64930522154723 40.760584656138676
46.42102971917246 49.774786511836226
64.42341150104495 14.772010184218765
20.785611869801834 59.65767657079051
11.173331374288287 21.418071080366662
91.94983680934021 82.68376339073853
26.432514487738914 41.11327226545654
35.77286536269189 35.49283354304826
37.61310772033688 44.96503948147523
28.801881556873 83.46028352949844
74.73393431652835 68.96220407797252
81.18239239848384 44.362952691897426
70.8620756091272 69.60387734869036
60.41487283890283 13.42222046993411
42.273022836822975 83.21699782883138
41.55439186194019 46.01973506687824
29.94097167222014 84.39920997123768
26.915523059881497 78.0782226425804
40.4857026384414 23.182780792699887
31.549933711889476 70.18172151542004
60.111485805729494 21.360461679096886
15.871097736871631 21.86044996391898
70.04427004195213 17.42600303528503
8.535885481734805 30.92392006253415
98.1178523979034 61.36981563659938
80.28985901622781 6.60371337868102
49.05283461758552 43.97476081924421
31.870745773853425 88.31207706450792
92.79546569952701 94.89436862846328
25.445160259754097 94.77419364796427
8.833639783309089 13.226056765819493
9.927051481970528 0.17498564131577243
42.42731588872943 84.7169307812089
57.47041787942677 84.35285320910839
46.407157109847994 4.761605174995132
64.38354041419916 65.68847477554598
93.26508966172796 61.328869292733316
30.055550746870917 42.435165018792475
79.65062471686737 86.16503607009109
86.52476209452995 30.629439804335725
78.36207979861946 34.30176628559227
10.685645296196643 57.15268795063621
84.23747289081301 25.577031479450717
7.747819063972861 48.115804606874704
87.61230651964358 62.29870646381504
61.30850833442918 85.65037233633888
73.1428461388879 0.3359851535334579
21.93684377668785 50.46593619225421
54.51623067943174 2.1537837207393995
2.5392796294039455 64.99979462605995
19.329650189545088 76.27321320124581
83.24336159984902 25.05376178309684
19.145153946587556 41.473681223841254
65.13402449620604 34.918265124047345
13.75245933497058 44.48389188721713
3.682207395691872 92.3586145436448
92.80443818836368 41.8594973661097
65.76232598459393 61.60612514381116
26.7786988467545 9.812363332279883
34.700534026780836 80.18536643418375
7.188202201372307 96.92357706235748
73.18241109285736 44.25443281999812
30.166481515607636 61.967413803991
31.32498543611937 38.36880438176868
55.535161412033474 74.65783973977764
47.916238513970114 98.94540157983296
42.51543648616875 24.5786414307813
24.012815712687917 58.54273447320961
65.00390125086888 62.645707458949396
88.26488577556013 63.53941651852575
19.604396324631157 67.40556258972646
87.81104826811064 10.777113938443982
16.775199068518077 88.75916589807463
62.30545869573205 40.65487641508525
47.824668466856515 13.068023791196204
35.7437309044836 96.8814725358846
52.51223604111428 58.104023273328885
10.999642648577712 30.682783278172376
75.02181361952151 42.816868931735044
63.51543143589928 78.80087369433335
51.35521377595784 75.80860130774592
29.626015216925605 14.436586242951188
0.11628635587981329 44.74352235503365
13.67116424891821 55.154343835210895
62.22246761095642 92.49221515234379
18.24151521124129 98.3403918281949
70.72409706484717 19.58294300925725
81.2162389378521 89.27130345493039
11.281091946429633 49.73530929698848
68.85925266247799 24.000192300911106
3.7929741957242635 41.00049007951998
77.85392885234306 68.62854240391778
74.05249569820742 73.97466933226815
76.49623370983679 95.13512869359693
91.04269739679911 24.862631319478457
32.26296986123174 47.68597538353028
80.47272868315886 46.070838467999465
72.54222614735369 13.471829955462056
87.30032593160163 38.29650331577981
0.4912309977162632 24.28712593180842
39.73582890156795 95.68794384783162
30.466553687607668 35.00612691661209
38.159428154126786 31.218871280293193
49.0115674226423 39.45106179547455
60.101854325916484 49.98732517680733
4.575643897663584 2.4616138851951685
18.432803198316993 56.66301136251308
69.49201599317627 26.92226321171718
34.89730316368378 42.996483527889204
36.40506907236387 74.66617923788445
85.63403115667565 29.0237958342346
58.94025200303281 44.338692643543645
64.87235733684666 10.312191549123062
14.653797917370381 54.088201495979035
38.323800879722356 93.46845417745769
20.15173731791453 31.948082411420884
13.00797517006198 11.738081543658542
94.41575697815064 64.37588898361695
45.34629712161462 35.28292552951715
13.29381186797145 70.5957643264321
94.22841307456534 41.54866661478414
20.65225318881425 58.714222888495215
55.85183654450099 50.55541545280726
36.11157087063312 63.3659175513771
47.49670442352567 40.089711137458785
59.62221304300972 49.61846850535656
40.805866932989574 0.3044781495727289
39.7188197912703 38.55157118452075
48.55618466009515 57.00318635071711
0.2729998986612525 91.45163318634057
6.191194293412838 40.796050236315054
71.74806568039114 82.15604975215747
53.00123684168931 88.41830419287764
98.75992871516739 9.053284852157017
84.61030744360347 17.12795088700254
28.678774301474853 97.60033215678064
92.74603179232895 26.46628067772363
96.5739012290572 31.494222831589823
99.46668768375318 90.6646159860047
62.520237159103445 18.23507529486954
38.09978433301253 81.95942008814892
12.471352772205124 15.557358926622067
24.585722500841435 3.9239771854617356
21.644735586941778 3.2594769625207576
32.254562305269175 85.73997340811084
23.066305682237065 92.03007581341166
29.55970284370819 25.269902591473215
62.88134580120865 60.09315577005274
50.17789695044832 0.723180384597244
23.862257402825506 19.986935395191963
28.5295617861824 54.961865138039975
82.15170513366911 98.3037642900553
51.152035795803386 40.31064756358078
58.85373207563631 83.38570053651102
6.011662277171381 60.39011455046468
87.84633284567396 51.034294598124234
26.171372892758505 68.15183510208101
31.4498411706698 60.10245438349675
91.12151135023126 59.0485486194823
51.17625883852892 9.055179090266252
11.441951771455482 49.03750359144661
64.80265506855937 3.6303352852026904
66.3445556946385 73.28193001567156
9.502276944377353 27.180337351094707
73.95071346785373 57.70006261996383
58.156950495241254 94.80086124376687
35.49206463839687 97.58694049572922
8.525026925588786 79.50215350870715
28.180790609645044 95.02728712329345
48.403629189911854 33.49239832363289
7.7399298530087535 19.280129481088125
49.84496848412798 80.75215040403762
48.96940452954066 71.33070557577545
11.764973736622043 9.679237092200555
95.75551623005171 92.26190509280615
47.96082991818918 54.67208325596262
94.91723475258492 27.336368389922548
46.8932083702357 45.96767234833084
20.78297719518556 19.763646964916592
53.28394117033564 39.62857763460941
57.81920378679908 85.6618386886514
72.65893469452003 46.34018467993371
42.5888731304414 64.49884515023363
75.91927699229122 9.82270861040222
61.02104516031892 44.72757441309167
11.185032057649158 71.07538412467515
47.12449890407784 74.73121217286287
58.93433665203565 75.80096596056516
93.5945335159559 15.834134394532384
79.05891100235132 41.04199798609072
43.85070788343839 85.6152522741003
79.32510366662429 37.56754767946966
59.68092996749428 78.93166211260095
57.26682625255188 29.759145620928606
23.43327358857681 45.871079329546035
71.58807493671591 51.277605923601314
49.79062094963152 54.8570987071749
37.2896224966875 45.367026384624424
5.603525500875728 5.4641559755730595
99.6528613295981 46.567827485547085
89.86049139843206 27.158040598163957
81.42364228308882 19.311027171701433
79.33234900709958 9.965982003841866
84.34088239224931 8.774132287056325
6.626809407884671 2.625890651635543
3.678752268971275 53.224532920815705
75.59773293079648 71.87712594830361
54.58183437589235 47.51298028780011
26.7512359211181 55.62658193929892
67.82510790638123 21.192775098919437
37.887286715387056 67.50536392120279
7.805304662054224 28.837466659095277
5.876629074711226 26.66835677848041
27.434806154809046 56.13735276293617
8.938070167322532 27.08269256153024
29.31881382788717 83.51135536843795
12.981550945657428 31.348178077402956
82.71416912603003 4.446680467804964
37.01273314318914 10.382959938598013
17.713622955101883 72.18482752379045
42.1788187544895 34.30726726436282
23.579095687017613 0.19695828332264576
79.62105192189443 64.36422727957036
35.12348737249829 29.149986590032984
8.478930323575607 37.464469474988626
4.2153553303093005 93.5472627198626
89.4707690813831 16.3540778129174
95.13745651862196 36.32343955160757
58.92428021380229 82.82148231221962
86.33792431620601 47.360983617954375
66.14477077156509 35.18278561530681
14.751042882770825 32.49184042461302
99.69304684289209 75.27428761364546
81.95586873869655 1.968794441646926
53.8089425089312 8.559445798632147
15.0333290349961 33.464795131413204
46.521193841838326 65.0431226808577
89.90664349264918 2.0079613887296954
95.00940895706051 60.36424298337408
59.25358258274647 13.043507433788593
21.26268646999716 36.72342125607027
98.46672013754475 35.93023679019871
69.82351966142532 4.3784055087492835
33.30136677827331 5.058434665372391
97.48178691448604 35.43882514238976
73.44178089951727 88.73707618224604
86.51006762452815 56.869511380859294
86.70845110620165 84.54483465895268
18.01929905101167 60.9893827288704
9.679057215341146 23.590244852000207
46.06180442527234 38.87859434499734
32.38235842158383 92.70214544884703
25.84455355054638 18.0785818876654
47.48613252261751 20.338336387960766
78.05369088359242 10.826949050346645
23.530695070740947 31.938527673399086
52.94110974455073 74.32053889506682
0.006022361807755949 73.73966423465441
50.783344063641536 7.283725706254751
29.389841658789084 1.8111087337728593
76.09435833377762 69.53066326314715
69.47098644406928 19.127960154536993
38.417345800030354 59.837616150729914
14.991082006157752 96.5215089169995
60.33052583285994 53.88836773122405
31.40175699445198 29.837237576149533
52.98267497840179 70.81751279271316
63.79506617658126 72.9243391319897
33.93993262663526 52.91378530741897
97.45704366523846 36.038801538963305
58.58404192841613 87.6224800281276
13.468682700350755 44.895631185205744
12.84184409149869 49.70009173387313
54.87730404751492 83.89554482167118
36.301095081898914 76.81104654190459
18.974471723946507 71.37040590632888
37.748530778887044 39.114586676666676
57.42037203469217 23.448631995827117
16.29744803253912 31.528799066568048
76.07977338721201 35.70073434812191
31.314522778610467 26.318591307644358
18.735563871316828 81.73563812059639
4.838219984040992 30.524359804938772
40.77654472059036 54.13405522926054
97.44583331356087 59.79066818076597
42.13804300481152 94.57678597942567
42.390880540196065 48.867434283898035
22.597507678925076 18.474290734398302
81.84531610913017 93.781345088661
48.049645348977535 57.93690321234028
92.8319219523204 74.31763608457673
11.476100715921266 47.5716791068155
11.965486721951969 84.81356239547715
53.560156110426796 42.48233292053265
3.8368690308402176 45.013102932274116
60.24121493022947 16.014941363612433
37.0337199979633 15.93787609247217
32.569016454713996 65.22236889717206
53.133845679421235 13.354178347553681
23.534013991795156 89.79883070204274
0.8847653504379993 59.54428423791538
62.31060208575674 51.85916223023143
82.38602768033627 75.74390461888522
79.03384652143279 9.029311624495762
13.426391980022757 22.62744119468949
84.35537589327376 48.66455108055414
95.30117065405017 91.77540985149932
28.382657228994333 32.14423618608766
63.08988469443353 19.58827778363346
70.36819538707093 94.66004940236677
96.86820471133848 58.29245309060993
93.09745157155882 36.7576910680522
28.917917167286756 95.49769502379723
48.754615005698795 54.72659665142032
15.29352483659161 23.000666328385066
72.89288005625978 5.090853216987323
39.42618490882257 28.20732806309536
11.242336680011778 72.69200233248905
85.72210920952763 20.659419477873087
44.073869224670915 99.99970303171372
41.631427780660715 64.42141637950189
42.73198455741907 15.679167606053346
98.99776289563587 59.48119085439978
52.206370946616396 11.636759673446972
19.421438648932465 82.04888509381858
52.71512430633991 38.84232692869871
98.19330560880795 43.03995014192492
47.01332124387716 77.6028172521818
93.7919296081613 67.07082275209014
77.76180467651194 55.53528351308661
7.440492357297246 48.35399274989258
78.808626765264 90.62601290476418
19.359041560253807 70.08906699918604
52.73042984876992 99.36242430408019
19.072178680529063 31.16518057606048
17.911329610204696 22.74358927579614
6.764404705467153 33.73644985328761
25.608635589595874 42.918640736043415
3.470932904208124 59.38051047039217
34.162139148408464 47.88010969957621
61.45088805954737 90.80961382195237
20.40822916926399 92.76512887136097
3.644236698572745 66.48125719812748
18.22127428053033 51.55644183511689
82.10936687390475 38.124471470716244
72.6950730322681 70.64406268479058
14.023859768866643 45.38282603050223
72.47287775616795 34.79205322407986
91.5940284990008 78.33056097713835
69.6435150383427 5.260734951777479
79.66883343176579 37.4042191756035
67.7179920859218 57.980692124938194
68.65703013745188 65.91715218192407
32.616833001555136 63.7151592441751
62.24419468499865 40.047384123820095
79.6288183374742 39.34337856364738
75.68273363962123 0.9584988376308168
77.09906694532937 68.16801165837845
25.73638618824603 84.5361304582236
13.439840383932356 67.75598450802522
17.296525077428537 2.3795920117441804
95.15540085150751 28.43998447102729
62.05739978806546 56.5972663257909
39.53890654180143 72.46673542634088
92.61563292098123 32.351369067288125
4.503203821967117 1.9170276265687347
32.3064011315914 88.65267371493759
89.51092183886094 35.24226995846751
41.500239877883075 64.60651338241814
8.929278676396457 4.606743015989689
70.10280511313454 41.80946636342797
47.438908179965544 13.814589885037588
78.88917088902316 65.36816948814612
11.804959734362509 25.77352964434223
64.83485144703967 18.045438554426376
7.806759687675147 89.620415709434
45.08950342635201 12.952257331234819
10.315964130837552 4.736057080839462
51.74278237331282 40.01942840748431
41.34695685039058 93.94681620263879
90.05280789710555 71.33589969718246
2.2136170718437542 5.5350373933959585
19.855755045124845 73.58526799933249
14.034608175481257 26.646975636999937
72.43318716429957 12.371935648789222
87.67576566414374 10.496666396530397
79.97380970006502 46.82262023290671
82.07257160165062 50.852875084312664
91.87702368834746 52.10639808067161
84.58057993902261 81.35173594879474
78.77336164657294 60.017285713412164
83.39361888463806 33.71719485997491
24.73589436811363 46.04521932304977
1.514382438950257 32.99932740044671
70.15242791658822 44.91778688033703
17.200097600673956 80.58924405599758
39.12725862589923 85.78910825544533
20.18304174500496 65.69107846869899
36.2305918088832 20.13131011038414
99.21599749404888 78.84740083779451
22.45440927287017 72.46458393723194
76.02145049874294 44.389725466985276
64.87766106793708 30.214615781893105
8.20498258681235 97.05086144549293
71.59168846020462 8.061015200019717
3.794108775741911 38.49033008246883
66.03378946934129 23.50014021654985
52.62168981059483 44.901771292778506
73.46910256913391 96.04589593291217
48.58062791789111 83.13905542240346
22.498315094735656 30.978146810063166
93.95731485552983 67.5936910074793
57.06242135105215 13.212099902628015
88.42218995466887 30.632884892777778
65.97651056222614 0.0960472429496928
74.62122730637026 63.68294858167596
27.888952608818897 3.7767933801350573
48.58034281050732 41.6121319387041
63.74510751371039 41.990325313187384
46.9640519867881 44.21874931785632
60.792064334799974 47.818399135893856
63.64599017242436 96.8969087121162
78.88020704809509 34.78442300969575
1.0541377153315823 73.71028306398246
33.16226825951001 68.13649128569226
90.37284039038059 30.625041580006584
69.91540127118452 86.88662167731154
4.854913882479117 78.54624413978577
83.91474915448396 97.85810338948042
38.99611268119158 72.91671469314443
20.189150140630495 68.65230373796607
97.72169085107558 94.27194623963058
66.31160652978873 68.36183057669218
31.910511797336795 77.63863809424134
11.565259601575173 47.59732072743812
22.605967334022203 35.22041218294822
59.41325103390718 46.34340678727773
26.047266593689233 51.86952529610218
43.66889139309116 39.56484744638846
3.4460188161437477 55.9774581314413
72.10206602923681 12.030165134788051
53.413179490505456 29.706997999806916
88.10289826814584 23.437230955473943
17.446450113967348 48.678648235003386
15.175727360396984 39.01777064256491
73.08495618167414 30.448127370688695
70.93492703461013 49.76720787172666
16.8723579472698 9.1718038639798
19.101165136518738 71.55868164312453
55.54963971874898 58.21900396700781
38.756753949047564 53.853515303450706
12.438525169916815 11.224644332820644
85.15833642662207 14.545548782901951
28.47622686037592 11.449083967535433
2.8171011246992395 56.923162496095145
45.711097971714395 3.0246651896105092
10.261102558045131 44.16527823758687
33.36367602577843 52.75379795383537
28.098623019746107 56.49323149851193
5.344250248903548 33.215033311318145
89.56078809173971 84.60573997884322
15.566559974705951 83.93929311497446
97.99138115037297 31.979626798438975
76.6120950621796 94.08503089899392
86.28757948176701 3.730697709666164
27.628607633791667 38.19198037983007
17.067322489282333 19.845002937424063
78.11738108556115 11.45921936879748
88.13875005195496 61.857231291275895
66.07854965194915 73.36501779439659
64.66233287835938 54.54695510081089
39.149526823706516 48.83421109187886
30.65142865816286 77.61352306758194
97.49339589621408 26.981296778992238
33.70921150515016 59.49742550546115
76.27695695632933 75.65818340617263
22.1685251368436 72.70499944999615
48.37712278167328 71.51272145520677
18.99149394927322 35.57147551184108
72.93512120915946 31.387078636230868
86.34459609961675 55.73740727626235
78.65906124407176 38.68554312990917
64.3991238857891 7.402121687283025
65.46752157228437 73.91280797779247
87.40864199033938 19.3141034112563
27.020351353613425 80.31555061554442
78.50761703354607 83.23205384716763
25.689744844323602 88.33954313534673
