120
1 3
83.53568680836297 47.38806311727648
27.593580652266468 79.86713259296249
80.35646098742176 99.01731951543351
98.7442955124378 44.124207489646984
30.411327782101072 86.83703541164492
28.253647580784545 66.93586054164004
53.11348455902001 97.99670118283233
83.85260268999934 86.47112521459131
47.85213419530376 26.66845381025922
67.23211038879488 23.761318833849842
56.21565286253802 95.71142583780781
51.92183872018905 36.853408042776415
94.30635994168708 55.111405250257576
97.79325649712769 70.25516701840826
15.453170619426038 73.13492937931805
31.19370934055241 73.67554073169835
78.26430851901624 80.85997949117231
65.27467671945722 69.45213822026473
31.133254694027258 87.01725205714325
73.72490318277083 54.19739067972274
72.35673475277054 0.3854233364930737
69.19864080325 35.49817906562265
27.510786892524862 85.21182792641207
19.7486024345682 97.85726829322286
91.60603728229337 14.132975148274696
53.02224964982769 46.29046159629064
5.002418346494708 22.445908517843627
40.26331114950465 22.451876272239947
59.60768159423626 92.85864096013754
22.820570785292873 79.2236152915242
97.00889964382327 17.038083027987973
66.98058108159381 79.25956319920988
68.09882493414308 8.37293835060895
9.611543134313028 68.26932849850196
30.44323462352574 4.8049100366625686
97.08897382249593 81.34684661743161
74.91571890205128 75.8018174655719
55.39954206841698 50.22592021563091
69.14215063606528 13.05852281647173
50.30675203076693 32.75855804896306
51.578535318443365 62.807393719209024
73.3620237728549 18.06929026881432
37.3468916496142 85.40017732976435
35.34129299160611 40.78492343273303
86.55068195226858 4.854588696601869
53.042101685961754 51.234478547598414
67.08821883456466 38.02340405398543
46.01821125384185 80.21545681032084
22.701968211161173 23.934036875197286
83.45558737066571 4.007453774922198
12.305743035901639 90.33550019964682
91.964300482808 94.10806901857262
67.2382823172349 93.74572803965806
4.92931664067402 24.484940052632798
51.884686413031744 77.59389938181774
33.26028877852936 88.30589420426216
58.72795522301577 95.1089364892838
92.72248595543606 86.94081703197911
86.67264776471374 5.433657622840782
92.11547269595167 53.36164767041194
60.35978833268138 4.241075943049721
0.7682549863036625 42.920047788808446
14.762197637791719 32.98826530775458
57.43008607268525 58.191201675841995
48.869561342030686 67.2379359323703
10.560690529536965 20.40594244979861
24.743683895384084 76.60861573603324
5.200743846648992 7.788136352874231
46.78883136190291 36.935787608384004
20.06087900282667 2.2286402060864186
49.33265958868027 45.86382957185826
33.06967059849424 37.71063854103298
21.024448669946104 17.142042344727916
96.73473366401568 45.82156108853637
52.09767618348409 68.62491758863152
77.89866109249776 34.62770063716749
23.035844617062608 87.58099244480775
68.55724218828645 73.98990058720862
43.523864972311486 77.38697512394933
45.35464555937616 20.38859667518218
13.100841470950698 77.86596808276043
13.927916695989563 55.171948700528574
58.52743874251516 7.823771243943822
65.09286917352739 95.13509299324423
39.60764764734637 2.848413963510832
79.99952582304053 55.2681949029991
13.568061653487185 96.65431732367674
18.92011615730611 36.62530351009736
53.77587323038813 39.284250370468456
79.75090385587448 22.786490595912067
44.31698806320152 58.74567944203874
91.77700686698591 20.40845968697267
36.610232707980494 94.31588766923285
72.38835270005242 71.47612106538375
65.93714703121165 62.41820342563382
4.1383150366205435 93.18032627532533
76.1982791830818 82.27763605486741
63.312542319901446 25.74954382402619
74.76532681584112 57.57214160584287
2.8850876664152203 1.3278252200156437
20.27185205515336 19.645647608309247
54.89379474075751 92.99490924505507
93.42388627658535 27.188006272266207
29.89398144845925 17.796263341884043
96.26381074311593 72.97677984641761
37.420671396138516 57.029195387139154
30.599544338872796 69.35042947145827
71.54008658574327 6.431881578070819
18.114599737745053 38.58981446515315
32.303385739287634 36.08784328276977
3.181890578143176 61.32239733747642
4.181854496401272 23.869913940204924
86.35385615826279 81.47214918685715
80.57743040221122 15.950032672395276
28.526264943641632 88.93369839323431
73.38855511695085 5.623422131557132
92.89820372727388 42.18862012027422
1.3360521083569887 65.61465353026728
73.01710740447838 35.299742744614825
12.47081890300663 4.673703267426665
