960
1 3
94.06157059759961 1.0500413507998907
42.27801416513297 77.98714963885749
59.87033070408996 81.14226673581908
11.728922044560663 42.26173824536883
46.92215693157789 6.999695300851516
18.76932724760354 20.32082883132331
49.93384916027976 86.44618593237747
60.31304522977279 34.852141484789726
57.211808393280265 90.85293782639687
46.47276206988986 60.37753588469024
86.86202821667865 59.687521125506635
91.93433699158962 80.44429363107652
35.348595053086164 58.490127542914315
5.077904269513267 70.54439430210839
53.357707206189446 17.05617297132498
80.00510703943287 49.2244815409765
34.86157584937788 96.58403261318927
96.70225364563927 14.370306501549845
63.04265416241148 40.43221077806858
5.234218570414773 49.8184587286642
96.73632655999529 22.739932024485054
50.89203236280502 97.85796369078821
61.70870623871325 46.39201781434059
55.621685377564845 28.145180822462066
22.14863733585286 87.39427750078168
15.999940301785532 41.69149915018331
59.54388171354792 73.36063166855944
4.778109673808784 74.11032335262288
22.394659512408175 29.729526122318116
37.27204924731511 78.00931170755328
53.48647234132273 31.340102171886276
9.83841667313512 29.53375814881469
33.10022804769244 75.63900663338742
73.33536001907952 20.7364413228323
31.15186451853773 40.01647747887971
3.908033880531292 45.21486702892108
38.62256488590576 50.20258289792645
35.12246273515049 55.967138376593354
74.06722405668182 90.90645993474548
73.36062533334442 70.9195426715262
20.894718753079378 82.02682777543731
95.50576728269127 9.595251483907896
11.049359841981321 56.106017743719995
58.106351123074006 20.58918901504445
80.57091135744221 14.473356730777255
3.405572255284506 95.81018719112564
6.544006420216553 48.36557828595882
85.49852677519551 25.277998677374015
63.133285455203115 72.03942899895554
52.02571992889202 0.6399992026876911
11.084690225097727 15.255197251593788
40.07788349967243 75.09891505667517
51.35449487853372 80.826566763941
21.291964303032263 0.20059323600927215
26.982510869535894 88.76528511449888
29.32578575826423 53.88760145865046
27.219162549790177 15.488556570399847
5.137010576229328 58.23075353951887
18.185529561834123 62.75328271756007
76.32952111969284 7.459448836465721
60.8143760188657 17.8466765849725
67.11009619176298 99.83216068831706
35.81304783551187 29.11604003173578
20.034851050501246 54.870380542390265
2.8940813798505216 7.403992585240204
6.087814093198629 61.63545146601277
77.7715113624324 20.11647792062723
2.7372064794149997 70.68946142008457
27.024469085549295 54.113631851643795
57.61030868963157 45.307833939103425
66.10055001043105 73.22255600534848
89.12168709997617 81.8364281647603
81.01163581286623 16.034703830355568
60.71687120389302 44.26272789635301
78.11075364302569 56.260994135064514
13.085939790800971 7.040345399307291
12.380455235694864 15.47895512318387
72.29228484937975 30.843579086530237
43.46625636846437 84.8059283214956
86.7360603163745 1.5799234423812925
16.352782053234005 73.02151889427928
60.99999689654727 93.85855203664258
36.523583136761474 26.7358183273247
86.510211267775 75.84845170932155
89.00049302494337 24.84843377063626
81.44537164437446 36.81680869346664
50.90694704546903 84.97603210799771
42.610472523493684 66.39665521619906
82.5379043952687 63.85878429150249
40.11636850623845 26.485529322082215
43.15674928056412 40.028673233957754
33.78501969051222 55.92976042111544
56.58034290803937 80.93748753240861
56.051344401950054 59.227090933343064
49.05863201706588 95.63694464159124
30.1157716138043 93.5649956459492
13.530838714266991 52.134889477129654
82.77516047753579 83.705635031334
53.4487764184695 9.864753302556363
57.07713231816383 81.82225188610231
23.784961411416084 41.77760066964282
16.53808412267437 36.42533936285916
61.52593524978043 9.880670769359256
35.52101157224223 10.34679653457362
34.30946575179761 45.6680165411248
8.903484598325084 80.1309596618626
30.514648625599893 62.80436577233668
24.181866813540374 14.873604281038322
49.70690817294001 43.960152185055826
51.07813311917446 91.71959121061941
16.55022910106725 17.535347666192248
79.98601466250015 18.55934836611446
13.459089042559103 52.44362380004699
97.32660186524225 7.915505236984854
18.344936220396878 52.978761650640394
91.31148347756326 70.84269750479689
46.25660833703071 31.99072083399621
51.838860300638686 36.913052073736786
97.84533178076744 72.76969925365937
9.856129689903014 22.775293859774326
12.984881684635674 57.27547779081894
53.837440518583236 29.325664059362634
32.19835624171314 82.17150357286644
14.964535229662946 76.46895064958277
9.331621005568502 66.0044947875251
13.09381320774361 26.134663393122402
82.49770859097951 3.2919410650518843
82.09814635325063 29.83199009118025
48.65775593763517 91.22477601955346
73.22366775321967 1.6568596673030678
84.2832238835969 78.36243318455476
59.96468618652195 31.5666350693238
69.64123900325629 35.2515762425037
8.311942075351709 82.0726592681762
22.699729619468112 70.98415822236228
95.11144294957444 17.153504919201712
58.40668933107449 98.660178672153
69.53179982097777 88.08088472870175
47.04755988671012 21.43184517740735
81.07701966534418 94.70420859705824
34.81549905878987 58.86980997459781
64.01666648846604 29.13366496146037
48.310067476625626 42.7626890941516
31.663625183493906 29.35220677892232
89.29619648198579 87.22212831359609
56.66615758186588 63.60457999482057
39.30495265931779 67.6887984843535
38.32894346922999 26.52398913670464
1.2502569182046175 8.680862394407596
74.38092347609282 16.64614465044163
61.98366614182 10.17290533673949
87.58608319008712 0.1504939502494862
63.2950356587735 78.0211180247216
13.96398072572409 26.9977741843457
80.20244722897559 55.34788686397532
1.7910533846918097 81.73610832546898
65.23870796009771 74.4018121208282
50.064129317555754 84.22984820737935
21.657747704258455 41.74272745484093
61.56584679009867 96.60978433710949
18.10449717434379 0.19603846392066693
74.92523325058383 57.549805933209555
16.13682725002019 2.1847059497178467
36.05120398990118 5.208918192984102
45.88003524070254 15.709956911387057
93.89678913421118 22.633783143130604
77.65857087761387 67.04773930057092
52.188800606763785 38.27868418631339
90.79443074818482 55.49639287781696
68.26144869519408 8.867155611787148
4.5176583912146295 38.78714014705524
63.92760400467665 90.50177749575057
15.72748573896401 11.509489735021194
34.534685818386635 16.49080998375714
93.42227613391142 93.42143161361278
91.32899570724493 23.19758735803392
80.52291982277937 38.023467733032405
29.738191110629742 76.47074889478476
25.606053623862522 97.72837037816042
2.7310393598355187 4.183142418930608
1.7052259449498175 26.231642972432788
69.5051523313171 14.053085504655183
71.14208877773704 70.01345975134694
44.53835324627045 47.276908900177105
64.64972123859374 64.87341394003161
40.71944482281042 12.274633416569536
22.75949869976821 80.80632797264069
31.549155108040104 66.09710455188295
33.916627739827156 26.515140572142236
26.801668781700293 27.43263307576298
87.7195136961805 72.00221677084247
83.08340390249714 39.79819768635671
37.64118050675085 58.44172137410138
65.18565605058902 38.19767331752788
42.271136738615844 31.541174721446062
12.022363610852405 44.43442818163496
32.14775010946196 94.23958671282098
58.87977265495445 7.10771106094048
68.43456152787351 64.93683903391319
65.67258464751384 80.05556367855571
5.134557946732277 20.484300532177535
33.972245048803 90.44391750206535
41.42893431091919 21.584165161205824
10.512695669163863 87.95311997534154
34.17564555839634 3.186639773736566
29.964895524993974 73.0545678941647
98.93590498481598 39.096566589884965
96.94962916313806 64.16487804781035
52.28970071425101 74.77542504315974
0.5971562306309686 75.29574565492948
3.940240350004709 29.131841056833572
57.05789004103501 89.68411400120056
35.38531154770339 15.69781432911408
76.6848879650753 86.68654000510618
67.40591975502845 52.357058496673694
83.26352543152373 72.86875269003473
14.00027948120437 19.424611691793793
76.29180457761326 57.488501603634234
43.38299423140071 46.78107776552631
39.08066569162796 7.354755585419137
67.61267604521066 38.54184365511855
10.58039249660203 98.25033448247373
16.495837762300127 0.3378629834684954
55.132102486684076 62.65937485590594
58.719526468732994 86.30425131966248
20.697485960237195 98.604241877596
79.42043832482453 28.35881292457385
24.46280545524435 84.20297840631179
99.10184153088444 15.180121114245182
90.73750047854743 53.56119259159722
74.77820834944175 86.26445659166097
17.587944882609953 2.5350030187991424
37.423543776227255 45.071113456160525
61.06372719898951 17.586087679155593
79.82649873173615 74.84911946745167
11.05507875119649 68.2520806905658
39.037976096737516 19.312667351458202
25.51217706488749 71.27919271973377
72.45821105396757 46.88732219029015
44.154771034021856 10.00235206760005
34.446863268470594 54.75664722812119
76.28604327273109 25.055972521304316
17.236977834016077 21.166922101091103
71.87273127237246 59.40459759610188
67.16038528081081 36.96020337289876
70.8703247483757 78.60885990252999
72.99672631924501 59.2135794933611
75.00275562096613 33.82050057557271
8.70120768977307 81.34946118976593
5.149705627183043 51.767910133442015
91.8717905328561 94.2249817340262
59.99780799894705 9.3132141186274
98.43430850739377 38.85583068384424
65.39570642144517 45.2065421202686
98.0572078496834 93.54696072205215
22.622208733246985 63.41509060467973
31.337555557008855 75.80084145208717
27.198327906811915 37.396377821680325
24.0911377378459 23.649721762376764
2.2270995908692415 62.88090280979386
55.008542960388 75.88818679388451
41.983631597117736 97.25797505103613
97.61709927548996 34.07595027864898
42.31178691121033 40.77769686059287
72.63736626819217 35.749596567020326
37.24201028019498 82.86474946293143
45.36184470900899 36.66371613444994
89.90801271468895 60.48178237632411
81.31409487526484 59.55319852215166
13.257967326389707 45.987674668186074
17.65914025931954 54.70123025333393
96.63634607326968 39.85396287596199
57.40920577587385 63.759628239959795
8.314253965014506 57.4426136698666
0.3744609237654739 19.561847169985857
9.100623813138542 88.32473703642971
12.54729978147877 34.450332220014076
54.565183173753496 99.23281845930174
39.40114735927056 49.53249345310233
16.43246191481973 69.43072817669258
38.47131389815737 19.797545266656623
24.79477986287124 67.73871397743125
35.61387336211499 22.30916564179557
94.57315005577189 23.21136245826343
5.284620656311545 77.6720957274915
83.76711689130947 67.70930842947492
18.53639746360065 53.06898010314187
53.08726256375977 6.207188216013448
93.98591965634094 0.3063646259588326
6.936144771391928 15.154281749707144
39.732329526029716 60.324599937829525
17.68059935127535 83.72934216660582
65.61944757615723 2.9230980711073773
33.71526446517228 97.05575225545896
31.359013512958043 48.02476013734429
52.55174022204066 67.26989311381244
46.21322515773796 9.918166406048101
21.009113116016877 86.00397542143543
60.19771964510483 24.677619227931547
93.3976775040565 74.70305144279111
59.66637154206338 81.49798358597226
96.32492106091755 61.328147274741454
30.132134122900634 63.9354444971038
76.29314898610491 72.87956778653772
94.86581575772131 37.87236564514107
78.28571638653435 68.35948000249634
96.0745366821226 53.73509030159882
41.19569248670587 68.12871866315886
77.37958123742263 65.71489160943764
43.238592743739225 65.06004283045776
35.54366515944596 6.154426110807032
7.5706127287753056 56.04677586214666
59.69992754663169 48.63884977085795
14.105525536240648 9.069604904191909
81.86992384295687 76.08866127344058
11.56266733669118 25.829023162081644
53.79126455720487 9.406681494016865
42.30406858624314 11.627650606420081
41.53001641812693 81.18777035152664
19.591152374034593 2.492827557514743
64.06740323748583 15.292841868745555
25.00194420012003 64.81681077363876
31.128799678043563 86.75068439467799
5.50997973586369 14.689468478343004
3.3567363663190353 9.376776736017689
22.95971342885408 76.8709536945225
65.90409511516759 18.182078793597256
95.29769707060119 9.984991527105457
98.2138037293015 47.48014196815491
1.3223738700574472 65.29986297033994
65.18507447104645 46.29111379030051
35.19999775720892 62.85679914646829
52.038470022602446 7.301098982136733
20.99538874204132 56.0593492887957
70.90501918081252 83.49480629693895
50.858315382570666 78.28319273874015
27.849144080140054 5.837804377946276
81.78444030430244 11.959303387707854
52.90382296403884 90.40603525045906
50.82423055078673 11.455538856857107
1.2255381758192296 88.29396749203669
41.59393011881991 95.03985768174756
11.583985447041067 55.23742760548136
19.864207448546868 31.828774493335544
19.16790609962904 37.50221386846333
64.04248970546773 45.7898695927927
83.4378147881915 24.595486700682013
2.8543464529248386 41.65675459199012
90.26046188075763 39.09562334928485
75.56813171675125 5.148176253183712
10.037121768453527 14.086443568845318
26.141061167008807 2.7155479078566414
40.62290836601825 55.905455445886076
45.014565574973695 96.85104800523037
32.75686015732595 94.12281467206272
34.75233843811958 6.305813707580521
99.26298413697121 54.142747238976696
14.292450375014765 76.84641507805945
99.2543508865269 19.01538347254963
40.09518469485285 66.77387551050657
53.66243597276434 29.24261699073338
38.351742396159885 86.32128216699711
99.69087870507167 82.83536297388832
78.13640558453199 1.8041829814516408
49.02782599699502 10.396245329662035
68.44380522148816 90.5305473066435
52.9437222987496 87.43474462534651
20.75735851981364 9.128881307261437
64.17027083318602 30.643105355298395
55.422429272568465 95.99085323991376
54.16243614587548 84.10955864386906
92.91863242934511 11.76626490777073
61.90751414268727 40.7599895542996
26.3328439358264 11.192353089777551
74.75188694337369 66.4698476516713
50.92690675649758 80.356762434668
10.008672823070475 44.5883272732567
62.162947529564775 2.788612101593091
82.80922821648599 12.618784509149172
11.915684110943925 41.40932892718179
4.683034959214116 6.912096689855418
90.06036912682201 97.87378107994438
22.32749859358576 99.4467663066408
89.12035767908056 70.30190655369064
74.80557794330338 58.85422522795327
29.729210588005238 8.810565136906256
1.435255705263283 0.8009847395975322
90.64693194922944 79.99180350879827
86.45992814356316 51.75022943992098
15.304840417016674 36.23377562289893
90.05367438834885 43.94938461828599
29.26849934408191 29.624167253213752
68.39592105491303 3.4768578401714656
90.72814404622204 8.287955932306247
30.429935531507944 48.08596226981117
98.80606758806256 1.1789867913163832
17.325968582163 24.153590744624907
18.447984961365638 67.17472299462813
16.423224112733404 65.0455227914918
49.008268279366575 84.2141624168294
99.85824695702968 4.422622770231244
29.571542008424334 48.585419362609386
15.242965760311368 13.179382503920767
40.9269030218278 19.844771842326402
59.2089285118764 76.36939167322565
29.985884553774444 17.808322701194168
37.44627856953 97.54927584455959
82.58745487752421 32.062227567315716
26.398336230600993 22.80038729315008
17.22655647501796 10.61611665622857
96.52256847343499 78.1202264164642
19.069515151798512 90.19118099144899
58.266850882916835 2.414010012095824
53.628661020244614 48.49295899481334
73.00677938156169 81.71237851504816
33.53946313307421 58.77273487821346
81.53154860929033 68.06680310658871
61.516126430215955 8.64591832950412
71.26282264194916 77.58078598826488
17.165933589480154 86.946538123964
75.39134638040244 14.660847221540863
56.08106862144451 11.327609320503672
86.89800460367194 47.396543250883916
57.380284911861004 64.30039099773124
53.12036242478797 41.707620110709186
41.76178807852209 97.21746081055902
84.83444187219197 9.962373656856439
86.01835369745746 44.11896457043187
54.05280303301516 72.58442812572412
25.996832334823615 44.00202017785821
57.24098341554051 55.838517648195676
4.824600841974824 95.92663526957912
23.421243993641895 60.91172488534789
18.787360938464982 23.17577705875944
37.342649237052726 8.336608840045411
19.59376048770347 78.64868599646317
33.59829621169108 75.20624814905541
43.71471042475474 10.878379699408214
35.72698283152009 17.933420183007765
80.01913988443694 17.45505915238301
12.072276239242253 89.54697797873195
80.95690147019768 85.65086917867322
76.96562108778863 75.1955200278654
42.110379035643255 36.424602747405665
2.548811947186058 61.340165485122135
26.84707223553957 33.58621250659552
31.13962216303856 60.55051030699408
84.1454462146277 91.33781097515548
63.4767121870075 85.70144599352724
61.31485465093982 52.438828585326846
99.73469464467837 36.242419558429376
53.717480825818264 63.769489875267695
51.97537123697473 92.8080058979486
51.58779997739886 85.98335511894825
34.31561343961433 3.393688577219578
98.26403782444568 7.53627799682508
85.5660972027646 34.64062265074581
84.49242961994092 93.75839193345949
55.37998728636844 23.24646660609362
87.77126394271433 13.787186451290712
92.07915999806487 2.7543671795758895
63.810690500629555 8.77472320958752
66.09846256053386 91.8184727326278
75.48047215237261 56.067108213584625
16.221007038994273 84.37904220924793
85.12423259534249 97.97594397172249
82.35202917520581 88.60166581133306
1.911471283701327 70.48092995770459
32.981688509017346 84.57387765033097
83.61522362549276 74.60153097004832
7.229093134722198 93.77931604658549
66.7152423940182 7.357374645800263
39.31336295061747 44.9548578434289
21.39798388993306 55.54960720454818
48.461572862639436 46.86865601941841
3.899249013591022 71.2052865194931
20.036339914156297 83.32089268894123
20.592473475718265 76.57112020019727
11.877548742494781 35.82082016253339
66.49434439302593 21.858594929298448
2.870263805772577 85.389168842785
43.73477900461389 18.49852736981452
44.52563571679193 21.25610168171612
80.42641664138961 42.59667520493371
6.218062697908322 70.07060095068918
83.05107915128312 5.809385752938256
94.39542543633488 29.02054093313593
35.4572263804277 25.05090583352656
0.3505818689075513 29.128554456833267
49.12214142407987 83.43924003451255
41.50654487219061 38.143612231457254
66.92728436410525 49.09208896058743
84.92458868488389 1.1364050836399908
31.663507909636657 47.47074252512154
95.99969433820416 42.04557150488204
6.786662066738147 38.34017132331129
6.07712170864636 26.65690145199364
60.359258529657936 64.4931899764688
26.826518189663705 80.61351807988477
59.74871465608871 45.51310367146873
56.034393304811616 58.88829292856599
23.767977399174846 15.222222117998797
75.02339689329398 38.87546390463845
57.467494566321456 94.36931527152291
89.51605654781278 30.172979099255713
24.48207877092323 1.5841346909935883
15.49343224041786 33.92012009734573
40.951789264883296 42.125712628534394
9.782112935283616 43.24061257616163
75.60311540565901 67.10313914944489
78.99976701516451 6.8708085957617016
93.40919443627256 44.06862764194122
70.85756922053139 55.8150841881931
61.30298316997067 67.04321042166823
72.43477222641457 48.7299323101609
84.73263947775524 3.615564502410362
10.950844451586317 80.9074772023106
57.393195901352875 68.10229377928584
11.612206433747119 61.09065402662919
47.9429535499216 81.36603727202105
48.45948396167028 18.25160905567067
32.64103378560792 90.6472090632813
35.30379557959022 85.82592100525261
45.32768334415569 51.862063339490525
22.388084410751308 22.228482629304615
37.049227976002456 31.89140898700975
73.63667203005082 74.8934174578519
80.56978015412481 4.027281317211018
4.702707148140339 21.616169880355752
59.13999923614768 80.7455278755895
73.47784589865533 49.85372729472135
76.07625210256141 22.70929074520909
28.18856357800925 79.0804619896373
50.247411790368176 29.620463752896555
49.4656728879024 34.40930460214522
40.89715359211965 11.000733691014354
5.685760273757912 49.7566333851148
17.179033481911766 96.57319410147558
76.02573528207263 95.94737567866034
27.0472241323229 25.232617523616362
71.71479823555669 3.6239121006499397
63.927994942256184 82.03401807030104
60.74959327409233 47.91645143904171
44.122447747425575 47.430309827504004
46.89430976666738 37.18182779872594
22.193868855832633 94.06288743310623
36.981268303596295 21.110898478053585
66.32378094702618 31.77667210463302
87.90028160294693 79.65948642997422
44.29700070478289 15.261304062475167
19.572602900091773 36.44261407736678
53.387367097196844 21.04182679917097
74.96091233785005 60.89839150988321
73.69619469294895 90.93050733345001
63.167786672408745 73.82773395934956
32.48425274444071 6.027007997403788
51.32573537431864 99.8009895715199
68.62052724524818 11.167985728669972
65.20109737164876 9.075342999282121
16.082019876658848 9.252672916210102
91.743929031612 93.37017195817465
34.22952634388909 30.367589721373545
49.18389547761066 36.22644606915766
78.43308154778053 2.8087195556466327
49.442968618404784 69.71839839610519
4.120249188325342 88.2535740950337
79.52250485421936 55.360412441065044
66.5112398468211 39.654532038344705
24.418764321413676 55.93174545274528
91.73413899485507 68.87401449462325
0.21832912681460925 85.75496383412778
44.55284846893532 15.649272897840705
26.694113694700626 91.12075792594894
71.98874377892103 4.119744009069848
1.5141188473504874 7.498006514225075
65.04792449295356 29.904359557652562
74.83803869474666 23.66596534553058
62.623133684491705 28.372155428903746
32.265324686407546 92.89553698056285
73.6809157835761 55.20031037616007
2.936596281599657 65.57252300740211
77.7078250350963 28.365123607256916
50.38655037513264 39.899099428807716
50.29747681464545 72.84032948539564
63.472829185119785 62.28006816034719
60.68029401376036 1.4657691515567617
81.453253512993 23.915072247894642
23.39540688479753 57.95341337833928
6.094581181482384 21.851286230839186
95.49559689084322 26.03705460007484
68.62632635964975 31.47734990885269
19.36787674406215 4.961714718637267
68.38370982866817 33.72474563464212
87.30504439001324 22.89470595350962
94.8856563345128 57.53549150415911
91.01580984862703 49.4448433202928
63.57404774463138 19.306614062026604
70.44634356983059 85.90377158906371
35.842321948905756 60.31412390179101
27.48201455122048 53.56289177149976
92.88556992676405 50.087150169771654
26.255758418391117 18.680477143094663
10.760295846782064 27.162240206066592
25.571760288245727 41.29397258081055
46.80161482620944 36.3351383398115
98.3915731173438 63.16640344590419
45.22519706850836 9.996035250738068
38.39721708706156 60.822707955949795
78.57468044229012 14.770203782565016
21.90060120004882 46.85986657154457
94.78118901805527 8.728807724012677
13.689441318270879 57.876165963841665
57.13318134996401 43.94474561910775
17.26342048295062 38.96194098831922
56.54288365147333 59.087852722470146
94.357270639934 69.83194337977659
44.67517382263306 49.158661067287255
19.529528053945878 21.440609494720487
55.373058576289495 85.20959209888383
6.494068821866339 57.9086115157075
27.758606360201355 65.15853994150282
39.62325464947667 1.8282605909049732
29.416341423161274 29.657920667966174
5.2790771427365435 21.495980917609693
54.7573903687115 22.887697604673086
22.99197038335481 5.651910873749966
42.401239170474895 76.22630765899197
24.76599086586784 47.38533816428334
63.67698137129092 3.291320738430037
91.65361727971026 61.94188609099371
29.343111333602923 78.84978068192949
45.999668562214154 67.34134491760197
45.21450372362834 20.075488589490043
92.50397599865717 73.12598236493149
76.34548204125589 52.51720049054176
2.293448182410862 14.32708724712759
68.5700571268612 26.3783114984802
59.921772693004186 17.574675638730895
40.66945263027777 97.79742607454334
21.801877993874363 75.55146048275945
38.4762126330181 58.22534335906617
99.45723867733048 28.004752544927403
83.43773781749482 21.598749557401888
90.94247340976764 91.02919369444315
16.362359762995915 85.75779991991568
97.95329822015412 59.82007396372171
38.32553896531432 88.36250586177694
81.97382303854508 25.22556054049676
94.48650802883931 72.92774733735033
13.882212522730786 85.89018855265138
83.69724081309711 74.83148064816467
3.1777673867862566 7.862423152691456
87.43636058150872 45.81840690631629
85.05795242864285 46.19758942697201
10.524667520258667 60.341840831220736
31.160991740267406 32.310402192935975
20.967451599237606 89.30986349470072
12.905237566971595 89.10248470909205
45.784547144205966 49.694052696943245
25.97884899771725 88.43624446687572
40.96127850349775 41.82630655064372
63.2158245848597 43.603529224205296
83.18883008455768 60.67059699023434
71.43927731550306 13.961605555486688
27.546640610475826 54.33222022628061
71.43661016643846 29.236357338029407
6.940569163586785 65.8180423017491
64.75979731480435 31.59664063461736
88.13301454567492 35.633893391916224
32.108163215022586 5.729488707767882
67.36897386161642 36.91991455080286
99.09968279496424 3.0629074582396054
5.798125514685526 9.23532264328426
70.77167672823421 12.439641178810824
92.27685415325315 1.7721800085556572
81.15799221540689 42.345722401319975
42.21807589770732 11.954363955669045
53.03425667463952 26.929568216817266
64.59753839380384 39.66983811914928
53.318070293845565 5.004297668510782
60.11065252873067 70.9055721298947
57.994805859014555 69.4948315377474
56.74095571856705 68.6437594343806
82.80353908941092 19.334754789528
10.159985547559035 43.070967358676484
96.85794784045557 1.6038768551377869
23.685337720575284 57.282431574778194
91.19153742702575 63.96375322221039
38.736475887053444 34.27491057084622
66.25467974537187 37.5648005335701
49.57303337044679 5.6543422218496175
12.143117459018393 9.616502934260819
35.1638526664902 59.32940661181352
6.325536741418358 32.69614678724211
90.59477290577169 88.24148842893125
69.72500204769399 88.419595886461
41.97693859578446 41.44487045191707
64.47035646389936 18.965846574474867
15.652317659995308 96.4163265115529
99.40753269148 79.68875575932974
59.16305924946372 71.17712172093906
69.04117463800074 19.735696702883267
87.26417829661305 90.55445014480111
53.006602785112314 12.390413119189159
93.82497986141256 59.689402537202966
31.13642643406007 59.788503658749036
1.161115124419898 18.73615294528095
23.0544812808688 69.69804678062555
86.35056447167588 53.60083332222789
10.53416829873104 67.67783684357131
9.746124107837861 18.267865890753264
57.27122953151984 14.11218549462565
84.37195665532322 78.8863258140935
40.64443723021141 51.172287534712105
90.0097729588067 7.408069775251946
94.05742028020265 8.455789328123986
44.15442305019599 52.181004276892075
64.74323630993881 76.68349028953492
18.538862270415525 16.914506375538064
94.32267774848131 25.8340252379343
1.8059132161691416 36.390166636223476
53.68263988472166 78.04111331078052
56.99773556913126 19.810200995771552
19.664352181355337 73.4565676369582
87.59846255370714 38.68295401962347
83.92003974291407 63.610840679673174
22.47668509721734 20.030579484930765
9.142995308733347 40.79111036345937
11.680293757352644 30.737624209707537
56.12889156752148 99.38157037359964
12.73015287976289 76.63797680299076
46.54695221366065 82.28215982394786
97.69626514162724 31.92517977034488
32.33381312164112 23.234842460992855
31.482650270126754 47.08374674051035
22.66270858030197 69.63697146719268
69.96764833945737 61.049072296619286
13.190078584130639 12.895944289190009
15.20806888655708 77.4565036705775
60.80172594772208 29.09633293244418
98.08246225464097 23.57849270567931
5.911113996046713 26.819181877092912
24.68630447050748 2.9164086705997683
18.562170531593345 19.05486151508473
40.96306859420782 13.808740744536685
50.10180405927214 94.59460699821089
16.895030676701083 32.17806385716515
86.19665185897223 44.88997075249026
53.07611263197347 31.309414404983627
60.94011562234207 22.249993864929742
48.06188559876179 90.29937477577899
78.2723725830214 99.79332859600258
91.72658089093161 68.24455296391432
28.717982374501293 82.5234313783007
14.901147075823417 45.718643736968275
8.425626211218585 16.12929671703265
69.1303607374577 45.6997216675916
62.435861055245965 75.60013602457269
64.78274456730466 22.083765494883245
34.05090470572907 27.716124725953527
13.426138816981648 68.62141619911652
73.79146074404099 16.15953079420205
83.67584530300311 68.51908380942693
89.71348768894917 37.76993627331269
33.53072920766327 37.306409139799015
15.275665506031299 2.377181037978482
88.00791083857227 74.28972348735263
53.04926811626392 6.471010905495578
12.597132339239515 73.47257033731731
22.47836633232454 69.40626973811
21.326378631648367 45.97861631785742
8.154318889201395 44.70343820678983
26.596438951339717 33.873759663172635
74.724457531004 85.84635330090626
88.86251187800427 20.622721873213234
45.093719519082455 74.61869024714285
40.29544334842106 35.95052967112207
45.65196530879414 80.34093008126261
31.10543269039816 75.38887241622605
81.49066049233011 88.27404688902453
14.573507797459495 76.62810092634263
91.81078984359053 20.150912014973322
14.636779387632725 14.008924235304644
53.875146403366216 81.9021777340536
5.723116240898074 4.4808243416026405
18.886734636075975 7.925323125375194
30.093641623195122 42.54196112238553
75.83457457432372 67.69838712728277
85.66240914090046 31.05299009515907
72.49436251934627 16.159593997428146
72.7661124782669 12.276190947155063
35.146432848760846 30.87704221154517
67.91410463159184 79.84210010011181
8.35791883857282 56.20869872774507
75.77809016987058 67.17684648585683
79.35764912802479 82.07987373399715
55.92577874547373 54.688814667015386
13.118320118791438 11.138024139126879
38.965480417936725 45.19570401616855
88.62274847236775 89.01935785603283
66.44786274647778 44.72947786515302
70.8032494729159 54.65878055533751
81.63403577173354 44.80447338550102
1.9314570033352352 85.85476198100737
51.22645909509793 1.8063652235497552
58.79239108160035 74.87674810337009
27.223079766686432 71.7934031387206
49.80675910793961 95.21427208241523
1.7639667734197007 45.425876650253436
45.776612974211005 6.781472192483773
26.97066564037376 12.106777393427981
54.3840445104355 40.84721503637474
41.21986283097985 97.83297533931233
31.45727774532987 90.2319987710302
10.702766301572142 98.56671284700633
49.907333312809854 86.3752630710587
0.6744871289394272 17.679079544443212
23.329650094414724 5.780326671205582
38.56037252201479 80.09203541357823
49.79221243863796 23.994174074822006
63.664379276631976 56.91117642000903
86.75347622579818 48.27591126421318
46.8496984950348 1.6177832281401683
54.73913999454918 27.93436416948232
7.712340502456749 12.578620776040372
63.482632634964546 92.64799965583555
82.43432364383996 23.143657929953054
7.516942406364224 44.848205894830606
45.38422475108543 51.417813430282024
4.003760788351696 16.716407724556536
49.62536602105971 58.41344374780226
35.21565746799573 31.033679194216603
58.956227187877786 9.071152904401213
27.511242435392468 32.610591070465865
45.085616125922726 26.926631842961
26.68011265123682 1.3475730441561584
60.961109628947476 64.2885648066019
78.33412632698607 60.658637049799104
68.97969652494042 21.029613513363564
72.65063775799705 87.22849045620589
58.51352757398551 67.14178731221855
14.751238411930467 97.26419473415018
24.507936736528645 14.81106253586657
77.2857463794654 95.71571811859138
7.6785781908172535 79.15665823748314
11.385383888059497 55.49479895816158
79.39048486780571 41.14320974275809
10.84974432848389 85.78193745621667
72.01767761318693 15.137658741458292
12.111720272106652 73.29654399821482
25.107644975376587 94.36249537431401
31.739679957774047 46.201871494087165
96.25955747937411 90.62090411463137
10.128503612185224 59.05946086359928
11.899926087980939 72.77294915032726
96.46727660978239 79.01181530139982
29.705319085755978 41.73836031376705
36.95788598411867 51.18685931722678
51.72804384068315 51.590524394980505
42.94241257846663 65.33905414706562
30.541830230342025 88.14807004448915
58.53420319360798 70.12856787342498
39.45637636506885 79.0586882375599
63.738555244865225 3.2224608232842122
84.1420287108939 30.523899028471746
98.50108415296643 49.617759416754126
93.48713522650908 11.332714594127946
9.21963209797594 90.62361116022551
17.02707921424469 45.14923216066327
2.0318078903886816 6.830441484878214
79.87725040121425 33.654446494811395
55.078219646129845 39.4338875633913
29.57571526438898 52.36940146119417
44.986705845947306 48.791640514663406
20.775286294810048 13.472301343686798
89.95382304474464 76.54737702420913
34.60573231217339 39.954395437366585
3.38747561592434 76.76095923175707
50.637054603145984 85.09282822220212
79.82510128043785 87.3626217157271
27.420810202206614 27.452170070903147
69.73339807469617 68.30904400372259
2.9566276943013836 37.560084053570606
58.76881869318329 62.98066978497437
89.90348887974055 27.513002794638176
74.06316418846599 76.10746664285615
7.690394054462302 16.16248772276414
43.568451805369236 26.331699885367254
60.50121832580571 97.9554731774147
49.04685741260146 23.492369367859368
2.0381634480168387 30.322250500222168
99.4224719864117 82.69261179833383
88.0454128290992 75.90219849106678
82.8421597077571 79.29270293116801
85.47752609168306 33.954005535962395
53.20604565139953 63.36425852143832
49.42174012260545 40.856266225813755
0.719025274138474 84.12837917442609
0.3201084069976323 40.0567707135524
26.7543076160629 36.91240992571978
65.46203331401728 33.69537495375972
85.50012662832265 31.025319038552656
15.948008807386028 25.029469512658675
46.419794298805364 41.117135549048676
6.190008218398502 83.93028949934059
25.599716214862767 68.913453342761
84.74256801034808 85.64095337761168
45.53132534027344 21.441903552497223
6.319664332669128 73.44689597212246
22.775077972489633 65.3688684817732
52.906683526032964 40.460236944102725
14.167959267359054 99.37523714371747
35.175556409095336 7.930539182086105
86.99661831111605 31.970350141003113
46.228920188618616 90.26009173806322
72.02859441455911 48.46466142163442
78.02477220533899 44.15456252048955
89.05866600211662 96.23185139943561
23.15533267817116 38.67613175003637
68.87795563402238 65.58437135439252
44.81109965052825 43.096307294432194
93.15628715288213 8.823483602508485
78.4148618706773 42.24102597966113
62.23809919807684 72.7011523613748
73.5287822741845 24.82392680895462
68.35274103038627 84.11530932503399
94.42292649615538 15.849620304013179
40.69813857122 88.70673018637451
6.430312517460091 52.1271820382774
22.61704720710995 8.859111493535199
21.603200513152522 43.60864425148947
47.47935481077094 67.91048806313442
44.62393604327297 87.53152513804477
88.98610278324506 56.169483404203916
1.5303204946542248 78.32009175259418
53.791867111541514 59.05710352833573
63.564830136694006 91.20613587848139
87.07860350788279 76.39880249920532
14.821782887550539 50.25552755960487
39.638619388947035 63.19862049230211
20.108706942190846 70.27222057980566
10.251481460329593 67.21877390507433
8.607376556324464 12.629382949019764
48.89383094062394 77.8638440028777
10.885827912831703 75.47759645587315
50.41407711365737 22.154725037662427
91.69369476967732 98.51824769869104
5.123421260577943 97.79095629023784
64.61618436339695 73.26927049808877
69.64765824184258 6.30288579092062
61.313869425222634 26.094586732412807
1.7470409701750178 98.19934730602904
96.54439709897122 1.6889464710439617
80.11325597361387 9.994701467944168
46.18849385622266 77.63115967064758
63.27488551672389 98.55531425381679
6.132921484921061 2.908767501706966
91.88539879747748 52.78551147497772
78.69315673360447 83.04764627799214
67.61193539767795 17.62808368936748
