940
1 3
93.46757023505138 69.26878142403355
97.17667998462389 18.400376309604603
72.68086374414744 71.01725759169967
49.66995094500335 48.279805251423504
53.680854746248194 46.429410109638766
63.945986009174625 58.9236209122578
80.69970449042987 75.97000853303939
3.3617992822707166 65.11629910320758
30.23077666349545 30.868491124806674
75.8157696876594 68.91922031930598
66.4328986380714 67.51728349293178
10.553789585390149 9.803546334505953
48.4827658120619 35.18594992991135
51.043506493309664 27.525415339088234
38.78791347921684 81.91267274013912
75.01811505370202 25.548397921673182
95.14934177829475 72.02928633955541
61.82222458027184 44.306376083388585
46.73501165819582 76.53261442718788
50.27134014038228 68.56231238601166
4.270445507579668 93.01006892655496
17.21514215671929 36.481801306293214
62.50127880613239 22.266838146281852
28.722603720267404 70.53965963754607
22.837100367264007 3.4539230592020465
82.64775395908883 10.45145437781847
91.30871685510937 26.870587057954353
91.06327132961209 36.32285604004968
92.03527903307112 66.36102738396323
78.09161738482038 36.47098668502795
36.59441693158168 92.9033380820402
7.322588776470784 9.462787498849966
41.93749351285192 56.63529931140825
66.73759768194245 28.171123325825143
18.81653403389798 7.335161086784514
74.8287907402823 15.394711695995266
26.022449305737318 38.060652831495226
41.571816085009104 96.54941986117642
53.60097309757512 42.03967045280255
23.552220691905656 0.9743214177223791
33.258052811391494 66.77928311681714
15.00754065878418 55.14740628652126
58.874634515708514 5.592640413848793
39.38206510436184 23.997086461570326
32.578035708295026 54.4964290350187
41.256781470431015 65.84121947403987
97.85947213336425 2.3144591701254713
32.776687960480984 76.30143616283391
61.50267905086282 86.75629174946175
32.32808900407724 45.69352888379492
93.22811977046779 55.78060375394056
71.93228212999259 70.05848763876511
80.03282289146989 24.598352387874932
7.581047267886332 29.440146813374255
6.600775854994989 95.9095955675115
52.14254571777421 3.2013264801956653
73.82255063608795 3.5034304743184697
68.17070624003874 1.7344780092880985
73.21920618050166 57.94491371799484
26.991309282240252 71.88229496190797
84.69711132408644 66.45475505541923
48.888371116324734 34.08554771453836
89.5289977026686 67.1802160610956
54.991169510552204 86.6511896101977
34.03508218673308 43.540871780894584
32.73951762087237 48.922674548365364
38.98395473711589 47.530649198079836
41.06258166893551 84.41008626849886
12.106504223068203 47.942824751950994
20.73901685821533 70.22872206846846
86.62287799388788 50.25826342689543
55.855402358758475 59.1875243341085
74.31103144391902 91.82519495035959
79.43344891265014 60.817094872776046
30.31260615869229 3.334822882123323
59.969871553515965 59.175078992554475
87.74042963408127 15.861899414424085
38.532792584263746 51.79786400940893
1.7752260110334817 6.053588401098109
3.8513413836544608 21.26132131946774
95.01341860450911 50.15584685400274
34.5922414408401 54.89803329014209
99.71518850378267 58.4151955033253
29.319893390166698 55.48683820493565
12.374459556281181 98.26703405401406
89.23379400429997 66.68966175428383
42.45967435722746 68.2628883330424
79.55707682100261 51.49867832309254
21.83900389250637 86.5478191578539
30.001038597011064 52.331644080398455
50.75740671923239 63.01786209780587
54.33032523605264 38.503281917409325
88.06265268534051 62.57363901181565
77.35102121370272 38.993318003395075
38.65515226545582 66.48137707598858
23.292745197071586 78.01018990560591
33.19540116268291 33.65834460468549
54.7150850424696 32.53976042519122
63.38597329902613 94.31014558560594
81.37636071946572 73.88287237281821
54.69805162387791 68.7686181523399
17.359022419818572 49.17456168500121
20.342201105331583 87.67022873105408
83.63883748206898 91.94726466839691
9.727017490388334 82.14552804667197
52.38284237297051 84.94908363882891
45.286023928815844 53.309338337725265
10.418000547369921 76.61812533043218
58.15227510170431 97.68628458206902
17.453796779361763 80.82561225083953
85.06352872833243 7.77791008048343
27.603443643090554 4.077365268373523
82.23534547252002 73.15235315077744
31.322529561414747 95.61637035911859
13.247984534336865 10.283848533182605
45.84071259593099 81.06761980444055
5.129342926103475 40.61141841694569
45.598574412454475 98.86175768827317
41.866776546578265 48.48785637476496
87.24915295742908 94.99218587585077
50.33092440845051 52.35728708267799
15.938217174013293 78.82113561407344
96.47950026327823 39.70069311718165
64.8332453772112 82.46804325990469
1.1968700136886001 27.90182859142949
34.592277093106546 76.16550880761392
99.05849263961468 53.50250363780995
53.627241055944474 36.72942102016372
5.185248724589453 26.580119160187277
94.62326200722751 34.73750663703328
75.64785747794538 99.21111279983401
9.416227740625782 78.7874339295089
62.24327901033653 84.19330295883239
75.44209766581685 25.417552114738573
21.235936238524733 81.36677092875463
60.75808646011058 28.196808334145572
17.103727175867988 13.22610461555449
28.654410581798295 52.89751458892462
13.129354773627089 47.730509751089855
98.12970245266041 25.84494825339627
73.66337666743676 22.201683715372166
55.43138125726732 63.77007118003033
12.760656529256575 9.680271344135072
24.623312050426183 19.098238666919308
37.95582986976951 63.36939649448201
94.36912466416318 8.442823402248113
61.42893679940957 92.73248215694238
28.572452081668875 87.76107097448109
39.48710238823738 70.19444559451958
82.25899137997882 87.97578588091494
38.1830582413419 76.48230988539797
67.581671715622 52.351276565753004
17.827252811677006 26.218240597017495
20.13914886480279 42.231927709770424
79.87196049404797 87.32366365265021
18.763056318111172 94.16273437792225
89.43916408158294 29.864923021375244
24.2926817952241 31.635080403641314
72.25352548996862 59.79050927184575
81.7606833534815 19.359138709115676
51.72809725194929 38.40504525862616
5.31694481332472 72.00895992704304
66.95926832012107 10.806164998139334
71.16015595463941 87.87138632099148
83.75633953887952 15.358163568612726
83.40800208577166 70.33156986772904
73.21621448851698 87.80548273906903
69.07865491786079 72.94796064941404
43.21094304238562 30.890346539615354
18.270184173160064 49.21332617853689
53.64915707790874 90.58580690685503
32.489579169398965 54.69782914714294
9.859486933544215 12.19687061218977
39.128101753400934 9.45462321936672
61.36684752852426 67.24050074695134
28.982074509016552 79.11450251758747
23.129037555802377 30.57624203151823
42.0272497982418 10.25203783131381
12.885088286292689 15.218002139252063
22.212851602864347 82.34188726268634
20.149144301781874 93.38707269740183
75.73063715411567 65.53106758272034
67.86121090548723 4.483832347409322
5.580965193369858 10.665559869045804
96.30701784896891 69.92744186114052
50.867966393450395 48.91970551915252
26.688149158845988 69.75418566556424
19.579001191431146 24.638382165850548
36.93275705562205 4.68092658400685
6.793729250442593 94.22362402179756
28.13502753944079 67.94953115540024
37.92737655417129 46.45699969000003
49.3253772915067 85.63132768462415
34.047429167826216 54.517260664003956
19.46648157043349 58.71304761740404
71.84649174679869 9.89796689852298
55.989435976540555 56.37135951543095
81.84938970901197 91.75488335363949
99.1407804345787 34.803317357670835
35.827045018797435 91.77486992428547
2.1416701003194705 67.13996989735607
24.416445934152442 54.89640191605001
22.545625830378448 75.82075227428169
70.75030102326328 73.34560168429438
68.92566534676835 85.44972893725382
57.912288496244166 0.7006384400356058
40.6082516068252 78.66083472201933
75.96571708428965 31.194227972197087
19.249388062727334 39.88191519721607
38.014672735199184 54.20766105013406
54.16105167600283 63.50612345229505
32.18988802313574 9.094967651882534
98.76332026279964 85.05635810910242
29.84089117449733 70.68997839250378
55.807056393718746 53.39376361271497
99.6288588494049 87.03196642628257
33.63604467122572 19.030624463956446
89.2068281864276 29.531902031486034
34.264890546994465 91.48825173419056
53.63099053598708 82.55658186561519
89.84703584833062 41.66336701778419
10.846011266618373 31.992201401030872
21.358804489553208 27.865680495613574
88.73050075363551 67.42408721137339
37.125236772461264 73.14247750857477
29.590613602693217 95.95888219584778
52.676826113512696 35.84588950211618
49.26469419866437 52.62111243997498
51.49680485848802 52.19028292436432
36.048749859433315 51.72426015866005
65.4548321883177 97.83018200800433
86.02329163620672 41.45261573877248
90.27916711342101 72.05611645899394
65.44427801084562 3.1077557588186755
92.31874953057849 69.66366004150599
15.609680252898839 13.751711174962967
59.665993701447476 81.3598137314316
19.84029311690312 51.56716339053196
58.30964653093132 81.3816164328951
10.105724751160139 99.0676676814798
8.23256090031126 8.059236131906422
63.91670281621005 0.7355657456575404
75.10931232554184 13.835695764766864
73.95302677107962 16.948929566475957
90.81776792274152 42.577473681627524
67.23225386602346 87.93205543887963
8.026404893291073 70.27834985799426
57.04313834810291 58.08473373698413
31.117952081157483 29.07321058839276
5.6073667630787805 8.025031393248216
71.92502469070399 52.8856496153203
8.138632063777917 72.67479071351461
55.347628211225455 98.934631266384
93.46061617889883 25.96688033984369
99.48066280334207 43.46318987597542
63.077586717598244 78.61566829003586
57.07305748885339 83.99323447109575
35.5252110806104 62.80803454966719
71.19678006670517 71.43782251449393
90.51977146613386 15.222874781348228
34.7946604320688 91.69534836629852
99.32877227715852 1.083230696252846
68.97966305519161 8.153684435382802
63.155032457765415 56.94537345805888
16.773137909656867 41.87531180748274
34.270952988661094 30.939786627797837
91.71318356323579 92.30066358792783
58.91381977699724 36.12015172047718
52.8325398992475 51.67309451224733
74.88874311362281 25.776494243357906
72.13382153688717 64.88586446790143
57.27383782034616 81.22673643430545
10.32073187930671 5.508196169989699
44.25726801657659 38.689229647580326
48.29632805144763 75.7531785376363
96.03838278220304 41.437469890622424
25.39191420786231 4.21715865927621
69.26573220813917 7.664763085240911
26.418803309289206 88.67244143797421
39.39789029092773 80.46312842243113
33.39947839039199 69.99415798340387
19.978979721915067 73.0587514216827
49.74223945337586 65.35811644635716
46.27478765707025 47.407933723657656
14.434568104300794 65.57871412332976
44.62371776153289 36.63451090913155
28.88283420463511 94.93839746493795
57.14414415150073 81.39408909666645
45.75727825650225 10.02242474798476
28.716546481088635 26.683550989461423
81.31698065376347 74.20210880383853
58.4116887987159 88.1436494132297
9.546108380766483 20.204475390006714
89.56022582546399 43.22834870445653
39.39893159479839 84.94719458530263
21.187832161116795 84.4560126468822
17.37388534108235 86.04710023506136
50.99257915986763 50.78909877811763
59.969830368630326 85.49435857492745
61.72763728203046 91.6265949582465
83.08423162837745 52.60048569666542
82.94959203877741 99.79176119823832
87.72014734243258 14.319886414628314
16.44889829797622 96.19531877701522
72.60950851746458 78.9246075175309
64.4086602783335 93.93534641791017
34.272795361789775 87.26902342248135
52.31485987109239 39.84972299208869
36.602554699981326 91.68679932273153
15.041662282194078 85.67997187017109
48.24075344203469 44.2944161208686
22.307816249282908 88.36400224542584
10.379161824026252 27.670668602808334
66.17428776794291 30.650794485560073
72.67403085336205 13.30458940375503
15.274433922632923 4.356637364400373
89.5982283016874 20.866347808425935
42.87512954744606 61.754132465694035
2.372113223355665 10.29840011460388
95.13414925892796 79.76103821348097
99.0840112995828 14.968198120595355
30.494178203310597 13.107846408570945
71.13328313744147 64.04630697258136
22.770388329043612 94.64477768665003
47.45119127901765 78.82391004264787
32.65040535285439 57.16319500250895
68.97076151414213 49.20948546967567
38.10119644889092 65.02576463823608
36.6216022402791 45.31750128090617
67.34921188183391 89.61014078366512
46.769458869875265 54.61344071158602
76.53300216598238 95.73467474348828
45.95531019800889 5.119629044346952
85.30741344794059 60.458782661491696
52.813449466537456 34.83775341249083
65.86122548284803 12.490162469551947
56.10637199673481 66.73834667405858
24.86499382473044 33.10050678488368
68.30282512524877 11.84479857295111
31.548886767449623 84.79596021076449
30.179534303244893 54.0973028675843
88.92322559625842 46.042934730263866
28.73337966464544 71.15797991288491
50.274328001554494 26.440451657864237
38.864196698968414 92.51261672058224
62.435397180271714 91.36205710750176
15.163141131012292 29.899684032906283
26.383284375584015 9.268119568640753
79.93495719185421 66.70578187196354
91.29207495499688 15.830994927935604
45.331997201479915 30.868306956280776
97.65086935081119 1.7531189741310182
57.47722574499225 16.567596071703818
75.24303853945267 83.46456253652157
99.73521325007346 1.3690623411158898
27.735951305402452 67.99555676752342
24.694841983223846 59.917269793765946
18.465445694536896 46.49555292909946
32.72455671609094 9.736373366468754
25.05002705238313 29.977036707994053
23.441814807550585 62.63427735885858
66.61313651992941 80.28385552097912
83.84241110692092 76.35605348361914
70.46498592380573 58.45228307936188
14.183655241351767 14.03890981840863
18.28147081085394 65.57496638421938
57.6868224001406 21.616775941877275
61.983776538023406 25.008334574515544
18.1967896617226 7.576005703256294
51.828077634446366 28.805772912254923
72.61769456517897 53.77568039901583
68.17766077451508 60.13766305602568
82.03190643060962 48.37099091795694
90.36495073360823 97.72822487421313
78.0744026289333 27.211471291344335
86.37119191477156 45.009968123245315
55.23944525908257 40.27959751804313
81.0437506711112 1.0546597520242784
1.119699301895638 83.82893075674069
62.208899423734906 41.73267251475061
81.93383517167018 82.11964261091728
93.47696261830588 71.17889921831049
23.686504484041592 90.58117897479173
19.692021653086677 49.347187677875006
43.4578652050172 86.90467475230226
93.51295149272147 87.9179368106521
5.5122925825638935 7.767292490946254
18.885607122322725 95.5695688344683
15.090991791785324 70.52094664929614
73.2312335473354 62.21427926075789
75.41890053931243 76.24946006998448
49.21879718288464 69.13017741763802
16.696995013263937 79.26115934823765
97.99991789094477 67.94302046177705
38.82488266721891 88.12209741369068
70.52065296062675 53.6277556339775
11.827607662359195 50.319054107848046
19.63364803243013 25.91179944921713
37.16279647482767 18.946040400735995
91.26356544511705 94.26367575325042
16.29650535624567 9.502677320248164
26.33178832159104 34.16935654555904
19.743237395876378 31.38190804659329
8.473799347168587 99.35131567657247
18.809505878214615 38.31615850900334
8.314544405915946 77.97695583627696
58.39266508050371 36.987055475849886
51.30262463320436 1.5656000488075694
46.51462982819443 40.502189120446545
86.86092728473417 63.382639636501104
95.7408927793924 29.46892792442213
97.69898303865119 57.1537214662938
75.79879574074727 82.10232826189612
57.366492786512424 37.53231867315128
89.74818007364243 62.21067715575137
50.1478523710539 30.007203563674146
18.563946304404368 26.551286191449087
93.62225265619234 0.3485111464257562
79.8104750554359 35.61123927139458
21.28679429874223 85.42603006243685
48.99744134077082 51.51854496059593
50.0785513095575 43.57214228952171
26.837540230426505 79.2780628540633
38.95421324816344 26.339734855600973
24.77979572524376 91.02231836349908
62.43334405576153 33.78349360666184
80.948337484039 66.65126834102398
79.28523802546748 88.87944043536235
66.0715672605017 22.96137419190687
55.38630437296226 37.63796834758671
35.83841210842711 82.49312488197094
73.90819383286993 96.67727614321772
53.94490105237135 78.68921483256304
24.335292436136015 67.70168554918654
65.12451834736879 7.975700642180361
28.648760194941115 99.43059689192002
21.59934887340791 55.80254337212469
8.179817912437738 69.88013908989514
50.22593809841478 59.45698678679854
61.32427175812034 46.99810122856658
2.3921468999242856 53.1429198230853
31.39582779574539 96.15180871286523
79.52575740271301 61.63231757730985
89.45648652731187 38.83790690624143
86.88550487962068 26.322841316566215
90.83848218228687 18.588590493626157
39.01807808485653 46.87952144368075
21.823276415414263 2.7549162671345995
40.40566449511604 30.838539041629097
14.235337799558256 6.355140490902422
49.27837190273912 91.58424894375887
74.87802593883733 90.42560587569437
72.38737099531312 6.141108922030636
27.774873077667415 60.88007114576519
55.47744698721784 44.37367557874183
96.350535067857 31.277959113405963
29.459717998158787 55.93579613353403
47.04775550590203 64.5848554351459
45.58734644330234 29.107923378494217
44.95386796687324 30.609668954207226
35.400820025825254 64.15029396203813
0.11645774127131414 6.299957212241458
92.75511571949629 5.899502070595064
3.798564793447712 39.63113936556832
70.00708917128362 57.51660638550917
27.770377213207542 78.3770299620404
84.09476229406884 53.669899264334965
63.64730685850966 76.63629209177931
25.242684841805097 22.438236063315653
38.16695073113081 9.055396791562309
79.26973955835834 88.66630598039558
64.22560432713257 28.562844442132572
94.55661691226096 9.09023380180174
94.79511881149271 71.6771979849066
87.74145036942365 6.922032754779783
5.663373799290072 15.152722513898409
54.08724901294373 43.57246266895771
72.41530952974135 38.85514843551896
26.493559496539575 45.97772670528768
80.81349954745602 39.664209714924105
19.85186407636743 36.67666469753317
18.624497529996663 88.58864593101426
8.312677241455768 13.1665149693732
19.513483924077256 82.11079661362244
21.34828165822642 38.97580995300558
94.39681398819198 16.65557587412454
90.66657596901237 15.628439845063768
46.17362898062407 46.126781014546324
38.203085033166715 43.65929006053446
91.95422904629783 12.355952837478966
78.7265320014272 98.48664268748173
42.03787439163433 50.88511463481387
2.844824517207911 52.05434295689968
12.952423125774203 47.04999870583742
58.95453945471496 99.58565052758263
4.854790772006301 77.43823304744821
61.55326791948281 90.93800318225085
29.14937951480614 43.129964221865436
84.422046877377 94.82676048904554
85.83443250017051 67.32204039431605
62.90322596917446 38.163072682265245
23.195343386444243 10.700469606897833
79.86068414766096 16.055520428744007
99.81943375614264 34.252035081171115
59.01907244334757 90.2264179715931
88.00745537388988 58.8432669880973
51.16746544272923 69.642760206381
17.86373034748243 52.43779027479736
98.7806089489887 12.871789801113342
78.07142645763079 73.18159241966977
37.61876136590243 13.581828659138907
38.33840516788594 84.48304709689755
8.45316618553733 72.4785001866446
48.96950658078198 14.712467021317899
4.641257793190001 67.24097008682732
81.88555543582953 9.637114815856984
28.810918068961033 23.4531899760934
4.755774464266094 90.2612842570617
36.19453948734366 60.225580716036255
73.14008601116177 41.94305836740326
63.163872743485136 16.164087525769233
90.92508283138756 67.15101337004303
31.605346148279033 89.4902185814302
48.1424430069513 25.317593563702356
19.580300151884057 41.81936569897437
41.2796612923787 38.70053065922365
3.157208740764439 67.67520246326639
22.716452302447323 61.186126525966976
12.515439301533826 68.75406103523196
39.32857228913491 61.073496875737106
65.96806901790583 47.590145484257775
99.20973434669513 44.54198655897008
73.39049056461144 68.92994862030221
52.93711031667476 60.43030741319762
17.3831286334466 18.977862643910903
27.262598574520382 1.1498759900297362
66.24870414578992 65.55580734935404
24.688937313466663 21.739001548339722
52.607028484809874 4.833241811785793
98.44201537173063 4.692712078297645
12.700184325134313 9.1421813914633
84.81044953852319 50.76052173272893
46.96005472853708 43.95280175070309
16.63560895299789 98.32919775425783
40.37454123396395 7.081387715259013
95.60853444129913 25.1168127513292
86.71939258919619 85.49075681510203
88.986393140078 61.55230718683171
22.18135938762216 98.29604818344662
90.14988426815589 94.2890616466457
59.918614165401095 27.720000897950147
29.41870998635425 77.96934635377266
19.500453356194015 59.76774208674944
20.08580364993953 88.98932539048256
87.1435416874669 71.55667139326012
89.07428032271802 82.98481658018011
77.07485519043342 1.6329672251877092
85.59227925685484 4.615308677698837
15.47463345782123 40.338414605601834
16.0808635553199 68.78060307719518
39.14913275152725 80.43197020469613
53.792380416838895 71.16486496252664
41.83656675010974 71.29478538474874
20.858054993419238 13.453196521008692
16.123775122780472 51.23316145992638
20.211415212222605 24.66497544438242
30.764235924065343 56.33027508897095
29.477672622129102 61.295508510248965
6.393096534335729 5.828205627498639
2.686831174435289 98.23052312269644
12.144446371501116 35.30623292107173
91.17490685613252 42.57842829872411
68.30423505439967 34.356081657679695
43.52539086965914 35.60470703580272
16.573281646815197 0.4562544605906105
59.38994578891712 43.953422240835
3.549805213235069 91.1302942078795
27.390198975605884 65.95164353559906
43.11098321877434 37.39881465323822
15.609705665590567 19.178642751801434
75.30976885493467 99.72335862055728
29.8226758723964 45.660992697403316
7.172509120618775 25.881439843253506
48.29877662862132 93.89206157547181
0.7809300978441236 93.84473395528418
1.9597635189069873 57.79043341447721
69.28550774015198 23.348522605890775
86.8599951897765 91.47966306055383
29.847370803167017 77.1960344752556
46.358401822332354 18.75700113720937
65.00775161916327 56.952057501031604
14.379537922606689 42.53295847289689
76.87956408219743 99.49641030136137
18.07689992437107 75.85935625880067
42.369376295798645 46.829977220310106
92.6523870086789 14.32453718718618
51.45358861991245 99.32042936888823
52.33709975809124 10.87211537715067
75.5401879836861 13.228971207647788
33.43427408982495 19.874498998311307
21.770781772305803 66.71503478018525
65.50606543376144 53.27358427226023
51.38512589504991 67.55498633469233
28.698199510218924 97.99634733328755
29.695778225645043 5.961235671414866
31.310040686033112 44.44924283994205
71.26171094857898 74.30993613709957
91.79755793220214 10.76184084218481
87.21769899896854 40.47702736381127
71.90058546063676 56.176239760309564
37.120043522331756 20.82181332043902
75.77181623305786 0.8917081707365826
95.61005220456819 65.47346629663961
25.974197221874395 6.168728511694299
75.13666074779933 17.36615416796368
6.440552472300554 75.93206565761501
48.25152321584669 86.44131331730438
25.064442218809724 67.07255151541428
0.21797181359637374 58.83508450157207
96.75294714800128 22.037010196477326
26.115048434488465 83.94357902225724
59.160126636480555 73.04723378000541
0.04635917717472626 93.25459368287127
16.775156316231765 95.0880457375171
77.88241201422383 0.6521101164695065
71.6498417765733 63.065728407913824
18.80327264222037 93.616120707413
52.46852514944811 67.56282994795615
86.95431476937385 97.08818080555028
93.66715747052356 28.79835056542508
3.2141941216017766 6.38521171056905
11.633540320307656 58.23608999532739
59.27548434456631 75.49978939704592
10.483251164216512 18.14108887060342
2.823644193329211 1.2968479509489539
70.96532163216109 82.52641456571035
37.126189501660356 76.24078876628246
89.77179691295409 38.273514068357215
5.056319550591537 73.33765959565248
26.40396581093576 7.898389152595686
38.447096459129114 2.520001912957426
22.597291692122457 56.35368197760782
89.64400918907415 23.857033933625814
21.814221384403897 52.755393016162145
57.24741468631358 1.3744843681708474
45.82676444159124 56.91757568584948
97.35684173611399 94.64449273167142
64.93787249210283 54.41668539619122
67.88035044625273 34.314450969011226
71.0074597490728 46.15391150828674
80.59160548114919 30.956181269638105
44.950400965478174 68.25255163497496
28.30777674444711 78.14313310307865
34.846799432453324 42.95032269234387
15.55572432917456 52.396371844769554
88.50902256387982 92.87485084691703
20.226721004989212 32.16891711457342
77.40286067500735 36.15784532298045
52.35745301899648 95.58015863197366
98.29047072436057 63.89682386485298
56.917211809347634 98.40068767029142
39.60631665808041 30.333494724320985
47.44735876698747 58.62735326933124
59.73583738336681 88.53810447411703
0.10818317934300214 35.285280656283405
72.15428553611557 97.47616743863823
94.55778206850793 44.63495824653783
17.593754092383442 29.471760746565078
88.89341037608689 46.509551484853986
44.41487719739246 41.24257598824557
68.72133031991387 7.802871773474784
16.26252403313979 11.255062652448778
19.560953668140012 22.030660440035412
84.69415983636934 64.02953636519051
58.67094642974082 22.60985321202775
92.18985992483681 97.424203526194
40.12474934158743 26.109717631198713
5.704608293428026 45.49670917385544
41.29207285751075 70.94276410441651
95.55042266877484 63.61170248167094
42.216805660681175 39.5376134111695
62.73527802909242 21.634721978462412
77.86059461645772 68.60382117231572
40.12482759214184 4.232584809738316
97.89738560225952 22.211640970900692
96.95233908075637 17.857736437976612
86.86295827527282 20.122097117935645
67.39064753052686 2.871220720454448
90.92155392790168 30.591110133761923
62.77761713635564 18.23433170230786
18.297019267167247 79.10062355035608
11.975946621110523 47.51148242529351
16.641995392083864 2.0276854914563103
23.494061132412014 31.26813517831797
25.723720082322465 52.08042305614966
23.810987540205076 43.15897442481151
75.56858266273983 29.189756823796962
92.4321143830763 79.50064137881856
86.0250978305438 59.50896576619667
44.3878937231591 56.94399750817305
82.91787907607863 39.453137114714785
65.1528785528169 4.996066073236793
36.28274917905128 67.08201776751675
93.24391640069535 55.68471031815383
2.840630188821436 63.35728344894549
82.70909258534118 45.82683714535898
61.146003068043456 51.42278722552691
79.11341480047689 88.51641728434694
89.55395954300218 58.9938045190191
22.662587603315544 32.08077868920927
12.68907144487892 27.257178167728902
77.7469066498399 32.64041663900687
7.828146237147848 8.194670118876424
88.51035789633637 51.726838889494985
16.72161560307799 90.97643004723832
39.447328688827675 55.63278552445205
87.89864732569535 48.340167583913086
53.82991796226398 33.876383735710604
43.05382154924571 39.68486482454521
35.26182333338173 32.00326393195958
48.443444026690166 66.0568047383696
65.503678250841 52.68076077009491
37.22020099130354 75.1604729528933
7.212393674375894 2.54703326101946
68.2610862194444 90.35271086084575
34.86586750582998 79.60191698480057
41.43690582415871 15.41718320452723
23.680565092926265 40.65506242641921
58.39008065864903 55.76916096889462
24.850499091850843 84.71494925360408
3.819138412578038 0.5356452129404721
35.57522578257797 91.35863319974145
17.097988263350494 49.21020689437769
57.05330831405111 52.897891481891214
97.74643760298767 33.53747428758007
34.135547067511496 64.670681990339
61.3734607736258 57.84592242073816
41.64694924562353 48.3152256651991
69.03280617854288 44.545083047813506
8.511878649295944 18.048612598364077
43.49588885724636 94.81241749170823
36.77119312327315 86.51509126845436
89.77726996197761 80.49878616230959
15.105826246312827 61.033586088608914
28.711247670092522 33.10081529893305
79.70696371478994 35.16439425352904
5.426742468672496 64.9166311410392
23.9910199361548 72.70401238986662
68.85570388017695 52.204613988592286
24.442029308350378 60.21566047991518
4.464235914487569 75.14389386558915
7.1469947432343695 28.823155345155804
95.91005005976783 45.7118305807974
68.38653535057098 41.8206464066444
75.27765533509093 73.93461112425948
62.345838575196936 7.852517902210909
97.87119266061836 88.81179916568875
89.73372543003227 96.31326535929372
64.96164131410008 43.07934319061386
83.23861643699837 12.744591418232364
89.70151812856406 33.7548675717432
51.71232121761593 60.518440031900056
0.7684686176712585 65.90851730895926
25.950123471798904 0.5292667316278976
89.3556567251166 20.535422100143098
22.688059967812602 94.70605098321356
39.05028902891679 62.53751503751295
44.81869076644816 40.283034561081756
59.193967381361226 89.16969080254162
60.59722297249903 85.75038082170245
55.45149023802003 32.743427364759256
83.09843809776144 73.79525156493334
3.559585324820347 44.513293695297975
92.40695138477379 58.48818611618702
58.17877752645557 46.64034465213509
29.767844355351826 10.036555243827273
25.673254605177178 21.15531575313252
36.338547538084896 76.43196566173289
85.07436674206421 36.91030479982209
35.34753557676908 65.6233123453642
15.186215279929094 47.83909997544322
97.29288863455507 58.22246785099625
15.168428261601875 37.36567664767987
86.86583173044693 26.57353884410596
85.58910817651018 72.6932108748124
84.74497405227413 90.08150343659176
59.722818364483096 43.34315992952031
59.36868024299753 55.61654166700072
99.61074660770184 26.211565039337636
99.33364986695989 76.88686658585621
42.45206147678431 7.1543338105722
77.12436817552124 47.854002222341684
23.333226453798297 71.26382959327577
25.434375521746833 9.911777676095834
63.09838244894783 74.64403923744456
82.81722970431642 88.24500035788998
14.80620724870223 21.003472537569735
61.40559630393994 25.42913438333234
19.29282839258224 92.03276615152687
27.22462849414771 21.846625225169625
41.36697046439792 17.077848595072375
15.296036771785705 37.75095831523196
56.69928758586271 92.21571333849457
20.690034853309204 13.803364808923435
15.613928639916509 59.31744808874409
14.603853346500228 80.62862009266043
77.12171190767883 34.5737484909852
98.76004131170717 49.758218473771954
93.39568437354035 40.17593117137852
50.545471005892 54.32609255652046
68.62788220540077 58.13381318617863
17.803935892474865 71.92020188565866
11.589101567963445 95.38112209202754
84.98257316517986 46.82785482864651
5.650403339419285 49.804135895809324
52.5889985070259 99.29512526802257
16.544632270161298 56.76612621493315
80.0269935264375 25.666709423545253
62.208238078785016 7.477234735270932
79.49493785453072 29.911731848896437
44.25261603492299 35.53398844311051
49.83580185220562 49.70987015813768
8.282042198929851 41.82729706397667
49.82796730109848 43.70562229038655
54.96285099082152 60.14971350847402
25.849341944235004 89.42261840782011
72.10871806625867 22.580160373964375
97.17099522592918 34.22321637987078
93.04520558649796 6.820024694977445
46.49984987897462 86.53066516568674
63.175554590375896 44.950897803685066
1.4963608589333433 20.280936710398677
94.58516323066324 86.29003138243365
23.313117683908246 43.184931995715026
57.505212947715776 7.924248425734581
75.77206100425894 91.40777814063044
75.17480240497318 93.22166299173
68.11799580784574 91.64123688967982
30.992976549497776 37.087236436142554
41.423759369297805 37.875949254197884
94.90505186402729 17.85162353514962
24.34913413107096 24.114072080237904
59.00157990922219 67.46801620071747
36.50008981208042 88.4104678145677
49.72734077442424 55.450369701657486
45.77552314011992 79.14716385198832
7.751253394723756 9.592664005369489
4.636205156391093 39.473175604057296
90.70938249782535 42.17287572906581
31.98712156640562 31.13058974781111
82.62287890659184 9.618120979756718
78.52862986613995 70.506757626062
88.74432961157012 61.79401617790323
45.68386829845665 41.75642997883007
90.92250579540983 46.68447234027629
12.05854634736827 63.44124152203277
10.146451135021483 33.77597196007667
45.551439440541806 8.965080109978029
69.02069611856415 93.16360222032571
22.776089444669445 44.859502366896756
64.11270384939401 8.403361321093605
41.101165668622805 11.670103375763329
4.634979979997755 84.9351303039546
55.59498980612536 0.37193993577004925
39.91770756971598 88.1924880280582
56.98227232292612 77.20166719866074
43.97537127768856 4.509485773835542
15.692906702066534 27.43653018671366
71.08135120359135 46.25829357585356
35.244684939980345 92.94561009583543
76.46760318643663 57.56097996240421
7.122388823766146 25.7997365646347
4.912750269104715 20.4555096682266
0.5987158087361166 93.2324003499857
55.309713781254445 54.01728633501723
68.6069831946255 23.61620672972691
27.79230629377245 40.35081558332332
32.5860501883559 45.944875119861806
37.4739724024677 57.68450289045
66.05615528250812 86.84221029506108
13.375730466211145 12.530668217731122
92.29330434720386 56.07506530343285
42.245713916067814 27.690631168455624
54.01219782258546 67.01228117452447
76.26272387456055 76.20513029750575
63.48278556640772 57.604658244694626
83.84787263287781 72.73988161541503
80.36540404337715 46.7211718985999
38.25717213744782 52.86546321486294
4.493265158728299 26.262058810818356
52.30954584801415 42.28199634425132
11.959731911736672 60.205815963204316
18.778492743087185 8.50168892222458
74.92140929572675 23.620618624557377
14.474431549038759 29.86074993537249
91.12659590952654 88.75667578304262
80.49555384983509 79.48753833232232
4.317147002093846 30.878777917415825
35.90310630538078 70.50926264152287
68.33858168085092 76.139573924483
34.98457483183819 94.95770468251496
96.98226129670174 50.84440876246505
42.9236564385866 34.0911159494252
13.86637732156002 17.219261609215543
92.35455986658907 73.35593562291294
42.984552825412806 55.02862426721153
70.58318621895947 94.20075512860527
69.6734389557427 72.25750889604461
30.37039893318112 59.12343979781702
36.24305450367127 66.14615885875284
88.69835394518022 2.147327936823751
61.71173811428419 22.994625118546196
52.18863217901439 67.30881740035434
95.94941384764282 13.106628064709124
33.74265789708804 99.0178050058164
11.1149278910611 75.70370452193838
22.063982147074878 8.957477913230093
29.790723371107354 55.63948123720128
23.30606143016638 83.71126848608968
7.920790285951385 29.5210170060217
96.60797625777526 97.19054495220638
39.731524520991776 86.28095166072364
75.32083110309583 73.39552234656608
71.61550211384838 89.86526402084998
24.862716290763977 81.72143100862715
35.02083180772071 5.301551990459297
36.098348697873675 51.24218167459378
13.92258956657404 83.20858294331927
36.455782500250855 3.3680433964909273
74.52863915779491 43.14821921985485
9.848782162936587 94.70692417080122
20.681280829208703 9.190254085544103
71.82009669497124 4.558174758071387
48.72166433556806 4.8481682933704695
18.226682586314126 19.365001217623767
69.2807004973409 59.92915265962851
78.71694379303324 46.00643291802828
3.203893276979519 90.96119120569684
75.85646461431715 21.578128548696828
22.971325192389024 0.42137727406674763
