890
1 3
20.99565224045097 78.30129082145474
31.48894937178346 59.15469652400549
38.95980963229844 8.767246274433882
72.89609807019355 98.04380227983083
40.35491444685459 37.17895034641725
19.064898078007396 69.9753677300551
16.645415946866194 34.914788918380864
80.02477905861018 19.5976795611835
33.629551409562275 8.085331127025452
95.55973594282699 85.50949473647096
76.08844910058805 36.8356877466975
26.867931508922503 48.52066517369025
70.35860906726002 12.60720020818571
5.367401656987925 97.51013423119392
88.9798049093119 38.54452726866744
74.67430074559589 11.143014965736464
94.26089741089017 28.508221173972935
44.87263622927165 53.01952615551433
64.66716677158485 1.5766551609669222
81.56129919462938 60.49808776424796
91.5921938592464 98.55210415808075
73.45510199814753 61.63961945647205
82.91860747198841 12.365254307535768
22.726276642984054 61.048592912847454
38.30354951941801 59.10021355203832
82.92280033973431 5.004703288772205
67.58562322367855 96.56637971505168
96.41951347117099 28.57762885267052
13.573232491084909 48.88367593735208
73.55387591000473 48.37793819956045
53.72359515873701 93.03779023196171
42.02468344120045 10.68828288081647
55.38169530338208 69.72125588621094
18.558738548403642 11.808277075451002
76.87231491841 67.92528064422288
89.32653363437989 83.8910357040947
6.201919337610073 90.82447923368477
7.227549273910627 23.701547740586992
82.50768963106702 99.39638967760457
40.14902158224676 33.93891887995799
49.517828909910875 51.74340077475637
50.71745607086946 59.32302623541838
33.54809894934079 12.353714614811185
26.46520576441107 78.80072383629411
12.89716753809589 34.120823062392034
59.1220290414834 6.42326059057543
79.88446151293935 9.25038884077425
67.20701699882454 0.5278956432356097
87.2165958826139 89.92865374206293
74.359717134755 3.2715203176054697
44.46153799754149 80.23347835474696
83.06604758451553 18.003865310609022
41.790278655575854 59.362970265018774
28.28359091218382 63.40508646105212
55.61067587002162 54.73213792534717
27.71807738036629 37.365573018699536
74.24377239988375 56.01821760237922
25.159818460248573 43.84205102846015
29.88369154575674 82.43246189062023
53.90422726592057 6.868839708119667
52.09602858992746 54.3516716495539
12.05981034012824 13.835291214519385
63.22554770721174 77.63600198790277
92.8556722176041 76.54159459306224
65.98201619170358 36.57571145793486
6.20224970704315 1.9589924700214922
18.79013759626553 88.40813552833961
46.85504587435454 77.7071184026084
81.08917421402953 49.748039961754586
45.90943693341243 90.03834541162587
32.16335232887455 94.04790208889344
39.794319469111606 18.99856659271284
36.210806000500575 32.237079537237754
37.930829402427605 80.12689280560687
47.31625627330829 92.25481175770449
61.11142185359959 30.312497474029065
92.82195279312529 35.01813331170089
73.14905590932412 34.09897785900296
11.654345564175639 58.94294196354439
96.18078051407164 86.8542077174926
9.097551753600829 81.6322906540833
14.259161761179605 18.592858677119217
61.63196719759265 23.19059062602744
7.798093838869269 79.68416726197778
20.3393365289676 55.60080792365585
46.758810193470815 3.3136437075802494
1.2866675673649741 34.45643478251117
84.00240463566374 49.97755617654733
42.66153479059558 1.569301716269167
24.50686476694934 41.92059540969642
34.971688985199 48.4188809936722
92.12661095279967 41.652490802433405
60.6294867643878 66.30196138034295
88.63585180965981 44.68376073006526
3.752976665322949 1.006923017315997
55.802400759516566 50.18285059376315
96.62736623737118 30.613604486172584
68.53150678892686 80.88289655227553
47.71706249855856 85.1318366285122
95.4112348831774 3.2100887607998896
26.583778888781985 37.71123673911694
50.55818272362777 44.775455761051
85.69147908012205 86.72582201635679
49.122763841879966 84.70336417819892
52.206505743666675 89.70160619716995
40.296127086044024 20.721558552044517
63.166879541976975 88.732975345983
5.144389994399723 86.88617947327234
67.1561492170517 16.999046991079304
3.468489780401618 33.13103742198366
64.28174745160635 94.94772916827954
4.170533104726282 59.83546693783204
41.112118084135844 87.4627397777391
79.56346821884645 22.204892581194425
13.172209507467203 8.019183202834412
58.919200048568634 50.82783871483048
42.59756606451424 13.543586838080213
95.7352445652015 54.09150582035957
14.353904825210817 57.68492065052266
49.64188155339808 52.973183635748946
89.36541340183739 90.15133164552394
20.826567842716635 94.02367292417031
7.405340804282323 97.28013287765631
55.514462677787215 94.9287137107911
61.897017626761716 63.7016833151538
5.949079471853658 44.2269095001532
78.63910923817564 15.670392562310642
43.31868290429761 49.827299412153046
89.97390446631022 42.60832907655134
23.968143153444842 79.8439150499801
79.78964062085558 66.39514163975858
43.39522013943478 29.20621337938376
89.11542162653828 53.1534019564152
40.6893957401596 11.9284128890353
9.783540620942798 24.566332865116003
49.20028246343904 98.19621430786549
1.8247609968835565 46.409891208827815
86.34914454508693 45.24095156243033
4.371639634593816 23.301985063273566
64.43534529313992 22.025036579311276
5.722421608827299 5.128783509949164
14.38938960646945 30.532558003431596
86.44479440122446 26.997457964379954
42.63653637985585 80.55115431927354
65.71342466540828 8.487472557582155
77.46957240891284 84.62818781422637
75.01434453797305 54.226366729463216
62.97666922918741 28.114416951037203
41.31733406386584 63.40461293699187
34.58050145942 39.76666662517867
52.950149145542746 29.30447666410565
96.00277080636997 49.54741375922866
5.655819817839558 94.49784155267757
73.75871509395533 4.4571122079164915
49.64818001241007 95.19534128905104
0.4118718416980638 43.35072230490125
84.16946669760928 79.32306468748249
29.369914853417313 58.79678500962022
43.48615301388801 56.5152139593025
32.0421035198059 15.824836779286322
22.52308114151291 68.15389910235841
29.822340943684544 48.85461120155723
69.48038076780428 14.273842378666135
85.11113614166787 58.78360460746417
97.7641394534864 92.79834509401441
51.85970631729651 53.62293935086009
79.35185782768886 50.78727790053264
76.74147126640891 50.29670943682309
77.95459784662697 81.72089754569065
10.482618199482264 23.668805815157267
10.906074208733152 72.81188453279013
91.14495276012082 25.501028720946838
53.27565424185288 75.75103211001422
84.15782261757887 75.67450229683747
4.733755998310896 2.5707446792655686
70.81551424369346 91.64984420708653
26.84056677247062 7.049636468221943
59.259443271464264 8.045787705843566
80.53082530908988 9.449868094770775
14.41767824965725 99.30390918818574
44.52081047847789 52.69101160694245
66.21753609721215 37.612960684917795
7.469907452539859 10.642253561886328
90.41764488450741 53.84215171706395
7.093130714578555 37.75223265324013
81.65159977109913 5.552500778789038
68.60286063813106 60.687749375913924
29.662323125092605 36.72682299087231
81.17365827634697 73.60526998925279
72.97939289847197 4.820866529983325
1.1173484321461036 17.782008723991183
51.0905031106514 57.269685693866876
12.39475607412961 79.99859179270992
27.72437571234303 60.46506222313705
32.63163196524288 16.380279518449115
50.04899096101882 88.65883014486633
12.757250537448094 50.88421272524557
11.278732234898769 17.922796426073774
9.291384952183046 14.175706510230501
64.32641216988311 12.922462876297036
4.420273194291302 4.869449286287075
82.69788663634658 85.52454510769998
41.35573837769824 34.16320376984896
92.12560652169013 76.96051008535211
71.16274494776815 32.743347387939004
53.81523098777519 70.39581974786375
34.97399844074209 26.035762682788576
12.264514550181115 57.33445580807195
5.869187340722326 12.309514865691828
98.21355316995044 78.07799086494869
4.027807488115931 37.67108659307355
45.13198308966078 53.337885369977656
86.20849997146875 7.064394663892615
57.47610524932587 45.852234825098904
32.62010110195157 72.63753642740949
23.775316444856067 22.968301502572565
80.55086425106401 86.66572963962278
23.92570093160962 82.29632985328628
79.38575268844276 98.4358887107174
65.568576263075 11.389748086121099
19.551014278704002 90.73540929866893
80.02189683436023 44.08766510101396
1.0862120118979801 67.03355231418153
5.258713844092555 35.46719467303714
82.87752995294551 61.527559667473206
23.275900755796197 2.8129327373821456
35.93266188151052 97.2590021330289
26.731327231088976 12.017625439341039
21.587899302146553 88.39626854299341
68.36564924599855 70.55370725958664
99.41312542464478 96.88733672216607
80.02463301168594 7.120457705647221
2.3679256641925717 56.91454883785578
49.3301934507348 58.670381432379706
41.359134161154884 71.29061932777425
89.13713654408326 62.37220706593505
81.98045265800502 64.97694775949748
28.69627717564327 7.389126943466029
8.036745572239967 50.89953788752919
73.51738587654668 13.406127585002547
99.20592762244107 15.435074098458124
48.539626577942265 97.30138302994035
84.61004544960748 52.01870542440783
82.98059124190927 37.615545446275746
83.85246840338394 72.39983188302261
20.00518132514044 95.38322670424748
80.00618656399008 61.42892715949988
17.082249671289684 17.774276160341508
1.491164232881026 88.4249832242878
21.318922231314062 73.45511793373419
84.38103119460318 49.02524412032263
80.74791743416692 58.359088688380446
33.7320312252561 97.17105891538496
92.6470597494036 7.329580725677198
10.792672075365894 66.46821691175884
51.03431501293707 97.59209158994689
39.52508402199224 26.8707999760013
14.66638787595478 74.0595781240309
97.20279341611224 57.327329648139404
20.98745195903746 19.649271274165514
18.676487166446165 69.4241023484309
39.18537021867545 92.12172700987975
38.45410662005262 69.35047956651228
8.037181839832774 56.2729712250795
11.61634555072335 13.793364555759213
42.95736177166447 20.364412195351722
46.681786853226725 29.374395971633426
97.74537295022274 76.38574548324377
34.774579723361754 32.84109293513424
16.959418830339757 18.65097692037816
37.83216452791034 68.05188921269043
97.82288902045113 21.99559702731957
17.80810581530139 23.232303493534268
88.33883674639745 43.49028275909663
15.561230226858026 40.637355030353504
36.359387264707685 7.450807702654183
31.591792001007633 48.41250565659252
19.160613835195896 17.44406807706489
91.88935656123294 41.526986525085555
52.278407596222756 12.199800589881571
83.51764241738795 0.9949446263802786
46.411249132656216 47.902645013048506
74.09968021334554 20.513502239520463
65.47384901031276 47.300826313160215
46.14951978618598 67.14869533618845
79.50623620694705 1.2901154430202455
4.473802971856378 2.7970069122473573
61.30870797122785 84.9798499239818
36.7546133577298 54.53012044566936
10.147530454333875 32.095982844310015
94.45172368703811 36.140283948161624
7.620766415581914 59.815397738204254
46.79343160257186 63.079041701312576
10.1267942604641 50.853984743959145
98.44848668427592 60.85675703954057
20.98771006708493 13.692458864364877
33.4337507948268 12.045121707541572
20.75658658013886 83.48292010966844
4.866845044107593 76.48618467279063
7.396066968329418 4.991550333981043
88.43920004752626 67.47514242682541
8.172400696386273 56.20640430213657
8.064101837322557 57.47704102838049
20.208366062532356 29.13275780597162
97.52088756722628 10.960135415642092
26.984382348970716 74.93474560446349
95.53928539661365 4.152138743471201
29.258824278485562 1.199330135610177
0.45028701878251365 81.75438330372451
84.49153270556823 10.904756106196945
34.24397891967252 73.83122963380949
67.85780965722492 58.92915076910177
15.115188504526245 77.1415052226534
9.376421050810869 21.385295986823127
59.671503260183734 66.75353688427303
23.239125735748534 14.762891907890952
97.77530408400392 28.168957909688697
23.226726329543833 78.014797598381
44.6190881132974 87.12588703700146
12.320178598454735 52.07302650455985
46.80859757583522 7.386073202026666
22.550503710400505 97.85124736953044
15.217662276917942 41.543650109121664
56.75531243219827 92.49171844306106
66.7555573420219 11.376749249184126
80.41829239819975 31.553320730771617
1.0340488683147298 95.70315440101629
80.58746479913903 63.10705830210694
68.85018358485888 15.635135296925263
45.3740021147875 5.579234627102214
4.931244823786218 75.18539953475585
62.05961579859067 59.01856662589999
33.73083125407186 31.068322479252085
28.622998236651597 6.990081163441664
17.717220907175534 58.09831962510135
91.75156942867324 75.08303797024092
41.369993168077876 59.4360664891457
15.019043079782701 64.74481186295937
60.061482142562774 37.62776977884783
24.770428225504727 26.38674338753464
30.21399895322361 91.38747334000954
28.641058810128506 30.047805384777316
92.67747855982992 74.89870939173049
27.36804749834032 27.59505934972537
19.472306913761805 81.32243660699015
73.76587249391766 40.99979482350786
52.52164387416076 10.613920281906285
26.125941322129197 4.706010751817069
48.196159367367116 56.572762728786216
5.058353462143295 52.49007327213435
9.248221707208293 26.374617234916077
82.44910899418552 86.81703591691767
34.80352184311049 30.414141839402497
95.96410630899274 13.102885901648676
93.19141140990553 20.36551264606199
58.55279337418684 76.35894594967345
81.07946694285437 42.65488899668526
80.3954771183389 53.86289662400656
94.73599867857433 17.511821548571117
33.88309622742249 22.068839156067433
52.61141061602401 6.410434698766299
29.21514658431437 8.318070880496965
99.78652768504483 28.479963235262495
40.94796925452724 16.733692064378715
16.0429716908814 60.64475543340744
97.36802772665614 92.3787705654563
31.536974687660212 46.95786548114344
31.28295903986733 45.858498615385535
57.71166969573138 93.115058604005
37.06527541935125 74.77962243399594
25.57997274224435 91.39790228069636
57.93498959210288 54.37628940690937
11.400490142955256 59.908656627843456
87.1228374225289 9.076590215453262
59.43110611717768 51.95434689543112
95.37154232483998 8.95142097243713
43.556021120659636 37.15617477401858
61.942072880575495 56.33144673407371
19.608154563336 1.635200138058801
10.274212535825033 24.61769220075105
49.134290970837924 56.7142508568397
77.99245975414921 74.01940317202622
70.1330067039073 32.674072155687654
10.679201344413514 86.68890438101467
85.9759335836226 58.996101431408164
2.952102951313562 64.69401529862128
71.74318424560147 73.35523660133106
97.68134176336045 80.21697666762432
9.731555825957884 18.080045329423378
11.3846590394439 39.68849858549712
42.84604549113871 73.16944477113022
60.81862210958404 14.163031799688742
69.07761502742981 77.1003741020859
43.84569862299881 6.232126361431889
84.50637121442522 4.091433434923153
47.691628610514435 89.37475253027863
74.18938219287652 61.797818109922645
1.9237354220564828 85.73236842731757
5.876762208950259 40.430386995311316
98.600328907898 99.81699213887192
6.026610865487481 93.75614252247193
57.40921907900156 38.91731964003049
8.78361170908628 94.70345809425491
17.58186722343673 1.3983678895428397
13.626943372279921 60.07588842291227
89.9283939300932 22.76139527804495
72.2919377937763 49.00198448362043
23.663810738953494 15.913834096715917
83.89017673705337 89.11540551973111
55.614759413419264 27.48599694875815
22.722344639364135 7.445634575293969
72.88415599847944 36.0243486438355
97.06771484488328 25.05767896216289
21.73342055287517 90.59203588722457
7.898704585555283 46.29744509267786
53.40449381247565 72.59936852810796
31.200721569927524 13.110660901099202
25.98986300404844 49.3313332508972
62.501176548081894 31.038792245057877
34.98370641404867 56.843907901841064
66.0069601124127 76.30279355138521
71.78966590529106 34.71368521470608
6.84360757901894 45.837509830577325
30.045289151571076 17.790012630681296
23.070435226744813 89.59273141058908
78.01014650112835 96.08201137147863
77.24656121404448 17.68342390547226
45.15749900976272 50.751905792583926
8.875284262745797 80.15860640656926
5.882121115971328 17.642606818485575
1.0886884762908222 18.73859922774912
51.15436531828941 16.8909225567913
70.83917520744913 92.98162494911213
40.5005902877885 21.269492544119252
49.367744105127144 11.204516047592783
12.796494547633896 31.866682925719168
74.21375081747574 31.713519289405824
7.570806966715815 50.96150243703672
81.1239905127769 85.93937929102606
70.14513191335597 98.38273102588349
36.89958310270307 92.0081050943625
36.59667511477957 63.15711197170477
45.7352507318016 4.271914043840086
9.276295007906587 47.64142577770549
71.98589627481793 0.6325522210266943
81.32306504242254 64.53145762350016
5.999642621565049 72.14180086341477
83.92394009853965 60.24098750015978
20.663531305722916 49.54200419191652
89.13736624604847 58.0765682772423
25.97822236803886 48.75992067860588
99.48873880990254 82.65706751578116
60.51153394773365 82.45962933539272
26.982864368016422 63.29643248989398
73.53850059601506 23.275243425839953
61.82572495554359 91.25778618124217
68.27888884526423 36.662580490756994
12.710104468682548 96.10043939000043
91.99961899283502 36.72795234553548
2.2492186609282427 56.60391535539819
9.022623319138257 21.40121854685697
82.53970007772773 19.79722082778286
87.31670008416157 6.731649120540184
62.600916504245575 6.965467615565402
20.57881545620843 1.2971415900207894
7.490645962257392 88.32244160777208
3.739668051566225 62.31735717430098
53.93256657141563 53.778589478246786
20.473646552254145 88.12213428118878
20.324376344612304 81.10495560533391
11.159979413609843 90.10863316372655
81.89485537363572 93.17195851074098
83.85732298401858 94.95637270576758
3.567894267183025 99.45642453799582
56.229747889074446 78.10268268969345
5.058902845485358 56.629493256633864
13.69911299212465 31.422200895057472
96.67038442569107 45.45246751326879
20.439260869733534 9.944560952244984
27.770563960434025 69.69065309238307
47.40504437777429 9.57908317467091
93.5317765411202 83.68642071116508
39.68836432594263 20.267824390307297
88.7127546120284 87.88123624146517
23.705495907758454 10.114031211926067
54.64676274485023 72.03857232530464
39.56381230678214 47.24067911675554
8.506660493461649 63.920234751368184
46.446539786818676 94.54387550467911
6.900972800200966 83.54435640621452
81.02073319751817 29.01653892646405
85.3929056508683 4.2329447024903155
67.30861044532135 30.456029182155532
30.672466200678205 64.16641278012034
67.32646186155694 88.57004706876846
22.67759415251667 12.583866423876056
3.6420348888377196 40.72623694956412
57.34588339911224 91.54229767743051
13.105973465970578 64.57114381125024
71.65369059691879 5.4853046440731745
30.47640785103678 11.615184594114725
35.69695258234813 38.175090564562765
38.918557889392666 9.66500294040349
83.28498145686535 18.087962980858443
97.10933941027685 0.6919735175080932
48.57217372658329 64.81707907129257
32.13449863945701 55.77484157657084
21.072977126113756 30.76600725733072
45.64571039643639 13.796839474841605
50.251777838457755 88.6535300225727
31.958561446682875 1.1146171460130416
87.6456532016356 39.088807815814434
28.50570807877051 52.43467516844904
6.540618921506169 82.97395475269936
54.72567519088993 0.18687885313102282
85.01613427698089 62.80187951816838
75.56098210067093 87.35489440415635
6.920465277792198 34.374643707466966
80.72853876947492 20.012980874369845
40.02355905231356 93.32400628539881
32.97006138434835 14.81912459473358
66.78227705347146 1.93174672438865
10.865928128903235 56.735974050769265
78.30256790074405 27.2077568351315
60.936562537682406 76.49831818446968
49.5287974925293 54.37330457008749
18.553360090817208 69.75103067401311
78.03139375701468 53.582938639170806
95.16584990933686 68.14863443853221
5.038648387652422 61.61837684766063
1.1213914368529254 54.81017953917468
93.50991759713719 45.19152173031937
12.435891957085875 84.43499346965166
89.99461394643546 64.97661430440695
8.948513728594175 27.933521070887245
22.721723369547362 53.43970497798403
31.148171171406737 29.669851603273024
65.55279382435147 2.5021492685829205
45.233561598285554 82.75330202335888
21.342936403275736 90.85302028665663
79.72508667085279 41.120255474053025
80.5013119554772 6.813944345182699
27.670341278668165 94.80684813891138
67.65940176505647 34.95581285508982
66.3847292133776 59.54219801418825
94.86380226617304 60.1870420693037
10.589377526819588 84.27908039821837
72.62271273986458 70.10720798828159
61.388410631966536 40.00785323299569
83.75160893827179 9.283676525425033
21.368542713737405 14.05166848589554
40.89913482461513 70.36293694261697
44.825524371130165 81.10110148211788
64.23058219351701 94.01173019092664
91.79098352209205 1.7598982735272939
18.46656833761182 83.85994543620829
21.637707080695144 70.59041613261168
22.859747958057653 93.3540999537513
97.24035649576652 24.973185784631745
5.113241538997504 65.76618608627898
39.48159261640023 42.30997317247351
2.994931963273717 5.38848485135206
58.50528005421418 27.43544224751986
15.335762961110945 6.750354341809839
64.28333437082317 47.40957050748727
40.30302796465146 98.50267783629924
16.89498076286089 16.955755191164545
34.51641373392058 94.74260294892369
22.90082810590921 35.05408065220288
52.47630996360455 13.419802612091658
41.96512072752028 73.70693209779505
45.63697827306869 44.82815799352879
71.72257186930938 64.17235228314631
69.55049984237354 90.55655034571141
70.52429950033424 25.553260271108492
98.66333715753481 26.141761491440274
97.6608254963645 43.464180484817035
10.06828372951587 63.935133973210355
35.59729523951545 63.753959261612756
53.544092403662006 85.02005551330672
19.881452310284466 62.53391873198444
17.027982322854342 81.04253819427718
79.04359393158975 61.351743904974484
57.93376729709669 15.510669926923825
41.63385601611582 4.040689902730921
89.27063542769231 94.58552524116321
96.34689723458423 12.358008803696485
70.30040811823174 78.45447167455548
20.793511049389846 20.858517146159517
95.98189935341546 92.90183712203832
40.98635163554225 90.61370135080094
85.5159397922536 40.79794608126732
84.536032167183 13.350868856891584
42.13414096881001 47.32625549511154
32.40449039552444 96.05076988576906
71.03364249907555 25.888455485322392
42.774460104257074 76.48530834116126
95.101628758397 62.75977277894953
90.4879439355241 9.81918215636055
18.885180818725832 75.80688026198918
59.47142910607097 68.9468851175191
83.20282441097069 67.33888483576551
36.18829860678838 43.08277760905861
28.32349603151463 67.86854353893268
52.86260320768265 63.20994190352529
42.823740158187775 7.422079340044707
7.236608536414213 1.4872572807832274
91.11700510503009 76.17120245941997
14.052251099117829 68.77133084513112
75.98861087262007 65.91545661994391
54.29974144949401 11.654180974419903
93.37946088911104 29.555622009587278
26.130237550570158 76.11456838807244
4.520171642122195 24.38273155678383
22.019701377635712 97.94975504720638
25.10220269156671 25.958650186366427
82.669604663057 58.31702303502191
19.108809601656752 19.85773478483779
75.08148761033695 56.4468852087187
48.120939105265094 9.925261688191188
27.526527645949315 84.4768093174463
10.819366947962505 27.615074400839788
99.9130126853207 96.84086801854608
41.6628362600719 93.6551040145383
97.9708685969283 40.68845083818873
27.103452956625084 47.87097610237947
64.15301378494102 86.85989534142806
72.5034233671755 53.175233280746916
80.1626562390832 18.636982906987654
53.59568148098668 74.52751059490261
67.79504428648404 32.06508177692133
55.607649051514606 53.294038682728974
3.2103242067070603 9.062650988034404
17.62431599596479 59.05527366782264
26.145249740160857 6.744868873632592
3.7139040557660596 54.35668800039435
57.97811718852173 81.51732452670622
26.1463251407138 71.50958740389457
12.603558174206064 11.171137303417922
4.572913784782107 8.241827881257224
62.15508803009795 92.5145082283097
58.5540654475067 78.31575888449025
71.63064264060249 83.78731916765956
13.158244145888244 94.14989885901048
86.81041648326493 16.99643274182381
78.20137754134753 66.33003960690687
12.572853215491286 87.12398339764587
67.49772583265145 46.15223208333155
41.79684555667733 43.41309643351154
0.10028533291766006 26.37699988572919
53.9684169827455 33.23292311677455
93.16075290082766 74.89627789284745
67.20715297817522 55.109670070456396
33.50882585641444 13.29706164798874
38.50935545594672 22.647415035048503
41.436723093366126 97.78109325123924
57.788320089391696 37.73096214019556
4.7035023691410105 77.66115707536815
33.21321568943962 58.069461559645234
44.0052128563039 79.88460768298214
64.61818832506563 69.57573440177292
98.35784110195908 30.842960655158368
55.85589011776329 67.2400356083135
92.69401678253115 38.112951361532254
12.140561356667344 17.35397546194568
53.51617450435431 66.19248065942749
94.93402400544244 18.723517707143465
23.482203922834533 96.0260533935703
42.119421842066295 25.77387424824429
33.114905621906246 60.98109910662026
5.267126375468356 65.87379122962838
0.20193585195524832 49.537753845506494
26.382620379906285 31.628058234863875
13.693670241404266 6.374399538363895
98.3719676200429 71.05330716130067
35.830688248593034 62.140769403352934
15.01559808737769 91.25167310260849
40.736991352474796 73.18300357983203
4.132401743676883 64.12108224770263
67.69309084403838 65.79692212843395
49.21665659123149 62.48610245620891
12.88640538183019 69.07470781532001
0.6478631223027609 17.081498409709607
5.248073447274515 60.09439785682584
26.121295766525996 33.874116952831336
92.54962810809855 67.27772154181444
58.90338346934379 23.436648034190476
40.22525736080429 92.77210772707598
3.1085645202977963 28.547663014575964
48.44152350629236 63.13942347565544
80.81348920883322 1.043570065655941
43.18108397078828 6.009918912850343
55.63377832370324 81.46986222203134
11.291652465940128 55.79267875749767
49.6362299714727 6.86494567706557
18.981810898583483 27.1965520862421
98.44748486029037 93.86647732128262
97.62478123319198 5.976642855724568
62.45676705430867 55.59728842612195
72.48853572974421 13.202205222733232
10.251313802780814 84.31021391380342
85.0001220970118 97.89106615378051
5.654915371122415 34.87269261687671
78.04907863913667 0.39140608892351825
81.0928272288749 91.17879911053114
35.12955698050424 0.744433119632526
34.71524008733997 13.001238625883204
84.13191197893013 38.391371669003064
47.672441789033115 60.66135718262067
93.99531512703962 81.59487370545564
43.158580139575434 18.52288343947357
49.96218164969495 16.701934049386114
20.71663489077529 37.86449552174205
37.14322439853166 34.68259572611756
93.13942045253253 34.107336376012576
13.458254623025368 1.2412030191027545
89.45435567793541 66.7053953173747
38.50684306163126 17.312389401369078
87.12511192218754 92.279241645286
47.989058587149145 80.12354453100798
3.843686155747772 4.516349062211966
51.42458319020242 92.77299762939907
71.8949079230926 14.182721679031008
1.8133997549546033 65.29181163028726
24.41622786109199 61.85850440255132
46.45245886965426 72.66758591270546
48.36940945821291 7.95628011532421
72.14031988611123 39.11910958260141
51.089867564211964 6.224659091202223
35.8125155031783 46.21013435792805
93.89911420930113 29.833716888516882
35.233505957114275 63.17893606337894
74.82070922317614 61.163500368230885
7.539635119565213 14.688700132704557
71.09148266224281 28.34959494532172
18.866152313283724 66.08285054032635
15.888580683258692 92.6072645469712
42.44572715725583 27.2911634552051
34.029426261616734 89.69883863906843
77.65375814889526 79.79951248984958
2.231656029534279 40.30148549966093
91.71640684750446 27.708109693162687
80.93150872774059 69.09185958156219
90.83855338201434 87.76811367410767
91.22846386123742 87.7578561616307
30.439071530565975 67.3715207323609
18.572242838393937 80.10856014449519
69.72057636531667 8.213009294169638
51.65303574030544 54.71931809814565
85.74550556492599 82.12670391336746
77.85539342201923 64.34779226509977
4.549187730849913 64.0994790749281
55.81144718917677 78.14338990551879
80.30928615761401 10.836831722656592
96.33256662872414 51.12860593001876
5.261306214169115 20.75705939087382
89.1917102229015 47.614275533267225
51.460912865812205 45.35995827856758
16.520717781558993 40.14728179709044
87.8593488590123 8.423092874925109
29.780556158662286 19.186516716568548
27.280890086567624 18.34413359937537
47.67692796785441 49.14363914377742
36.987618563241156 66.39072857320163
56.494514164167356 42.35911838217443
90.81729858741765 39.169582332781026
71.11129238391052 94.13807558613772
44.03442360909941 68.59796077564138
63.49882006962018 54.44549636908989
76.26102402635706 24.101983165036913
51.00526451819227 49.001671336948945
73.38007551089107 66.0846538816985
36.03146222632676 76.79030088742674
51.9901265513683 85.71637303558126
87.80375036383911 96.74364017705956
9.903816477042593 19.004897645892306
8.941077291285016 25.62527455426895
82.20609903872513 37.51096165539847
47.09919536647329 98.74729254471706
35.99690027918976 0.36025627519440384
70.89293181585019 89.11163262720703
37.70359471877174 37.747172782416506
84.65318933206576 31.185724717471853
39.754192547671096 99.97616007294057
64.63059448767025 27.396405202829776
31.3146978898164 76.34207942711207
19.966526052270893 96.85640527756777
72.53104165694133 37.72768175876487
78.9061889397476 44.33916081134619
54.01275079698282 15.082463658560496
82.60014463884382 51.25350097345227
53.855997069045294 52.73244138882141
52.87195988979949 38.44413951837922
59.072904805008974 64.49215616684762
13.637339821364257 90.68337743381262
61.61779083470569 26.5776987423066
87.6717378335905 81.70305255144608
80.00408319752617 50.24935452821771
92.97106996883527 32.582624750617725
56.103086201151456 35.44084789359749
78.26455265287544 39.78318630012963
10.919259922281753 69.10534500758028
87.7783104601781 54.11366133037971
53.802099396814974 4.167734985719984
89.92888157579235 28.883017620166896
22.816784283583715 36.33385068669506
1.441831092785284 93.38817323057134
21.168897303539612 77.67220098920373
58.68739086592649 53.75349307848574
43.05661175886601 88.66322633493391
6.851598577179918 44.814749407006296
66.75149058399805 47.15755310848155
34.20211045218864 45.14312549653652
95.99804170415558 52.37358203409681
25.086509968588743 59.91300844907348
20.082892781743688 50.36292085987269
31.355977173088846 69.83871526205867
99.63413664421827 32.51562404060388
99.52956678546363 91.34246590049462
22.146939652841958 25.44443321246339
85.48039214835563 83.99059554483983
0.04308641960777404 98.87822327769165
46.29850454836113 98.07676101845526
29.782224695796856 19.86925167898821
13.627036360861844 37.276174802210505
2.0006451960306704 58.60953015207642
98.81318522590516 32.81577676696461
25.183324969862998 12.8141626015299
2.091694518586573 22.130100922129326
49.633645586068596 82.42327005080577
47.907209935874164 22.14355842861999
24.569968569400547 9.164320259210212
86.06188549847377 56.18950655969315
42.51945699632855 9.134974315756605
1.5567340018796338 85.31411040416957
43.64402171712014 20.886859272764656
52.64794720031307 42.96975588451928
6.380314608604154 44.59080337428261
97.04960940908008 74.39857914935185
96.70100887679713 3.3291762133394798
77.75329483571483 48.496222839316076
38.29565706561318 96.64653186824364
51.27804707673962 70.95093450020701
78.79634722248309 32.5407997021653
28.520858708648333 85.16374680683228
60.68020953627615 13.582968660445815
42.073404909362644 63.17350225419689
79.25231813545213 41.015211620351046
78.82947662139588 76.56930153136656
80.83070303857356 0.8885383025678095
8.001749895415333 96.30752438764193
22.72944760337674 44.43784587499617
56.3973509808211 94.7140432377005
81.18813646272518 98.7467748947406
61.89337605306478 93.5264491975951
66.78970676096337 48.49365099584671
63.62778449342075 94.07936079207286
42.659895586538155 6.991413457153928
33.33057101422949 29.148204272410382
14.492206223660432 40.89245123496994
5.6472385526368685 40.77296351962296
64.92201201089784 74.29234861214857
49.03716404367265 63.10901714534314
64.39191155733906 42.376991204433565
45.18416428191843 24.749906502703322
1.9607899286961272 57.834461086728226
32.729652757423636 28.254209255185202
59.22816336338239 12.460192082143573
76.84437292124954 15.82124718027378
56.54535103648952 81.70527475223095
75.76409132459739 13.26570763383723
45.260069392075565 12.294092283307334
36.391037265501346 62.16740754277208
23.726530092127994 31.713725681496197
41.358708400826984 28.188769532986015
7.703640053091654 53.930971422392226
0.9059119642660374 58.81296274060086
34.99567906117911 18.217550387697656
69.09133553040287 67.89026185150911
92.44344937967884 37.187928255995
6.803769752661593 40.80390582895379
60.701400289577 48.49318813845049
24.00875540523724 62.77608624747424
29.561131452838186 74.18755529838808
11.400048594983115 29.01174669108442
74.20280221164346 99.95191489861548
93.94678634123123 5.136816565942004
7.085976233578295 45.711436607594756
46.9926789732245 45.201577918060075
44.259510855245864 35.08388315663864
