290
1 3
8.965532811540644 58.585448715391884
34.587792481962865 67.01528670716354
58.66426081620935 37.834935099827135
39.21721363970623 83.55148486022179
49.15048488856888 70.43391587125716
49.117706888510696 34.49564635559415
54.18816715953474 62.658000080123784
54.99873260520203 80.87506627430612
1.8015794875865243 89.22141341384453
64.28394811323834 39.821898556182944
77.18191927908703 47.66485242080161
31.99044579017716 34.71768543918543
44.09682231112004 6.488823237556285
68.69269271774843 46.22281407072604
93.57791469479106 58.86481339469483
65.38707217905642 83.46652027565983
76.23226684078357 35.312268009072746
38.101127894707744 97.1389737042398
47.80406943507411 72.27163521916688
35.453620445542924 49.896335129240676
85.80297231087049 79.86830085639073
45.144313856661 19.583167052715545
79.99225058079713 45.245106544087086
1.0314212192152228 55.87187388242339
86.97653617084353 86.48073690266278
97.3863535483475 42.86001650019182
39.04464221547159 29.855890567595324
70.21102591903686 61.60221914860682
67.85589524211287 98.5353508991748
66.21191944740733 45.0379953781415
36.700848573091015 12.97944920429921
14.92648039741491 89.1069262582261
36.68878270286533 6.335645522554856
66.377432060253 51.53772961059131
90.28764041138831 2.25903487925454
65.79822827097459 16.90268458871429
4.029445335142801 9.353133612774078
17.547115469134724 53.13275054921207
26.673881214609942 94.29039254512726
43.71112692223782 92.75415472851208
55.01579759729736 64.28182274771892
90.89544821458016 62.58573364110917
94.63562002568726 74.53342028627397
76.44292296834503 32.52322158395293
88.26049623451617 13.572249984029504
84.55409087840471 9.800411798585639
27.41008377217686 26.819012483594086
51.62178215770239 88.05090385143566
25.65080021530257 32.14088699365578
13.848751751778954 76.91697171439351
13.09174128985613 2.1734724252371773
95.57881094905485 15.466025369068447
82.52058957143453 97.7815902450753
82.86608681606913 98.86539710562903
11.406426652972556 5.815037088562858
83.23655157229275 17.1899268929814
93.02546885003244 72.19156781786064
28.557103254401817 63.03306682818437
75.24413352890656 83.56842259521888
96.97264606384377 91.56521504668527
1.2901025055736204 84.42505231513447
89.29584552391931 69.4316728489466
48.315532265719966 89.37721902154169
42.70617437171518 30.24260389901896
58.18299185416951 8.961607930566196
28.563728343220408 40.449162670281154
43.350075947081464 94.24637708972716
64.46079835869894 56.307656205748934
83.2283318136373 71.88726017869915
23.885178936070204 14.644718417570468
62.57785822289665 50.26300226268092
25.363470346333106 9.393024789523242
59.689846730675455 36.553701398552896
17.95057267572664 38.458475799102374
93.40016989967172 33.69298495458815
73.74401702220614 72.63271379732585
81.34487354684123 56.21638531713098
58.90479620292821 3.366895872828368
50.83400417777892 30.19558687270947
88.63089239904673 6.152279844023045
31.783724873612094 3.5155775541923173
52.68556373427553 43.74043236407938
26.297766872685013 35.82129395906188
48.14443964193562 92.56182426663233
21.5331097589331 2.0707318438026423
68.65826479387422 34.47026551974637
14.92196228790088 98.69631349636244
96.33162486756213 35.92352635355957
29.803211274462637 59.2800701139459
16.16033065680631 8.309893610304432
74.67006773442529 80.96694811892262
79.55845281362987 61.08196858363686
83.25467364449169 61.94605117627403
59.78080839128241 54.784534202704215
40.91274601916874 16.958426295480255
30.238146388781352 87.25740139170459
51.43124016794594 32.804013645490905
96.00609069632218 96.28615220768415
67.85724821794759 25.500982553055596
2.36522684879954 68.63974773531183
67.36823211510325 50.10358222738982
77.9923908672381 15.913099491813853
0.9209933234724632 2.8600461546282707
38.065668926225385 56.58047953321701
40.087571514106955 6.784512838729295
14.11747897951785 26.807215892443526
11.850092294953285 67.10529609496297
35.16986136938052 99.96813964549874
37.2723345114675 43.07858279299164
51.05385377869174 36.65307951362049
49.95891012727724 37.845894626200405
41.39984311402134 10.042419709467554
49.16991296353963 4.994148749337923
98.3242398212753 72.3420375531316
12.531060465712574 10.831091676557115
53.264818526159495 40.10125167438483
49.06086712391185 67.32860383036174
57.22434755674164 53.78646868567605
57.693171754926894 65.78598231356932
94.67888058106631 69.22791641342239
8.453199166321568 95.56564626378841
87.98032260766466 8.983764694212027
10.652608436786126 67.69731747190421
39.88166188894597 87.29095713954493
15.740390373352152 32.76534777768194
61.69900912644921 36.738669128784515
44.64478675174439 91.45212677996398
24.29766008029266 84.30848710040134
13.269526259989384 82.83428217831883
17.42338206272478 20.331038469772757
70.82523156998919 88.97766023531273
63.83610617208091 47.97907176264078
36.87375450269652 3.108042359880514
80.19734637392233 62.423903989894455
86.06810165451688 60.652476219489905
56.24103483326239 33.02996930279638
28.92283206400863 36.381252364157454
74.58357390782697 75.5244512023386
65.40207601860124 75.8553972121126
66.89271633822405 17.726350917765153
1.53214335905143 80.21503961891445
54.47935623461488 67.63641302519522
72.88286806394002 32.439630362781415
45.202502006035104 11.916714243755443
79.30642791971887 37.52969745509138
61.96280189949961 42.27186356585939
80.92512818741365 83.0901518373073
64.81555358187524 45.62637156073841
85.65761893194264 11.204821318869396
93.38788473953963 35.86964408804685
43.884355431410626 44.68387838855761
6.262401453836075 2.279848544721985
48.268714093968626 70.93239681146626
20.524661907815656 40.76877511552042
80.17420903564117 32.48173292899674
93.50942632000073 70.56213671451796
59.73407165991267 37.46553970571398
19.432039799521373 16.445807852724492
8.449497781533278 9.953173068433152
73.87803144035065 95.66197611993617
18.81081558893376 40.34264009008284
5.527728168387691 63.79420174999382
15.16863728697908 44.3391921294765
77.76118648033486 87.62801689802524
89.06617524713735 40.19982752159965
74.77956527837415 48.229811668754486
33.05077241109642 59.30745641717861
83.95554019147589 40.77774298167649
27.873983351221355 42.404529115748126
10.717757059340748 16.071732986151233
54.940161318118165 21.315295093912145
31.543144277325762 30.3039398295629
38.04976259857027 58.49044160868022
47.055759310526525 37.081703476016735
12.753452899609297 20.972421649847362
82.99934796315011 38.08508096894578
37.85789399214341 1.4668026837372672
16.679034555514672 70.31702272687079
10.914411901666842 55.31447652588781
72.63042734395259 8.345876426625164
8.091098968437205 49.107469654058434
80.0685852103302 66.57308226071643
89.50817859414421 42.784241368297195
96.96889003606518 58.48839749993391
74.89081942205544 44.33759808366218
43.686822352110255 71.98555312053847
16.240654840619317 40.55966227217491
82.57780202777613 97.16553685909344
57.802642954035946 9.177342378486198
49.50669090190849 34.81667538966477
97.2875557647949 44.64874818732416
36.84228059371899 66.8935233415971
27.964694227722454 32.626152877328884
75.05428675001934 52.45551501974306
69.58355803310012 82.73140140572674
1.9964795711352012 98.22233578463344
37.02816658471162 3.6185118923922843
51.87006825116826 39.076828209979396
96.00810864276535 38.70913129728408
74.4905158029832 70.70018120957648
72.63540633141714 71.149177435032
70.14785124783248 76.42439100027998
95.85474100058218 92.67098495638318
43.76399606207313 38.101041170243775
32.59315669684397 70.7537188366697
24.278840768547184 53.6118397513641
60.81585533941296 46.889323608220046
41.33330404487163 28.884789121966058
60.690173257651914 16.971220615183192
2.626522715965174 87.644848185282
81.44934538964912 45.51229716279117
18.13087173499255 79.58793160424959
85.87045684497092 18.540489143096117
77.76790587898562 42.9680066183646
35.54111617550086 93.99655520729604
28.222134976150137 55.49316680069176
28.606131453210047 99.68372792303077
11.78629713931465 71.89179167931312
99.36717103993735 39.607464634583025
59.864753680372786 75.8572213273259
35.671473073699886 60.081384492337996
14.54997238334419 57.60386226886938
12.429955346153921 76.13318218634704
21.001867832637956 91.41374136791009
92.11831427752826 55.12227866147042
35.91308742729138 20.167068296545953
75.46236859556679 74.74296052613461
18.474497018868476 50.53887295353092
99.5761841304625 6.967764865887771
34.725473674924935 20.94818278261803
37.96346855319275 83.74482587916756
93.73997387691564 84.39656596255138
65.42806320544443 75.9086297532988
84.23687769556875 62.38249393871256
61.1938662312584 72.54593706692584
76.10066745312632 11.758692542197547
7.334184464863758 8.987296069423344
10.281470200893361 54.622405646018855
11.205489822085557 12.912936311561275
80.43032563548917 60.63614243948541
84.1458415475851 12.387448029352278
41.898488039608075 8.787447292702
31.857235058425637 5.123282540619978
96.08882354771005 87.8218062060582
63.86977966913607 88.53455417802931
66.0413352170994 43.619296935412045
42.01655099948027 21.28490156598668
28.839558238648877 3.492958306045857
79.60322355719514 42.87649133909408
63.59842205293438 41.985150936780215
73.75693894281703 27.711348638660628
62.934546619951035 70.86696690862951
6.131978960346829 70.44052787593851
65.41133838256205 62.688725512655076
78.02862320166535 21.254109133071175
40.18172242398583 99.19761617764615
94.7857729896283 1.70469250045866
18.39407977969776 49.05643638146988
92.63055859849985 76.52395666774056
15.420601700807367 67.13580998108462
51.60456800329154 75.02182020649757
61.392704920978304 92.52847289822313
33.877611996456956 98.73446805445101
29.306051777410925 19.41412429070104
74.77903194011692 69.59085501872315
25.501327592792776 43.19856489713767
23.565858784898985 2.6123790549301473
61.718055244799096 3.4149496144263214
85.03947046930045 13.464685988593583
89.14486369623522 6.579235443354747
28.85018950543039 20.064852282009117
96.55892930410678 29.047160763590064
73.26541167647922 14.886652203433393
39.019419862648206 40.16874759001314
53.14859352482833 39.249790584361264
54.53320665068233 61.1876888651252
35.32740792451339 4.923588853613636
84.95924331003172 12.371878267680291
3.19685858676253 63.025358074560714
78.49046668149775 51.471082816260164
76.8554117891854 13.15618674924577
73.59569667010287 79.63281443733467
93.88462853598473 93.43012116185496
46.742684946358004 65.19783123429532
19.408477082641042 74.25381031043814
51.125713851322516 48.82613565444689
59.59322599587951 76.21968103365116
76.50379992751866 3.991527339781298
78.80883565144572 55.28729024916521
21.727743185965952 77.47433779027311
