680
1 3
64.88007135600786 86.21275711607193
34.627993134133405 50.583334132621886
11.380870464113801 66.17024644884822
95.53262852681507 84.47449037151691
55.106901590354674 98.43347252992025
38.89393372942236 47.798354653579935
93.0962700006967 2.532084081809316
85.76306388672424 26.04183812615366
68.0770385075947 39.308700752118874
25.45018807386592 64.082387003024
66.42663531519386 40.42584150439674
65.0810327780911 41.601971939797686
5.920045106451544 91.76403573533105
49.04891356913155 83.93192419082705
34.40633187921311 55.76072389916149
14.935479478434988 31.389112850117318
18.515180231030026 18.0205786676092
77.79989696993279 17.21356641967993
21.886168408812743 14.61618498644064
76.5783512981822 88.09163459695233
15.01045918052828 89.36754731769454
62.22579262783769 42.564356421757445
36.48925106525587 6.0173761346828725
85.63769321190244 79.20808322109565
91.55982136277909 10.111016074840173
27.46598528069091 20.230421880020998
84.50237828336462 70.62918329538009
31.62652167044342 69.03285363337359
12.158545045469381 54.613522241863
90.04827123747685 17.008348789195814
52.3295439639685 89.33081503984425
43.37823611686953 85.92620671187838
79.47614438402711 75.36406833513298
56.48429109659363 11.00274100724179
45.126235173710505 92.22490324557964
61.32687261691054 25.21025068507654
89.59093166119094 8.765764212270689
41.7264742557977 57.88832973514986
35.815465242049505 32.03719847234563
77.57157532278949 43.057015117763875
86.3227941813058 18.69386197340863
88.63193003246847 48.45169093254616
22.283473513668817 9.853060567641926
0.5756483026742254 21.671205772590785
10.955415512171962 28.137641244531753
48.63261455992469 99.83616018152208
34.923931762378956 88.40384343504415
58.98599525943897 74.65968963001394
45.885395106889405 96.58781631249063
63.41712901008114 47.00533625976122
91.47189591940241 55.575470795838044
93.14015702831959 88.91721515735809
94.79844195968656 62.38258143901692
34.98990552944454 30.973743168177492
83.49341801905732 68.86454229933705
51.339330318759856 17.69809110986491
86.46500701913085 41.51220327521554
49.82750168573957 14.29054350883996
45.71123805865594 42.96856485618814
20.72946349838456 85.22271296446844
36.033609572595005 60.64664203536818
40.071902748695145 79.8020377416256
53.607343012654994 50.551051727983335
17.50616199968531 98.92807625474393
64.45201711936642 19.35087662400974
52.71499960834933 34.320335148743
1.0406409426370944 94.13238185355017
88.96653064499647 35.8157419665369
29.87400699434297 3.9712843438108436
70.91486181240607 69.7716219075176
97.00465165847332 20.94522915099084
83.54372741649352 9.212748405949034
80.7084987595749 52.35095926043925
81.5480789612534 9.86450212587522
65.36642898894895 43.77139066048343
63.984823102783 99.4418286785092
83.56285264863412 62.5887135016681
89.89213958955229 68.28709522788716
1.3743429168397547 85.5180789077077
25.229037469307514 15.905139334451679
97.18257760356421 86.01028652196057
31.158887915290777 35.28935294801738
27.962394548786396 91.87734086604075
26.946372811135145 76.68092089155769
29.332946432517893 45.47734048916014
52.698580535348924 50.075274467222286
63.01862820955366 93.8190640386146
72.80096601062166 89.99032970079979
89.4453458586967 40.45003915072882
47.65008431877145 55.124263175312606
21.0665765576898 87.38966314037684
54.04429150956223 30.53815430867395
33.35148194583737 1.9288883906491971
48.73971168479419 6.450790360527159
17.17689991873994 75.29178868937927
21.068115414071563 37.69918319772665
82.47095637491209 46.770576622838014
0.5569534430736711 9.815854737390485
76.3592341858042 56.41143200346288
83.71651285205543 17.301052649183113
52.093554454241065 42.794716831496295
47.726260688699426 72.06762354677119
4.898771721725215 64.12363086436841
9.561702598406207 39.83283320272684
65.1567703105459 65.42149150193413
11.17092937947377 17.141685943118688
7.939671902167578 29.10307067488336
26.31637845589254 67.86542380580846
1.936873402760786 98.19878622693892
71.31408017561537 35.01479459138987
71.8469991476597 78.10345290427918
27.867803017481375 4.123969738467248
0.2120210161324687 51.84660073617036
43.219847208673116 11.725714644390983
43.83020817851124 73.61822343489897
16.941871710085188 26.785967749951567
53.632863912377225 3.587386020740979
65.88800176851508 77.21174929678918
88.35425055818142 14.173559130958191
84.80819370496948 82.43193950113256
57.37129468357758 53.273723281356844
61.16761633751781 53.42280301793172
64.66938304769245 10.582402353290622
73.62824148163038 86.21966399037322
68.58935588218608 26.728973122957722
80.09043507980502 37.14608833136326
46.79760196232357 49.4815467211301
90.05982301731721 62.15519766122484
47.65102006250326 78.204897329972
47.725980881062924 78.43586020703137
33.97279691829731 79.33302651762597
16.980496886505048 47.61463323464634
13.270691703294313 82.53403562964279
44.59195487649919 45.37958954416044
51.983283336008704 90.21143972007957
73.92017437757976 84.52508715024808
72.61110167308532 12.141792247377325
77.82668240073511 11.118252247790616
53.067735302731656 71.70345291505691
89.92156856908893 3.9752060236371234
91.20709026656377 13.658377612190753
47.172799072590465 0.7678958678999592
95.38561328720351 99.96335413092223
20.988741912831177 16.457024739369785
59.677293884837226 43.06348861728559
62.620177151067445 43.94724646387487
53.15432456144058 83.95492413220342
29.04923266479109 21.720405461509884
14.778432844607803 56.67216306199803
83.92697787981027 35.25223844996963
49.58451673712116 72.27151248241445
62.014020545783666 3.4081196569591743
32.54014592215866 90.46603669262436
87.48120406973486 1.5125892311145472
57.48074372362466 57.56395620351953
71.05018765837643 35.858750691850474
0.04924407811024434 67.86444558387694
51.096609315075185 49.60562994262001
19.900117089693637 74.15054497686468
97.01140382529319 19.184383352734336
67.04656255158355 18.796180932043562
1.296944153089985 26.986964192371588
37.10556573473802 51.088954266857975
37.57898394908534 55.862733087447005
1.1268130373519814 76.95762598093472
15.437993920369442 11.234296060283766
41.455310390310096 18.743698636125707
83.61454187991069 42.37829854832293
20.149352384628628 69.8876272085225
14.612398265553072 90.56439763273785
48.27328901322399 39.02435851934729
85.64038179590013 34.990853999812124
24.55115958624885 41.82342652116036
35.340691283582196 40.44741148162243
62.009072397295206 88.69132759353229
0.7521774730021802 68.88102970531533
87.82431621653188 84.7390124524274
16.573449619893623 45.06520143589307
20.122272502694294 79.84829660950852
21.59194155149191 51.86217027083253
24.525048732042332 89.49557013260572
98.15987244354048 45.436625087042984
95.89896920693744 17.788941999031337
18.21233933715409 96.63360268670462
59.731728853117325 23.647640020489824
31.474000429304837 77.97162419947841
4.078337542960053 38.45443908957768
43.51131394517422 66.35056949244367
47.874675568476974 72.12024976271168
86.62211809940898 20.3865754923116
82.95514578099169 16.164939284382008
85.06327260835762 75.14309649324792
89.54899846718492 30.87281909072319
21.572668444392697 5.753796112170417
22.21458700889627 19.557780095507084
31.23240147959836 58.28014144872233
34.42405885611961 6.684127206184232
45.63552511057605 67.26340062550797
17.636021372620657 87.26725768041779
15.356166959581351 15.567721342731433
36.25024025661685 53.899022335752164
92.53466796610658 59.97818804745785
52.57823082918489 98.9433539047958
90.48386514277365 87.93268579591884
94.53712072823002 49.96769702901969
0.5953223996076673 32.11638928749099
99.04775177554023 38.37019261515293
49.56717669181767 97.64951641113517
76.2524816438076 58.204310986967236
46.625642626908025 26.494982214880313
55.765263786755504 24.845480870581383
87.01632175204996 80.78976506209565
54.27477006439783 91.08465030236503
41.85404593142324 86.16154333723405
41.35802262306927 79.93065374610147
33.24925702621358 37.506390792098564
26.4524853313995 1.831263970282504
22.639933014612133 19.4397864789285
41.87877941689499 2.652098309044626
19.15613407495198 46.6115271558138
11.155721003398167 31.941127717135267
15.130037479007076 98.65846271532592
67.0981194075138 74.22847438263749
38.1880443872473 7.627423208897421
39.646260014190474 51.18078285470127
25.518838438723378 51.97384982480906
65.76222238400963 43.321475888679096
63.01703398090361 75.60012189778797
23.971179401912647 83.0205423538186
67.17136361172203 81.26225640161957
65.58113218653064 29.30342279163034
31.862500374550407 96.35083198846948
83.56637398936941 30.6953599383192
4.787464849185508 12.437062928527997
19.606293415630116 29.13873570967698
36.95256797578716 5.487904711751379
31.12809572788542 48.8828462319546
35.27250945638629 17.233095146086352
53.883175765160395 7.9879994855606595
92.73452919100522 58.349668213984394
84.80539771196025 71.02048352980732
6.883244181720949 53.92402880478424
86.91093030664953 69.35891972407529
57.33179383009037 39.059298677700774
75.44745192564075 34.10310231403897
32.084453956453764 75.20129937948421
47.58144160189535 58.548588961536296
33.65149737403159 47.61040067683344
6.5579098527143165 3.504223942577722
24.704183414000447 69.94643353572559
71.0403528950653 4.1056683412437955
98.85286492394829 29.870548649629303
64.4507822168415 53.551932611797184
57.895095432040456 36.683216191312226
28.379451309234117 88.2430090695079
68.7515643617079 76.38605177476916
11.314240957900612 98.71094686433473
57.40283072684331 12.538394359799332
31.318696625229148 71.1805693482233
18.625502260632132 6.430360093847987
80.82865482015097 22.846729414559675
7.792215181455497 70.65608321427625
28.36253637056869 96.26139009903483
37.361475884328165 28.387816944184905
99.03979004054857 56.750051642414114
70.60448272356096 5.042302375553387
25.684903633960545 54.53575328506626
66.82535351593286 17.2588477355875
2.757247392976203 93.67385519181698
10.560273768929274 77.98483622251375
45.63107013838312 55.91405723738661
85.42251296761445 87.93725574320084
10.907275334848187 36.05046591426808
10.826297163504673 93.8834810542251
32.22893660133088 6.171229630792219
97.94908230692407 54.40793648583122
47.50838370126704 9.356142239092978
7.735472184766201 50.38842566731332
92.3317591416725 57.64550392396668
69.13093676024364 87.47743197738538
42.14693684130606 57.65112341104008
96.23747944045284 86.90878680092764
75.87321904879296 93.299710499464
58.87816645690438 80.94053166174075
63.12927091910052 41.31370677426738
95.17212167455537 58.22832885283498
91.49647502430356 56.77189657148149
71.74865668290083 43.73425600605454
10.11170633024394 98.00422865629889
37.01421802756235 42.71373067236244
33.351582271467485 51.241198987991
83.42576162283078 18.36744270185726
97.97668244324367 34.816309541883975
19.790399118120394 94.8044193043032
39.11938112535949 69.45361999689649
59.416771218295224 93.46486950875203
89.62769541517055 29.030619254478186
68.6801663009679 44.61315056694897
27.01873373059309 39.98791676491356
29.809341231142827 16.58922439197601
92.50718625199679 70.96016442198972
20.694558140486574 76.49282353913034
19.403506618310384 49.94391555542035
4.087521596412014 53.83067627585447
73.40963901976068 43.27792226015781
83.25572160862879 18.896338975589487
52.177297273215075 79.46460789580281
1.577169080150287 9.25503131317733
29.70593375331678 29.51941762251449
38.853444637060704 17.097543944450177
89.75009541760421 28.495864380539505
60.67000039766308 69.58651434973217
49.111616584893405 97.45176086547276
34.04691940989588 83.51925078548268
69.15202299658603 81.23817281169782
7.455086884293416 45.02549046857669
62.4901888837726 10.234682146053098
42.510855909205226 59.96307702097396
39.56923534822738 32.067766455221005
44.20655463486081 87.21379590367455
83.23030270271983 43.31276959599513
40.06112785816573 46.830345496468965
98.27807574100977 71.05395289394075
12.431935245725768 24.846013599651464
20.82151253671709 40.06505677181411
88.27903755915393 27.527651480133542
8.30939447556509 45.642214336163974
8.469502500038084 57.50725463912807
20.805069933108665 80.3564788364851
94.89251044367559 18.90296211708955
53.45455032776152 29.200422161119334
4.00527200355334 62.671030237557844
16.713614907446583 69.49622352586225
88.16506825557413 47.944592589042024
70.25098743514486 87.24540748290457
31.419351138377728 77.16159092908825
90.722921417368 64.76675822876972
96.90053558713856 81.22929646059396
36.86681753300118 38.264455047597615
87.82400772414725 86.9824257749177
53.568629811415924 93.9536529296046
78.00753367885065 81.42749282790338
12.273797141617028 53.84053001517637
92.33494098530745 7.3005311570290665
2.6198390553535678 47.92879321583605
38.08436091616238 35.54139361986781
71.23317199739543 68.06070939469109
99.68291089017126 2.6737052158858132
31.873682109129 5.782142569945936
64.05999319280733 39.44766843499905
47.75236191466692 31.655068570721134
44.26192871510659 48.58835179035861
1.0530295858750538 25.8766514022583
81.3934725395746 17.038114558699547
50.026883241664464 82.74585736445064
92.21817353347004 51.7704016059072
96.74101410025058 96.76557637744136
68.44990399592108 69.46118275207016
79.0428525187019 17.73890187689391
31.23638015414072 92.32337521821576
59.97144117629474 70.37482327406596
74.23103021705133 10.923110942938784
53.3020991597313 6.378347563310904
8.99349931969644 21.001665585099193
20.39059126545386 47.91999668396674
74.70954623123434 3.781820011158765
60.50228839382707 61.73427656471504
7.774836039871946 72.8187273305861
57.138782471796915 46.68254114464163
10.849884476833193 62.82555859749295
85.91595221698138 42.609692835747445
69.51930783044405 36.315487614781695
79.0598351303743 15.375726591095562
83.91243461842228 58.22077736137297
13.405148550799995 18.390962250001785
77.95322528362776 35.840219532928245
15.884402743401193 11.026216810035748
94.2752398317775 24.492709762005216
4.936125307347683 71.63018766897827
56.70718572197657 58.24534285433587
91.51037317830688 0.0669305951921828
59.79859511614971 42.0776955602302
4.064371683023227 71.2022920632804
53.559438448449235 36.86298769502181
75.06300231755003 8.210214816511318
55.3691806852858 81.18721965759599
1.4665606573044832 52.00309251291269
91.70716437200372 68.86385111225712
66.22819012139658 72.78379253719862
44.342666317418434 29.68434322192044
80.49691335175102 60.32675759425259
49.725001426165186 63.718106605495194
77.4942089086609 80.6741570696546
77.36874211813323 91.16700986630282
35.14269256112108 10.02058781725037
68.35020216727877 3.057902670086299
59.66825225558685 67.94295429994794
14.052221526116382 3.5215624639390652
17.90322286290231 16.30252752825396
8.919901743282832 78.87872775420277
99.40024520668685 66.62515107199607
27.17748871672674 14.424452604815263
23.32761407367712 20.32648316605843
75.94487251235498 61.13171064584546
32.63070236947201 10.542860006652365
82.54658952663515 21.918506300709574
93.23184326330217 63.647897710834854
53.575832586301566 92.41365349329682
87.16530049270229 58.87574095601493
67.30318264443125 45.67942996296481
13.826691985668194 70.96825515359045
40.19768703521602 41.10480832184273
55.911159582481986 75.81636058567598
14.636151168987777 86.97655509946136
73.29281280000843 39.324629616304584
71.01295253432676 14.042705254573429
45.516982670251814 91.51191772629524
48.56577402617772 93.70729112587888
11.327237951257452 87.81923698881731
69.67221094866957 62.56420952620636
96.28978598879728 39.759729515502706
79.9011169942198 35.03153183536804
4.9381336924948505 50.88094876747142
96.6269858421786 68.37560819358342
45.80619730506108 87.0367282000647
10.40929361831726 99.73234828572741
10.58478272536969 58.95036050237137
18.501816645760492 88.4927818007348
65.04184284777888 72.89766650241454
10.91895314914677 18.711391557252142
14.289931655024812 34.94333347167877
75.7982541665179 92.63334537701186
79.88819533835603 21.8581718367308
47.34061227981303 48.53915062285721
81.97535588643157 33.18939074989602
18.57202151896118 50.295441053167366
46.1388615538022 37.851466979054905
58.31500927161126 66.8512895430401
83.31962835280609 46.224993463756526
78.60264845393516 28.7291150344233
51.37330716295161 75.06552096908317
99.45799125662691 67.65604929568345
65.59300523246603 97.44792585645972
37.99724747162521 31.533579743218777
95.7335516807856 23.41387804048114
19.774048801130096 77.4354964890003
80.72132130459202 39.34866132908657
22.89279044119439 58.39164973916968
50.35225231760514 3.7770188048342535
72.5693237807588 52.174722933112406
90.4546051432264 29.015455159955252
53.757279523384206 76.51862835856002
47.411449178459875 98.7777698063925
70.072620179357 92.1242291584129
94.90696787500343 50.94173757107758
68.00760502080969 50.20133294204368
62.29979162254264 95.99378191015693
79.60247856026122 60.90998167371468
84.67557260605403 87.93594790200343
19.47340756083349 88.98811155793871
52.068771457206545 40.618815707418165
68.55275396937498 10.246292355009889
7.248578683261564 68.25984204022105
61.2024796047401 96.37830440076993
41.74683122905256 45.380363759112896
13.535991023169869 61.05772549188815
36.558203766268925 82.86452974211099
53.24976311830183 5.351047886444404
52.00008784487815 32.2473114651455
63.28739451230723 27.292036159908008
19.812222168514502 15.326193554649613
10.91736332684523 47.22629626974306
34.141031645791166 25.650873275834265
67.59700230305887 59.887133180552524
9.429532897514715 81.83004288065897
65.05465156381402 55.51584558595102
36.39591907805284 18.15121546426606
23.071823841304862 4.569012928393934
76.54916290242777 11.9798565421247
43.154209976399336 22.97884930583749
78.06707967438811 4.81316647128307
39.28875830878154 38.192052046803425
20.478401156904734 34.035914248398534
97.64900480439911 45.312938261845524
46.12903277841196 51.483931761057654
78.9209428188868 91.92906001973414
85.20399363599189 84.1050354777638
12.381743605995998 16.08803686824878
5.093830541280986 90.19411582206376
84.93746946994918 15.500074225999505
27.759075801649647 84.90947724488723
31.552706611015147 29.799768672125303
82.6967149782661 30.986863002790876
34.20056290865665 96.96072134157217
18.204942169635796 51.20227982189229
84.69550953537315 15.400403238067884
8.634069225043861 14.665895691872377
99.91982306112948 18.13549965317618
96.73728290192594 29.20034218676988
89.58270857399621 11.171818319240167
79.40566044366881 55.46177825907006
28.91584681877941 20.38898871098569
8.706400131100377 94.24884432120678
94.43882431612307 42.48297172163254
74.08576463821055 98.86349564652619
71.81751583395636 86.12497733983537
70.8675359048931 1.2573582923048887
33.532216632485735 48.66483514069246
12.32763372824457 23.706726322159135
15.352033242528584 90.03240815564386
61.47598631660305 15.372000245892025
74.58497333719328 36.557638951711915
17.75121234244681 80.86594823953679
87.10874101608259 25.985859218846908
72.11990640233878 3.425578730025758
50.78459975385472 2.6122477231993013
81.15178730531665 72.54858398636732
56.28548561983258 31.742929619943162
30.189203983969094 32.34930192586389
27.3424733552722 2.066106082661401
86.65370161860722 62.70937158193372
51.28000427602042 42.61281566311923
20.205053522087326 84.86578315675557
27.01380077037716 88.12309492685988
87.1192969602008 81.42881978668255
67.21655218574587 36.32670890104779
33.939160075693955 62.56235397427072
50.10274233505745 4.565804889296898
67.78765119678116 58.45874724504261
31.379543439893776 42.0682858839275
85.67721971071072 34.19972667328581
58.26506149497352 84.24675794709964
84.35278298112495 76.02422836720912
99.41128881483421 42.80766234228048
21.9039540291768 78.68374399782634
33.309417635421966 88.68921320763465
42.461189652414944 72.46453449795665
15.28991342140369 46.00230526963172
72.59630125644748 95.02048045353142
14.495389278757642 62.94331696543922
9.410812452831241 96.92775029585414
6.3715823799865845 5.5632935756167345
57.7672079872996 99.10764453904248
28.292929619714833 20.17300620943354
6.843668373152512 36.61703109031438
87.6465763815125 22.29153173511156
91.459634000775 40.71434363104869
25.456239745203902 65.46100944880202
1.4734537584926155 65.094240774014
56.37684808272094 5.905095521173376
15.470756744509707 60.31161434929735
61.60071713553561 84.7880857957195
30.427644639183082 16.43164077098138
66.69010956112469 66.47982899958262
61.394815331007216 48.91879994787362
74.6213689067817 86.0645107683596
12.18690856506688 2.6069247374734372
54.285616829118766 42.10968359805503
11.629547284205133 5.032866149856607
77.10706283324006 15.954759823847109
20.742554208122232 9.715375215576948
74.8824603764441 2.869525562465647
63.22015079634038 12.391384414413897
41.56251110832725 6.839563931527315
77.04492121560706 10.17198406070834
52.69741397376866 11.733969781259933
71.005275999019 5.225713469832249
0.7925997035438614 41.90669824357403
15.597626105298023 49.02001874393112
73.4800937556796 33.95541837773064
48.550574744318034 8.907144131294675
26.801336250117448 59.71572146170836
83.24753234769801 17.83178790730757
25.709066434058524 12.227777292002774
25.003328976611105 10.243832572490641
42.77334359189921 54.59506230320705
65.99782363206452 44.31183947298136
6.56019253349347 81.85846122574456
13.828263661400552 97.89295659190591
61.09607824980905 75.63824079372483
37.8146997635783 49.70335107176809
87.75449844718624 44.32526593516513
38.7539731808509 87.50180014459075
93.89766894722132 54.78519850622461
28.237100533143433 90.57599393335964
94.52076834533936 39.646196587721924
72.84088555715402 9.800980784711077
3.5414453908266808 97.18790578215221
9.639786402710993 69.32685769833007
77.6925651988797 44.62969685525038
4.317629219169294 36.80233919519698
46.8551974322611 46.62429221478601
62.25694883307502 40.4704383199262
72.12270976409636 85.33016016164426
46.14712205174274 21.960450566339663
34.99583027874949 54.03550487911757
35.479001037296776 62.22264716564443
70.50841392601667 6.471440105274651
36.207422927543 41.4563014252269
81.42961979102088 54.073657789767005
27.652814911836664 50.42326909216077
85.99025173884247 0.4834194818983617
32.85943390635251 76.88820066981799
38.14881405744004 55.46238700238513
8.876926308333433 19.997321376532984
35.42795100132017 27.248309470672318
41.418839021906884 13.651689578289329
56.46369652823995 50.095028308634525
16.368561017092254 18.162886719485407
43.33823541817745 9.34695399031613
62.47416712623313 76.46852754862606
13.204419079238772 58.604410040920165
33.9775872912675 82.74467229385785
40.340318320523494 63.30723936979861
95.572203189909 18.12769442814728
12.61142997045237 50.99067052760109
94.18456132807516 17.325908311097105
42.15312708359298 5.609785590584648
67.48515293287392 87.48860953834377
90.03127204244625 25.93907863768137
66.08043040802596 49.06927338416873
4.632357127100861 3.863786958947757
15.18380864230473 95.85422328486435
88.6759961576275 14.717771352526254
69.2095639415808 45.02692573426048
14.880716320057342 92.70507717632472
93.0889857473066 26.004865224201133
5.2670289486009825 25.37035744164249
47.78524550839336 60.34797679156405
74.52402845143004 68.38985348347688
22.228504541570217 72.05975896964144
16.932390441484113 57.92194438369847
62.45949813843159 91.62335125921655
43.424383867873416 42.25796325938283
32.60965390639148 26.030443438341955
30.276232210112553 4.304594542168405
79.49902598214231 89.01633922514478
59.713199118158265 81.59212059370664
10.154537413404352 6.134479356936828
27.619464304571785 91.0745028248681
23.87547221997295 31.779623250812584
35.45777697972328 38.821840111080675
21.847718933651873 2.673682142699496
27.05565923541686 64.07403590423372
43.88516691262958 28.132274133575596
15.168161082795727 92.73068745711804
29.982315941900573 44.50007446797313
28.08817783882955 80.1652707757172
70.02911593733812 38.75687882394894
21.67846807965026 61.26393642908803
84.45188911473132 86.46472026054788
8.201931986159906 58.15442078016855
78.30688481783984 12.525915493802732
57.605053559489726 16.558937704334788
49.343536742190494 93.32133663840385
46.41530084865575 47.19265874172447
73.93698690696979 60.27604476289798
57.04441953578372 31.538201172081415
96.53521999998298 43.541085665183196
31.185290878867413 72.0471990661268
32.84437154123865 92.99243199449334
82.07398448547964 57.91742916666307
72.04034975256025 85.85547355919067
48.8791040642919 9.713703897588545
76.25156318023885 77.07242240139213
54.30710476897838 52.37689817014728
37.4112743638525 8.586000149716977
27.87333090728328 58.562029918093316
90.80025767232718 63.04430502901306
9.258789337938978 16.86764693418752
89.7019067056688 74.22265222513668
0.2006577609465543 37.566150729026006
91.36759941333592 30.706102251760626
51.20158064227562 90.68804454790605
77.1383729844098 46.33354237342209
44.558345435997325 15.277702173756103
22.370886468332717 41.70502965442393
70.38493800126699 24.50677176932665
38.306345075711775 92.22704806996285
36.795245065268944 77.07598658245011
