690
1 3
39.53666022970561 21.16744103916064
96.32872883876718 6.821012585746766
57.421727744379744 37.48411985026618
15.185654732932186 75.75945592219216
66.09633005635706 81.30302720449573
89.84909392293008 62.767367024996815
10.053740413377032 28.353769411811314
71.41847639955772 15.217369984399465
45.70915261969646 93.14648841425559
81.90390518085309 84.28571527656668
84.35480532308652 94.04497360379496
25.086997158060377 76.34619813206957
84.63071216287629 62.180081713817174
92.14120123492182 76.62831703156338
60.20532475469966 66.1649266368357
9.931047841771434 95.09818263912548
80.30498836550304 27.642487776630787
90.99271915285931 71.50964578090569
95.2481024325611 9.50441711503447
2.2258498478712863 24.31875524143834
47.355159996352626 18.05873807528011
48.901285641085494 81.42121708369703
43.30259282246986 40.42889573648032
93.31501647976417 73.06349120150628
4.152794383590108 60.46158176100895
72.7375538646466 25.266756197804142
24.460938464396698 31.49040360923081
98.37272032702657 3.199861021822259
22.012592636440708 22.47672101763851
32.35434850521437 26.448364825679803
39.50644558402017 65.44556360994149
3.698680890755557 57.75119814076388
47.330292961516186 56.3316384561229
54.04573786421072 95.04148380519158
25.416208777983428 96.46281512948349
36.26208799759449 69.58146266910946
50.7742290099207 26.729736771864985
96.38632724448716 92.89864079456922
16.779791124477207 53.888777277291354
89.45344882831789 19.952221783564127
18.18527144975919 97.66655040173136
73.24944937732376 31.18774816103307
29.931225129364147 94.87075147813135
54.60032374682626 52.12836576726576
12.567392837962355 5.3362901052756095
69.23830433978921 22.810772902115882
10.472900016504404 93.96840148758314
31.802556215645026 6.765656052432267
43.06867070373244 88.86622802662596
18.47655694631176 52.9176808597728
75.5382927754455 70.51369625531345
21.505558615314047 41.66651044086116
98.3014220435386 8.476564500901574
88.9202058042228 25.08570726285635
72.81187966723996 79.9967002010294
37.754941955053425 36.253740876866836
14.864617961149396 21.32926936657169
3.0767116247705895 66.82296400645062
42.727219475339886 45.52982912456465
45.311862020741465 5.607950755359004
9.144017057981069 86.93491986048375
96.93305942160362 90.26067624956022
50.58064161489055 51.02930633516256
76.3429191836054 29.6736671265468
90.5105761073056 72.14054102265575
32.445974640936946 1.445214694984398
7.959967437887139 44.860017944807474
36.97089877403894 29.665194090048065
94.06409719812746 66.45704111284199
96.04059802492908 14.38147738891027
55.5029765944141 82.78521295162504
66.24662180465666 34.740039048444515
94.9841973848812 78.20902174767225
40.69479688484539 15.43879668211181
90.1962675790443 65.83713119916834
4.775902093342577 47.53181859473605
26.54146169422871 57.74829551313332
55.60339569020574 58.12413382582871
99.85293783665384 73.10788322676795
95.0515273205269 57.68582158673268
58.57060303801171 27.406140359611175
80.94917003197561 55.37496863069096
86.93805947590687 6.4789654781143735
29.980006497573996 49.075410719218546
40.324009627704726 35.33123151981732
59.385047127311275 82.86981335521581
13.221745500631465 45.77257496402489
50.161615928405155 52.45976345278589
10.021469416535457 73.85146538142206
33.910849754866426 22.999791363370225
69.25751144301262 60.09333921295883
18.2576924307265 68.86989832149182
79.27842020468026 38.929387391633696
38.39171265225032 66.72368087677896
67.51471077033332 19.094913933213633
2.394143157570383 82.53570703226924
1.931020707215536 74.91742385298184
63.82257157272109 44.98789967578829
65.8377571280892 73.67897794856921
9.92366262717017 57.37146789904814
55.45217370340125 48.28137565500257
54.43595020298599 9.838444884418518
94.87140616383556 13.184433034878396
76.17926832235895 85.3189783967852
9.153089196858089 64.26420906912126
5.5659955191649235 52.91156757469891
23.364210329508083 86.25354173901007
52.73603095373911 29.189320890302128
89.89527218556306 18.219511519616894
75.60301911745115 54.746850188613536
93.09272242603255 36.600035002546825
21.3347069309056 68.17105606135054
86.64316079646952 2.6484459253226733
0.6232661850765098 0.08713090260237255
72.62081830033974 90.92851994405915
69.70235390029109 26.378331932671383
26.60138518042117 41.19550142308444
39.52814064451016 47.10591077592332
15.658940221682705 21.504090346116666
33.751092558665995 61.9400678713389
83.94481617614309 23.885040373155952
98.05715669054223 94.22074194289635
54.02303052096631 16.44835665780149
6.996439275539168 13.358301492894121
90.69778983735257 49.21065869282435
89.64838335105372 29.41308692382927
88.86954246285039 11.148748286996945
81.00817335916055 47.27945729512564
36.13502114220415 28.84562030213724
32.625974297562465 72.9166125315216
8.983534392651515 46.04712883215849
11.90354668934499 29.924098574762414
12.667902683155209 33.841320907251315
58.843229453069036 50.534989688149224
37.19825091082796 22.85722156150456
30.364248679763016 38.371804510435425
30.948536995457253 28.591206992812257
80.96927088123846 89.37369677809323
73.77675009139783 94.44335299507635
78.26500882114405 93.5796535272214
27.481821854348667 69.8910244841195
31.20497980402257 28.78687873917123
12.309376422878259 24.096722367671532
3.800967616972306 3.3030730356474303
53.82961260126542 84.30000965495428
22.679604765260652 13.097005903860603
55.6899865786612 85.99381803600212
86.82450371833686 56.97519377291205
46.2004001754232 8.574933253680882
57.67076949794345 94.38901590950057
13.712877940751177 11.819204418255346
54.93685893470772 65.90563957435552
41.73708110155867 75.36502778451268
54.996582104149084 80.17203016295325
54.32694021054989 32.162223588006
41.95367050562662 39.488602782562964
52.50118278928464 87.52847308918086
13.817256987765303 84.7408195023556
58.259326339966336 16.396683571136617
33.85266942557381 2.790274478150012
55.76921314135279 29.430622922593976
9.009886295159376 55.005384617263545
35.228677230401374 3.8481604120066626
73.87060548623492 45.7774609302148
67.68039915103353 36.57680727704673
76.52577196617241 89.28587892198779
6.453289419848862 56.08977968315394
18.151083982671757 24.934276223709272
59.058526287886 66.93305094193276
45.76119071053497 18.079365600841047
25.58554743767132 26.386256804765917
97.78747943841762 17.392101708765885
6.693505700247604 22.75044364244789
96.81424417731034 3.6103950157814646
36.35605785586395 85.03558039459568
78.72079086884214 73.28896063448036
14.994583352914791 27.245310049765493
29.298955326401344 76.89049925461593
20.559740867081523 84.31333009750065
86.76719865903002 60.81498159410841
44.424067638039986 27.622770979556456
76.22670502974567 78.74346878159959
23.886857942416096 24.532244571042284
47.599941713455586 39.115485695606054
95.23645225415727 90.28198240274806
13.705388077035785 51.462056972336725
43.79542966921208 67.49467606207185
20.108302227332086 51.168144063649954
53.71971903473201 14.816721306930836
1.6387803489634312 11.863674426894422
38.77666954297272 79.90536954116862
30.602096953061775 5.510804604346098
44.70148371621554 68.5352097547595
65.86355539724444 55.21393208873984
62.62683173749504 65.60957194830077
13.463550858144636 87.44466184009903
56.27473376026937 86.33502583242209
7.1092012973999585 12.993559456937053
70.29317564960363 73.16587834523847
50.960756275345446 67.75681210656363
41.786016866219434 41.96201332666638
97.923093348267 29.138965891658476
82.38571371776051 28.760052187240582
93.05137978553748 51.68875517913503
42.05527578194528 5.603229311510738
90.96992516647072 57.220096570391334
76.34178954601035 80.35207405352966
14.5155777364536 48.59029836450131
93.12803101179703 52.50277128953724
38.7787623325688 92.9635800436093
45.749591977849846 28.511554482739076
72.06028866785232 64.47168450879349
34.888568287113216 92.89802811763252
68.78834257347162 69.97968763693274
82.8211340118712 34.61345803496245
33.62554409510938 71.07050161230022
60.42272143780667 86.87247815014607
40.10860506128742 24.627844707114544
80.20911367849162 56.47141225180143
98.14156081040409 99.58711083557591
80.43865131942691 79.42984972304747
7.44744597452478 31.6653661486167
88.03896309510355 57.47924243799043
22.33020886673327 28.804955993081684
12.53666363793009 33.40146218187077
32.711666709522056 54.54624921701119
59.88528443865497 86.09077898236117
19.230416261110573 85.6351452085704
75.22987210999143 55.136277702928794
83.93503410035379 28.362540668872782
38.53117254470164 13.640591997737662
57.644997597927784 76.43451775969396
50.47118997421507 76.61858236042282
69.40559129784386 34.685480306965545
72.67198055351946 76.5265725811269
8.185616065856527 63.90691542064455
43.60195787796219 26.26468609678081
60.72994288367397 1.8270213594537177
36.196094717671755 26.328906712341627
38.31195751622607 20.065662961669982
29.674764664900977 79.78965219584452
16.060312398575327 92.51344501928625
12.365983411852422 64.89149249468468
14.420517778147746 27.48716318651889
73.92973363095807 26.43752107090993
53.68623634505391 3.1817736314171396
78.71083267015746 4.318798305258165
33.69682862552037 50.633641098152296
95.6444197444845 34.20229131757151
55.09922400781526 70.27557095925803
46.178063828870464 0.45113030283432387
37.19771077292182 65.19075109807022
1.743367627681347 76.36927003763674
73.10314575293701 68.30321488004445
53.432385522039084 65.83088019491757
96.37344126837617 19.249560650064467
43.79782940686363 46.12465521932971
45.653352053846085 13.241235254621708
54.839448581766035 37.9989375803923
80.17181252145033 78.65439699345276
57.66263051240828 1.9076414915887296
32.335405695248376 99.45661795895715
35.79669373529028 26.764045688467352
10.562338842807772 72.73009315214631
89.11889871340406 14.69241387244493
45.99666592592857 85.24143948842016
67.37770348023682 87.33319476336024
22.922190611215232 7.5758076683416276
35.097149703757744 32.77982040078149
14.324130356507547 83.53826156400979
40.585440593980906 38.47181203626404
0.7861693184096019 90.25179498578856
86.32847116317595 15.683906609082253
9.100701363527296 37.82907605477253
11.323859225500321 51.688425946732444
31.539325116317297 46.76434592583829
64.22995942248532 13.105252569014091
1.5088246638512715 98.82898346251761
21.671240352810493 26.94296214480232
10.802682442051559 27.699586720167922
89.14437638707464 38.89462747859811
69.13852726617944 82.79354709578249
63.07746505872489 21.31352988808226
38.722989659947956 94.89677423629581
0.15598799928036033 54.358793271868876
53.14478064923242 79.41019005472675
68.71228490612309 57.79390149029848
58.71367422283238 41.39901738768743
79.31362845669862 33.35393656039396
15.87613779225503 54.83537821636069
56.993615431310694 74.00669034348992
42.48430950350339 19.200719305919446
79.05633631766962 53.42860991304692
99.01916319187585 34.675875673746994
73.12781018800476 6.823662482701631
66.40314104916847 11.368969367039728
61.79847144535569 43.01863248494073
69.75938014908043 4.081387855450247
49.58229001438974 69.71499982349918
99.99451200491596 42.53238299403266
70.13502980868722 20.49764251964412
79.37932854833409 28.024488775352353
20.08265555978026 23.63563092537573
55.034887917655475 48.975313772854264
27.063509704062128 78.70752508844319
1.0899803477362857 2.6424712173161335
52.32454720544486 46.766053911961514
69.98993229192072 40.91666709706612
50.62915187313659 78.9840098046237
35.580235715107776 15.545521560120035
61.29307674560292 35.62285584704372
75.65465202552797 44.65366785121978
53.894957980807234 3.5253880176423946
44.174827947921294 63.07983324843454
52.387073108209535 44.677386004734586
68.00160814507046 34.15614464702681
2.7598742185044767 11.593842691435817
11.699821670601573 90.18764908489929
50.693057625520346 59.276863646714915
73.08615178223926 20.880663452418634
0.23182723502117586 31.84402510535673
88.32496098432594 31.57341863640244
91.8343482981879 34.10403770243049
84.9041293811521 80.59967460386088
59.500407479218254 47.11100826036605
90.80476941475209 60.275744923958015
15.451304994136873 59.473531077542496
33.052114591825884 19.454184538434106
3.745648941161117 33.61987717414425
32.39772136109222 8.481487258607734
11.018959331407618 91.86087389527798
6.070268347349561 15.82509169388302
83.37925376361352 34.56908009488049
81.77733665933884 68.5817157143632
76.0648684762548 18.00142004579368
17.93135070126912 98.49714416312942
7.673596871238808 5.70460083022899
17.70976491725158 51.35174552002686
23.374078646757045 66.87109169831776
38.726064500170395 32.15010156123541
58.1587433875246 87.83213445128992
16.326585155976847 69.55050268425546
9.312341078153818 15.111336167259925
70.08813344286402 90.86009767027979
0.4772990621193296 47.58107716069142
70.68270125286504 84.60517685093303
9.720468756429135 69.03557824757529
20.74201026800857 35.54364429633014
73.72974172167595 73.99190877044171
67.68755328160141 80.53282640312634
37.2022538154452 35.85280217044016
87.46001180629573 0.8696816400033391
60.87644996452224 74.35396849414546
0.01995571063055923 83.03137674287042
7.854645512799108 93.62527672403482
40.60795087438762 68.39120330047169
43.023330577183216 45.88905044080642
41.026349895375326 46.70598843884619
29.777138583082063 67.3907316418026
98.9210207301399 22.00184169983588
14.501705121502928 98.98965372191013
8.411764710241364 22.794241175403606
42.739044965518815 9.346577077159246
81.5838271911247 86.61556878848748
39.65019114783808 67.86219793758686
37.01370182433443 53.90097098875293
62.267141142745984 59.70051228638267
32.05727654456252 86.35408265897755
20.82702555719369 58.633602547155576
78.33225883848567 55.12770132900513
90.60949269629886 55.373259727477574
19.271130078543088 59.57708629493208
62.79358723057318 91.53065380314706
24.699516932255516 77.80499904548795
14.550979219658755 60.5834717140997
25.255210926053806 68.94518805741743
91.76226037257562 86.20187195385923
91.30943624453145 33.68097110575514
0.45986656054679553 78.40514563045298
34.75281421121459 69.45631777226356
81.58579955897423 43.655025586168804
81.5394888695794 66.05466491575402
38.761021322840826 58.39847257358808
51.64393268042178 50.28177128547053
10.71571360268595 80.61863657360794
29.740765219123944 51.48587034801226
54.871740148335 75.91902903782244
2.967300922005145 80.76803391529472
76.64726279462035 65.60628619199885
15.125700140459974 41.61751211720892
33.06181057068973 79.16387405979653
50.62186023906789 37.70130127141784
73.8799350325629 90.1192069329644
32.84928874975523 42.77879354315057
44.357162180536136 21.788451840963454
78.72531871368464 9.252972205155663
83.6555419770753 63.26895598629132
76.90330680393211 50.453585581516556
16.840036679466298 97.20460404503919
88.6317024249363 19.673500829474612
64.99677093724767 2.032562604713184
4.302133177131906 37.13338125108512
49.85383642381389 47.23879921287868
5.381052293962485 50.83256571818184
5.565986753744134 13.360059773755273
78.71388007135268 5.096825242569691
58.9854480215613 68.99939478186828
84.7637520440278 58.61080934513241
4.0480006717337425 25.43693931522133
53.0558313851548 43.90991974431731
62.2463464996227 53.46155413701625
92.99622331571584 49.02776644840041
53.70936111310611 58.39053660775282
23.370020466455642 89.80913182390833
71.15572576473839 7.468476146895542
62.60177285054074 89.45126533867483
5.113697188941657 83.1138954305793
69.7921383695189 38.2537146601146
31.49013899749058 17.23470910103582
45.914000220367576 24.565141995093253
58.066460857417155 86.67761742570426
44.4399521593527 45.64142374417297
82.40863795522498 51.319425364691384
34.01944599244426 94.5346213085172
47.20111393887463 47.834818511652635
99.2987367584506 47.9397688486721
2.6518319043670413 60.210248528915876
68.97501545254678 64.87263691799896
72.01345894884739 2.99698930940393
38.597770648922825 2.0134887275407465
98.5477396258022 86.18844250898914
87.81845872879694 6.53652709042285
35.530120797523956 20.211478183021427
87.61519387437468 73.45772249938514
1.7030981669678091 16.658717337931428
20.223260272447853 40.38700303976543
15.908009150161796 0.064199210133431
65.63889511223269 58.60603537140645
2.2836891128737546 84.32056662816692
8.518647093862874 43.619395886257784
68.93417664315209 25.993894032298705
93.59432172007634 63.96460686727823
2.1826186935375747 61.02551736245565
80.95946347474299 75.44335004785674
83.14703490205042 79.14142028245037
97.43116109654797 90.5855908597403
79.47870975903106 95.64732682244157
19.641729372340187 38.988427459967
60.735997971549494 78.96129830197009
64.04720581391459 40.77552443652457
69.70262935997076 27.665254329315214
73.07133786911757 54.365279493021525
7.641681624951691 90.58045844307507
0.5825373452883253 13.500915914439737
28.95753489217896 34.98664312953403
2.1715983756704693 28.187988586522096
40.111135153969734 53.94538407946743
18.58006367332157 94.55246014381231
23.516514790929087 25.71015603637892
69.54888051996106 60.20067124044925
35.08059165375255 35.49851581707721
43.00716502608311 30.91322407742416
82.78765353088191 7.040887073778035
93.36305790116539 88.30609281447109
69.20722440877879 30.73005086286056
54.01814013395503 32.077862960778525
9.514270001780734 40.45154953126377
64.50190617443945 91.35116734882783
27.00364215807771 89.9064865634587
96.53534671001347 6.697081062403654
6.559013982565132 73.33019105783379
64.15279578784 30.948719841982996
67.98682219575754 80.65375383241114
91.50559696708002 83.41436337961203
95.40600251359064 4.815167299783774
97.48596826506288 32.13748070264957
0.8298558754435525 57.746730181399286
54.534449550538724 70.49837202707265
43.073106466418 68.72576026046254
47.581097009300024 27.13764630373423
60.132162656874996 62.93501017992797
23.202917081133133 91.4268991543494
92.61226606918866 0.9163154708502486
2.014545372340537 70.58252092051565
65.30434922696016 36.14414863277127
55.116048890164194 72.18022919545231
72.21634602124504 41.99669424458463
84.40164554069523 30.40438859330308
83.38668243180855 39.86234964556776
14.676762702643664 82.86667436639077
98.34417515864318 32.01863694050218
8.374357538058753 4.241942267516485
14.794906066764725 32.78089124127139
53.92689962031467 36.81830887450492
98.85552935639407 60.86067518574585
33.894705774686344 46.163034420833824
95.71919145098617 10.287088768569031
7.763247885094615 5.655894895629476
51.90161768156833 85.50800148744575
59.60019416874256 82.71020726809407
29.952253458816468 99.09979814994989
65.1774138925821 70.65549333267865
61.19308726192705 31.053347443797374
5.614999870857096 66.1960324403541
0.7048351436300226 40.97287208568257
6.14056358377062 85.59852139126727
89.77979572471196 56.59244599662738
64.5984221534341 21.1884548184627
32.99968576746535 64.99053654943722
13.087764984558813 39.37300854249442
80.37696567477381 89.99030075497963
72.81762087366275 56.84115169983946
81.65973970080698 65.05294355302316
57.42301942395458 61.79235875220039
28.249650155072036 69.21941450463527
44.35500956831382 31.243460791744827
59.06576147345079 25.45995824765319
43.35570640418671 16.244517398090828
87.10166504449808 60.00105688673647
95.16506476918296 78.84140142273397
77.65568073526532 40.89582067857218
82.83034782171987 62.90927225019429
23.87456514278139 17.786945370150065
27.389532484741363 1.644174261498299
23.237168936268482 86.90980232400788
32.333085615809765 50.797339749618956
4.040306197872745 69.75519087997166
38.364746843267916 33.455200735874556
26.498825041312244 26.000249222189666
86.65489443289556 38.48486478808621
95.75406872651482 2.5481117208782322
22.515356139651878 23.994468904071663
20.611271062530733 74.35674427548659
63.72145148243356 33.044440408052765
54.87500501580212 18.18156535501947
23.535125806872426 66.75609984882267
99.72527887234845 56.74372587895282
34.94245093393686 64.35560702632827
13.93400173505075 28.538266060120087
45.089969682159705 84.34349274302275
11.17277870611888 54.785733487941
78.6916172079818 4.175388583787165
19.925031312795973 11.22189562115128
79.57989199267517 88.12838492198954
46.7200057063851 16.600691301960225
27.688160229771498 65.18026620857391
61.630917007919805 30.367480901889564
87.7011515730554 99.02092287107331
60.08937625418413 87.39020063162779
94.07570899600539 76.71065537172804
35.87916397383108 69.52246485784615
31.111620567351327 85.01102896206969
44.309163571967346 20.648833231974795
48.35356859493167 74.49155820036601
0.9062066698379834 90.67938954123736
78.11989660255772 29.91653858322527
64.02999222700838 24.576870305268784
85.99592363325816 29.109715030842743
87.67465380235426 92.33402251364227
98.32163314021392 81.24607543357448
45.50232739247973 56.07699933911243
46.73062539853075 49.09587454823172
84.3628424717771 45.710280208235375
72.16573982138715 25.04397504521103
23.215951736086772 79.96634013875482
66.70748107201652 98.90106175169493
57.84268325358286 2.7357296063686087
63.723288757686205 90.64175541372987
24.538932711272608 63.3754209114217
83.778735563785 49.29879862307776
90.32802699449314 27.36298273493436
38.99667953335477 96.65816441936248
75.52848444615732 16.26283607464334
15.879981544663725 93.94579970368146
90.5669078057626 78.45101627709406
69.61595931773618 11.599538942020903
53.080646480054284 57.18495019307019
65.55600358168876 30.105241549270147
59.05617201267332 62.31111155698341
51.70938305386943 25.929822134121917
9.632355403334225 44.5163762357278
38.584542666434785 11.168785003389337
54.6298727056507 44.81744745103611
79.32834412530944 74.70956034641307
78.6038110748972 21.33045466434289
32.5834592644495 57.005863970136026
48.32953844083756 16.28305815478455
80.69528720411476 29.384030061335586
76.44750010163581 38.87578429821781
74.74133727946261 79.36949655165664
99.13454891146678 8.370431622192665
6.1532838012255064 20.081176496853548
55.979972891433285 45.03322504809775
78.55174128666225 63.04227531045461
35.78866518227326 28.237337917712125
95.7514897164271 88.26283273502145
85.42627139640922 58.99728035907663
68.77612789858365 53.10966585243608
48.57912377946973 36.398602060269795
92.32110185882834 51.69390409571537
49.502437950065236 38.843202232920724
89.84655717196563 24.725731195355614
8.85686911003869 43.97397058851473
20.645424361523258 70.22825797166261
32.644624701127924 40.713091564597214
75.50466558601458 2.780478904628647
42.024799652116826 33.716740180395234
16.827100769558623 7.216885870578715
3.4133949297135313 18.68558426255522
26.637985218248694 97.10599151577549
10.803503396111092 94.28340779434883
53.34719178529497 51.39978057667156
75.31497832972633 68.0130625682762
44.3057376863742 59.33355212824871
36.73015941532758 29.77433384321202
19.433201367146413 30.055738881663995
56.35039118988021 23.694417326613504
9.79407868348141 58.75360678371302
21.584630852483144 64.86077278383402
69.45079482226433 59.63975006790101
42.48325604509058 38.28050854273775
7.152902008207462 84.18889531199002
53.328800284822606 50.20392556701538
98.83551024097126 60.101614724800626
62.76240813340426 89.97883998632523
17.97495357051546 50.61692555868835
35.86021569782913 94.88027803472005
55.41891969756592 62.211036544312634
40.81327331072413 57.661261656189524
42.763502055647876 31.154350523715536
67.74604697306567 59.99426386092694
28.44719216235081 76.0946401695491
5.575071233335116 97.65749214329398
36.174694873059686 99.71000478736039
68.57507067885061 63.60555338073941
96.59664872554232 63.261026829451986
92.60699833129233 34.25954523467749
40.443552464585174 52.05123820399831
73.41591721469764 5.410545752618834
13.410388746806623 0.5513974526907717
75.01624592277744 47.069276095499916
89.65091239229162 78.01722588881353
39.32792439408581 51.91705853583151
98.13841282329223 99.84331223026048
81.73505749282646 52.78713873155665
79.50403705928065 26.566659480528166
71.59477592654746 61.58273167529962
47.20486978872118 86.23014407159484
71.07096012277448 31.653559339007064
71.76502862673657 66.36453629204591
63.04122971501476 79.07851987582639
68.7156588804245 49.151362937548825
31.85771179374266 80.20212381244605
96.41500001745646 93.54221955304496
67.81760111081361 92.86201225750337
16.601534666407815 0.988173337445053
85.79021770917035 18.37797518282944
51.35718646721801 81.69318589712604
48.65268191740286 83.65251243067358
65.88064457417214 19.081242541923583
82.81443113335423 85.52652254366613
9.979862321856793 72.73576007940204
57.220444317267074 46.78073830967637
87.27439011035354 46.10881934046767
38.30085947789075 64.50329154362757
89.09485053072001 39.98110427998649
59.722631076131606 12.363811288171455
98.71593304215605 88.22950939194615
70.24093969234852 6.270864594331593
25.32914269462523 43.73660743203287
21.92224380507668 18.75161350598784
95.00913012317483 47.51185089646863
92.13216805769484 68.86997448853731
60.962293835114025 75.89409529034421
72.14602399614292 75.94424180318038
10.784534883153473 40.840277702414404
65.26809631946269 73.5687544346175
41.98280489643722 54.92852550592704
73.81662405929059 73.23541351632039
2.0997331010815357 77.13825666916601
30.193828150159895 99.74730290960929
58.75782478706353 11.61737824557665
30.755785702845827 43.08692575427453
93.32647384818546 20.665780314873828
56.811257706447904 3.529465055378922
4.918720436403801 46.1883383651146
16.2337203492382 79.61554940044877
63.33733320294146 58.44956243960113
71.33002847191037 51.588968147464165
96.45247411652669 21.5275432068615
