450
1 3
75.85600851863654 67.48511550961354
85.27851031270097 74.90836957831215
73.51690035066676 11.751578403137852
33.78504341326087 22.600978127789872
55.790930415459684 18.637264315069867
67.32962895365576 57.30029106316729
40.42964194918224 54.539902527396265
66.81604528581455 8.2736238420255
29.032886417544468 41.73749263546325
67.23553665869973 59.279540749926255
21.6283182596275 61.141053219240526
31.365870996204382 70.18626378778985
88.76679666622287 24.267661244277793
52.77196852719144 27.654089275665438
24.118450776347757 63.09601800866431
88.6123355128035 87.94244056809563
33.27400855862464 74.04244494174841
80.36219083808732 98.12101924523778
91.27603311133453 96.02953508816405
93.02532977217808 87.87162664195371
74.98812202248153 89.4233716599677
1.4336444317493813 27.119830978915594
21.158720107427676 27.14162991658833
21.070173102981048 58.724922303960824
85.58795286693501 8.2996762429574
49.21316085385219 99.09631861436283
5.537506212312859 44.65289097952842
70.67664083091559 60.13158510749754
61.72130086326002 98.4200800866079
2.695494559573941 57.20945658715804
26.52742180847738 18.927408151711965
54.03750318639251 82.09169084694612
75.91643958452543 36.778884391926624
65.20342847647129 88.2087119603434
65.58814795001608 93.3419521779418
79.15024435998251 63.33339897887529
86.34271374913207 59.34678875991357
10.458115373228672 53.70472890250932
67.38063288913271 28.309787032483147
87.0388755616075 37.684537304888565
32.755730391874806 7.414297094416367
12.258239383294356 58.08077604918742
32.034597113525145 51.43646958167854
61.612279137602364 83.75470945493832
16.399125735756304 15.202902758163805
24.454069146816828 44.6973056286194
44.767980290035126 46.3973129433338
53.791979610619165 4.262216855894452
75.02328140181743 9.526051648324941
48.555151810784444 12.017869677940318
28.1079048808206 40.7040120743591
17.142555415775874 25.591928039854793
80.68353808865612 36.12229578695745
3.6197571101457937 42.49720370043715
97.6123576832705 6.25387036895324
40.04562368641671 35.45191460666346
99.2123558993524 66.95876459264515
86.42445425076785 72.28864698863495
29.282889461610928 78.93116005221266
10.438671940051059 79.87770929133325
19.752156928312846 13.467123510155176
65.05389470139555 42.04710038066133
57.674030140632595 24.319408805821972
90.9697367043331 94.61520555859435
0.8493283360597736 61.292120226183975
72.34265022572485 66.55375485601147
42.32311459508227 3.224479301105765
9.037157766901661 52.19506209527998
43.68739491906275 72.04358073574835
63.97195813314192 25.06734244805473
52.26630637732157 34.5346883767838
72.49346753806512 64.11233646158472
90.28824001537028 1.0456223774966578
21.810031005813023 70.00633466241798
53.89955738637635 67.5169369566597
72.85609496647805 50.77686838574529
53.581040230649826 7.702592044110812
27.091140908664578 92.46813147490502
41.540129683935525 50.762818237330755
39.70354780378238 92.74463721585118
28.44629672393102 48.58087547626149
87.59838942395497 21.761567039571194
60.635956003263125 3.1954649960872272
45.26977555001199 96.33804785185511
32.93606116538146 79.07474802435775
61.250563906218346 19.871397354131947
60.6185846285622 39.20010537987733
97.38203007698705 7.648714174571469
56.7058206533857 73.44189094469935
42.95721620028328 95.28276393345736
66.39626482708196 36.93966639064061
7.042478009768227 3.422082576850216
88.99015082956932 4.977961641973772
20.757934495747122 67.63542663307828
60.505029067292185 43.3342764234707
85.31089388731021 88.09088202020601
24.731888140918244 82.97239595722803
44.178797279788995 28.61541151768696
32.01359660863421 91.61948913788993
3.4963272658066202 3.372538573875583
67.84205693035727 50.13153461064137
81.00650378431442 84.49430487151601
16.283387385251878 26.07328928593533
55.09613959134205 99.1907908513203
94.0072631354987 67.73175272039896
64.08120142942757 18.831537063092618
11.76282149443939 36.1264555208656
89.27798307686416 14.840274264038356
67.3107201019064 14.179252376730744
14.559988328050434 91.90893470438422
34.33143381654125 93.79907642711936
37.451544649580406 70.02180062548796
7.1975932643888685 16.192726333571294
71.13711826609776 71.28907559505171
10.95436947731201 98.49990490257836
4.3226746829989615 36.177225262595016
47.32810806130707 26.382811063096987
61.05147980783594 73.34825304828962
23.055699915627592 89.73415371922071
13.606685907570458 4.284095493746221
97.5111035890888 66.69221118025285
67.19522327430234 34.95348721581859
23.146614650493923 96.26644544629505
12.862230578042855 12.617608481916974
13.37167686964058 91.70077659374007
49.60697559036325 19.56215907800576
46.06601878013756 97.3613639144713
28.499430128356074 49.95533425070124
82.04731921674258 65.40955829561499
72.97912963250496 65.98069082935191
92.8915637908803 42.209603875159885
24.429898880972555 61.38737169911275
43.474920181820174 56.175408287996035
6.5139635448525635 9.778922375492538
10.421456138321439 58.17471582843392
51.367981679808736 93.30076382015055
75.99914019710828 73.75502703506125
47.69468772970955 68.663590792965
75.71331253509896 30.65102412388232
15.047879030487742 77.22948116676578
12.310530202557612 3.305525202142068
68.92524123456421 48.15833673991197
2.3411442242424307 67.55180150353468
64.09425581630994 62.40670961826209
98.85481273152281 48.82517661494084
58.19164486200184 99.05346922773603
88.37297527904404 34.41587358517393
24.728048949736237 82.10332584051785
8.143328192035115 91.60314168762449
86.03089896017914 76.11625593091347
99.69943451809084 82.19735530917147
48.03404759389047 72.35274381595053
63.39182229108873 93.88813941706007
81.48715947729808 57.79840991320875
44.19238953870368 15.139709679605428
26.974733758152848 90.6954494041652
40.46441290662997 28.39190625338588
69.42681537050407 97.529407653893
93.08695135159924 11.246535461486307
26.965306543143196 63.667244135506884
3.80030778993663 75.06357908673824
61.9302036332996 78.95036525962828
82.41462797229404 91.69520590999515
93.11884545772114 32.39891932153491
64.75397830187657 7.138998709689637
42.59389138015344 62.21147038889239
7.779125725743219 41.98406400077565
89.73788031459887 68.31159880724242
40.20720127019211 50.627768132251425
37.19281959558316 64.84967048656706
36.84453023937648 35.52857564330385
36.77927360502269 89.87532123322619
10.04625513643922 56.71979143806099
66.44290846512013 97.84039958585649
63.90661115074852 21.241382600940728
35.8050121897596 25.13356009119434
53.50197564355539 58.444795024451366
84.28969482240896 74.34233627725992
28.265164024362434 80.83602843121591
4.70459013921074 89.94329376810282
3.1406651473772307 7.647231214794914
18.400939929750713 66.3695750544006
49.53828042350048 10.581698505819448
50.966597789874115 49.28406848706302
34.963087712193605 92.60377259585493
80.10563335934036 69.44858687457366
11.018491690643417 40.86583859783506
95.42447629167357 53.99769728389743
16.2158775990334 89.58478961430822
60.77519502749637 13.568269369797935
11.271951319768947 64.90963937799579
77.71998931605242 1.5276703106582135
98.62517101717962 41.671297997209564
82.89911784169557 50.60495873742015
13.928316590661316 59.0221044149392
50.64310432652961 59.60311467867536
77.74139681880577 45.847670396998666
68.5277650795159 68.91781883746917
4.895949695156765 53.71669391272593
92.34449335303158 11.11169261877456
31.019213314357643 66.25830853564906
76.12950642250395 22.457453011289562
67.3192759883328 29.63528592864364
68.35251812463794 15.942818560352624
78.13469582308375 58.515126443326395
27.344063464788526 77.02686904727507
82.55788164377272 47.25080183717372
16.576418388904358 35.858699458173945
75.36685069959435 48.853512289308924
66.14613581377007 81.56543501797711
94.13659591389505 55.32271075285513
66.81568824714195 64.39553676308458
73.8204508143125 53.56110332719513
41.74625277864086 5.446294136839169
93.71328718829865 79.36522132765053
94.39275734215322 74.70671216243173
37.48931609632371 94.53353450575739
15.889608495191965 62.05513361545157
35.64768084972463 1.4546049151906937
93.9402275481569 71.41078455848803
74.98917970158286 85.1980478770237
39.07249598789604 69.85942794080682
80.13171616884745 72.89684322600243
46.17895839567614 70.83285842720501
19.25341295415166 61.82712791953393
32.42618851864025 89.40968937880247
34.72131309681381 63.97085868994152
28.45402028682571 7.119776890689211
82.93425540207258 91.07149903090898
8.261019981832685 80.47394946701706
29.661763116230656 30.67838558158067
75.91898020410599 51.356167235783424
16.895529137514288 71.41214953368704
38.044633217156566 58.63993836298847
60.32579751127949 9.441481126265682
19.542225214024732 21.388439871024634
54.085312088230374 97.3849815575295
95.75572945750284 71.56516122144261
1.6863698947352956 68.27027805875696
32.07271359225516 16.28950663792108
6.670701557103165 20.93734712807138
82.65334698904707 13.261686813439976
89.92916823095041 32.869093082727254
11.25510802346723 99.41035238117561
53.17355229818632 26.773344327933213
13.50378506361718 77.0158049384175
60.597605627123755 85.64178138172109
4.55405043804924 3.33640984987873
51.08345501173821 2.4070044279321134
58.941278739508206 62.015444690139155
58.05741969892089 37.896313709290254
30.408020989103047 7.111886866613593
1.256074203898594 16.146872283665957
73.1457001388388 5.207545083099352
82.13849468424822 34.854055894021776
4.3971668324794155 92.8634335235213
37.05171209450686 76.7511403613702
31.123924928743072 71.83462391159092
54.7667369955358 50.02288518374001
89.24289541351914 25.38992719431341
6.322617387088769 17.53038891940126
36.595512023206744 53.46662092042065
65.6475662549999 68.38590837825247
9.399746789060393 37.9362019842842
59.74328797581991 79.24993816967579
28.851730356646588 14.883313175756019
44.67650164303281 40.58119616487503
82.80717522637771 81.81123364134652
66.04862880411693 23.122676259635156
73.42335684370478 21.211588960215266
49.68185171845767 72.74064167021965
68.83085894357328 69.91798090743802
26.82324670816445 3.9099968912323257
86.40163427484676 6.082461880183221
88.98191251068653 27.590305188153042
58.0895394254761 97.52052006119727
73.71897681308302 43.55480178987139
75.93414371494606 36.94080829759587
96.2371804495749 17.25091452554388
45.023158876337696 34.61922851689325
76.93379953163297 97.90562579187507
28.321408718535146 15.875280460361596
69.68951390493876 58.91122064026062
91.80210820203638 79.02770437410788
52.20079689930295 48.1173139517143
56.6652841673702 7.146396851906989
89.55089265753553 71.18013670624433
80.68781515887342 4.157432620624557
71.33426363369621 55.44861814220725
31.945949994441047 83.39198840252926
37.95739793876145 44.51519314969465
38.58503935603434 83.50222399065048
17.612605520542445 16.084232957606638
53.4712754909411 54.53254296654533
12.491092736763786 43.961759863737136
88.28907693616142 85.18928768353217
90.22940441244964 1.2797106073858089
2.293422417262203 89.07807294168396
18.507945130421888 24.343213376003803
32.202981065383305 91.48150548399556
29.731605808086204 36.057974056082706
99.94040851378799 45.70414626404058
78.93892724268564 67.37467359080551
17.200327203717023 55.81274024111327
63.74582686378285 43.68062321937507
99.38752596715999 99.7052804681829
88.39055791527015 36.55662238210991
75.4143050608006 0.9730766796530954
32.257591082622895 72.60696119910162
69.89789829347899 33.988609604263395
5.532282733137683 24.532044137483222
11.165809068236365 92.92212859151374
93.87829632133524 29.637887975198616
20.258180026493534 63.490532586315496
29.12512577262025 18.048507469255615
52.54250462865784 72.04088088246876
52.247221227520924 40.65796260801271
29.177659962082146 73.16566115429278
59.4345662181857 8.732751807164817
6.978536024503734 54.65185825733712
3.1552634106585264 52.93293980728075
36.76375334942827 71.4932390239009
9.875136999528333 1.565882829301568
78.81775648090488 84.13883818923047
29.329325939056126 97.66725469860728
65.21365430349996 8.957635010548582
66.8132432921513 8.280080655932576
50.392104279723846 18.715057874413677
44.11380779067422 98.98327150843866
74.36378394268624 28.5442817421282
61.45856329561823 45.284903070877114
99.64891676883407 97.29035613755892
62.47865048428645 13.47688541760601
14.721359458186466 65.28011213856627
27.825316029527002 3.0966720723694774
26.838712582840586 65.96740645345068
0.8501675143733678 60.05570958418236
91.92544337158961 15.579290234465093
21.428758495260027 92.79879511904028
46.187490722248924 93.39002835378597
25.137269170863206 40.777905692293956
88.79621126167403 88.14113974072497
76.55387654774972 99.36550134262549
61.98291764674633 47.899100515073556
38.27741959737114 47.1145644718981
32.2992065360775 92.81264484629035
44.70383410565002 1.9072616905714268
32.838345399404155 53.77394635192261
34.43715001857692 2.3054975049695114
28.961645983084637 66.49518810504868
30.4765147555343 4.072649115363514
68.8981791951437 11.428825916991592
78.97638099030826 86.23867838322239
57.82206188012007 34.77759899126245
86.33204724123229 32.34861086349756
45.366282120751734 90.49571800335787
11.411966565663167 26.155530657302805
1.6801145955013919 27.759853739859828
8.05389382354187 64.46492845571443
88.29827673035675 33.40004145630979
60.98250370948877 58.28644791062991
94.41643235851704 59.12836547589537
75.66138543725836 14.10575331635715
30.466870939495205 86.17825916701412
3.6763441944829722 57.51664390863367
5.803619476860655 15.925984914072512
6.901829943313653 17.116665470434
77.53848390303808 90.48177764910635
49.76118445037723 75.89996092241927
37.151184069766344 43.88196323145186
97.88330208306985 75.41902694096434
67.23357388176574 84.18046825532879
93.57735587814369 24.866122455541827
7.345062210516273 59.64111769078999
41.7416622334327 61.14715064652123
31.58027862709425 8.874671134096745
45.43092426492845 68.90947107537949
6.448130123428464 35.947685918807835
91.72987508695516 8.030632157460428
88.7450347117022 49.026509344309545
73.40454882793051 75.82511185559973
91.22130662877437 56.32149738645875
94.70469103264062 42.11496421859753
0.44450332858292363 98.76811028824741
58.14610146542299 65.31349920051098
86.99755125204204 16.121674146355613
17.063362932406868 71.53905105745406
71.9031105475777 59.909535630822774
95.53867530452645 29.931899464328417
30.780609586156828 39.68988978935353
76.5604666181928 21.78105220623192
26.701941191582623 49.710766790330794
10.876550091661041 82.13823084024776
84.70687484144108 1.3217305758752573
71.71498149287738 80.18738276689135
24.399288192939128 20.253754386423537
85.88454091699435 99.49056703727284
20.88317888128244 13.369303987965164
3.128987909390313 17.79306728914023
13.5570692667198 3.068397715073301
67.79579655585695 54.44786439781559
36.581809311611565 99.67053252692328
74.84102967726427 19.11372890415157
27.971190121857358 44.49891684453997
20.698559219232116 78.17961066353408
37.0874772877241 87.12995153524868
48.129975142425806 73.09596364563076
15.797873361429549 76.39643744540983
78.71456059718027 82.84760335476884
67.46806054735114 60.87950776391122
79.9396380065389 86.60095954072693
19.96854321738164 98.08286446149805
3.760293552088534 53.077885711595755
56.125828910251506 37.69567484266976
93.24441927961993 1.7487317240966194
92.32424092148872 53.26473674448033
28.535770979490426 45.44163848776783
20.279145791318353 50.79429483034317
66.01043454179938 93.77645807650742
48.675715012467144 41.55053070206512
43.10410915210055 89.06444387777206
58.344764092513124 49.03654797532002
97.40268471206389 79.80241449857073
39.69066797537848 91.3801190568077
68.06189681233086 43.14246331073497
62.32989167066152 5.194964687057579
33.76351818498322 47.3657030524822
17.297593124936927 12.956994983216607
39.155656221558786 35.169971739260596
8.049285211139857 54.13123929758468
92.59718678593892 46.211919447285375
91.06305650073627 73.79108448343219
77.68718634118703 9.037891860208646
35.77551256020119 16.602924138258835
83.89001757313241 61.00463988632152
0.19876990534168915 14.12768638589994
96.54089336712843 92.19366699156564
37.008142128363765 39.121384305936346
86.81832685391979 9.800874877283094
21.25101673316776 11.496345644697815
65.06878149862403 78.68588812026869
70.67272977718187 10.469490337775177
68.49268505214275 84.36886510551187
99.77448118363313 13.68573634281156
51.73957906243747 1.285101267871691
70.82348442846833 22.400344737735978
24.130885470638177 92.3207359487747
79.10780710732644 5.885801128725898
22.32981485876433 44.04413262541094
37.71994673347707 80.74239112923405
