320
1 3
41.38381033130243 0.3201458665855528
25.34324956920011 76.96006259953194
33.82340668901354 11.90246585995105
70.90431529516106 30.385640257883928
84.77157999026868 34.94746647355289
81.8353995862481 98.79822215261902
79.90515076058323 55.07203491716983
60.08827537626371 73.66323682108768
46.87494054765355 83.62078825164856
11.05055032097415 28.395897308289886
89.43022966502217 59.83235108702445
85.22660051012605 10.432103509186486
1.5072786984596576 14.436150808773274
73.60641394773913 93.14664828804318
1.0504589230520889 84.3602878670066
65.68945372841969 97.8870492575515
90.07267825372863 64.97133117908824
29.151697279596235 28.343351657147274
87.11834587924412 54.55522383396541
46.80558204583332 45.97061236314275
38.576316754182315 43.42775075028693
34.874436597965385 93.73819110803649
21.807271398398132 97.65871522972844
2.6524363840368714 87.13202314259716
75.75662917128992 79.64416700872454
42.04338452511749 63.70866026469033
91.11334068072954 60.22411553960523
5.982439185789801 47.59893219740145
2.395785648031312 56.49529338659225
50.34281326753791 25.515965763101136
12.736734337390443 63.88718428496956
47.35909088136281 80.6735982011737
74.24232890044205 15.194994004734962
1.6452024423650569 28.10465088549947
31.007765844873347 99.21938060323792
95.01928445271052 44.45947622391666
60.02460610173381 8.864729177900799
41.720700610890745 1.6624493310340327
61.66933198689355 75.00535091164988
67.1127665283129 66.50569508016389
72.38845048202198 15.941358018717056
39.37011324676698 89.05251888254178
26.82531924078473 84.33261770165178
0.684121996555831 19.14761767798556
23.760277402594564 75.15797758769997
39.76681974077281 3.5927304984429753
1.6025123259842289 30.2039700866924
31.719151847943785 5.235530214978024
29.472462175341718 61.56086869642774
68.52115249833288 58.67426232300601
10.617767578238313 37.55174765426765
68.59584955568975 85.49138383887428
31.511452127548957 8.377641497410782
71.8038446034868 61.317471273124966
92.25651737807694 61.8356090875668
9.038615500170287 57.723679808333195
24.988180985406693 94.35967586655025
85.76657735207169 55.15922783866092
62.09150797865508 33.88162461615507
57.88494118606891 55.12572736754922
2.6425359428620565 63.319264220405614
42.964728321004685 91.5459462098341
45.7937238343868 0.35450498250262363
65.10711022051024 41.47027583996865
77.885767370313 74.86138101243691
40.125080074360376 36.82096991517554
12.498546007007171 47.53869662305939
79.02336179099072 82.73029408591582
68.87123384363277 55.97810193843167
89.49689640090064 38.20769498595409
50.423287192931674 21.384133779752723
30.690303978734246 27.815963038403304
69.5164559000268 86.47091950809993
77.6032774495825 93.43672311236027
32.7317599173909 45.217951332671504
82.2610671733209 23.448451703367958
45.15999238776034 68.1887085716447
75.2222585251648 31.80250363604682
30.726183421336884 4.138857956342101
74.11187206176982 86.31699336046799
74.85444234907355 33.8721172253092
20.369307972768567 37.41424811550673
15.488412795937379 72.06636574629246
91.4218972605444 82.78179873916312
60.19321111743401 23.030631569003024
48.31682597471247 8.595931094173693
27.76303861312115 97.76975769287087
57.78979761482137 6.501400675991098
83.39770924226792 41.54371722217527
48.897627336986545 61.56696787926506
2.8828077926191797 47.5116645455657
83.5047395142016 41.90186507986324
59.18139185280757 97.72384956965053
43.95505637148176 81.11559587169941
15.815122369319102 88.05169049754636
90.19624708878038 43.33746720549956
29.106567111498194 12.161014285578098
83.86115642630298 36.2780633848125
62.08536644177567 89.11120940313833
69.30609769484377 35.31555734210563
87.16566066846599 78.97447714518687
32.07221959119651 27.597380320531006
92.11720772622745 20.01954345719634
45.60873311506197 37.860544022422246
70.99328363011008 44.02936885414523
5.65897956354009 13.138150074860565
83.81293934039161 52.22362348209726
67.13859846979955 99.60646014003099
32.90092613681761 68.65097459266968
19.32397130947119 69.25384929578897
32.37390844619501 58.499131500429755
43.930180932112386 35.044072858335305
29.511294566461153 64.32722585833133
61.82371776104778 53.34035525751004
31.010832514272877 61.17265388832942
54.60104198442723 91.19056726915551
81.39685880443062 3.610720493397457
61.06742527213618 15.252268668976576
51.71156004431767 67.09584119785251
2.5763564416533047 15.734487538935294
60.195850543423425 10.0726756693589
80.8229623721248 43.54099538711302
42.6444263309057 83.78776358936024
88.18818346010313 63.68317780693147
48.725395997316866 25.81119421293918
57.615394847376876 64.71549111551039
8.225670245766814 22.73586849093632
99.07732408297996 74.54834555825201
72.78401516181012 71.08232797304721
25.05877914553263 68.90995403936273
51.29169267440674 81.21508726534333
55.74894137756958 9.29854584386931
5.014763999773675 72.75407124277751
21.489430653530682 11.003651886434662
87.11715647979376 83.76262741241409
88.15631659256194 76.20047988005652
44.6213946181919 73.16013494259244
5.763645523585881 32.94369664904686
78.99983642386042 23.734753851824596
59.170027675128935 46.75754547519444
45.96539847340502 89.40218956801222
84.3824820645989 50.12486785608792
50.565924842480484 7.243329439227519
78.41485481806438 4.052938048887933
87.20300549415532 5.065026252305116
75.0410132672372 29.836598714611927
2.5439327141538293 93.35445837738574
58.351985569948496 32.52272621443204
95.79750378605472 87.46087171715293
41.70121642716869 81.6576794440528
9.113825291401234 35.843197178150234
71.81268672818202 19.83714004878998
81.13777717858808 98.08145729177183
60.05948263241123 65.60737154258935
1.4439517262799795 24.285279437407702
11.791265010792662 50.91922329006835
22.329172128060716 16.44873464044343
57.30899909243543 83.64947743205214
2.229527839032386 51.357522787067445
7.495533567175272 84.91832652412674
95.65686521141899 65.72400920334684
37.780039844546344 31.294550544606015
58.783454272439364 45.061233376966726
38.430115290945736 19.944574137327976
68.64336356348983 40.944723489756576
20.10160205851865 65.11073427826307
7.8875830682170855 99.10513594879934
34.42147319151307 78.5104829495904
36.26326883407116 5.5591349808252755
11.530603979864228 97.04922134336593
5.797223851451694 80.46726816126915
51.86629915810181 17.727202217005768
21.58705853412095 9.903747606212354
74.53000011325648 29.41511818942899
21.898444221848344 23.103285229184056
33.08877172000213 84.87682853226983
27.320067321709928 65.80482455618866
41.19756040760798 98.76122083482304
42.82119676818321 45.743789706655846
44.92503108002508 94.00748467291169
55.791977098427026 81.28018090845764
62.33164818638577 52.57317229863163
42.570686515418444 33.36751765684316
75.4906106388598 8.642619165747533
44.93329018149333 42.19876083636076
25.812459287341238 27.148989059322016
69.24032209273989 85.15568629665884
63.76597905145764 38.743884768047685
73.38538683420002 18.28378900004568
75.02290333436194 32.63435535514998
28.704453849191893 31.531416711657467
12.573422173378002 81.10504384503747
74.66482217477186 28.47068732250737
65.79378174804017 74.5855714553497
6.252860202212984 50.88455462938841
86.28701539122754 20.193417864517738
54.088286521436004 2.7410476569927456
60.84488207526033 70.3549349825078
23.730460023812782 60.35513934285053
60.80950217984371 57.963573811526615
66.69447368977418 66.98236490366834
25.048882152317574 23.794625876293573
51.75385100544479 14.061922360459821
78.78927297689515 67.67743033793758
74.86974964841957 63.49604231624604
1.5010800570608884 96.1459569090565
79.23737998806058 51.27978823770387
5.797020321266011 46.84002804667651
95.19670550268825 49.18088675369301
92.48494784502512 53.47985353559406
49.70846448321775 74.79770605277605
34.18240450164558 59.78222609559183
62.35381944838281 76.58846616534383
63.4425867583065 78.50762694863094
74.461073641713 53.8774328411199
22.4956590755246 36.81027920933535
21.828281721526754 98.14089183736883
61.58068349531425 24.035732337930547
17.860382068927215 60.919724021849355
66.8788877969127 99.00631598204457
50.5835212022836 75.89220179624168
78.40447457795396 66.16720125808544
45.27111231772258 45.55094151205237
72.95817445948015 63.0912916795614
80.33450756194216 30.472979648392172
45.81384424707815 34.101256471991825
39.41346656654636 86.6942336275925
23.898587048775966 1.5107562936088836
29.577978941369267 29.964095428836846
35.42979946957223 80.8052094242308
30.99893057165786 75.61698870244007
80.93537003145921 98.07269609879079
13.866668152231409 99.9531744830785
78.31077521747791 49.36094440670762
35.13831990579255 15.71413352305251
26.500735665209184 53.51119500414174
16.13931556425099 47.64592070082507
59.66096450629301 92.36997828214346
21.516188324426942 99.59826011909398
60.29674075850748 40.07270582416882
6.1202325174104955 70.22301478542985
3.22336737275688 38.939062710517256
52.206496326754895 89.93664748530988
43.58635662451429 84.416436636552
43.32455178410042 88.9146977273531
78.16123629025773 74.51980814929729
76.66723424844555 2.244222922569361
59.5513336859002 24.297430453799418
13.340185113594206 19.2636318652317
85.71297869706784 33.4787632274113
57.733899804416055 21.121922301750253
33.50088383747685 18.225927671629492
92.58807112772875 82.42876547899998
42.4373441068423 77.35774110275418
26.505757397868578 87.31682489100268
21.765175251412106 45.498040967939104
83.97298607706225 76.76446987585159
24.405893370538134 92.17965847483116
53.657201521209274 57.14525938975659
53.839255462345626 48.81924047820911
46.03028949477101 34.13178406304893
27.483674740635223 6.481666109832673
68.13639810225074 33.26668278174083
98.07867107346337 48.50937951950402
34.44009417015661 33.52760444364862
7.934883618219346 42.51158905874279
51.41413771120538 59.41841169569215
26.45649814387694 3.4431505680890817
62.422333248042115 93.90826766760871
82.33524371178574 32.45340311933054
30.889259949406167 97.96881207014066
41.346760515562295 71.98998319294734
94.52240119925679 8.987391543338319
64.61377160285409 37.21129996176889
42.713798124996806 95.62111307303758
54.81654586889422 45.71565108416231
37.00950639520559 37.40999272372605
54.71858577595381 34.01757585628058
94.03490839817812 91.25182567949284
15.397507017880452 29.17801840526113
77.73199785269426 58.848723219838185
35.884656794216866 99.15260199431091
88.66282971828727 53.79763040733225
71.55798731802332 58.088584169621306
15.157352210694008 31.310158841268976
79.79216287997781 95.74173484808905
14.070302511696031 17.45153670230437
79.89907409643608 22.06145300495872
88.33699122169145 37.361938431192684
10.220926076389691 34.96992665110579
26.589377666124612 50.99308245660217
39.022526914779945 69.54663892614448
4.639263232023327 42.5309991009287
17.64932513469095 36.7083137163112
72.87664959050116 3.6873296338161943
30.478261459397913 19.938417344772507
88.41458438134968 32.223127228250206
41.788204668143145 42.06763073045876
93.56493967083243 18.298790638372296
14.474180220403653 92.9520953408662
25.242306710990704 8.563494697045982
74.99712845325193 36.628003300348276
16.827153806123853 11.338248345734335
58.30410941566482 15.61068255832132
48.5877550062646 77.18121349373786
54.625126505780685 57.99665535823375
45.06716929565009 77.06358042139156
65.52978025358452 74.39281434732446
95.18052684569179 94.55901826908317
69.51500854912418 31.4486623318178
85.10170231177649 57.32302741721378
59.33171351463924 76.34290768586216
98.96761323063217 86.32123627400148
88.70988565260029 91.21612582201257
17.80943194969509 55.115051466965866
12.626934574902382 69.61040772353788
18.13974915948995 68.97229264453813
59.75673699805042 46.792712445435214
11.30567935987148 86.99339776147607
90.76613079533627 81.35398628663214
