430
1 3
29.7285660380747 66.32219118663274
10.777175315722687 18.97332345155216
57.84294570990549 93.20241821360491
8.907738549002286 6.616202383618353
56.49250222516522 91.24888243398492
35.03100447773817 32.34858070247879
90.71069522644603 8.36653318383982
8.806398172556595 24.27350063907978
85.1243496407697 43.46768974787123
7.434075110566307 28.87312178612371
4.344679063427925 12.601437438485586
5.563342261236537 11.243444052552952
23.679278556837712 68.49316263316368
20.680811392281107 1.7661663811503026
79.06932181983935 69.05632290877328
80.9884325533811 96.89245401783757
64.52337973777476 89.75905595225532
58.20209080822314 16.87346693859919
41.65774072771635 59.64153382892867
73.7744968047509 4.442921241232778
11.973031899509978 82.26734837873538
33.457469123451375 39.62624597454254
75.45355514541198 85.08544781150198
40.0658093173746 77.25781813003876
55.222967164045244 72.35516873284806
52.10717903385302 42.92848557141813
76.61632679084711 53.226464064620174
62.900012649186834 98.75482010494095
14.355436516830267 96.21405086363961
2.809343194774905 65.30926714911023
11.276660878619893 62.5644474911561
54.74643258391709 61.1300707451373
28.70403704665265 3.6004831987220154
91.63159429716279 44.953344955133964
1.188438385177526 24.385470303560687
7.157033431505511 91.76495986389119
82.53610223940551 43.93821079271023
81.82133354156018 47.48601456608483
87.98807570875 92.2617712942918
69.56581010683979 18.9041647843897
93.44549581535149 62.042717365573274
76.67637023778494 39.91897123450687
44.45373436168965 87.88286599653688
34.94307700024244 61.90542629595841
2.7645161553412123 78.40971982522717
65.34475730542684 61.35950379169026
65.19668962541306 61.90067000854873
55.2962801249004 9.582525282446564
62.26129869010926 60.452325519717576
62.96703515313826 93.26964157190534
76.31897686258036 32.98285901932472
4.657621208273843 72.33871219218848
42.537020319908116 44.76807968442398
72.77036230675706 43.71719826526046
80.83628487996421 57.746707400924265
11.159933258702859 14.640403392360657
88.10722596282933 31.91336161483578
84.21637282153706 64.13105560601784
32.13625853062641 25.943273129148814
22.150302551643897 67.92964966941864
47.237458414467646 3.407754949659658
39.95490516066946 15.286906193604533
25.040863391715718 43.91672787722132
10.183875178672231 15.818254383548446
49.094770572727285 97.49357355403225
74.77991446750146 5.833717169056363
64.20771587852857 83.837115867883
40.88697006797961 88.41357530893687
85.16823926711206 6.694490231863504
19.6052201400547 0.122071362070586
21.492649974937272 36.22810705857182
1.576245169686863 4.959192077561325
58.942647550420915 12.74230779958858
73.2986175135329 65.61402059792796
56.388912576452775 58.1656701924198
96.80199349314474 65.09623089536909
59.35887900901828 14.086964402191992
67.5738803863855 2.0971948217727743
34.33900127330387 30.856815945588203
8.643544101271882 76.16811135240731
87.20628576993965 47.185276340264906
56.099282400599606 93.24658567902642
39.00617397451289 48.22853330899364
52.890411884590584 13.975720313309449
29.769871638068544 94.56218170394312
35.75474329342907 21.91748602437622
26.243927438640526 98.74697787241351
0.8779539355084021 31.86330867225733
40.97716006837222 67.25011048609038
4.864620264953601 31.45311075521249
42.98137015425731 74.57644060435769
2.7323074716310236 67.3700297319781
11.59880328845877 93.19371613841614
83.58873111412719 19.610184319232093
57.08117797692993 93.11067344103859
58.49793816479356 4.114397260728864
84.72718588471426 42.05365012015206
49.36459308269687 99.10995599509931
75.35361152289357 13.664727466616533
47.18833997390932 13.192610886185419
40.760651757735914 61.79701317489199
93.49899674744948 92.63430507375678
94.9774165638484 92.71264426309646
84.32294926174673 41.83088504721897
5.343332632691267 95.85592019482094
19.73588843474703 54.10662010150531
74.6992617203348 14.958231560163515
23.764999457394744 43.25645277285444
73.76179350800047 29.545906840750025
22.654214441060372 99.90521935594474
52.10306898873527 97.85026138983683
16.190494116366594 14.80721995140344
65.26343444577701 50.48700451137371
70.32676458841274 58.977413672782156
31.21589838363583 20.779305509812417
65.49491054032887 88.46823628534406
96.41255558500883 55.05994622311046
73.3084825258566 42.42675104757807
38.30610318417127 94.68707772550655
5.632603812654602 26.37237259652727
95.16193795357208 3.021035069834088
48.45058974533851 62.20384052932162
29.719702748910983 89.67188698495923
52.05470380077042 73.46871815459511
28.073164230526835 5.743333090540559
62.89860318094349 6.977607696121968
19.550952780039154 34.0055087584227
20.452105420734924 45.98478342074925
15.322119503517516 27.504666013409263
85.1225568405507 75.10453693374721
33.588889613814565 99.1934630136007
27.269763172136475 62.27050407755108
88.7576215748416 36.71951103672231
96.8984726101576 52.44777016704438
42.430186108986035 38.25759207374686
71.06912364463457 8.994479505983243
27.57013699908488 0.17877156931174198
31.226756963943547 55.45159984100761
70.6210806239078 37.307643775731925
24.347760898913286 4.92879191815605
86.53613899227663 25.804877876154
14.596197564329195 49.39813540128834
63.50333786404716 92.42795013904382
55.54722385486019 82.82400306793014
7.941810243138714 21.54594309332083
62.59297536619768 56.37323737493156
85.0087455908405 8.54560866412819
93.27106728333546 59.00689097693377
18.3154214439619 20.18779675830484
1.9009267217928283 9.68014830549584
23.476488575746423 27.19953354985072
86.17484904862256 8.789644678403551
40.13230913243964 0.8562375669544098
60.71817328291327 78.70045110729988
45.21609846938086 89.57470039676896
40.98495303541583 74.7139395255983
23.308993702095805 21.995498263999515
54.57493401058926 55.016463373664415
21.587557668347834 9.901122565452148
20.52104054164634 42.1542749498182
92.17539524681271 28.65754595217367
20.914292056050463 80.42821858329607
66.79432429715094 95.77311479637744
4.5369881229211595 84.54266061859808
86.12333850195462 34.14600929589477
9.722363324420336 1.7156473166465513
76.35018388386653 31.62789716348331
87.13231010863318 13.387735309768999
70.36148150518503 97.43876005696907
95.35497009253989 97.37012786106544
53.85642057282447 35.65829813624837
21.463725885456153 84.22602242484575
19.00910772356268 96.80296211268417
10.129400543637491 75.97066565915429
34.567635753655935 20.84459788133668
9.942538802947087 21.535957566793584
33.6800226734183 15.300126438432859
61.046750575178585 53.649351741580986
47.33158976061183 84.61456894305006
87.16256117420198 72.74304247703178
24.73859443102995 40.56290008627626
92.04772030764717 59.90294320475409
41.50261193390337 51.905146549821794
80.36688985481004 86.33350705706431
16.591614929185884 69.19562288147752
19.27898632951621 68.5399448315529
28.681218447779756 29.994813182212532
83.22227298925505 89.53882108277679
41.75056898148435 65.25318915377409
6.848022463457304 19.70041768348958
11.39624429138799 20.02343802979185
11.833773746584209 89.73322528547133
99.2739786364629 76.70306893199368
93.32508769584112 15.475070537961223
50.092136284068076 61.294584055528986
62.046986175286904 31.053364766041234
2.3297651898049443 46.70428439693406
99.00624908465726 65.27923665073172
79.95600712794048 80.55463740917727
85.47033060761706 13.082085050641524
10.853315407024922 89.64952650378973
10.075337608583567 9.78504102447224
55.64859466677492 64.73691320430378
78.3217266982394 64.71675947908291
54.04193452825228 88.90670142146548
14.69846385473652 69.53347078507382
27.08954712220597 85.01234853248923
12.605442679985046 43.945319317423895
73.67682361372259 99.38308041970363
46.056868927982244 73.98270891106343
10.624517880282491 68.0690140687832
79.80229976866771 14.718892365092827
18.114456772608346 95.1210114995894
11.887578655281072 9.506411197464537
53.9854372762232 55.56952423625505
68.71512528645853 50.31278804130681
54.33743587125479 31.03620414464188
10.259727308887046 80.03428872072091
43.31669683580874 73.23013207849831
55.34607730524084 49.82750329693253
94.33414309139386 79.1525935254203
66.04888950067667 18.86630368724649
78.14567605443786 69.85918665519104
48.583871050760095 63.08382767058711
77.08513743414325 46.426279922737
60.26890963078364 23.437483266058614
74.2348879164331 73.1109807313568
65.20057996728947 48.420652431259924
97.12195963978749 89.21674034117615
22.59942265952595 6.374793633892928
7.570760304016155 11.165994776769427
74.73822425998904 58.94767405551391
13.481303464241412 44.33429592809246
97.72975203049268 24.905578757669833
22.205299984796834 91.24654397347226
47.77873157662971 58.082711993147825
63.310062705379465 20.881305322789046
41.6334774043017 14.235439640955905
75.62619608001553 98.56050460011136
71.41150320737457 8.323974985988137
75.50378458884812 94.58020831859628
58.820073730673286 6.978587782636136
85.07837607848914 7.610550171229025
86.342930501242 44.3623731728118
38.20386279610333 97.34981714204054
31.31715402506543 22.019369274988243
79.872697514322 24.81882708945289
78.01671884646156 51.03001175078885
39.18615761964743 56.0521913582057
15.624206699143418 83.30005094356221
19.033831935836165 71.32251723094866
84.72308658192861 80.76534797314021
93.31698259124828 73.67674031934033
54.983347540318086 77.06046543936573
74.58526664899061 18.6068690554956
24.67848383903961 84.48570809468103
5.620666280012676 58.193595894897435
87.7709494897468 35.748336151539206
68.52308555476267 2.915797236976858
85.97069996266058 6.159155565035035
25.089092401624047 78.95615930507765
42.853472202386556 58.96825978263356
54.19787202116342 51.017066326467585
91.28476071202715 88.7796197650348
33.05284522491991 27.786962984880105
45.39741881449169 94.8785930838588
3.968036286026444 25.3574569645048
30.336831138142053 84.72876508876857
56.16908158383893 92.64193647930523
94.48579709846234 57.32180227682595
73.41845894883701 47.18517029356064
99.91250368095056 44.21835366101694
72.89489174796589 72.92080775438082
75.7160996535893 83.24166127246575
74.95100771470872 31.84302150630256
60.5171076498858 50.836742017051684
43.84638682841726 96.34140553620844
1.4543803311652725 46.530326033197426
53.29360195971928 98.51111877517147
56.401595053811285 9.349453806629104
5.323423796135418 16.046358692848585
32.70086194359698 71.34743635321792
24.34064545149932 18.002203508575576
90.19048527222589 80.5984637016643
63.319901474834815 6.752504376936086
75.61757172944263 52.638006281045556
96.17136293156744 25.263433418476655
94.01747049991098 63.110636117716325
52.303133554456416 89.65227929592174
32.55991399772098 12.553915597375509
96.19938172986411 47.25165278479455
45.528573302100874 0.10335895525273031
94.34256827868319 47.157615216449145
76.65377847688598 90.35882278697952
39.84781990425583 87.95772264490431
18.03288631240152 50.23946936038109
81.57230885398417 44.17049248688054
42.8727652935033 67.94655732261472
95.87775326728867 12.290271012517827
85.71972409776791 32.986022071750455
69.89685707024489 67.57140039694436
20.596054765914285 86.56595235727451
5.994083426382457 25.425015685104558
13.975051781903858 99.73244585213456
7.092715125280291 34.38141849146392
93.80372526594323 4.781478595866551
27.10889739991147 91.27941399972639
3.041900754124094 65.51350584065518
31.73431241457214 64.7199578451978
44.79495343741895 91.82546965024225
62.43349865994128 88.76086973058293
21.37560632962785 71.38735219066457
84.15804401744818 94.66883818548033
86.23609647763189 19.21301623889431
33.926724706327185 31.48481538660526
32.247302563741464 10.218717883234852
27.40422722753968 26.14042256256326
70.4553897424713 20.751054323946015
38.37786627358868 61.057990630962934
63.9453475338517 68.49027706980576
59.33764128595551 68.67996983155884
25.694585928573698 47.76574405017122
6.256329158900131 14.805432822082775
10.201004970282511 96.62683170671968
81.80974136667307 49.34123659359726
12.293183034288235 82.96440813454309
37.2705652044093 10.862301284824971
34.567281742121295 0.16834681194604073
43.27899214754978 6.481239367668001
84.59040804694027 94.62986770900253
98.53822734243597 20.28265530952438
14.711208469053405 25.702279724522036
45.515189675791135 39.394947620865636
18.32673576681212 64.79669018210348
90.02248848328145 84.28572191254095
68.54535790155948 75.41190004444411
20.451121597997755 43.78245246106869
38.802292526594016 49.401869201569546
97.74990278271531 64.33532138050614
70.2725845488927 4.415290356861035
31.18158625043248 58.67142058382082
29.51226734544683 25.300474054725306
8.97396871556817 81.8303692183871
28.39957489237708 91.24999550216806
12.04663980660412 73.8556889555791
92.03168663055041 64.40502130190143
78.5390314239426 82.91632291889772
89.46860032964199 32.027814904659046
1.5864580201021106 93.18249847136109
85.51112106698484 86.09441952764642
80.83969822952311 0.36874471547188037
65.71210758720274 53.434896611693226
11.11212874432017 17.918712760749365
1.012658895527907 19.961328638208254
95.2162680740063 72.56301999964488
42.8994231260033 36.48019133043046
66.8482141474686 28.05066105663936
31.851968716645263 15.953937154645015
72.45160508444606 84.5613658058633
39.32455395959353 90.11853656522293
39.49083114852429 73.82884802953443
23.59693206232869 40.068152385230626
14.632501752481076 65.1199719199779
36.901517543423125 76.52326257290318
83.71157008970873 39.34586064262453
71.88600986205603 92.98695684028296
5.7793773279308125 96.58797643285087
59.233461951118784 5.93262875800995
91.59227252697076 92.93246257640074
0.835291277832062 89.54497832655646
4.974312121477742 19.78503739535924
86.51008885932995 42.55190267243858
42.72927594483373 58.72437950903902
66.74662440321173 63.901019935083966
93.39280578552058 22.381861300718576
9.451818264470635 76.64913103477875
42.42857690565616 61.86796643762285
84.69363143396788 27.933061934467716
91.5915934545797 85.39651460409965
99.04718426677552 57.51638583181171
89.83073251998348 27.286611201865817
46.823163476394036 21.156633328362307
7.205785642995299 14.995647501626896
26.259479188070102 28.002739878643503
10.78918758047731 12.667458497569406
68.55326343301509 17.45265134045042
52.70312744399237 62.879039059353126
56.693635659678044 58.48147708905272
62.834017091696516 95.49191127265773
50.02025716293919 30.07769827717295
29.77480273205655 99.71804928979691
62.08362037709754 19.378882726831147
0.6283458175132539 91.45219469657944
28.289775248526116 16.285574779249302
58.66958950467334 25.61017355045103
81.31165988446686 96.14701031162072
26.669224624394893 80.6100794114639
67.36487457902611 43.22623488966204
48.23506531156123 85.03775482153935
33.20278167991009 47.77152071481188
74.03902982995257 18.57069889246685
28.997581345074618 38.005567974003654
79.5766202390715 53.66688727002773
34.234520191935935 94.52731072107355
8.26957278683369 82.41097318599219
69.45330990920002 72.17398027148565
10.613625774034618 37.37603529920322
31.532905803845935 92.14332926564026
24.905403233173228 60.05049145051873
95.82665272486304 42.45916040254918
88.37407838924159 77.28604371367021
36.92579662323534 26.474737208824383
22.178561948856213 20.66718262656466
75.14976748512258 72.61924889856614
90.91267157011475 0.29208819586110657
82.406979705508 8.827654975502618
82.42727094494273 89.81958710611977
82.72371149556807 74.73979550038628
65.21945737531603 33.96886598481752
92.17440549533073 40.44743827408925
66.18358807738807 10.018432885420857
54.84614217013943 69.33912855404762
19.216948720793916 93.11437128627678
5.375781200781238 0.8315432201352557
69.27830649413582 70.08127887187918
58.3257293078455 21.001553246644544
54.05511320371785 81.88215115122324
69.27523285661452 92.57589011574623
10.574106886645463 2.9355053202466896
38.9550259718622 25.276474798906445
