360
1 3
51.56199010778513 7.126901744429115
51.67858826162413 52.31084408646585
20.284772201575095 7.675285341351645
61.780891524223726 95.8060100018505
42.886468030697976 7.840256371516929
87.86531416519988 22.509074973672583
87.93502404288496 80.37386237876403
36.77350818125691 55.72992994819372
34.94777166207894 87.8685420312805
98.5141684773954 72.30148006871431
35.56834105224813 48.518620027170755
43.869530830306246 8.76508385387309
28.829388197809912 17.92239592997873
35.13036027262824 31.238062444607316
90.42163988920147 14.782745892408133
40.744967970780465 79.35627156396052
41.553116568060176 30.02451479600936
54.79510131936407 82.85791246425983
87.39543305460253 28.41421835614044
36.809220731041535 32.87464197439369
96.54772094887794 86.69010800775277
42.42286166612388 23.65985725199731
81.73296315356096 80.68794596641784
13.12253107102852 69.14287275609603
26.10149569543627 27.07679872586606
10.11023952702137 28.0541311479676
76.45937434142664 18.899371401233523
15.679963837497857 30.951662639295453
2.7853080083706683 61.68307950906771
38.646535305472554 30.952514173825563
60.939435165323076 29.346493598317068
68.69716437785137 75.72834600235294
46.33932792644808 19.774324134751065
85.42296596106517 88.49573158816015
67.84814138938351 68.96762921830243
52.89131674306915 33.09513337574555
11.353172964511593 57.79692720040892
55.99787241330907 16.844418343260536
37.475127001067385 56.96766663217827
88.46290539448019 19.828217132887758
8.50018666260346 39.9487129922236
77.46216691875145 26.374368829385574
2.6574880185046945 90.90761818246604
74.37582409678205 33.94770403531437
74.29187861126634 17.29884055691786
70.72845862059496 57.653439450612524
33.14724247036636 76.46372157203444
84.89003557954354 35.13166501198275
9.8869190326067 10.76008531219963
27.310360017233858 30.667024278966657
20.42743411307932 4.827876063393477
56.52026625137503 98.48841084415696
15.36364040755409 94.16878209478263
73.55920479246076 83.5836825947647
64.6942892845275 41.378204992669666
64.8611772098235 52.229634065906836
96.67578265220749 6.288175894512804
82.23561470553513 69.46429309677468
32.29412929720181 44.53653428098534
48.32007023276199 50.25477096160094
61.25484873837976 32.94870203343949
11.220981254199147 23.320280413485794
72.24773111277337 5.111952145166954
68.59486378561056 95.99187120024968
89.3832559127474 80.47723877733443
92.75361105746576 91.58656628921882
74.27450411089094 67.12507110934884
62.956508629945105 74.91281790601285
38.27303116009304 65.11008031469629
21.487044584986915 52.19857267465209
60.62182885491052 60.81207719453667
15.675233741065075 85.08272635852414
61.19524496945095 21.029482580989022
86.91829307945386 29.02292217332285
33.88971823336276 90.11498228368599
4.9165732494061976 78.20292996850011
82.14861066356261 87.28064116191447
77.37584391200379 19.801421683158082
12.347454503032074 43.72789502642276
71.33272942256032 41.70776705288257
27.257145197377387 46.7865585102448
89.04968364620605 29.999788408987737
21.43490596975106 66.19884996081662
19.421529307285756 94.61383438819368
29.72194955018901 42.08402683612997
19.11129340961577 16.775256731264566
39.150752951024344 54.96945687816039
43.770015681923915 47.860545035818625
10.377464980751515 50.592045057640256
43.82978378567641 35.867297251215604
66.23581320137674 83.22980345355069
63.47956541321904 82.89372104815884
52.78326832711129 73.61985681148906
33.674973426845426 22.566648648226682
63.9108668698714 32.52529961170971
94.70364533546183 79.6572695808039
4.448416011367962 73.4527251389633
52.61343617752701 97.48984616430111
40.28752965935551 64.26346126123781
72.5983065275563 7.2306481834962355
85.5269124011436 47.40073369028097
75.33807583141166 79.10008124102666
28.39168988755676 35.88845166293828
77.79198523698432 73.32378916165976
98.45229785727882 92.34094021178785
48.076687434933184 59.43980346025697
18.282136138532312 19.125885842861233
95.60653979477235 17.08996825268978
51.09325094855581 48.59366132745884
38.45812965001123 65.12943985998338
34.96163614020516 66.81869849700077
17.98198963439002 77.37394759640131
10.083848274559127 86.66475731931928
76.8174058991616 96.00024437636814
96.17797978535575 53.24220470761911
40.34855321933626 3.0609663031175627
81.1077296232727 93.96507913349323
41.598058662433935 94.79535408594404
88.30062665690039 48.34231503440527
33.26581128909578 96.23727013805036
64.87631761919536 49.52931244550069
63.98482862233714 68.25754364636576
35.69328318232632 87.50403128962591
17.941611305941674 24.65611243041137
90.601720345001 87.1759996213001
67.33464118321835 72.6489370633043
18.862608221789134 25.919070654132724
34.758027347003015 3.7678781058716027
10.493501303311902 38.904129130840495
81.26433032086977 24.620845241330947
60.710573671802415 94.68216787095751
7.5076004498456195 15.297665605000944
85.31680607648879 30.1110605981312
75.41413044016554 60.83139878882022
0.3376131923968462 16.208413076627437
29.415319341059607 70.1695390851624
28.4518583583661 17.257179418182833
28.40039490206989 28.63677561393203
21.522812711662187 71.455857008931
19.745775090108243 3.660503525373504
22.707478110462787 27.253028444670413
8.6180677770775 55.85512890811064
83.49692946239398 78.39318020898884
93.77606334019173 51.82354690748958
91.92030342387724 61.303003012618596
93.19686627869588 21.985554224298063
52.94492281687935 88.28869361588116
70.46703835421778 7.585710649212318
37.59844905640306 82.92052476225227
19.47210847230718 6.161368832507441
72.12354016371856 43.1980842577663
33.345329372713415 75.7022283116972
0.4359953279717832 15.3920527877921
75.50120710315511 66.35468164193725
18.90039507334029 88.97575575285725
69.1359157581368 65.89959149753632
58.70653695942849 35.551516759591316
56.04658912176645 29.82891973718096
16.63576183916453 27.402266168197677
13.822257171850616 24.892289702352556
6.459148153839012 82.88356528918935
0.06004529467988906 39.76619910250707
83.27986483422633 83.08006755663571
4.773033973253815 90.02824570793094
13.007480173447483 83.321953757336
31.9378179984273 67.12330583287694
74.96726147059982 74.95777957361776
40.00758466093841 92.42454379089662
86.26521317241374 90.74889016651504
56.24205411717871 54.02183574038728
22.519799757344128 14.66402441859309
42.47459860526983 18.870360842915403
79.22332135355987 11.503355234539336
42.5321188414505 83.96479774090768
88.00957668076246 33.90443392155016
42.48069474794187 72.81554335738984
75.586706978143 3.9834511698100927
65.16482969381912 95.42420427031537
82.12685404026338 18.248523344917
75.07373839921046 55.834706997140145
50.869616846801 46.67121169591015
89.5254361051709 86.27992299213338
31.89809076135608 75.8613077525381
11.345664228944052 48.820756233791165
67.6068383817849 7.798561968637641
0.024834976850018897 17.36219737642175
33.90100242067191 78.32852170514823
55.320341418870896 66.7657342645066
50.62136672415183 72.5648088918057
59.27323953500665 52.06825641796944
45.61886227648759 3.633839749769363
56.59153639057446 29.665069451777338
13.512293755571104 25.855644877841577
58.44021328256568 94.61022057311403
49.961215780030564 43.339089670748464
93.4676730428751 26.087444185834265
93.52401508093591 61.4837449954462
76.42369338871579 88.92051722638863
36.41213047860268 25.751087271861238
88.71743241573795 3.7164249372217517
9.908412968434522 24.56499733717743
98.70461247123326 58.6925009754564
34.11447498912581 61.889825233406356
60.65504415067444 78.50088985029622
62.50696918444838 3.6122806802648677
8.244541830588359 39.390946036739
4.681725765241418 66.37748564858884
22.219493459607563 96.28204174228921
19.378919103857495 65.50381281276994
31.19172409917961 38.31223750170203
90.6447990188634 39.37114790743388
61.1962090926488 64.65210823867369
41.45673762335784 8.56322871298978
15.968126895864753 96.57349425156352
88.79592521858686 3.9789368473730047
75.3561836512676 55.15782211459186
45.019112572393524 61.73181371356249
39.06237835000421 30.347405859099585
71.0459677217671 20.5714311643445
63.062742903605965 54.333814146359515
67.65221999411786 98.35519112005133
35.26473620242805 47.154840022667365
33.42496242881332 21.955525938274967
30.207971029292267 43.62417559195273
1.4842604181117602 66.83785634333191
29.900707515664493 81.162726596687
40.381495969624304 30.034427340174897
29.093089453848098 67.17793606982296
9.261787608993565 66.18134436747107
27.549754422757445 0.5397504034403422
99.32106115308181 50.24857187135539
91.0480570824564 12.973738684423065
5.185978002074121 29.291558907750392
95.61177145502693 79.49947339048063
71.88689964277583 15.34366807875922
88.88736583382651 22.363839685015165
86.58097423313005 52.05642239247092
86.08588823376277 74.63188438094406
39.25179112142965 88.57690619264638
97.13901227307267 91.4066965028971
22.400184238885924 78.13431561720145
10.912113617215113 42.975621495981976
62.84107750606074 40.91603431046207
23.190131409645254 12.230859335538247
6.550996674112719 6.142876526361696
84.17652072498505 85.13159793379236
32.155269971652544 88.95098099685725
2.86650778330233 10.970750240627902
94.48541753190318 2.2964155925327745
20.169440352355306 49.03814227342445
55.552525677461205 37.925143089663436
82.58078906163855 68.82362440279178
75.38423314202474 88.71712507977216
79.18005794169886 55.95514031830231
8.09930238456884 33.978140004869786
66.12771759872767 38.3648077830399
46.16533080329517 70.81530250073777
43.695323480427085 39.01705115562657
57.36262609403842 7.604166669355661
49.056637441733095 20.90984107373588
34.63387313092143 34.6518772418212
11.740470383921785 21.364542082385007
36.76110482657442 82.37516402469498
70.39357967672399 35.71633904122056
1.4333655133762946 32.85862840763123
76.98869339419512 79.15295291732744
20.875996705172973 5.539486435729835
17.98124663189329 31.930001753491744
96.53715579943768 12.366652580710458
58.34265096186515 89.15195066627324
47.35320185468239 86.91869739972778
8.611730455612875 28.269158184085242
15.873192521267354 63.450623217877755
49.82794939315753 83.63268784769826
50.91558056127574 94.76849713002953
91.67382663069415 6.871958236749887
52.574535830713806 46.17188525316429
1.3154416003658076 34.820422005288854
16.225734576600416 98.61117862768465
43.04148903677971 47.66654852650125
65.45891224543365 5.728283438569903
57.9814047628779 53.89236058536875
84.19770460140899 92.62114339946494
89.10680539598366 44.352099117256635
89.67595179494667 59.07295751304211
14.918966788461496 18.86659441468861
32.78401926447145 27.804379102454014
0.23303184457679205 36.16534847800457
11.172440401308602 96.43626866445658
89.78361606327599 55.0418969890825
78.15932733769147 69.11649010537238
40.33713955288108 87.18923030147164
1.3542117081480676 86.45628598720883
42.93183647997607 27.49934931076612
96.95419732727456 39.90327832332401
94.73802992444973 46.324705012556656
93.19877340807257 29.364361841883667
70.3330995177466 81.3764403580183
90.15730256361753 36.55891771982394
43.776401421100154 8.876854456062922
45.53025732415183 54.983245812362156
76.45126148184657 9.092146787170098
9.296830271085565 32.76264415075714
71.56824343896471 64.00667248251439
0.8041909245877887 98.94197439017024
65.84682057059865 97.61065845536709
44.56185734340357 57.944586136636914
26.59264437994986 68.31770102970405
78.53386948816927 55.45858168594717
92.23547953800104 96.64960960735667
34.46677551382922 44.68176729929796
91.11174191365632 46.05575284712946
73.28034025233143 65.26255257301364
4.560328607662245 56.807237588886196
42.618625672814645 53.340654464012175
94.98054427218842 1.9406091838641393
66.72550467983007 84.4213780026857
47.88074418402193 46.938911999154364
82.5472546864199 89.85613482647612
68.26936425283354 16.04195509642907
53.74832634652395 71.01471333646514
11.539274239662966 98.85853956370487
93.8853834543395 97.66722045538359
52.27963233274882 21.55197496884731
24.214245249387425 44.65522726588398
47.5947566287775 26.095971009828233
66.66490411992527 14.61521682532345
30.55917940481965 69.66402634624261
72.48107999139748 43.04606939680931
41.48607141109466 46.703212693276996
68.75694130234945 11.435993972653824
86.84099291995511 48.44511205272815
94.05490045961625 59.53558006461173
41.38269994863653 3.301451391530663
56.398513107430894 47.376610520515314
12.09695171416243 12.823579846079646
1.046527754758464 94.33468828078028
62.05667453620576 85.95010046848854
17.699949533657787 52.12855985628331
98.1307382237377 47.865339993529666
53.333524428455206 26.303219167321657
27.737811949324875 68.49362727810262
94.78437405686037 82.70940203167933
89.26165280906979 84.51892006537508
44.43764008840334 74.50270066183022
33.29043243768459 50.435425602871305
49.72461353860038 9.941717953715145
21.529285660571574 45.56204087425275
41.91645856667678 96.78359360461491
41.143339556806005 91.15957667223941
44.95094657171688 99.87091366303322
98.23314356026754 33.23505303035827
0.4678587906429721 34.98879693664318
54.06158449189504 86.53887819729789
94.88768474773282 79.20733144997978
28.958588251381823 19.354128671033877
44.44053802442405 37.45330401104583
58.52674677154721 87.9109201506668
83.21092940348638 36.48154294843333
91.60342196399165 80.17002906702488
