350
1 3
93.94510435710399 19.26148616611012
21.22212711371767 75.40456262411914
23.951655017065555 13.553542218683612
65.83833630394511 98.25189313602228
96.16979315113963 73.69460954452312
98.41179922573279 6.017402103885261
47.85423611452513 27.99068407671994
29.095128066615672 34.04926801331989
34.3895605041002 28.897897225628476
34.43733359304777 42.063128191262166
3.6922021590144904 6.13318584557192
10.487140376706217 15.091215058153606
66.95284758220265 65.45421157361066
34.99753937528638 5.489972152062772
79.7017250627815 75.70696608950254
73.20762390303675 40.648474630524056
40.85919328615084 81.2864330584138
8.078777213038624 44.8329944403437
16.613699162151075 84.65228959103968
70.63130919819078 77.5159305227731
50.91978715063248 19.349250706486345
47.61824285053859 83.28218157415093
64.51351370460962 4.459920478792823
56.30960158683709 10.454163462608701
99.54165982162915 53.24123648128902
65.32487873718749 72.45706135071647
37.6135334141241 6.551509762359675
62.11725422345633 14.44767636806401
83.74760630497897 72.81245871563166
42.77537926178252 20.713813550590764
37.21777762552545 78.44886306115512
98.86153260825654 44.1873856643511
90.99456456143254 0.47493458975271796
64.76198091875904 31.191515870646814
37.87460429289684 74.73618518569536
61.91730859814177 90.54464279870751
5.884233552587226 8.568222071378194
56.31021994812262 13.151267719853422
82.92206916457484 85.96544959731267
85.73750142906643 0.2066215699563445
74.86980068480658 77.07900231964892
96.70181823905494 21.05108074110824
8.816747993313022 73.63883393680362
85.61599294408025 6.825432471628834
82.62790946109266 88.37330620108297
99.41186648690919 82.34089553866883
83.82746162139283 13.13064927733647
76.65410393268827 77.04629231895584
64.00386283755746 74.40416845564735
6.389640035848676 85.99978891810018
69.26679783948416 96.43461819479309
77.12045853827499 0.26547851427061175
45.83549811174868 94.8872793676672
83.26840968998803 39.23680629862329
48.51639864861181 91.72415727671302
96.18563914014517 26.108600732481158
44.592402341936555 66.66794066888681
83.06698230612383 33.85895673617731
48.55487306131365 61.28458710977927
88.93193030766359 71.6025446318152
20.756528519814623 8.029944993668536
50.871664823251386 39.84944580792522
51.83410344340986 39.819874882181416
34.23987526001206 1.3149548362385355
60.26842680239288 44.795422626944
27.081766376088368 52.514332298615706
70.49127822982895 79.74962390112165
86.89903958021858 54.410500525217806
74.00102594934779 15.3181464008735
84.47085485519598 42.14510361297732
87.93310098594552 52.119181638187314
33.42087516328569 69.97333148096759
65.50100609648501 18.78322369846426
17.71946871833332 95.61077234097341
52.630884225492444 15.612751486690012
25.992626047503787 97.85921649133607
68.53677883484326 1.9086719244248762
65.41311205242835 27.743486832717814
63.698766592362446 40.15156926594228
37.41757861604722 99.02846775603915
64.14576527231803 67.20929104667765
81.17233572005603 47.98896851570804
61.61687709252575 94.94442655917435
62.65343581794163 4.433388190228227
59.39682736486831 81.58128790179211
8.359706021335779 74.76178101740787
76.453452616334 67.8303348606269
83.62502235033156 63.67099133607424
67.04823043355357 89.9396285544201
82.02936395552605 68.52415807352243
62.67149867962545 80.3554083158902
90.97910123659545 31.821390200841094
4.113443038248632 34.09804414874402
9.77917503650183 44.127243521116434
64.75268735378255 85.78109713448161
96.77115470441018 15.674832673370975
5.006282355307978 30.20868250770674
51.32824459096626 13.908220013291306
92.74305455282166 28.637735281832512
25.555042017527118 87.83411602435918
87.11251708689093 57.88657541852786
39.934497131960356 12.193870096851022
36.73891040119166 82.64807201771531
92.97118955788581 53.93817273082109
97.14345386777516 59.16340022616642
20.254515985062447 14.841147847564716
12.682517343458976 62.440005203406514
87.03104418683318 52.37989875046263
18.460890158290134 29.36963871463465
9.152291138176704 44.68668890768737
97.42695057702906 84.01654888544235
90.58358904655366 46.462623978268105
79.87451465078384 68.81571666874646
43.223158002810116 34.40977117257034
81.61146727511041 89.85509120916053
50.21494328737015 75.9840615835999
35.076643755492995 15.42762858189315
54.560094087830514 91.37737874989047
88.46919826242856 61.344417495361526
43.48622416190429 58.24082665284469
81.13822657863432 66.86621514166156
31.536497540485907 51.91483234346068
16.894370842560292 0.030285142117048025
93.85844141526209 10.817843563082953
17.943543860863254 44.545592069800975
96.7816982352647 83.93610296835593
32.58785297391449 37.21038557495342
4.457773332082082 66.30399261138211
13.732445298129203 73.60378131203622
41.14792153573325 45.3702584904375
71.4758920123733 32.6784515753054
83.08057865379848 49.17329649041773
88.87704311609943 39.61706337987692
62.52115696420564 87.15957032481163
91.15108303684252 65.71993379708827
2.912218306101111 94.86765139612736
93.11606400176875 80.28851378070718
98.53096213755906 3.864704436924371
51.993655855593126 45.32624015428721
64.84470793249666 63.4922592405901
63.10857483219871 93.56720954294602
93.79427729762276 12.811485847969406
76.85713798457022 83.58058677204853
88.84770319428901 61.47413841217504
25.600114947433838 4.227651859559489
86.59118701435975 49.350881686808656
71.13733576634367 29.685349803863037
76.87547347658648 68.02086779795562
43.54015999242613 71.88336284458452
16.30535866408589 12.349296578873759
12.197299183958886 45.224395378451
17.39823012561448 15.958902217208992
86.27640976914886 74.49728671468716
5.9578332340100015 96.59934337588683
70.67603565963267 52.070161477316645
80.35952193635454 57.45718682733185
27.691298330800016 51.04740036033297
2.135388559408491 19.637149815647504
0.7615099615310816 66.33933435267141
83.8233622393781 69.21084546042387
48.8663648044573 29.82864685618336
41.562115920037535 20.662915820230232
25.076229923502336 47.92412377378541
28.93589423113594 93.83670681888752
46.1699786448835 78.97971262881826
48.0770848062825 48.61097477317611
94.272924697164 50.43909882129631
20.761508062316736 47.7930566184805
29.973018450178145 91.0881960360781
12.92252325690706 64.57161623562907
23.154444146069906 64.73239127811736
28.93185745291642 97.26228891181208
27.85120807349779 89.65899842948217
87.20050707606023 98.05963685147792
25.289699124944566 92.47984850564718
77.20771189256996 11.370526989115405
74.88200761061503 18.897870062448384
40.10006423064012 44.75177946699074
82.50481357899888 69.41902387390687
48.537910873487846 70.42749577170666
82.94453908584936 23.202681282444694
9.259332146114518 12.572975638567296
89.385955452718 91.54278265210354
23.20650994292035 10.135675826803459
68.16882098663643 85.23924637142395
97.13216948781222 19.51246570045093
46.47419443579699 51.88872257662005
65.58181944516204 10.942203551188534
44.58242609634555 30.457218018623244
77.53138324553117 21.266951697431956
50.0084027151793 60.52003881079165
42.10042647838294 93.07716770455524
4.6507074307392315 9.45568231926881
61.928171132099294 41.85084210388719
35.07223764357767 72.62396298940075
24.3536818831505 8.223258425706547
68.41849585940632 24.80170308608647
97.68242685543417 78.55655598961881
86.70361794062025 3.735028979742583
61.01953227630741 65.50215962518652
43.748561051130366 63.26026221194181
62.93375288998821 23.678048635869796
76.2197339575587 40.474011863811896
74.72915944725781 32.80911813499352
73.70086266890962 59.28826222481358
46.316648949270764 0.2982083344462261
48.73547683377883 7.9310980173564305
3.2207153097446373 40.56122716922228
5.298459651840903 78.81797273610569
70.81272786880109 55.78709355282363
98.7630258045296 25.604877562515927
69.0598898578694 10.831949190736513
58.0379821203656 24.882151581299073
9.070540594474252 99.65904892387793
19.824630366835816 25.26507759105541
93.95802514261979 74.88771319189982
72.93427208676349 67.0576996621061
54.7128404964901 30.262424787863253
44.21320212637197 3.7560792716900826
55.7014931206371 96.29074802668107
14.29060449303774 85.16879790989631
44.125071684696415 63.4395672317891
41.76375152307206 19.310277201338756
12.291079673307959 10.158516669478068
95.22074040170621 96.48416754005436
64.37759139677684 15.891429883836983
15.801687434722211 61.786788282456875
27.31272641821507 31.733643460810402
10.154156933421588 18.877398276191016
24.79444592986757 60.4048581557918
49.49146825800466 58.43610987671865
90.65941197544709 62.8259004678579
4.972764540420038 94.79195955377855
72.66728697692703 33.05335924388546
88.7297255238277 36.208792510660274
87.18446690114428 34.62003982838486
1.9687456907265366 74.09856377801856
31.688738354091296 19.404738157026568
89.91084937822981 74.6205477919663
16.61580102811353 29.652033287987003
96.97688789524848 78.43625870778081
73.84949045730448 89.71997322843224
21.461125626435607 3.8165230988270737
66.14664901932572 24.448548389409197
74.7691218454942 2.5957834979076555
80.31170374439154 16.688258758704187
15.333713133631921 21.88288425413425
99.40568941466348 90.00162970391618
1.3702135822812211 5.596857004867561
79.75914453971129 62.16884514765781
34.67128617717927 52.877655761423405
26.404620643143772 8.123608464912358
39.22693081139401 76.10670266223849
54.01573233897903 25.425991921747837
65.30915771990217 22.295654325408144
37.20980944602501 97.87451805661142
62.12426556384361 33.70768997778539
88.36314306394468 60.905436463007234
58.79049925925375 63.5867222361856
86.2801320885791 32.46730196432017
59.349079643334605 52.6368687109928
10.48091717731021 4.65012686251034
33.64690524001723 20.324007581689152
10.353861449313385 38.768285384276126
19.64022157395735 51.66825816012679
3.6521940932473074 78.56033163567658
25.642636610301885 30.541918456244964
28.096147505314484 95.11397729550195
39.903994011917106 98.53879937406917
15.454345866964259 60.209946139877225
42.18799377166993 69.11495458559736
14.333273002205171 70.94724957976608
1.2909791680600469 58.512602487513334
79.65009818204301 32.70256989732068
17.93737007243894 34.02941032310214
59.232902106002115 20.553514093922875
12.271385539876324 62.19554458578027
8.53730748910011 25.413365277551335
33.724515656988174 24.024522568865713
58.26771296460704 38.91376280341543
26.438227012333005 62.2018361730877
82.23702997469712 37.32708074961983
24.637452890855105 3.2628369101688426
37.039389467672954 76.42992642470486
73.1326321721425 87.3614607977023
70.0284205913956 6.832110221347487
92.6251279378489 7.210877578688724
68.10126800998808 7.543800791100574
46.30953580998229 39.90305635247087
71.58364704677562 41.40297250288596
98.55329579652128 3.3980442667238098
35.66303587442048 8.739625341112035
32.22440702547886 27.409228060890854
18.95667132436958 54.84825498254777
80.38673480323423 31.86267668651017
87.94888314769015 0.9411638576522829
23.466496612206655 24.91617181395378
52.21222873494118 64.54289724826936
91.3405713757015 34.77669247050248
63.1856423253083 9.251542422326331
12.39840900051712 41.03470157174767
42.47309607773646 43.749941933575684
23.36310690847292 7.291972576032113
47.838250338169644 56.33700139788505
43.88646006126402 63.884103423017024
38.0342753780164 54.30906697413826
91.4709213867449 61.49028856269434
6.31798470054048 79.31007241652456
72.86443034557688 68.4057890761288
75.19951530429316 41.8633327400788
16.169094546843098 27.817099385314027
2.123522134560152 39.577894350837425
49.561681932786094 39.01740870507815
26.951335516223686 26.307592558306638
44.69519625647793 37.47682572158888
28.323647906103112 83.7671070803873
90.06327922251178 44.66497805199554
99.30897072021783 56.71686580868918
47.27530439173173 44.291011505442924
1.0882803992805057 36.762472005735326
53.06295358309274 94.21663311884167
7.324673938234794 20.180225044435463
85.66445136487009 34.0327885768033
7.208225850287064 10.615350904263842
25.427872097894433 27.2798444794347
23.38116926428164 22.055057113999688
37.300641825934 89.34488172555407
63.79197160493484 21.199937563492497
95.3684249832585 2.5080402828845605
10.780589149245268 24.97226679689586
61.7516028175005 48.8754617379644
50.76752453799569 5.547453989434503
3.6807256340025907 15.644383004531726
74.54774169894891 94.42902328420102
80.27153624639347 96.90617427840971
65.6185246930282 95.03580771510332
78.92375249397377 54.34582167277171
20.360072448310262 29.034205256577295
45.74526898377363 28.950239317958392
96.1537473999473 70.02138900641938
84.34280371812919 72.52442415330076
26.57858099075654 40.86599194337819
70.11421521644243 64.40655016321021
17.727481755505558 54.4250845678703
71.86499703747072 42.518032896440474
3.600757078582806 77.3589267052655
63.35086959616953 80.51716204266172
61.4537002557126 36.47101589554984
5.623637809491755 30.968125314258856
73.99361908834095 89.13120645618804
