750
1 3
62.86675793715257 10.614354899307088
84.05195159511516 37.380342308731464
9.991955755956482 12.545306226588115
91.59131537643906 25.51847176416906
38.50351166933115 64.65995373658264
38.04296969504413 93.62052957843726
2.0730341754010118 99.52072738979905
14.297628142983122 17.04242560405216
89.87268978076102 46.13487832119056
33.0144544671956 34.190269380831296
11.546998946418707 18.386046177678452
43.7984814415028 83.96007815229574
92.46828614982022 68.50879875999635
4.964984873527256 69.2881199395669
66.24226296856881 27.58440010416894
56.50269200323572 39.47987987193855
53.731590037139945 99.79534965706056
98.94553657568738 22.9911495597549
70.05787987686398 40.272843796979394
26.442256337013514 16.399507896229238
49.5328793396211 5.604379854776864
85.36733572139003 95.01627450814787
96.6780952213371 16.108994250622466
81.18389696347765 44.02404379410243
49.610982872555674 9.352620281529834
27.44759200935949 44.563674603978455
15.273070396871669 8.467859352782448
83.30616876492758 5.029677439159097
36.98149272164051 18.08710214085918
11.078418389130707 6.5293167993060175
62.02083387181041 22.134480171268734
55.829898194450834 3.5073144484247365
65.92172905794334 8.321609285614917
50.503773849444485 92.55076663604981
75.61859045640604 1.3201052074373942
17.425565688614707 85.46875127344026
95.58496516786363 46.469464225357626
46.9231967511267 48.20703254553158
78.43804314573633 22.346671410353935
94.36601846994354 99.58715504703513
27.939479246837905 45.21979977711788
61.02848945060187 6.795119213432388
92.49733689027637 89.27756476817423
15.643002164454622 50.51219984297961
95.95962342284363 42.54931005266338
79.68523128232947 14.652163164320253
87.27317343578447 98.71471922340716
34.86678632759164 99.44458436262889
40.342151313759715 79.43096943357415
65.66121757114539 29.524708606239546
29.461267614125553 34.707374939653654
10.662398688766572 52.25038198024383
99.49554067764575 5.588415078485753
32.04527021236876 73.5107343962517
60.76281970983353 20.869338280769867
51.477610664366736 92.9113943559689
1.556356086230859 28.955087557738413
20.31365380668866 67.08879019412765
85.63197148379807 82.73257871178599
16.559196243623386 30.082065397291146
11.327646847481464 60.051327222560566
82.49736475322163 23.95540555554487
87.36568810354916 87.50964591456929
40.2686402280914 31.89265732054414
10.007873431857185 0.24880414848191812
7.057203525290956 83.16028757930573
52.0799259542362 89.58877490738047
13.741730238308492 53.94258091649431
8.743842507721489 13.33209365550838
94.83483192720419 64.88596888926688
18.016126403236264 39.14795318792494
68.81318283401603 60.21745868834238
79.6043302797444 75.67330291852295
5.59414821958506 7.958326392539905
94.15914920940433 33.66287874342157
23.380157608508114 94.54982491217802
65.06054229515989 26.98214539377888
41.462839213672375 6.963873160243428
90.08471312869142 77.97543508570939
94.30338667933533 78.52497477776868
33.055415122921474 11.429791289522218
51.926385507436514 52.904080898724295
69.48732774895248 34.9010734783032
75.32252891915185 9.839975792885468
85.46568594292464 91.25819472227093
58.06706646523709 34.35396048757793
40.38644680910781 57.647488742516195
72.0112352515983 43.289410855078756
7.046392376709143 93.24827743110066
33.79261457694503 31.08654927839347
25.99683242105484 69.52569698722458
80.06033976303632 11.752407195169724
86.22877590420242 87.41905332241633
42.37868061984009 56.995937759315574
13.410421084965641 93.83909775577656
12.997171384523455 25.789201999635214
8.767828577344638 5.7590837699157404
7.150978888160142 55.18139467476046
90.79606587570062 9.63811553662699
43.26563862230777 73.14216366364018
17.94228666971076 12.98408305048897
37.80596994215533 20.564209853105233
13.241178409594978 69.84405938009048
35.69794048600969 45.09827223013181
26.802444921298818 80.7474615545335
28.901846211250625 45.730650436945616
57.89507316439519 86.42080247225874
8.783012615496567 35.15221016287975
92.4363907970416 59.41139739676346
93.71935067694686 86.02673032032429
97.53099220020798 3.5688572166272747
18.54584851726184 82.548993510457
9.780820717458184 69.81903840376718
36.00674853694128 8.481732712591894
36.42127673772446 27.67174900363527
96.02058746135877 93.82456793635876
55.44546243822926 48.77742890083041
29.982431247523024 84.59268169159687
26.657782103264836 31.476837935400503
21.02081119366408 29.54528973675521
26.68591203120334 53.50130567495122
6.953318255698515 71.85005410773388
27.371131125136227 93.77710515635644
45.419307401758324 23.308116724686933
22.74046704203141 13.195248155771488
84.14672609154479 9.145325908334435
56.91212024994521 54.23329861735979
50.36415402366152 29.129686197580984
80.49713291557752 30.263185732190266
95.5115895386825 36.92335953390105
9.342394322259096 40.32272505587016
95.43119681237704 90.96128213591604
61.49802583276618 39.93324625168657
83.21300532538503 42.71158198168463
14.130768400430437 48.87153325134537
15.789815065418388 60.39203915966278
55.062222546335285 4.243436578683868
48.66871700311106 87.27179897690118
34.240204486894 34.404487568507555
15.362230397504328 70.94474366820887
9.927020705001755 86.42040665984088
7.253802459077674 76.30027067930583
49.992783689407275 63.65287857010613
8.24075869796057 33.80839889647258
31.803820582107 46.26029940956171
77.61158458148682 3.4238209100458494
82.51262002492005 66.29580884657946
98.94099855980643 82.51834225792987
28.74482480223253 20.85388318994943
59.92190507416009 85.10646216656865
43.3734115197594 55.438492304861285
93.9028331295363 12.51861465555153
3.25383491451543 91.86049898668966
15.391755943925212 57.19647606163794
49.628908082524894 75.41401994418541
78.73763990458262 54.46948803298821
92.93067421051629 67.76207513482449
26.989907518181866 11.959744045862998
87.14662438817588 20.274186688084626
48.155432681875695 85.07703075616371
69.95855895460666 14.720984284024574
2.5187601080622235 9.735520307069724
63.52007807833251 61.61316670990624
33.388149807753045 90.91050150962683
84.78981649834063 81.0289141482194
76.86486765973801 70.47444912680363
57.2446441188019 2.983016439164521
45.993700466596586 78.87977027871193
86.67120620866413 79.57967092207434
40.90063364213685 92.80423414036956
95.31158956785106 62.76527796612059
80.24823948991542 37.28824560898394
1.7329607304271244 44.096578928064666
99.87433745319372 15.540457914452798
93.60291143282298 24.50680557982721
43.682395461487864 43.12158176870169
92.88584894598999 90.59010178443873
28.575536472073072 71.08031591964148
3.0578193996539937 17.65209454821932
60.572612411703886 88.41301780247346
49.11691990054643 64.90324925589252
51.87308401781845 19.457571209398882
89.829387440803 98.79160971331831
88.49710126890548 74.2140940609922
25.350936088800214 37.59946962418472
8.334093618768268 50.16894782451023
23.41407014080419 38.15510718162074
68.35998665596878 78.17775580158941
93.1164390907895 27.6764075361309
10.595307749419325 5.155608820807633
75.6985656950726 56.63892666144869
13.27537400528045 62.9854854131203
94.59025497468924 78.25785565562757
3.5165386893801776 15.321840682217358
8.021412670917405 30.02842447638794
28.489973989481875 5.683386354215103
19.021965682137655 72.10038839198263
46.62296576742706 42.89759908251749
98.81818118921029 48.860986516198054
25.767926746307502 74.45234024621786
1.9708098886077163 84.9852179716465
63.24426543934627 47.218527795650076
38.53371186161776 11.47499589729659
67.42259865193448 48.93276824385482
22.625543036404004 42.67309245812536
29.06903067413067 3.667580086554656
14.802018776100457 90.42774540622113
15.742726046784284 41.20445070367147
72.08991066924717 25.411398929344188
30.83486622536078 82.67908917343654
20.887974329337556 60.01750411250632
69.7860512460501 9.361492300917696
62.65570226400452 69.40935939501247
71.1377004093454 35.121060600258545
93.89370413631902 62.11796681615181
40.724901374069276 13.670571579017054
36.595238636194026 85.82301177582828
70.5189967197515 32.99778850828867
87.2086443839028 98.15248815049151
23.35705874915359 17.849246373102744
74.63949840892464 82.52784709246124
17.455856029210338 84.72376064088034
7.576420922158089 14.009889823278577
76.19310880490546 37.613677612101704
37.28975184587024 74.7648523625388
86.88588388868325 8.204551275192241
6.351897294479514 6.437892757227792
32.38892666764974 44.537225145841354
95.17115582808597 63.651464529441085
32.074399309819526 27.292684031845592
12.64229393505456 56.86581695214841
45.255778512451684 38.73304461574085
47.41963648959657 66.77001867886896
46.492543149860865 94.7530607205463
74.25897620275339 11.262558374924714
84.4313198841007 51.41729894479414
2.3554168549231314 20.325879832708726
2.6670572637137235 83.99921825983014
57.38153830833763 26.417923813778323
37.680812288147855 27.67016044443549
66.89936032880684 94.27520584029583
82.81033696528762 83.07137600999963
13.917134411273269 70.85080570836257
35.731029591859894 74.70159399412503
76.7452849058354 66.76082742673306
78.80582004669276 90.67939125289637
91.35847398102624 96.4447686808503
76.9257933901163 9.855792228983118
8.421430028942844 68.0466114695119
67.98627124015766 60.55254610632914
48.58943697641958 7.0441432296623585
69.90853710912204 49.64627484249755
1.717664680651998 64.26619258521269
61.8736900256446 82.62924407396628
81.47727838474496 92.84294297681134
84.57424158039721 19.106331616610262
47.68596329490278 33.236841736699276
71.11537360593847 84.83648080796524
60.9093326752425 91.62988815998621
66.13287392546606 13.65228222080821
42.17168913877587 69.83344741908523
87.3268916072403 34.9882745451632
15.667452193623777 24.006673224420737
52.16813669443026 99.85148875403624
13.608833747241267 35.24900460331071
28.691681004372562 98.35052862631359
47.771341952908756 7.094501410298748
55.90548125936652 27.99381926964324
46.514043211126996 64.45251254748676
0.5039684141709966 18.114888402820164
24.932450853456125 78.47440383737354
11.985070563737343 19.77574621898739
91.26897038785351 77.4457435094731
24.859006609633695 31.254001586000957
74.45907487559057 97.0703417162821
23.907247816425723 95.67387275661908
47.13965238880773 65.38778723546721
35.884371862186896 14.339347433566797
5.8572665084683395 83.61904399260808
11.906458638186912 49.56344761472424
87.25720502858887 93.20729165752842
42.8842059777409 6.738486430168522
81.92174326266209 50.096854655741765
82.40924639754559 87.44606710138076
94.4548196265675 41.89598905125782
77.55046037905188 53.15979612723656
6.299435142894949 53.73892245680538
23.52898515495456 49.29718279937194
44.18984506112875 41.03709555562875
56.70181645280476 22.02867965226323
94.29208459927611 87.05260836802124
3.169336543086354 32.743139283234335
99.98308482523474 58.47676816925858
62.56564585460582 96.09540661527105
72.63922638258163 26.112273497195204
20.272435025963365 22.535241723443388
39.08545877275227 13.302047827760388
80.0881916561845 52.98567346237164
96.46393308564814 2.6010217571466043
99.58290662978335 42.298954764517326
67.49788272330564 30.571344318858817
91.39457216471192 18.196553388210333
84.72509012466405 17.91788131936547
51.98356685251437 53.49961020875589
11.117819221074022 31.34323634514726
39.94558708774958 28.5036302972421
61.894201920964086 72.21154871970701
63.351983033297984 68.00175658147161
34.464005305699594 53.361104698438425
82.07625085810277 54.664663948476864
80.78071228499837 96.2403930465482
66.46155082687699 95.79497831843531
76.38927983284509 2.713070569383347
8.97444995126957 95.12114690974644
98.10181946580647 69.52869495822507
43.166306212331996 11.275699431824071
40.07743854050538 17.92569056245985
16.446122549566322 90.11596377056289
97.17201457945635 12.712838038819196
29.514930668045313 32.11555431548303
45.73785590834236 22.95136686443524
79.5531311069661 36.29131150949823
8.830347344186196 18.90263337303675
15.959202559627528 13.999236761648891
24.616066461922713 78.68255796833148
44.38946228187495 50.646290653469414
40.682980193193806 88.65384367905267
83.58251681805065 13.181078290461201
82.81865332185939 48.094700857348904
95.86763068197921 26.862332220844998
52.98130995121142 12.93340064775319
10.536457791015286 56.43645890246467
7.587363142674741 42.71878399876077
68.71002155759484 43.37435447843261
73.96030088023583 83.47419204063658
6.254093353480772 76.9714856414656
9.544205776140613 8.22937802041479
55.954847916679505 35.57455342512763
77.4924545506805 27.221686581898517
56.063870059755146 51.24109309685609
37.15107190497806 56.378753185506184
31.23850250573197 13.47820492575873
14.900258568908576 66.41176318963522
14.272051974852884 62.153029689538265
49.06322734361026 66.35133353001935
74.03254801122654 20.606858075738565
74.0480277879717 80.00493527298427
46.95456568742395 29.537351239316045
51.7575797805923 11.013416382274933
82.85165317553069 79.88027405326987
79.63910682599288 6.770423159547567
23.881656818246743 36.0970710749958
53.607086440650264 37.99161853872128
21.05782917185759 37.61426414642601
9.951299736917463 29.53584288753244
25.134576748247085 28.2833582952974
15.94006081367012 53.36673017337667
10.361165635702886 37.48105521857899
67.62624503235574 33.39834864616669
6.066700315070972 93.4271488755042
77.93642884694083 15.76210201217425
75.60350534294746 3.7653502253591986
21.47153166772844 34.55822693129487
34.10519574997248 70.97313268945227
70.77955897155314 80.53450914440891
93.26036176186506 57.67283075487206
51.32662516477762 34.3823193942576
34.33493874142501 4.375495270833785
88.60983496786383 49.30988896480866
79.05008792256349 66.5597944594732
49.49340837118208 59.03654422620952
11.65443391334453 63.36733686948746
13.36413882374876 75.96363037583865
97.01017395535503 46.837111666721334
63.669276241090046 31.10130648341043
22.02018977245639 62.40572347332445
3.5549277906962606 37.848958824084455
31.26348102516858 98.46973156733188
41.78406945615909 54.50508482743448
45.822120824010845 19.432771221273914
88.82260003791735 69.49889746214295
87.75354253451948 79.90736708970981
60.196203744732266 4.1697901024131845
41.59128943841368 42.11753162525862
40.72675131633892 87.75073381422867
47.087542543946405 93.22062361464909
7.52346333703906 2.1927332724507753
47.82531497328777 20.590619419455503
77.4598999337863 65.93598335249379
72.18144758204008 7.830141995558715
10.006406700412906 71.2123596990446
91.83306946690233 36.72879049344551
39.43175534378183 68.34203262134362
55.965392768689036 68.92638779840814
51.49234260788591 38.143575561400354
44.967241079057516 70.02229462013901
70.91726525503216 68.457430084918
39.14209460274958 78.60645379495988
48.39944574056298 38.71418917655469
20.167338975709992 64.84885768311916
52.76638417005255 86.95963105590374
8.036887830873196 50.254771615003826
8.153016713996596 28.420404427003977
77.93438776828458 32.610986464195314
59.3628102539129 62.30996901839292
37.863679122118164 40.94673259173116
9.62993766675213 83.76328361697428
19.76534913385184 62.65265006672849
87.92161844027062 61.15330764338669
89.06707517871075 62.36480944649525
93.32041261325482 32.97023707225905
42.51184675439017 13.390395941715028
19.20193058530415 85.69603634394612
26.03944021630433 24.21715313725439
49.68713663495448 62.153435470289644
79.9546534879919 2.050403502198872
77.55833835998615 0.35450735693092206
69.2904078039649 66.25992609273162
39.339268078354465 74.0203208074302
93.34178724018602 72.11462536674797
12.702421362019756 37.71427025803149
31.69409136964387 47.6356977740821
82.87032733082123 55.59094885562441
72.33063133800725 27.70010993050147
18.90929171363087 56.61486823729982
59.554932468875506 45.50586986542442
57.874614715657444 27.697631887900954
14.61345888908161 41.67557768136669
13.782258141599591 46.22730268848747
52.424693571620985 4.909251625996425
32.79354435986433 41.65272906291748
86.26013535996759 47.716222107898545
80.77438728751949 76.26249394922652
51.0123120053237 27.588720713821345
32.86511252689937 27.39252335591955
29.959022743135222 27.1465405957658
10.781576897630107 36.338015361011244
46.218865200552294 68.79310849019163
84.74754326274565 65.28412505223156
66.12927203969699 16.905594710110215
82.60534367808728 43.72007246547254
40.558413862808806 53.987967929414516
37.06999404879083 59.767510763956565
22.877198151396684 40.90709503901382
66.12930431883612 6.565239872673656
97.14127983500754 19.071646178609125
86.19881236170568 7.122366898502519
77.90474511249424 61.67101026597743
98.21838579839583 57.20134460102197
1.287884207297818 99.67111423197512
64.94145623753165 36.701477032311324
93.97785344955325 51.03218466755026
25.964852544731933 98.57024741053138
52.08952508642071 96.1502640192144
33.051072688958726 18.010424043709094
12.361386667892283 97.15210933436286
21.636980362232915 31.848809227731124
74.14227066060128 39.45645285826696
7.461314029263599 68.47089424465945
17.222526028573615 41.26382461442228
93.60752281919567 60.80751072390469
29.40915673170792 42.23380108987422
15.758689079702393 68.7803246899102
22.421753133522305 17.52722524749968
65.36946561769197 91.35907585744818
76.72626456949226 84.92358166057758
15.160228730005244 80.31791773341929
9.719576534384245 17.9211799041318
10.302607143719445 62.66553355043869
5.824780375954508 38.27427357530355
53.54365779106238 40.62207170353862
53.09978781971152 34.922488683275546
79.56361161765284 52.104088500880884
34.88806345536308 31.2592605978953
83.17839847857988 0.30800516709927894
51.06936038381087 54.21909958614155
19.13109079186446 17.576379491568694
33.46380636821307 34.92255814539813
15.597328923817798 29.612129377322095
88.66548319906711 3.0081106538623503
73.2647745105231 87.63551527499736
53.27257215170194 9.621725848114448
6.1482068246973 64.8597185024413
67.83656513832321 18.052679194543984
61.42347099471965 62.27708654396415
42.673852815214715 0.4920076665823947
82.65436961825101 98.49249188456805
67.9465722763024 54.195834382481614
41.754539874561594 74.71491579320792
20.537495719477228 7.051254468962043
34.59980008567109 78.3657332920525
80.70462667610248 8.095211268437552
67.22736048798377 82.74825274558452
79.2747360409223 18.63568782846987
4.038691109402781 4.114865839379167
48.01473355148629 7.343334240174881
19.800635087478536 27.786227012247956
59.998164545216405 15.190044359580623
36.48839920250304 80.3414881012144
77.3497927218519 37.90418746855349
73.38758112400792 40.4217603024285
29.716384800437588 99.41887491855903
88.64581244132926 9.105839811261983
59.85011607516493 79.76327008931332
76.0020078268822 83.76277073905436
65.09071324217457 50.55454990839081
69.70130551248803 2.8830937739068974
3.96574223359607 54.39490717224871
56.79975027001658 44.0496803010225
17.440995275026072 27.338698322443513
20.782435089796248 94.5298271277899
23.879650789599438 36.17786858141183
95.21963900894576 63.44150949728768
55.646375538279536 10.430668377718334
44.205414393996925 50.13342745923932
96.34501228957184 7.949651142409131
74.16040693776421 67.18118052178792
91.43948119850273 84.28824938897488
98.94317210441162 31.367142796776548
78.83343149468153 27.042866307372027
23.35353154176172 85.65149215532357
52.56296900014266 35.20314722929312
11.393827900109365 67.65453601410707
10.564722375639036 13.785536659572628
89.40187505946066 41.25133430856549
46.237094476869125 71.02459770982456
39.31269559774642 44.196774718069356
72.44202936050198 84.40451567282403
73.5200986973116 96.30020955636556
96.50299569210512 83.85604232459598
95.15453367982529 93.0044137396147
75.34806527507499 17.396490236804386
18.910613003284894 73.3477251890189
68.65563060282618 55.21992240331013
18.66350876176932 60.06625513870036
47.43371459573349 32.61393110116133
95.93493463916684 48.68291482841634
40.30739663907055 73.0981441970493
10.789724673731094 80.13117609821472
63.86033581282775 71.568450925784
97.42473962297534 18.88766838046212
41.757674805000455 23.99110013240824
63.98367789682058 10.283978830181884
46.520457516610136 51.96105665249724
53.18777768250753 69.0292130566468
39.691193621648836 75.46896455130596
54.72656705914696 79.1259421824405
65.2492973317314 80.64966975754133
58.20278550639679 60.12257272434438
95.8344733845381 51.05685618795843
29.219368135865675 69.27723088242632
78.1141660690255 37.282305827028296
96.00715682864298 48.261886404671394
34.631350648345304 47.11019622411361
78.35241386581886 72.66872161372243
74.4010301013619 63.95618078775864
8.594271168445044 79.0096923873057
28.481657218865575 85.16240813005918
54.56713767155597 12.241639549015847
1.8346274391762396 84.81845282036016
27.626310741738912 20.69093018145207
87.26343878592114 99.27536197174037
75.6713444961601 40.04421010506811
12.9268707203132 46.73582113810713
91.17484119326771 13.349398994350082
64.03753753981935 51.460323967171796
98.16429642578856 44.88240722759382
21.971389036676857 40.028672471885216
69.70601537760773 64.17211743046651
51.75045767726078 70.18703707081775
78.16605118752456 96.09860229147058
38.36228714913297 56.75950491245867
75.99322910971173 82.04551799928565
3.835250550988767 15.67152288828495
51.05380044256549 34.15456380332604
73.78057092172605 87.66386983586489
98.58027097095707 24.44910024422682
74.47021655817039 27.48152399010868
1.0504232092416244 8.940294991360664
60.934353276039886 0.31473345691070964
35.12671752844074 75.17505136405099
78.051602828234 57.80635619170902
95.59219527239928 52.44951325373759
84.79220513677879 26.446880413503806
88.21452193144654 93.69341212860822
29.31893857472565 84.87626881308965
55.42720844621305 31.575200000838667
30.206728567937024 65.14384928768794
78.8831100708776 10.851786411028176
58.59884209978989 66.00552751111184
11.479213494963659 94.14862037350092
77.20374605970446 60.05895660245819
85.01323635101654 93.53210167138018
51.51110881491685 90.68348577504372
78.23659025287091 62.352622057326215
56.42580367657426 66.79099633545749
2.9352471974564587 31.554583095051747
93.12670387495825 30.570295034002125
9.378481003277074 73.05185543317609
70.59286814755048 91.79126010505756
12.220910448564082 8.474862558074015
44.539489335019965 9.747816975080802
60.15942977296731 43.82934320319911
14.859481076219483 72.30070044960601
20.877283929659328 94.26191817053015
5.25569093055116 29.164800541149162
46.2679074444617 45.89658740658506
45.20946691814798 86.66160013969977
25.457024182054067 24.193772982565378
60.585439623905366 57.411251940512685
40.56239069251919 41.30975281299036
98.9129689048456 3.518709322945024
42.686469027742916 96.3646766212842
11.437494206690847 10.202479263518448
33.46611842311924 23.874023435311088
58.32142215857434 40.026803313744644
31.82588084594662 97.91940189707083
6.863740651093719 61.52758123216753
19.507223081226456 21.320129187656867
88.65288415287553 23.394038167976472
13.959404013452946 67.09585006899725
38.952712706360714 48.680298862142024
16.466244487338955 44.82715037027851
50.47538769272988 34.056900740498634
17.375695581657414 65.45371490007739
72.22556167010204 74.85030804984221
54.76842206065342 46.79727057122116
88.6206678814665 30.228178625769186
92.75332702751086 52.661096869417
6.190999554950771 26.774097121900642
83.45576050165211 11.864052712675388
11.049191695011618 46.63170826433927
39.52960831887893 63.54167926495003
83.04178406156962 73.14011791066326
47.298026530320094 69.41349711148155
89.42221430961803 51.29887832580877
51.11390420775419 24.669999328325144
86.43489883561102 29.063536665572553
41.23562393318021 92.54023065810337
85.70963867553185 46.302169572805596
9.758444204846818 53.11380117586828
41.61234969456646 24.659310650818167
42.44326321739989 36.68155359392029
37.26695831054927 5.908060367131762
60.051527588965705 50.07447179881501
41.431683915132744 35.706156165897276
7.713839459014582 21.85383220358974
11.619984204406531 30.593692411822616
89.07175220079588 97.38155406560469
25.817226923895543 90.28676264772596
9.282786906306528 54.473102833658956
98.14229111384488 98.5777473534412
1.4366511850293584 77.5381184276301
88.2317193527306 31.92694762503505
29.451090920138622 22.791745101602846
98.24010541616641 5.1109678383544965
9.376257358534845 0.4016649572446962
88.04756509779348 85.75468186028543
5.614277347477037 72.52093637670507
33.21301198538602 13.623961877409707
50.36476483935009 14.009158786174215
69.80000110203599 11.242642002151925
17.108238620823712 38.02248652442894
55.57802448659444 42.60650885933779
85.14150871303556 9.47352562767534
93.68541578594079 0.6722936839737237
13.887741771851791 85.30162925273204
90.01816737444905 87.07736441554982
16.364597454915852 32.058339103549
32.944608321333014 63.90622260905327
90.38112103986862 97.43881072916672
39.4154139271093 58.606364822160195
42.99132154664373 21.46666616433346
83.43897968366048 88.28190887965665
30.827270226238234 96.3935762060434
90.26712916221402 34.65035188771635
20.932287777414405 63.630511955313
60.64272093010508 23.166251554153238
46.36838653732356 81.5665111637458
99.05128088342956 30.530933488621347
83.74656384909456 73.65979742965017
95.94869793723626 0.29137516542410147
73.0935773393422 4.747982338243895
80.4887914516371 59.36846691534181
92.97411294306828 15.918541062550817
56.864723968604466 57.4969002020538
33.72459530181266 72.55722003544889
2.7874460926805122 55.89246628881315
30.087565895894343 72.71915848278469
25.71573348963827 54.33180280779777
35.20170133364846 88.21280031922679
48.59520721198392 5.935572499786201
86.51699400089443 22.924937029357896
82.94095048034296 5.694825269678416
53.92818666444732 74.92948360270006
67.47005739151464 11.781299872714545
29.317710577288448 94.12339944362019
9.202825098540423 18.352580061961298
75.85262543606444 64.35913720429691
13.030435292278053 97.81283760664692
7.316073572733495 41.68856890902563
46.95767805527395 57.351276296287644
38.53198566339342 58.59713573222039
2.9188832068566484 65.41353924948585
5.517517923141213 21.047433997199285
59.804097360201155 96.29725974985146
21.510392524875364 70.9752318133852
45.42521343598309 3.802386955923409
99.69512714478626 18.538758307162006
11.801080763097826 41.313659186681015
57.37141393116456 51.27455314077054
1.416080844114087 90.74456404585625
68.78191800514102 42.00391355195854
45.88417288723667 36.452300536200944
56.927980743750275 29.082281985280424
91.46406739264333 66.5567345357521
49.20019704236363 52.244209640528496
27.61298098750502 37.03505948995447
47.62608260222032 8.25490247121088
52.697581787045934 8.892983491648865
60.584272288741595 13.2739321437223
15.71559460471419 62.31674578330444
51.90453262550214 54.133109900938116
58.37956877883519 0.12483533228373478
64.58110233366243 58.094076266236925
70.53322485163993 45.30159829086007
62.310479959076346 32.33748345882446
32.04235701252254 99.82865299106855
74.10539518887302 36.19557073856847
52.602810358416896 14.995240321545534
49.74425241328901 39.74131260222671
92.14849839112303 69.73274358428681
76.77407625756616 85.12509915393669
10.869423738711802 89.20187431356258
73.0218966771447 16.878015916730526
82.8277738146397 32.62375754407327
26.26213728955882 2.694751980524601
17.88103616443277 67.97324409450154
59.83879737363298 26.407067887156742
80.29797966791527 98.67566858095671
10.098081209464183 5.01145487103638
50.446603157827056 59.90290623893595
71.1786122518835 21.56140547782477
55.7288013179861 64.37175416033705
93.36455653532431 48.16101750995681
39.82599163626368 78.7385577932787
45.0764769607789 87.15774948579127
2.1275176600250356 47.774486226919485
59.00698972778431 92.72940775122478
95.01240000139279 37.686707266914254
