630
1 3
66.14344372473657 26.738351043477394
53.79472321791505 37.567724863040944
14.122112050671308 93.59095677638804
6.230731543043344 74.8339458508613
65.33186091168632 87.82317183665822
27.386415090307302 0.437314088661922
31.3285289878934 4.333682138569839
83.43823925903429 39.58562998633628
11.62855759408641 87.52355929394362
84.69601301291883 13.4181536309238
97.71187387654759 51.60396395711982
82.16190422870322 79.90423812042249
11.945429524785833 41.324797486353184
71.41194615070157 10.55911747897218
63.63618777136666 90.03304970683917
5.9717267800383445 37.750613206520136
8.914505161090357 60.69268232986125
38.955010626021114 81.92815810065377
46.86397555759183 4.971864762946154
68.6539902203395 27.749012875327228
30.334440103969975 7.033733298708311
28.17895110009294 38.798379169831776
17.168308069405814 61.59949887705886
32.48552282568784 40.86504483693161
4.230060375433209 78.27758520547845
60.860558736131765 89.58299432039377
20.654754094439465 50.75250657320674
99.38182114002933 57.817550178532606
89.49132573819843 40.130416647370716
27.8276659926481 76.14642952962933
94.00986022191088 28.440084085200755
2.6369720054930212 40.97438156939359
56.25693707059407 84.27456502889311
46.55274795138886 67.99269908777876
72.2570673735712 66.79408379303095
99.71560543978313 83.71668001580659
94.02629588770553 40.16189520469171
18.651916182735874 90.0049564035928
41.50444389408629 46.8547271525136
70.38101166724306 15.998457843157299
17.348804589685418 6.5611622014084325
7.728896668073082 86.79227757135986
14.290395169894454 3.5623702534056445
4.757329368728591 15.28634058544407
67.435459126781 30.350835157818423
20.528752850582087 84.28256507760936
99.15223314791844 51.647711028331415
60.74702898231674 62.31268788954527
68.97619947473524 57.61255421777698
72.58165986452792 71.36873359270548
15.556642251464826 67.94741631688986
35.10022102523402 5.042103239937834
3.544805145355423 85.25926958630643
26.956311517189114 0.7984213434537146
63.63419979408134 56.15083825669913
19.680355901367452 47.00296005390663
7.198859975062311 36.883857035901514
43.33248279825517 60.428014756057436
68.2032318220575 89.13130735831973
75.8084832391843 58.18529946185673
36.48950741735986 44.80405022536043
57.24704146472814 96.01627778133211
36.8181583055019 28.45127627776669
14.738107928078215 58.351906957492126
81.34945605531179 11.815328069192454
47.66838875561208 48.217175596889895
50.3720006544621 58.08778503996579
49.894477223872904 53.255348669518796
40.67533138604325 41.58367300816557
95.14130435365571 33.12232857929038
85.09064054689624 64.43573703084537
26.534026373142417 2.9695998462197615
97.58437807911386 23.4616566464398
4.639945093098929 64.21647987658115
44.21465986752542 67.38739796500917
4.068598413919378 79.75066769532033
12.25351380009021 85.31393675596526
53.72150995756628 55.19034983177056
13.864502944802348 46.18306436641571
25.70879544558309 76.85398012845258
96.18593588360503 13.005688196378372
50.63944730898402 5.138102168418479
87.91527899283307 34.362995338290546
92.2473362884753 98.38697340578607
72.32836243526502 17.55441369681028
67.1109550795923 37.493921754731254
21.061137596862146 32.20251843484569
59.50793304920836 5.331758400536346
86.06872441110345 71.71610214624909
67.19379890395001 85.12197560665197
51.67253698603298 30.664782509365395
34.66457984885955 52.12971316785886
76.03496811354317 7.407743944394052
32.382068508660254 49.197171538877726
37.68005637430358 75.3072975987034
33.356001041399686 7.6733414581209525
87.84216778477294 95.7967427623216
12.301881278109317 40.74668932421397
15.114249461250818 28.934211971896783
37.48426392730882 37.16302590871017
25.933234947933247 11.945820865946178
22.736492215321014 18.23370344627664
14.927711401640554 66.18646197583675
54.36891514862485 71.39887689744324
9.380911725431474 75.62355495612213
24.129647319400682 20.81809707542599
82.08427098270595 68.44586984641354
65.04439788341448 21.806659367590232
92.80915080000926 17.968484831667375
8.026970847779635 41.097054359004574
46.35406262411832 90.84008670259789
36.45214659292992 57.546306855948835
26.255395247952617 90.64720616484611
10.441916487146674 95.26303135830747
24.77561743598724 27.485349292576622
88.92666007085244 22.81164217159761
54.95906065625316 7.494300469121451
85.94527164304404 34.73689525592923
86.53649294137648 51.764265583317616
4.813698449982251 25.937235509825495
88.6933773513018 51.13090501791648
1.508812408829896 4.797030831894822
6.063679534005373 21.82218660011368
25.075674533217352 94.0990139166838
53.32626555721518 62.73378357603343
82.49042505228756 89.85988365493947
6.698356518971149 75.41087271019877
8.121130331516024 8.914146135784428
36.68241837137065 21.390794371039835
82.73416631494396 33.88376064710168
6.889193172122554 5.971871030347087
53.99035861813355 92.39447600132308
52.9901883907917 82.96703838937538
72.59203828768767 21.748455031726156
34.99399541943462 10.966109489357478
33.60454527104846 95.64328859347444
11.109876985668187 48.36215150402439
48.23643459708129 39.176823204536326
42.675177626291386 31.45750222088244
33.196729251322935 8.50040004896937
93.86008174557625 29.12759006568464
50.06849548493879 40.4352902575716
34.95503133105302 53.88255591537643
90.19768227924945 59.7441271231286
38.58355123283004 95.27378962653437
43.91506616932625 76.11492241248182
31.227844500095948 20.842599667798424
52.63906528866411 69.91066748980326
53.79973270113598 27.857524383052134
26.44391647075073 76.37720950013093
94.77139484108665 6.6693430524773945
59.09232502250994 66.88232099825203
12.299526178758157 86.32957408187183
55.71632398017894 8.479484759611665
2.5813355159772344 86.52887166507399
55.490464711170404 33.40586530132603
16.996687868004457 94.89394895277235
57.47554607166232 43.728225801272046
75.42682569639163 22.181630509029105
87.44174384048293 61.607138491676785
82.88929518400579 15.549317156303545
80.60752233077962 73.47072442106806
8.677445739894507 44.2279265006444
73.71497570192862 4.348477454776667
69.3522635217368 56.428415646497584
3.634271095632413 11.073141286865539
24.930769202923987 9.511665152460402
84.54995146389834 62.75501390300213
4.324636048626229 42.86707465360051
64.09802102150283 61.81641188989606
15.985278249899991 65.21946585995396
4.949831415950157 4.636518862385985
66.7054372559807 27.633503745835863
33.00816795170653 39.83296082336991
68.31985360258363 36.75051714532196
25.82256543955421 82.42714919745944
61.698485324664574 11.198052461935259
52.54953923092665 35.58279938110927
60.05702728621796 88.9532227616786
38.96159684043998 89.85271333600605
9.453033110823661 90.16235826176117
53.02075266659787 32.123878711434074
56.34665535334962 66.35997540128761
10.74907256971196 77.82662896608667
84.85408088280948 52.85871098164341
73.82970510829885 28.64890712059576
29.575497151635677 61.04321336456471
60.69023516641796 87.55595997022783
70.21624521344788 32.72869455245046
42.217409529019776 75.23247798804826
62.49051459885333 14.925001222457368
81.2471244827847 96.47903156872282
52.61067920115323 79.1185512314948
7.728524506763579 70.34853191101898
26.860414780960017 73.95217893602447
5.126595281417701 59.968271626079094
54.29774181688381 95.76414874131545
48.445703562866235 61.522594509276644
25.163969408891006 91.78953317890115
28.75843511327385 30.842098717339294
18.82351466037584 41.32464060552336
5.070228660405984 71.17012995198697
73.15652296707171 32.76786601647823
49.25937125885156 15.21137440495044
97.09026141807304 23.789646361907057
13.33994312488478 43.38330273229707
53.54508915663183 50.55431144271951
85.5858186043001 61.90541336691622
22.865945584378156 97.31640009747989
40.23010801489673 21.146183662108985
12.287980053749736 58.76699946865169
93.51322515559102 70.83915299623004
61.424358839898986 65.59506352164479
35.73088010577585 25.64501028749968
90.85181235596029 7.705308760437091
37.93034884722326 57.2373397955904
36.767501216015376 61.16394661839861
61.401156848042525 70.55533976727193
61.91333292050143 69.6632453280962
83.89650179349708 86.55889047729568
1.4589070086632683 60.45341071370984
12.691062647320916 16.128446271735662
12.67879133491463 10.278240110538771
42.97765754748817 98.25971453530329
92.91952083178138 63.02742386417148
53.77009894633782 66.05494942285206
63.285974270919795 90.05418006344523
95.04146993841658 60.28480964827543
17.504714678429913 39.55546736909741
82.08054861032619 75.35013999401978
4.499720403475171 94.85011699625278
84.97586837996367 28.732507361226524
13.117465603893997 53.399269264794704
12.707822825345394 79.72365214463437
10.62891393401937 72.1852423583306
79.40708041213425 18.893676214523513
28.199612075248794 15.988506527112012
63.78754075422841 39.69296064552721
0.38674306239439016 65.1691577065034
17.21570282261371 63.32075915841382
58.322369758614066 3.487342729744647
62.49043578940232 61.1712063244584
38.333622267619695 28.414609684141332
31.284609503053808 35.54835203214062
75.67701704291032 98.91499063052063
82.24606355501977 20.593436873318648
1.504603108197733 11.161028344883682
89.52002667983494 30.197256936707962
51.18952378873267 68.56132309901956
65.63932375927793 68.47257017448887
24.915778836799028 7.545408245886676
43.214809114314455 18.72307481153279
23.495796853523963 42.437407582316176
47.03432748582996 27.367470768058876
16.20982777320532 66.46524117278044
16.33597512484215 13.729992807841684
22.472358676858374 57.801481841046474
35.24565149119718 14.766911541259997
78.72306091141925 75.54814891043044
24.572509726619217 85.65452906679873
97.81149696865863 96.67167328571004
91.6562438525037 64.54650585408407
1.5615822910374888 62.725018643943045
75.08673359747051 84.62991845060304
69.92014810045424 89.87120934360114
16.46275561633015 34.844598604600364
81.08912278946121 90.31317416376052
14.316587990781349 97.99567176116864
14.683427816808269 51.01779802412061
2.6320840245304344 74.7896458022125
15.530566798413847 33.67975169531721
47.95136027959999 6.270897639344808
2.241472800741273 29.594191280771188
62.36083956094349 63.69127816791655
1.9777092152327036 6.273581571931941
25.939446527111066 46.202104786871146
21.210271325815388 64.80816029459324
76.97104434518664 89.97683891225299
83.31795771365307 91.28344380634681
10.43610393128982 26.663554856036686
18.61550158536449 53.100372040283176
25.569161030709676 65.44828152247302
74.12552359210008 62.33081678256429
95.63064377715473 0.22722488195683344
47.66946301695398 87.40696617583173
95.00117170743643 78.12221695373869
3.2653719471109843 95.14361027998315
45.71125046184372 2.1910750730609774
84.82321602188294 97.88070837261196
42.885379097748924 28.715730102365367
51.448475130882024 26.127088794848973
86.91744490298048 64.33618268704741
54.58309637941663 24.77472385188404
27.05125004990414 8.290394575034776
29.210825667711603 74.49964222081202
97.44057818882392 62.99192331043151
95.76826419052584 93.43887631342287
47.754373346355464 37.6122751896693
98.61081372198672 55.750645699174186
60.658149980847554 54.80386031380058
3.74688992257306 25.421805128785955
89.75303176706933 65.74252969383605
48.88476373297124 50.90189293591867
27.776866825157697 66.02577199926817
42.22340370415474 87.08790166226747
40.25482493371398 8.727468400697823
60.46681663878519 72.91078816836671
67.5330910929427 15.03504249636116
35.17662299751725 75.80935752202453
92.36329437599655 5.478638800688529
14.910786275423792 67.54397609950466
20.857771602023355 64.71583277423687
12.823082374299588 97.15213829031042
29.768460677534737 54.47934453610355
66.9114228466043 9.175491906823652
43.061168046601786 1.2184610331545054
62.46498956481794 24.49006127938098
86.53895786850845 10.437233312843297
81.27244001709211 41.872681263337206
78.14688906836163 66.46661221596031
62.43335964189332 41.48574916622687
49.51794162486471 64.49387894498919
15.812415748811869 85.53437972482534
89.41085116668364 95.9885439350839
72.24816190990524 57.02534258330871
11.772157300622265 94.96138882779962
50.950922445162576 31.04239119461216
74.64704833302427 28.94225854639323
38.59228228644396 79.20089190507002
9.597458660360548 68.70539441435825
25.74549893791527 94.52727796275511
78.86605885500673 31.782735903421
38.06391351580467 53.510567693052536
52.46878788173146 91.72598700230444
19.3649095897962 73.36180711929752
52.45508913827888 98.90612317957626
51.96600820654753 81.76039107163366
35.12263675013614 24.771070621688484
85.26493487866654 27.286975022511317
97.32735622966456 80.58054327651556
55.2259037946337 66.52036661321392
67.50194008924417 9.62794693649387
51.031844986615326 91.66193683673924
69.67250428270542 83.01164764832826
74.08950136562792 51.00056808689979
31.245724033331346 34.89411811966361
31.63057334424333 52.165472431092
16.350852294895436 61.19879169965245
52.94273741390316 58.072239613447366
39.99475528619514 76.90490538926511
20.10602323294639 70.05680772448382
67.35366670424958 29.883953183894583
58.43777092391236 76.10428617944227
0.23526485214988568 65.82187748696381
65.87620457217753 45.77655215037737
32.856316729039236 77.12552696404815
38.94993817261203 82.4749367056562
20.657976283251056 86.34373237829513
22.80556814250452 60.584138518552535
40.00681038642975 92.63399749748791
88.58637355265635 77.06280123497287
90.00156228388607 74.85046823906644
66.53568217655092 42.636523947824735
10.483835469672886 40.66812984059507
58.922434767002166 55.60613337620175
68.85265424141105 95.76410587038795
84.0696946093373 4.547238276567311
22.24623265211305 64.23163985371774
36.2326279669543 85.73624680047153
46.73065438616766 18.859093041050134
72.0974309503546 22.330991535332267
70.00911756308787 39.30575039037687
35.829726203446576 26.429205373744157
25.904910964599814 22.37563726883913
37.096330146696175 65.18293306760961
20.073461764475574 96.71695535277594
18.191709952173962 36.91122057955116
74.80946984808527 20.09292845239006
0.6506463019257502 45.528714163061814
11.719060214833066 63.66934601391969
12.351109731637887 8.978822173740797
28.023542110433517 5.992565174331155
41.75003799699517 26.884684401115024
12.06262539450156 87.27545021341786
9.537713027886486 60.429338437642976
49.747836156911895 73.07754758171482
38.686611845616966 93.18326321243183
13.820035061657077 17.789240071995494
55.965966156603855 18.515850232744736
96.9481696575669 17.43398549114994
89.26170925819687 97.5968769473725
39.919973017647315 0.7615470479203301
19.958198081195235 71.96141094964396
50.942108052679316 45.58779571077971
57.985364634936 94.05209250914308
3.064665327593019 83.8280070630163
76.22814557205074 44.69437525042803
30.940047033493844 87.83510866532833
27.978169095193483 23.03504218140777
59.73904697239618 16.33870221858271
81.46707919091834 11.666176676719498
14.198237918089006 67.03634202955702
0.10960899465970453 32.83602368168399
64.05227056886915 42.652394752947174
42.32975273642259 36.84879541907606
42.949602146966946 24.94751256667749
19.08447958014183 61.3818965877444
28.522001605172576 57.52417958396436
80.78553555343592 51.12562101942342
92.13716962502747 26.913728012812133
25.780295848554413 5.809838017576907
74.16634535313065 1.6862740968597745
49.95828032584757 11.332134957704888
29.668130409802785 79.80830082499146
16.704704480269285 48.7777473535395
14.319355555380264 0.2586395413246789
96.14439490569961 58.705916532043936
36.42031778065695 92.85739226091864
69.55665823009747 17.04874174171036
26.397608352245562 38.21969293718166
10.431858523104065 62.5732743383173
21.8317177758121 18.619846313926015
53.902793134342986 18.22964546310457
1.2478894731071222 46.320334165573044
35.13254746768526 76.30918507330145
41.952082129957155 63.54928884498152
56.887357865233646 74.77757000564247
18.996500099231596 67.48051539214073
79.98269077977432 7.38969762513737
68.7231060805626 2.650813889353021
65.06924662330402 61.817318315257985
37.325537195276226 10.942241663307284
63.69068416884451 79.07605729413322
2.1784413142583947 28.844135145654583
29.503255508684866 34.82288750225342
82.63915117826284 0.05622180686992717
90.40969943681596 53.77305617339343
68.65734433817681 23.011361178084933
69.3593263658846 5.105235023981369
62.277619998269905 5.343305338619686
94.67414559221969 35.476895559346964
61.636356079480656 72.54879058978628
22.22930767614728 44.99596661816763
19.22831114816239 63.506674806773525
41.728835915934035 70.23924176582601
1.3277927007006252 33.29624294718789
68.42148263812868 62.58955065626628
90.45541792497815 95.43433842647184
94.45511267405541 89.89512357656186
83.30250983479446 33.17628762162374
79.64543177926933 85.90562420935387
47.32868203297955 50.293332477768146
21.204227457089853 61.24564250146835
69.04118466097641 34.78912687227913
83.99189589579434 39.55917307758392
50.80964931241465 56.05812168431592
66.20242015487128 63.921254839076354
33.32653126474796 80.63537871386185
57.50097492660837 38.05095815388895
96.98773538613987 60.612403674743675
77.81790585495452 65.89878093381863
0.6099131509549993 32.92467757151001
63.395073588502356 15.801085902980216
42.6506534261913 41.68019232745923
16.092576820011175 79.62115844126228
28.317307123144843 67.52564724673596
37.16927402665164 78.22300753214857
91.11728383064795 94.70218197452434
95.44247109970098 59.21165747395596
3.7384370070946193 78.56312435944879
75.48785170033665 31.31075971843913
58.74384435438562 40.26176645013604
51.84138661738844 39.10445675001868
29.84983299080366 61.04972068888601
10.100440162886004 63.18142168530698
21.050364754563546 3.02490775983435
13.456849917574498 12.3351750484205
64.36508332447684 30.89058169074461
58.865422512861684 80.49070149507604
6.904462912698084 1.701296783604156
96.82840684874058 58.13416633053507
15.24385979982339 78.28370921396896
25.94511514325042 52.86853642489086
78.20967823600684 25.317745680688965
19.994566321053387 10.629161609865111
93.41384786534255 79.82045535259381
24.526349379718937 66.93717911081949
56.82424342738492 66.75265261684704
56.173170833611884 16.832786586452066
62.249169110060485 82.42414687290294
57.815813142938175 94.32358350992114
40.9236418333182 5.811042350212592
93.8360330221576 45.07173739223052
76.99040118335039 77.30754897026635
68.86798397413716 41.52502183625442
53.136264075896335 21.96680838224978
45.451065445939065 1.929048282721313
53.58259224805657 26.101009634543804
76.44821883013056 99.24259832470767
49.88226484448348 25.309660819327128
91.91453350945211 32.399629114128416
0.42451865315571435 78.1609638063383
14.043213583720826 29.869307404601564
14.754283938871726 85.38732893155615
24.768713633344895 52.03892272052839
86.77948545508293 14.324450255232989
85.79080532158967 14.45961663677824
36.92374306018982 4.267835580697077
35.87811461388244 68.71225105010403
98.18399464235176 41.97901330167919
11.958863922209995 85.14988860680266
59.509942325224706 52.33291114123859
86.67937151977266 39.400570016635484
19.40535313710825 72.54945706193752
18.21647098853716 81.2518045862794
84.90165564486716 19.041773570607035
78.08586174952194 31.882922474355446
97.9618990193168 3.4101786887796637
98.93301101665463 40.71350892492145
14.12165588045784 30.178786330404606
11.208526229021466 63.223712524992216
36.98261969692709 73.35219948383379
92.10612656044019 53.32400007127296
42.63194760171627 95.67075054958703
52.62510756599579 0.4725145312664658
94.96307988721955 57.98867836794122
9.937064634174341 55.81234380220146
53.06680936593588 31.34717191560177
8.478143626799707 87.12044217307846
63.55516595505713 68.93783792747695
40.86938769859294 14.913713561376252
62.663730688967554 65.9269121397049
35.696042672068494 32.117905591764554
69.1183322955716 81.30464447980756
42.72270338928219 1.1896593602399363
0.9126689905057495 76.25314170446677
0.9427496497080634 55.44087789212773
31.615524966606046 84.72884088748829
12.99940427957884 73.76130431546642
69.04968291596722 30.872083040336264
98.00649908990798 75.3282324612543
30.82674819317337 78.46191534311149
43.19340852922466 43.41915599335688
97.7833208478927 24.748048408153032
56.8603483893833 36.75710820880904
44.36470614086152 56.19975150894581
5.790891553074196 28.36946353483669
9.053659429923 64.28068231444894
38.813496256369405 86.71051861422457
54.91847002551198 71.02969960643615
73.90416234594899 86.55183962410098
79.77827201228568 45.157449226828916
89.3273385905504 45.953689017006226
8.418928245921077 79.11066977178709
72.47367574890524 63.9063880337202
94.81804354519386 29.005017398482114
98.90896364952475 68.65282382783332
77.42962831082264 68.20123332287875
31.143707162277344 48.48265354813661
40.81652376888647 17.852719222402214
34.976609099910874 89.32187990276208
88.54625035789539 54.961215199456184
33.013526023528115 30.07278041202337
51.906283270491585 15.516492690602558
62.105075739160064 19.597449701647186
2.9807367646355054 40.886386832667675
95.48193494017387 98.0308393264354
72.07040110383957 20.260674125622955
76.59871461177876 53.29560245317999
52.58657358441299 32.218284997863144
24.996600066041232 20.152643905113887
66.54331955823353 64.173712245669
80.41259645487466 19.44692755930617
84.49665272485991 20.92547283233477
65.92161447575438 1.904717741087092
76.47370947482246 93.9238988735911
29.45227315408314 23.620323280644783
65.66466686016885 41.411106696190416
3.388398667167447 57.56171521093994
23.16236018372868 29.638483414783522
2.1685606569969096 64.00794280631325
87.05619562326741 28.584864163788957
51.74540269194947 56.018927762966484
2.945430165950813 59.89511797123461
55.96823346553257 69.1085431370651
38.10605821777149 26.054262875477853
16.422000961874673 35.03275859314399
1.0009716606243835 85.23512888183626
21.040974859274876 31.271181718934173
94.58054798767029 23.54613310406608
51.95427099359544 68.11651695182968
61.0012230240722 99.04852337980915
44.75424980873719 3.0956855982151588
49.8568438235115 62.35232855851434
48.66726970374666 47.25962217063084
66.95715904950018 77.42552468287967
15.097047016804144 71.43407028776818
2.2193829644177043 86.4993461726602
97.52136848980093 71.9194157576934
51.54108985267405 1.3999280677625459
72.54182144829781 19.925837931593946
48.48674187940281 73.56815016572182
60.67466774200059 24.515733367172988
50.75840245273782 88.4354493732185
74.51865433238298 34.74899697224818
99.31836448488296 96.09059334852704
3.3846776923399435 88.92325115065563
23.65119484832341 63.2668062393084
21.510463356365573 85.42341860559992
35.82359766873271 11.233751046335927
16.99951670847495 28.38332357837212
34.93003022403202 78.44342184749652
43.92363466803913 57.449135584070696
17.190460050440937 28.1465941149764
41.45080266940431 76.98076425049759
25.115496582489307 15.962065622174437
25.2526549269551 37.97491615165063
5.457251025159104 86.90947607030293
8.046452754138333 53.11341960186717
53.21511064180062 47.443951991905784
47.11464455898036 9.571927306458639
43.45434720159751 46.3238221268792
33.79134391854852 89.51855088402974
41.463762927897065 53.62659592001216
3.0642086971627513 75.72115726019501
40.27434446668852 81.9492539901025
58.84573638070587 26.621652494138793
81.58244549929121 43.28067942507816
87.55724595267947 36.45345064130028
44.966644119076626 50.10524982043203
