670
1 3
38.06714343256618 84.28009146311994
60.91672992310537 12.811577967301169
10.551314068383899 50.59430728623564
90.29942183615623 38.16147414755315
13.293655830395279 49.268395411390586
32.16046716877925 52.54733048077605
52.49343876410768 94.5300315151796
28.79918290948367 81.05876407287083
23.95180431783368 4.83648457959327
9.096630321629506 86.73787729785536
9.443000336573926 27.666738340545404
77.71262787387249 38.927914067552784
45.29279471248198 26.983423883758938
37.26319877127662 60.18593192167139
12.512120033543027 26.457825448017893
57.820761671493194 94.85835230823454
34.462835479815254 67.49237008516367
22.70341724158613 45.70043296223236
58.79199605460348 23.47609001330302
64.68291438810422 16.80877633710911
72.07088888744212 3.6554576944227035
74.92645012393248 48.459635658365706
43.62021033004693 33.582137396112
77.46665822673845 68.82053655128986
68.55380312335606 23.645957460932166
3.38089280454148 71.19335970743717
64.5331805821008 48.12992112195968
63.483956972641465 73.96160785418321
5.239712168783939 96.39742515189073
61.5841262874506 23.43773505143789
93.68963965753589 4.072112529912086
57.518803055598866 54.935512534959145
73.2946564609926 88.08402834355442
34.54497085626167 53.78441635595155
17.69476793571294 12.011898255573271
7.3854657551032155 47.85080888793398
61.70094588017236 64.9081743393994
57.44262069273083 47.57829552217405
64.50330609849043 30.291139507552224
23.86471303321198 9.99531950778767
24.854801261735492 56.14678989151643
1.9245090958807332 82.72625737318278
87.43385329983198 87.60182539224763
8.903960335311488 37.944860952899774
32.154119886355105 56.793437176661676
79.36188017195265 15.418497311308354
48.122074047000176 31.35662972888833
38.35800248897541 75.85124391971527
59.66635477499966 59.19566703739485
69.37634147858107 27.272213086825147
27.77979463286455 47.105529923501564
96.43743895346562 84.08452747476693
44.46456693772949 66.01559541777455
65.52230098311742 63.28602210501766
97.286573089718 59.024711430871555
47.050726625821056 68.56446568323081
10.408277091685235 99.04525149152636
62.557233472496264 58.48303374898731
16.557948323420234 86.90644747493386
35.63503705689748 45.434300223579946
39.211579576334145 55.273368700492355
53.355788040709214 10.083799948476791
73.39133946718057 76.57550483854669
53.40380198585184 6.742316903465051
50.32443356185057 3.3733569437909727
52.23062775738694 89.11416518401312
67.58744932559483 22.127987021852725
89.70212909582938 51.443188633428136
82.05431103354341 72.2089935198287
77.32111866017144 45.669813266498416
66.00924120206007 78.39139509978916
89.29132935322177 91.39784283947891
91.04995136218672 95.31109407060352
20.161377343672893 81.57060146632165
58.780496927110136 93.84262723156762
98.03869633324946 13.972752636102026
50.4092596641802 15.012933628876478
18.054441014450084 63.031485605558224
35.310941266596416 68.37852127563183
46.49334984828004 32.29178534942141
57.85524454609712 46.02475754883966
4.439206548519503 78.48069512819656
4.246637878690129 8.041869586642347
73.14191980272699 85.0102171416678
94.65061333807424 83.90355189865079
33.44043172793738 19.059536701667025
7.697794760716481 37.548231085663055
46.69498080238017 68.1371067353326
16.90224163892198 45.44497277614221
48.45249334249138 66.22437480596825
29.338647049723665 13.628408024327477
68.73666294603582 52.08570535758614
52.24806482306321 6.733189052388577
47.506443537895834 50.139149345994994
92.75058837620551 11.931554104945242
44.407942820813886 68.90097956710318
47.06414171093425 73.86848288736863
80.31346969281597 95.17885977290071
48.35585754255263 57.57588516867052
72.77853590159482 96.49454897214642
51.225236796341925 3.5956341539376213
10.374000728558741 84.22645641301048
12.391903394386672 15.425292093195186
56.724694776011894 64.92896827909296
9.213657713970115 80.69847295541072
86.76719265935824 58.07341774536319
8.847632780948288 83.93294223255472
39.25174050223348 33.71092869977237
20.656393162097263 93.953622666561
98.64680604502259 64.08720314272625
32.296734147393245 31.032059581968994
36.09415652466532 77.71849764891282
67.06782083975347 76.29369352886238
40.46137708916015 61.563382490142345
96.1830667946999 54.09167148404077
86.7125925926181 96.64472158091593
40.62860467088265 8.177325055932894
78.0169919622378 62.58717991751417
59.33875869749716 15.193950520652045
35.254202006754376 37.43530613311088
64.02982333317975 4.04867103346247
27.264031572068916 99.82682963811725
1.9227013582564068 77.54645563509732
5.35608184438543 31.726153306627538
67.97672061739333 82.18847938824156
49.76005246350677 84.4587552426475
84.14746135733118 86.805410542365
25.022292525128464 99.9192331730909
53.344556906838925 70.37552436982257
4.990811862893185 22.617955404695913
43.19703154144714 19.667563734117245
69.13580894266507 3.3313805757233528
16.279728694248895 41.231765342036965
4.050517763722139 38.65526494284437
90.84208778603757 66.7065072252263
40.66379630957621 61.08102223150183
44.298035315052985 90.28021697470638
9.095565187870779 47.11425481692366
92.12780689879001 7.626500369060096
43.72580718726411 74.49657140087457
94.52225477049576 6.842311149809799
34.769357244126 1.9088138742831662
51.6017329963153 1.815519081109196
99.92945416399996 17.412733503872914
46.924671764612945 43.271064037028076
56.01655466012303 92.03033085972194
81.90936646165257 57.22242726247859
45.40682518646626 94.4718604134765
69.34837150681608 22.22401905102449
84.13274796251946 99.91437616651353
35.405012139007795 35.60863554366558
65.99671956327286 70.07089456069914
41.627401649384744 85.80586034513806
69.99344373129084 94.21942785413
55.925873305344155 78.6180314805277
94.19943397815909 27.29688238008969
51.16886054230469 81.9397817901233
85.4916568031671 88.43026246398395
35.23965596006673 52.12712538985416
77.41852284701363 97.34573516033649
42.90234688208796 15.919528235284908
97.75971049485426 94.75910214304974
35.797904654473946 36.01117646368033
7.619848207764912 47.58854077602257
59.43121074809885 88.90847300989154
73.5227162637393 39.89430933109366
96.48921588094548 71.31663940856605
48.877204547173946 25.081530834448905
31.158475881897218 6.828550267720135
43.8692020912051 47.412512969898415
12.147868827016373 53.74946162847103
11.117633964366114 51.40624639461458
63.594901533802826 71.96466008819327
59.05873189538009 22.44166514063728
64.2122131326297 20.917870341730648
22.78882713477166 46.13164920356403
9.934495033662616 49.919345206417454
98.19996512082902 40.1981598493812
19.07686056458713 93.29485391534521
9.462357380299213 25.912959459724895
6.634813830610886 33.514893776693235
95.97813608256868 6.195671732718466
94.90925944855033 62.43224642226139
45.656902436501156 44.79919641389447
51.36933569590336 52.32588711815316
66.30680229622632 13.89272949291611
49.38256255332818 55.563371115462054
74.25533146788985 19.863245380828264
97.24865548484634 12.632130155836997
55.22703978526864 96.90286793267389
73.71924680170135 27.23534141958619
27.422988809894488 2.3351982317599385
72.114268597734 76.91550134552622
36.651144696839324 22.665480354674617
51.59764054522456 33.070198808170105
19.375599157264766 36.33896601289934
6.577123819648678 4.117094641854813
88.30094845244476 80.29879095782115
67.6417711100636 86.66896924763972
89.57191256894251 15.011750859771865
32.15390157102922 5.426050756808531
57.353404962811226 4.549194273029777
28.302564609166424 14.883258430104341
97.0861965557587 99.81502198633683
11.817536062640443 34.50040589872485
21.083130329697553 13.691532764326908
45.88049913777583 88.53547943524201
88.94436596361741 83.16206577747047
59.92607716493092 59.44492724814852
29.33561056021563 35.22113849482569
37.838527680226775 51.90869177083397
85.29895233633809 95.75438010117881
1.8778339242573105 31.714651164358763
78.37163320239546 24.499065820573485
37.75563950280616 14.35222284785025
82.91546190524394 53.02701992614778
34.35163045153067 96.80309442958735
71.88783416195798 34.5529179944285
47.031148688833156 54.91674171662639
16.877812031196093 31.345616217011663
66.78025491435571 63.40248893401501
81.55067607080939 22.536534599409784
20.691438681025275 46.161928418161516
7.758918899011569 27.348653936986288
5.5163982869934625 51.39971342168332
6.478388328733442 89.62515150936558
35.320029401499056 35.50933001279621
38.80045614312091 83.19187203313585
37.27522002453121 78.74568688766192
94.5863782501889 10.346388965419173
65.07837948138938 92.00666478090615
94.14053959937499 11.056923953478194
97.33105149602488 88.6600302191154
89.77684509183517 0.6929531177525261
96.55611835784926 44.80264404210368
26.661171963026685 44.42929253868382
72.04214155348619 28.563284563061387
52.42787074907942 81.31998364846748
31.3493668080282 12.851840166560645
48.9688475747583 40.8654716115723
7.938097245394449 3.846018806163398
43.3860480988683 87.17143354016655
80.78864538374356 93.88840242549956
9.06609150371207 45.19795084295575
93.55544265403113 26.581407415922563
89.45381289659848 55.19181223201932
12.587766095111963 85.32747171305812
22.025053905043723 41.92662423892601
33.487383409806085 79.98638492841113
74.9809366085424 91.01042051814419
33.29728684250457 46.05648017454753
81.4682504367548 11.530391599945622
83.86325421695217 91.44603949903576
76.24969718082235 71.39480592058935
30.49735062873722 95.26158316483153
98.4415220742219 78.36849255922822
44.463724107872025 18.10202204222051
83.90711888713392 93.26902441512235
75.18189384721377 11.080948033135174
35.66969600372323 89.10194640619802
15.809884822631526 75.74546827217239
86.87471297882885 80.5149168439681
1.2462303985345757 99.80026285099188
60.07563901219059 52.24451958976664
49.805511027048176 29.67880325584906
60.332419978944294 8.10406831344701
8.831171166352526 76.70650018284604
83.71037275463851 57.88437340103434
23.13173619985185 46.62023061503682
11.31159808693476 89.95904697134694
96.82841689847915 95.46511840770523
51.145966716566505 88.77215241689458
96.4481723819202 46.10232121967495
72.66565136072374 85.13700635915345
28.11321667281903 16.439612400738923
10.754329462498013 1.7059555357305412
90.15505359552529 58.41728999607811
7.156880709516789 70.40296343798067
8.327839423512252 80.151272510485
81.73002498421926 17.109385467310357
80.66439013198155 47.23296569187796
48.30356827903781 14.228096091086417
41.0252621041665 18.173488371199163
86.8323046735741 23.317516096389102
43.09886553740358 48.27146179369459
51.662945400898884 56.325824169353965
5.483874373061037 98.3180877029316
14.198663072849737 73.6384906215561
41.872240541885475 72.52670308202629
93.28325282422927 10.700404536105346
2.633626214534246 74.28864335421497
38.72642210172188 41.035949186891266
86.95551973555024 0.8101122641776426
68.30393088434101 13.897283445400642
30.962132773790053 57.47989101958755
55.999424967968594 30.684861828173247
78.73956143745914 73.4051880994412
37.1240915128819 22.10888941897744
97.32160832406124 58.5430998517104
75.67611032857857 13.284897748218771
78.17711492045434 92.80977244066139
28.63268224679807 64.46142434791003
74.34431787905251 69.62708802256739
40.922917311349806 22.603726433074844
50.847861227839864 79.6804403782984
74.73313996793631 74.82943909893413
48.565952819467896 78.85514641936373
17.293637782765735 17.64607615179976
63.19700427763346 50.99342432313287
17.79068150938461 78.93641137570444
61.14141927508858 41.406836369405234
42.92548855407525 94.54873770642394
18.241020358796955 88.36750833564287
27.82181870773823 35.77451299390515
30.53201143486637 74.3778418758568
75.13587991526893 20.54144227254571
76.16267890533078 59.27533528498232
38.32436834195572 67.79094601861631
25.899920935241916 95.56235850312792
45.931254622097015 5.4172814040913675
48.42632507796243 90.560801969369
10.326137364039667 46.5885170095244
40.61022762828059 54.22948665781331
50.36217698534558 82.90638734314919
12.805142401059522 87.72492479092928
27.68632930137047 80.22264649009678
71.39070531985749 51.41740697574988
99.37977566242873 65.94620682471897
33.81680566685432 62.49805719973662
76.74509698471257 19.49245531249051
33.05572928488725 45.486078367426174
75.48623227215568 81.05796779004417
59.407236239166174 24.7817720808563
95.40378808716869 27.35263561353851
84.77286266935151 39.5820732091543
47.02592840446662 88.06514872558695
71.50115306925848 54.48772096889163
64.51234268208314 18.287884832095646
49.35926030880686 24.375541265599598
28.935877877852434 60.19285106336656
32.2817784120673 87.06474225519302
78.05773624232046 76.39063044579811
96.97016632034072 9.847494707917681
57.38755026548059 98.2455244677706
28.539885743935358 37.825654602564995
5.785387225270333 80.17090810935503
76.73473040106833 53.85311042319858
53.56771110252867 63.905823682071606
55.804473101264065 56.52485819730933
42.00557624858454 63.398814573714766
84.90052144059175 13.125314619995798
57.71998766715829 73.49004184297073
2.2049649032411134 56.661188529899455
36.65334557940787 2.4744466151482847
58.08943108979514 76.5024235665865
71.4167847483738 48.31464730058064
30.93099384693485 52.76120752743347
73.83449101941746 79.50397791010924
79.58427066647002 34.82439081216471
14.457606132218537 14.32493245289188
98.49992419427444 21.14973016855819
88.95361043276996 32.71913488683249
92.27225782250075 95.47581530202136
35.381348929713894 53.28158171336106
3.1414404518807393 32.36326226830914
89.19419975563811 9.978213106803203
99.2121213220498 56.06414647615519
29.069519236032228 26.30340652458667
82.34104526092354 39.06218706955975
72.33723041334616 96.59718873373433
46.987634759871625 17.07484788867182
9.260924767526735 84.26648268673465
11.416285583947893 36.05465357040949
95.94624524253581 61.109751427808014
35.05908648755596 87.54121372884211
13.571852087130164 33.15746256499803
51.57862192062333 35.429102387910326
71.95859318224376 7.743463443546306
74.24057719807293 46.75062731614481
76.98729501289077 14.298098635645706
26.03235510007993 13.974224684300719
74.38839303905469 58.54360163534344
18.28621299217692 61.79914864539546
99.63586727450434 70.60504431953076
66.9470782120084 54.4612131852674
15.668357069036688 35.8942961487706
29.93525893283442 83.79036672398419
22.748831053434635 32.42839166304932
88.03929731741775 55.1066588549018
51.16807999135615 27.435405301927073
86.82196949308974 46.05662481291641
60.629298993363314 4.619409950464126
59.45661286863293 63.04779709422106
50.9886138657119 45.37374432022234
74.3553369134798 10.06270572953678
1.7248376507383645 2.5710811998935768
45.95970164617849 9.069920037141955
0.5655586341171359 8.603295674241318
28.612950422198203 59.3632692704013
17.955227527123817 16.71888160747741
59.00519999775131 95.64578315963503
90.61050574098255 10.653374987084208
23.93528672921512 4.359191903029003
52.178357523771666 30.960970470289716
71.74101514004407 31.44854181573209
84.52535832041531 2.4842437851296584
29.88563752233524 68.52342596607446
64.81796344679746 52.69945119135746
18.814149628925712 52.291644519903514
94.10053738226252 37.63812650968477
9.293772397307087 27.342856848114817
30.145898189655828 19.870736513431986
13.437807881801156 17.761335961483617
77.09610941754819 55.00500583590748
15.501424281300613 53.031808839768416
13.130026038155517 27.14035843572049
19.636704901289747 55.40787498300816
19.817702776901115 28.829777798245516
90.94254902216461 35.331554190272676
30.338266959246553 44.88170844827097
70.6628917361282 93.76947420207375
94.98689482324573 48.47030153960454
31.242416815488916 93.2492107683607
20.40781394845115 26.50165507590543
12.784388087335618 61.131130301701276
44.62111068367092 0.02382699363097096
26.105349227379083 29.26343549056334
88.00277292422322 47.15540499403368
88.21769557400303 45.58815913124206
71.48530611218528 16.23348304609038
73.1266834948916 26.425031067708925
37.529294906426244 46.76097182112593
96.01390402615078 29.58002621277538
17.67064284359119 18.790154014123296
80.97644058053275 94.65903679616454
8.650870054451243 45.81254411936462
67.60234942965788 85.02195110720876
60.43267820486011 37.39951720502588
92.60848165122285 2.0163478857153194
95.85052284192383 59.275701648092415
8.864475516659521 21.8085692904344
59.7285028285502 58.90536726909641
42.30051542868556 25.411285018321795
95.39854866996205 87.9213980828729
43.1967139297406 40.42809996322072
15.692730003007993 96.08800633429439
94.88966281767877 63.63627451303997
3.5576738867398205 58.030560243903984
10.576792308909443 95.74484132764118
49.9545713951816 84.87398961808906
7.483208101972272 35.281669629682064
28.969304080462678 14.763383286804356
51.306504577188214 5.364396514304315
14.43741136481471 21.545761846408308
88.68528778395725 45.633294480715136
51.115656022664304 73.06753373763304
53.54549284077257 22.8257935659556
55.64522989993308 61.15891690865849
90.03298224796173 41.91119467141331
92.35997406332966 98.24809424803192
8.465372018987694 4.989924388518019
45.86279942401903 29.79248801942962
72.7072414149674 1.4546014480969038
90.38128502413718 83.93365078615147
48.6860328348599 40.972840192544794
49.86711221958253 35.40473720559534
1.2380222121008755 7.32910595688443
72.87791892593307 74.53024687762017
99.7851420111127 52.985774104459374
53.23468866389196 64.4424519527891
29.3102540494236 9.631022007687239
28.83798096872445 22.264810226336774
87.4940680098125 28.195905149599554
33.86442890372932 52.83614597124544
13.321680397937975 76.83611211241781
16.37917841518506 64.10101830285161
92.27116277734864 73.1600901417761
5.292568075988524 30.98223039898491
63.91948720251273 29.864780578254635
72.13458520281118 95.36360687054177
6.826575866142348 15.22045889119179
48.085744183557225 94.38599506696778
70.04735323961417 99.66748235939124
99.20479565325093 44.652955443514955
54.1850848904565 69.4278522740785
86.15472010637393 12.97870609138645
54.84293102817153 33.93564180717017
38.12316806766749 91.82270527094114
42.07390574561123 97.29639873448627
81.23917985714391 95.3842037010177
94.64015504247423 61.03422904069484
44.309186419499255 64.74946515818041
68.17745945871476 86.00030955410465
22.857600928155964 11.962326179068317
0.47388622518371726 42.80561843151609
90.07809847929751 97.65980001268521
72.56852745391436 60.66495727900787
98.32356666522143 98.18891854271068
67.98210164111282 26.7661018814771
13.072103465812868 5.959274581039797
19.593417388547852 56.265360519884844
22.627831398236097 68.59742008647854
62.41119375192869 40.06345840163876
12.013133697326083 43.11585528850157
30.299153810028145 79.85401375050284
36.54761205657668 40.390178171303035
91.05817228315122 89.85782494115388
25.26994528508737 21.315932309762854
63.90839782961153 39.82369918915305
5.215494280398891 59.28744258094603
13.233269837065365 36.565176672035314
6.73502706993363 12.117851701060811
12.580821242814388 16.391183600977598
54.70074337729463 68.78469091892252
76.6750472028338 19.42873397215259
97.17223317362551 86.79150053797964
97.34793776902669 39.3981873726251
9.533475457699758 68.83206362025986
30.78125257587341 36.772428966061014
15.344318094416876 61.87535868212577
89.09667281555738 77.8038051660084
1.1657035778931402 42.730444621774375
65.08277378029436 73.34898627476171
43.96017695590248 60.014872247126895
39.142922066743594 87.3632746982017
24.38010462979514 81.413721765708
16.80897811988913 46.628285426133864
57.37948054578372 24.29133087638582
52.408621313298774 73.02552317327147
74.03555365341407 14.262844597733526
84.36449960350456 42.64257045032647
73.73218396898467 24.99513920265235
86.42634345247708 99.21110663043278
41.759403378515735 55.76270677640187
75.48594655230818 24.31522479592838
77.20802373983422 71.99685654030921
60.83827710114142 60.728186174199706
30.48495413065515 37.25041059957943
81.66068886223196 82.1810937157886
38.98302762659191 87.56146159324692
97.73017449384933 13.933605920805302
88.74470381742181 58.23288661540238
7.158377549790562 56.044067967350486
74.3308545115882 48.570769949862694
45.83284187072864 33.69116407664659
66.32424732039703 51.741500940806226
96.19288529810576 22.507048296379438
62.18208843355113 45.65469088629992
36.54645437960775 11.926970951432047
13.294655191880022 29.66438697578708
98.17462273536022 41.63438913017785
26.366122634241496 46.31544382820938
17.563540637414654 35.13055106348843
65.74519720796471 88.85475938595641
3.2980282167108355 33.666837264621094
71.20656628314556 48.12365826892338
94.53050691798627 94.17944239455174
32.08168825343067 15.118811595352533
32.96532454133365 94.82606245996261
96.28370736525326 50.69318988648228
34.35265136704613 81.30089682653627
0.2005536855038681 84.12695154686585
96.06847340833733 93.04206978105572
98.0390613116775 23.617124128915545
93.50010149890822 54.67148344082899
54.07530427987916 56.812214081676935
21.43888845241142 73.79618365666505
82.95480973052041 59.485305418514976
73.44360955984483 94.33382204447949
39.48551100522797 77.54568711593284
18.420493203003584 67.0647970225252
0.6573637496523732 12.002728171651999
45.93058098400584 90.7002038898731
59.80250521271597 11.530094122652246
36.557140202272166 13.027712774112366
85.23186096449507 72.14784695163021
5.485414687636814 40.87573613975686
6.020831338483834 11.201605328764753
69.97473478115357 76.58134467359834
81.88744231401732 38.36112456890468
43.90276850610626 54.5789681173996
52.54151179143762 16.61142563428497
6.525371513193101 52.975945515206476
5.771481943686929 32.115624092917216
16.319164894851102 90.33035717825742
79.37741322479101 33.9691386234658
38.4216335216262 67.96647364298141
45.537712371571274 81.93638259653468
94.43989786218611 68.22456875534392
39.6188985548318 10.900984007253989
46.51761645314658 97.81030659449164
67.58430617179958 96.75813808097953
13.224637897075642 11.193676459735237
46.61113858494834 40.436955597035265
89.36375925405311 4.945639207346808
40.61660058274226 87.97303237656784
99.12100877387076 90.74921453048262
8.391458621857106 34.45114390220727
56.94262550982621 29.081401626611058
44.93207958834988 55.3741589169533
83.29477606609423 2.2429652051150217
51.559745536004506 34.343098870597366
96.38924126451336 56.60334834561191
21.89506403832795 49.704083856027445
75.75232666612241 13.983881499621575
39.850226368244044 69.72029317777309
90.4805536780407 18.925796152661167
6.840920975650899 98.26467275119775
33.36750138743396 61.67891026064281
67.76159285699876 99.42155943275633
45.05155283302882 12.343862970457021
81.91312835246013 9.806881654771926
95.58214229801794 77.12518973359674
12.171414271732605 64.8912544217308
25.475862863688082 58.646074121916605
14.844994791740973 57.48225506954123
17.651682222001376 40.20510455878949
45.79629525251316 54.44305369004982
72.81095237650365 34.910933749270924
5.567357341495094 48.07174279252126
90.76134352995204 99.01224191732538
97.99778952632809 42.68432207672554
73.04742497822491 56.87664643392316
59.830883983504 62.50968158377115
99.77890844910908 60.710276743136006
17.385536392965427 48.30910392270877
73.82712695795293 19.876485431779955
48.367429114446004 96.12475255213737
25.08269017923812 94.6852495929686
76.3435712068044 45.41959564493943
11.859426484809688 19.465213717828433
77.39157640294817 42.951344567239325
41.703967316966796 76.15491100850194
81.76720743682226 67.68819053916575
47.822654086701164 13.364760964526123
11.748624334900493 73.58797966350765
15.85393866361311 92.09322862693377
23.35495659045359 29.920602293867905
88.60740296106412 90.57149686813342
12.398576850578124 55.0632006337969
49.33690933469137 60.0312585176126
43.00319490412363 82.8199782737388
13.354891296333538 37.02311772154001
65.4027248900255 43.75610045743312
24.695984938498803 9.605055274299135
85.20864421720174 83.83295975923704
50.16348807467028 45.518759338475554
33.69212381552278 82.21874400391715
95.77005776244701 86.11323005612621
32.27160381849694 66.22971177846166
3.579957529561706 33.37320077380792
52.079409656157004 34.48997924940633
33.981232505030064 97.2412572215406
21.902691690232846 35.643083252994145
84.70709419938711 56.44038440499226
9.1235614212954 62.448691148293214
46.874073977031784 77.4051079912905
58.38838430690964 33.70450472792752
19.72824706638916 63.060216431116764
69.18777518850396 49.399941402451674
59.45773081557129 78.55384259659756
4.593999267333859 66.63568014212464
80.8430244609846 73.55186308885794
63.44378750870907 9.730619504380812
68.93097974912823 31.546063278254177
75.94033141309102 73.16276022134194
39.49454529133156 55.15618752203777
21.09158771333639 41.795083678439006
87.28451441405376 35.232112603754096
60.15282763589618 65.80639534851804
