190
1 3
40.0804101413823 64.93205734212634
31.160391063950076 89.2146191608348
16.260226640531105 7.429796252320386
30.410614081410326 42.86356952016559
90.00652832613282 43.558467560065736
44.696273012512755 38.644830564030876
62.920171937829636 22.09411755241564
54.34189022132978 84.36307115988781
27.83602041488702 66.88106834194593
70.14584176152646 54.63870027625628
42.36169133897209 47.19355881874954
13.194862345578628 84.45231979928727
69.53562106040614 90.77652254646675
91.62782183747187 40.37613386554535
19.675534715315447 31.160717365899494
55.695336501798096 52.154654842411
72.436712494808 59.6627626593929
88.9807141247522 9.369354591493796
47.795683547295354 67.02468155934345
20.141741826782123 24.09967866364633
11.208550971901099 96.10773363277877
41.70177219878424 4.143186396327159
92.63747796876002 64.79104309767989
46.784315153532006 57.85860872637378
1.6519882045151757 87.91576206613081
40.69114849014377 95.1929671751026
87.0606732463001 50.229635085235834
69.64875402280516 76.30740977646688
4.448728566768567 93.35198266165332
32.222475095260926 70.0201884974323
5.637445302300215 76.91539667264028
75.13400465435171 7.70118562938118
50.61028137076278 48.620350042365914
85.30990138365678 85.2910673671011
25.225117883593896 20.311807879813927
60.99555870755904 1.2895473717931871
24.238949594456784 80.64639377120719
42.08276444154377 52.14138511319539
20.1438325536579 71.24292821078433
89.47441962449858 35.336996252004525
82.13445757237245 36.88065050824263
60.60639862445545 43.94749660836137
47.29140540327339 39.52527365306315
42.66750865371438 16.84626115712755
17.00552821862189 47.48151386403081
57.54874134661141 60.131074798468845
14.399888885116297 43.82860428106488
91.90666540744591 35.817664121336094
31.05092416771946 43.49305712954599
11.561798213263241 72.72271758947797
97.52828304526358 28.909922009758926
25.862333746342102 65.52450281352127
83.90171749092754 12.105200512339586
43.73151233586703 49.47851006038781
55.60496682019227 89.46384324622554
1.1320431477613413 24.82599143953339
30.39219663897765 5.491880209338151
37.090685753620356 53.51806649886608
15.660532060066124 75.84300960862078
80.66801682474905 69.70930218469407
13.855691198283516 40.57731270179481
15.206676964343323 44.06284996749938
56.23721221280793 81.39547611553091
2.7263655605256343 37.78921010905927
29.662327785974462 74.99468182983102
78.53045505113896 68.83506341146766
86.21011199223956 59.5242183234238
73.5552839980903 21.652403542341858
60.56219951320519 38.40560748309627
26.70642570978805 22.14382255263343
7.617007496376127 53.120591079584
97.5838124884695 82.77631118416721
53.04449975162051 3.449916507303974
5.219645187352739 8.62406168424965
77.26258968042255 57.890593812934576
43.0818464608953 85.16472441650562
62.20374222006355 40.36385029608576
59.886813461125186 45.72697709795226
46.793803204010096 14.05940551514222
28.059386784997862 37.369674249194375
32.87291900363793 42.21555282093903
72.55872769910037 46.346971569384564
65.9656617512501 56.28683675763444
86.42885815715415 83.04828524523246
89.5025473393477 9.753449635187582
27.762610823070567 39.52523611670495
59.12473022467777 20.084948784806333
14.254828524100404 69.52295167836067
76.97323581142308 85.98252371817009
4.44856803008109 58.05035593282173
1.2832188317987159 26.334765767759947
50.68555217086197 57.7267317065066
47.765641356875335 59.79779679247643
54.01202820432722 70.20563638718946
34.333970141707184 50.9167389313385
45.75063247019633 94.97238208238569
0.9203223108850356 67.46883909043757
45.489186394799155 48.164029861580595
38.62878123333813 48.97033790651608
45.69608653549897 66.02070786624239
6.629998118547542 84.18127245989612
25.836044422642356 17.063320280847407
18.21149431556961 10.194311669925881
63.663319107468055 46.058693361788
52.247308143092816 71.73487025453869
81.22419930859877 67.72487394429798
51.13275866898188 81.48149150581683
67.83208905721693 7.325687132541381
1.0468807385650702 79.89590293918616
17.12116658499554 64.03519016396446
41.79233625155738 68.02708220972889
34.57523667636979 60.24031582238263
34.08519055140475 35.07661054801845
8.179776409457862 63.09413688486944
31.446185077357526 43.591482190030085
99.49864713055796 82.16170800763669
93.75383960859283 98.53600923848273
79.88881454901492 9.983011952393595
42.30260586780719 87.38875847035285
90.85241673212454 46.64509227450544
6.965583350261428 99.2499092224976
97.60715696988582 46.93712875456211
89.19072117183238 52.09731855327693
31.612333450782202 48.33923265187452
20.739818127133347 82.46617377699958
96.96687185668576 78.64254844899764
44.76086549188316 9.410824994308475
87.79295960566138 23.924299717505736
26.228596069165057 31.338442638962615
97.83050358183063 42.6357622333492
1.523581170944932 44.30404020508403
95.35178887870205 12.728542089596594
72.16846916899351 71.58392617250723
64.2905517460004 12.513299052668025
21.371217347039728 89.93520195114621
79.71798629924123 75.49046972540646
87.2711297414112 18.365542100200784
13.161588757228326 43.382638808735116
51.010531142999916 5.517342039402351
62.73129917821429 32.95124181564175
71.99114687390203 19.202930690973474
82.09877996836951 85.36514970333951
88.60885131156091 97.1134154006933
33.622928902393156 0.48545283202676703
5.311417998547863 7.264397490273056
32.17224765793914 92.64568916219156
19.460567523120886 74.9646031383404
33.12907924448447 51.48662480203645
80.72160603202596 17.47245502537913
83.72359503963291 38.113029587862535
96.80520107177064 84.78702029686858
44.9472433016527 43.132503858853454
89.85281739014437 15.849647470906492
69.22646558949207 58.37706778882759
35.21898836542772 89.70828219552686
89.14417888869868 93.27250602249555
3.8101984620186657 60.89676214835444
88.54122621015226 55.95586833881532
26.047605848000632 46.59290293844573
77.29752515876139 26.672612840911157
91.92086624340303 85.10618178155036
58.05045727814067 70.49987349600993
95.96569733420593 88.82287223208556
24.731477028239613 1.5007297517197982
99.30856633230056 16.668097950299664
80.55249331521695 62.50032299799357
33.1640422037625 6.489145656295614
32.56475410979844 79.81411593148376
1.3020064901878126 45.65995477728095
92.25339588284085 7.087965058528334
72.00794564188577 12.487443361167315
96.09890792743423 50.64475121173526
93.5748855115595 58.0041252049762
78.08358022006637 17.75419106389322
96.96164884679361 65.60304069914795
13.81270964465151 34.40220030287675
94.21092486166134 67.85196786652352
92.04429777872163 52.28708998402889
95.10638520547148 40.952560339016884
97.85767003044752 52.67022688094385
37.94208533309209 70.8432156141474
89.22792739989025 97.21009960640197
73.22369034437604 52.281494732480915
21.471004394602634 34.17644638633082
65.60815603527472 90.02740124196364
30.752765872214628 74.9721584834168
19.050247188169145 90.4551957682382
35.571890460094615 50.052616414545945
76.05182029076553 25.97308549117283
82.80056937859257 71.19342188822448
