520
1 3
51.341450252901666 74.82589695645979
81.69845508531199 70.34934561948386
43.76554007597699 61.59355348244559
5.842068207190354 63.39131285092863
51.60664322833597 89.22312079413513
2.872588494746675 64.73849870194243
20.80825744018484 54.75347361558771
56.24388930759836 72.28673462691171
15.60700508207793 29.34218190654343
37.4168328755968 29.746299367888597
82.29739954440942 39.735691587818
53.69470860717911 26.776342209661674
74.17783882110118 89.62727189299007
49.652940794250846 56.82813435621736
17.439656745850662 7.645446899457498
46.657024404321426 28.668198597418826
23.73134335455338 15.574067986178996
21.1187254516239 60.19346352033666
77.93382439880851 91.8488923505213
38.652570579760706 61.08643753980025
62.08928625061452 5.510039027936209
83.42154153582668 41.913025542199264
90.96949019927376 79.85523484387154
71.21690137526618 22.916324475333184
23.401735738491002 30.290024390789938
14.09374814330462 80.24911946758277
50.937701150605605 68.37177422252655
64.60131746700849 92.69564345692538
23.16331851045552 39.32194830863567
27.53310391772783 89.06855031324199
82.24008288130919 10.268609103399262
34.21691779974525 24.015085091057298
89.80612736544936 18.126004280549957
52.15906709130606 30.61414501755695
96.23349130036635 86.49820569008482
12.830326807540459 66.12671235152037
21.637492242513435 45.06959535614386
5.023580333985156 27.712097903978417
2.5767360614538326 45.200474516760345
66.73404818317618 80.74751309655255
50.763872806421695 4.431900048001403
88.89980849429126 25.168110951962454
39.305432432636735 48.462286327487035
76.74599063156111 17.425458859258747
93.95076469048568 85.83731085060136
24.92275924575167 99.72973469606212
65.86505485689398 80.72739496647499
77.0795242436854 2.9938756359016105
84.00896745810789 91.54984786034449
22.383998506778326 84.27002293110806
37.37307585384511 37.92011265822863
50.434873068147624 11.303843647043777
95.37403080358948 39.619300990353025
73.72565563417352 76.79931341296682
47.50829699422212 70.19018366880618
54.50175277409044 13.451803646433703
82.37266673722377 99.78768140364751
58.112766074660804 26.202261473112998
60.66108650925093 99.45960334489942
55.040069488011476 89.51027663535017
23.216210562792018 32.03923701904075
53.58058047727292 36.64021451050816
93.39681889608164 71.17367130549329
99.63379216331796 89.12681013218705
98.27036913615107 72.68600597767166
67.63635853356651 53.46993635097572
33.80307928009047 77.22809069371259
85.23417719377836 19.496751658659118
68.37147842943978 4.565402629020943
18.670937906887918 38.255011370769786
13.802872483807004 7.523074346960423
3.6906854551290946 33.266580147597715
8.882197175860185 40.71462966816013
6.87967726828369 9.359662808497138
10.364479353884914 18.36073092985062
52.72736505397795 38.49956606940728
1.1151835530601728 7.9339062327784315
19.661631333130416 2.3747236973506114
62.45930930908814 38.592209488415904
26.402577487020796 5.306864407696188
85.73223275729511 64.51630475131493
11.914654158961246 2.6202900623907732
36.14334467368556 3.876546096087785
77.09719364125216 31.794242684018982
12.498943365139304 43.87042491236184
35.00796978192453 68.34680230976191
16.40297168517726 21.75919980130656
49.93016117974258 28.372689642544955
9.187412901468095 3.2834246248425236
26.091928977131417 39.14256855393323
57.41709557826135 48.76371368557704
0.8728964199257838 89.99915588475969
36.28533459881762 45.18016400999103
45.9743239344703 58.84443655449909
93.84482015751499 24.59586347215108
38.83603201531649 40.62008448015331
95.74984164905496 73.27349640921202
78.87253565418911 6.981872886823193
58.055191073603375 33.20682565256175
20.272552350382924 46.22071918555335
75.08723991551388 60.71952151764044
99.43917008136862 13.174408306087004
79.56839778396882 62.28446635831697
49.813053042697966 8.425072369454112
92.63472532185695 48.1289222611013
18.489605515329764 81.79590766981848
95.72924090218511 93.11228301731975
7.950125672093322 53.03024262634057
13.841005391461337 13.377780500074854
23.43414537019313 4.077108614058278
19.087638177971833 77.46405561816276
62.85049003402994 88.07489227465265
97.51021415099521 54.97367821289372
84.0152658137294 57.463853271039596
5.2580237407613195 96.5093867223509
60.922844353344075 15.90109996856166
18.469803642125072 88.72912440740099
1.2714909472640201 62.43594986736114
73.91633280226442 26.965710376824028
46.23189442825375 5.225255196605083
27.705982081705606 64.91166602936782
3.2539158165856508 93.996634059266
72.82613039261227 86.28383495668142
56.63719361181878 50.28758828653706
9.580133762568988 68.28348664139934
5.798931782161887 58.53257830170695
21.49968539941969 87.63386862872254
42.95691267471686 13.223651764059685
85.22814270429177 16.280507780216922
1.5545720896405602 2.3023706916223574
38.35940943174254 20.669510676291345
57.74037120340074 40.43508375549219
90.48048444231209 76.73607364490405
42.529598403822646 17.29061788300994
21.496559937032234 39.62966447220764
99.34351070755906 42.59098203600149
41.27167313905662 30.235776563458682
34.25337981363843 55.310940851839604
21.405391733461123 79.19145709642372
20.89730601032913 56.72261528636638
35.39793749026694 72.94216198760586
80.51818811932934 59.152067126210554
26.181795753964042 23.852204056346093
98.84785783591985 22.03267747717119
5.599479592215073 60.16979222065579
80.71939070332732 95.99350705905398
58.61090716030273 19.56076307303336
74.22265231916639 40.953821361549124
88.28898388502422 40.98157375825937
83.30961494285943 88.73849100458915
53.918918921017855 36.510983192500014
92.8581745481775 96.70330057416643
48.18599453126304 19.422240425210724
20.219791229131225 11.17366292873825
25.53233536975654 78.7545818761856
37.143281715475474 43.24294232212369
24.776390807563796 63.510984931625615
42.586561691681915 17.160571134324943
83.4699199849541 67.0488554236884
94.06376793620991 93.08895202812171
73.74518348577723 67.10071719457267
81.04509074605755 24.566518899931555
50.843615302130104 41.84714167094747
80.62583364216518 81.04160834111056
12.630501219295809 23.895417612410853
94.07447887048122 14.209105544334788
9.191080347042524 70.75601653180799
11.559260808440918 45.850263035529856
22.569817835485328 35.626289357071904
79.74990405971359 27.210606369926914
52.70721189753489 47.72417500714352
0.12230964580983716 57.374318969534976
62.141251837464104 0.11361234070856874
1.1512217356451693 56.069147523588406
35.844654648671394 76.59597228769309
60.471828557775154 93.15821427582489
25.921147813907595 91.37008403481217
49.31653904169633 97.98376942531975
31.797371071773206 34.34056845915112
78.49262131914503 76.993758943655
38.6666144469127 97.46571992871738
17.7714706392883 48.67479307397669
51.83622248957522 25.404245486132517
15.580139858186115 66.52936910119777
28.852850708565825 88.7479315375554
5.8992262618412505 21.462615460502434
10.327055772589366 73.58901634967803
49.30307738036266 49.4957903583064
29.064085175640763 96.62402109020955
59.41711921744579 45.261943927781914
67.25842255702936 74.89124508456374
28.559463105439818 37.131915969765906
20.041711061162616 0.8022330399626076
43.572680785815464 2.806609435550156
80.88998358145125 52.95167477923799
86.57045817856215 48.016814586055155
83.5489620124213 28.658319735115235
89.77701572667085 20.172457466209394
92.56621836154093 15.23783226584301
71.357003192758 88.04150460231865
46.83865705521655 39.98387275248527
74.35862516075122 55.46835329594346
64.90807045471361 74.25529053968401
0.18509246184734707 29.89430954571033
14.89614626490079 73.15907830832715
27.50840112357198 27.847218022986908
38.18182460773794 76.52250025056829
94.19449274795772 73.34018220594474
67.31042795483906 2.0636310261348934
11.938145907470687 62.343249175937586
53.40727825912839 3.2383656473965683
41.36678386579187 34.18362368290077
69.16034745284175 46.544713628166726
47.62036851468476 7.707455733535773
91.40821887569794 95.92672781735156
60.077457118476715 5.109312156258228
21.712225346769443 86.30948379775494
51.09965887901679 26.919246440635703
72.48136854013441 20.653860250465538
21.537127156868728 22.625795887791433
83.47326446180705 1.3560285451320153
8.442645656999858 13.614479633005505
73.077147888397 95.559769938729
2.754307755046659 13.81057268070338
33.0549454334546 14.001000835690093
66.1164562313244 49.66649873008251
77.76543336590463 15.381915041319472
43.78855651658191 40.84907712650689
60.208587404338054 27.6853591373599
8.792202445154462 34.64058123070761
10.645925466592088 21.64444675847863
76.7233644513483 74.50229783780364
27.252504945817012 16.4340415927176
77.78091311861652 61.075781985966174
58.517888300683694 7.113501558118518
99.73758453407791 94.76088508210714
92.36590965946307 28.09135261787641
15.555962786436472 22.88251354632431
16.386240867731484 55.59293439179094
67.67396099302634 49.576193019353695
44.640327852356435 59.378732901188734
74.02130922234494 28.669598293649766
9.553969953284902 96.533838548463
58.19585215517371 42.295724356804755
1.4907093094358004 4.812938894613628
8.932900152352264 7.421193424313177
75.60207746774448 94.53681308870931
81.63835313155126 6.693250297595843
35.76713922044434 67.0105297729773
94.55525491811582 17.535625351518203
69.6987799024975 60.91758897514177
13.243530658792801 98.0718779089716
71.5237039963987 27.97577414742316
19.542207849493497 35.660070558534215
40.91519827598273 2.64848091574883
72.59567600606371 81.46400979910962
22.459723576386214 22.62840682888132
22.063365318884376 30.75860409931512
55.67274237749209 94.52392857449708
65.03761588604479 57.949500858067296
51.77005816873454 29.481906023851813
71.54887126948523 88.48981726149769
52.78427556541347 0.6795271691846461
74.09979724254552 43.381700835604576
40.51994653816664 86.35204250800732
31.834090576688645 25.62349693723518
55.23796992963565 10.703753307978259
20.35925424319118 87.62994711200709
38.59285023260923 25.289662712502903
59.565545343214986 60.72306832986894
9.562239021777309 99.95595782152652
95.78549931031945 61.69513176241224
20.609637952104443 15.252178519313752
58.90172657106913 21.758304837530495
7.348859915473116 71.61648757921128
98.46560727376348 26.409856583478696
74.49765405249956 58.780264990697376
17.909220303413242 71.17878425971283
35.915031815326515 45.76462295136463
55.69482362844682 53.508263743874366
39.36894591037194 34.014931548196124
34.256213291721636 3.573309101604516
38.56553425997162 95.42007654642839
41.53856712131301 9.018364936682621
18.444028754572138 96.85384233282565
7.408238501272346 61.09206231477194
23.784088973322092 98.51038527737298
52.353853962047104 41.791812175046125
74.33444491914464 22.953944174613916
22.442579018313992 68.38893845478479
0.612134928950292 9.84825126829616
24.97656825756447 94.02238338185384
13.273831516386835 64.7923605447929
6.542906523126124 23.972136618199148
37.47835804819286 87.77159506363085
11.644632040325643 72.16287221911392
4.4894203655390985 2.8696073710054115
75.07715914272582 16.823760859205763
21.540331055475637 80.66701108076528
58.75719834505926 71.57264741034079
35.9168475191171 9.675112553837506
82.30249882929668 1.9745482989873109
12.35282275759877 88.97866172634525
95.6675592409059 9.183303525605035
8.729506134815402 29.87831618429777
22.417249679273034 7.474157720370211
89.51029184174313 62.392595766348016
77.29406455521006 9.43130718158034
76.7021610952813 11.56670710086114
51.248892054745724 94.87493152739601
54.38899608735299 70.82113626970985
22.16054954178408 21.298943325117815
94.76568952473843 10.988207399994865
21.267756605748733 89.78851059394124
48.87187107038666 19.57835961768668
63.41581714336782 4.025420013047376
65.73638696381747 19.493024612136377
35.80393916906171 39.911271579354924
81.00231266903988 63.86897153680482
55.52108277661429 55.62497568243183
62.57791912594446 68.97513390068679
96.71068343933591 50.32887319029644
95.40580367607096 2.3427053591929647
51.62195217800001 43.97798978679006
97.78554306167489 61.96454802713585
88.99816433330034 67.26551380026173
97.29314277537502 81.76036693325948
78.26302435301452 95.00336098911521
2.403191328059684 87.4691181479708
79.90197727908716 41.407376664563245
58.934196390950056 64.99932151148289
21.67662374589998 32.62037797057522
60.76088298070843 71.19886829756692
37.71535159351775 91.21416273982162
82.13434518941858 43.8434117493909
37.46570259640016 19.277923012176657
16.527346076053263 89.29379978494217
39.107436685882504 19.171781470408213
88.09227569558813 51.39316830321023
94.91247327935098 13.536871541457373
26.497535897462022 91.13479628150418
20.047744431165814 74.88250884272716
15.600914192731441 40.276714662477445
16.580033552478213 77.02045888336293
28.70539419431857 36.357285099254085
3.84660363553353 24.563312076993917
31.974034426629295 56.05405421366192
66.94099673474349 10.309718124987754
87.51946779718463 54.421346484346685
10.280076053991994 73.63322733196452
26.834546171202422 53.41154326261959
72.217394221512 90.80644395446238
22.993043000610758 54.15897818532747
63.67136880965529 45.10602447611731
50.771651326658954 43.66549755998788
25.06366119508472 26.3431996971526
65.53936350374502 31.123332538258186
33.523922180175035 38.25415393522993
16.010112278927124 57.962661360194545
6.845952709655201 19.389348265080763
22.229533137503175 58.00167613503218
24.229870414300358 61.63666747767434
99.05377157718442 77.00026631103111
36.29548561580427 91.44714230242066
6.748385428315107 1.417349072595564
78.37076448348866 34.20074493339982
83.61057731550265 66.45522526615943
63.47286096606564 8.847767401112815
55.80582155664142 38.51595238103278
42.093050260005846 11.547322328091369
41.50153998540529 44.61810938104891
5.149466467218544 89.8027372518686
82.82329522649161 50.56873229324972
37.49800385785365 68.6207042145675
37.27768640915241 91.6362026106812
18.556060796560182 93.14709813657139
20.63416293636111 24.346912026387347
99.49946703943434 52.42455333782263
27.430473535244705 19.40173982826714
43.00201905613073 25.679999344022185
42.06066750627937 95.47069386976601
1.7317996332674612 78.62651878280087
48.95636728716972 59.12546836394181
0.27499325365845095 79.1431622951623
7.850047234626811 25.11337962950211
10.928296638139546 75.19421048596841
88.09986740958833 26.799542172611844
95.50425014881372 84.225751198245
81.73113993952134 56.567021427321926
47.163282799598825 46.11837165745214
55.65291449671241 40.17770428134191
4.298433313346384 84.7163507498264
62.24347744869265 38.216566715549135
36.51415825078248 68.61422413928989
42.51931901730899 99.22321157917477
86.64720228985627 8.598908104418857
2.686926786382293 3.2124190993359614
22.08873522090309 38.11096698053531
11.863157972772465 0.6998404730128582
77.20951771078654 43.86312685706331
83.92140807598028 96.726171052013
8.557183109165688 93.87109216373935
10.020149789290066 76.2756370908585
78.84054598059937 92.42367129145346
39.98353362018332 15.834700572743365
49.90877216119382 21.59170189059596
9.054771110040205 20.9234660845826
16.074136986506616 32.023555614160884
15.039973583969669 31.57096921724971
79.75223518344208 10.438109305941822
17.89033488735685 78.6667930885196
71.92631410119132 63.859228821696966
2.297456901172512 69.72387799558484
26.41983165084527 72.53121057011694
24.04536780607287 86.04546042365722
12.043805774171501 93.3654885594907
52.0458028021408 91.08117737046743
64.26953830546213 77.76012030734805
74.12898802788716 64.96576056705162
83.53160971746603 29.80554865391738
56.79681515961772 50.02119896573609
58.26327023956341 25.902406566306134
6.534978107545508 71.3381689860406
29.852458580874508 1.3980497945493164
9.793290312301073 13.288459282868658
64.13211344110503 2.9166683507567903
46.246682937960685 67.14170409000317
88.99210678164921 29.73935702625623
29.68070248003487 65.98354680658025
63.7267644344987 20.17433000274458
20.061730865719383 43.35413532564727
81.66947823039395 41.407964754294156
7.156112204925891 78.631994124352
7.6858558637298735 79.53702232498532
9.468950586406887 72.58995591595394
90.7756173048529 41.77866402614865
39.374293415433485 34.065926549867086
68.88339754122599 8.38111895026039
20.054212161977315 77.66889372436943
52.75243618719507 1.1492318263830015
62.401217000836276 78.17546559723093
14.627595522872404 79.79359873154199
32.359165799635136 35.89590618871483
46.3666001574274 94.25813076846046
73.30703472440041 26.59249429055024
92.50266779355205 4.804169127294844
76.5702819959667 54.02006551676077
80.26220664980028 69.26672691371945
47.89559169591553 65.00908540038463
21.975220994233524 3.0034451167655796
15.247717411592298 95.74383363302633
71.63211233621351 2.989952057945766
27.68127407110439 90.28825391264546
12.3041664069921 85.4407027650433
67.49492467946494 87.5814014117059
63.621134848693075 25.30591453690829
34.45063382182696 99.16426859833119
73.51198948195403 95.77292008527107
26.209684681120613 41.1425859322341
36.23278108787902 31.02893757739611
0.8121085199398692 66.12875284515907
1.4714308533325893 54.632604807455266
97.58253907704591 78.89480395133126
75.60983843473134 98.05559364388662
93.27411830864555 6.339396587279222
68.1849675208517 63.07471903846309
64.80622868918107 33.41572829841964
47.20589650061304 8.151581560825294
91.00562412323714 8.161003552211143
68.94048536077577 22.13097121240155
50.549161758507275 52.74796163098912
12.61965177006057 19.266724836790704
84.51478238706697 5.514800248921925
12.145351693832973 93.36569209034758
98.13798872564729 64.59624017099506
4.1770822282638065 44.59573725678294
58.51652541125534 73.15371070537194
81.63961470953069 89.71167350269447
14.39842982109818 14.029449294034002
52.68717063952659 73.47323563507966
50.019099281801616 1.8690111127782183
24.160808143034828 0.16716051756231476
45.61281381609783 89.1427191494356
20.55046887065184 50.444331253804656
98.80479486134803 78.4091184280582
43.13918020829248 59.638766268912825
11.511744179562221 65.13749859133678
7.145653595641188 27.259542795562332
19.54453068700184 79.51163577403508
20.673994903235936 94.03106911364418
30.962876740281043 65.11767562315623
40.94038801178195 89.09565133648607
43.3099265726475 5.8719005499007215
80.70985337078844 69.94050593322274
4.509617986723646 88.5080391947251
57.423711819518644 56.805644962914094
63.61181881753528 29.766107001618437
69.84384826508436 38.55710196616337
36.21870501796993 28.606889626792388
4.959840058941123 85.6073976504812
33.885544061659175 87.05363602326959
54.054606965099964 5.241298521634263
3.208942610886467 61.68941966392285
73.72996381605763 10.62322796537487
7.441198817113648 56.8699223180388
8.708813753185884 97.97037203415277
47.6200302975597 92.15102340060699
46.65664484467751 79.77862185730002
83.76379713951381 12.645255139874667
69.22667727410231 58.645765710784616
70.17310729256509 88.80725213613555
99.12253774446557 88.71579948303389
58.36535824374289 75.45512535166034
10.07461150120057 95.56188085729329
51.463643931531664 92.2797859361749
76.56443317500123 15.28687762581633
11.210281852650805 34.830759056309056
88.69484137843247 3.8291579477824023
54.03226072970229 15.694615719076953
66.29399454556433 48.85659996702631
