470
1 3
76.5134592508121 38.96536751884736
86.98669550199945 89.98008124003456
84.97714420832827 27.314757408895506
49.836762917791376 45.99017132153818
11.269455999025158 67.86448860564404
99.69777062951206 24.6657783357181
97.64166415501758 40.64744724594866
95.77070428726067 99.48558786272008
10.73068527859158 69.60837980861245
26.83335015030106 96.8599017744044
19.516464749131845 2.7356723181131803
96.77757874006123 9.40654180726488
10.328639451600207 86.15112074554841
71.28948389357078 0.5487376950981782
99.08444386817956 49.40158067585283
22.11457611552694 67.13891757908586
37.96107396451269 22.132302939629046
18.33216130385633 63.868534766041996
88.11259751372589 73.54608345502996
92.49497117797463 18.57739739697626
16.623948976385638 34.318467008666346
70.48339895918818 27.20279494839697
18.481284670104703 86.36955325718189
94.16388297223317 20.69487736826636
10.422616724714251 7.695739278976177
40.56113480597634 63.78816451102054
29.033497389305897 86.00038328073765
16.251359748613027 22.018617631494507
7.400904335842551 83.09754337928665
4.356893036483767 19.83126350444944
55.701888843775514 14.734993425317434
45.70876861251665 99.7019705858887
96.61212148043228 77.01307736893605
60.55123390573913 53.06034239124231
72.15174533392114 14.726002947429095
86.4686647668303 50.01013764260822
74.18681128414634 35.128042098162695
16.031100421543144 91.9620500361972
24.872905209608586 22.82631407978386
28.13768458275103 90.8196032072683
29.61904598992815 90.35938411410523
69.94536714467148 84.85271938700009
81.40481855145217 52.15804684426026
90.7447795756973 25.72632197630751
10.784274764386147 11.601568065493485
50.188540666795234 58.465323451460826
73.80634584362555 83.38777762822718
84.19515753827895 70.5163318357468
53.04073352592545 71.42333968285118
52.90408603014358 24.094797204730313
13.692192585946561 13.131776000698792
4.889070830272235 67.14999084492707
16.08350073675231 36.07195620226551
66.85885613001554 41.05213442930131
1.548757326950967 6.331529058147578
25.024797767978946 59.49348811694517
70.80940183194502 3.6769361022835456
8.133068755602313 55.086635921887115
36.48802933924584 42.81329821899984
25.372340222718968 39.04594865386428
26.379211128111812 38.40645384523527
89.26893509619056 3.2359193125728547
86.39987034090366 32.50748148210945
69.56647332202512 49.48960696694484
45.50474273579606 78.67306625685077
58.756924496453024 50.00204078082293
7.224749154309906 57.149085731257344
66.54613627641086 97.33006203582752
22.57057845382533 73.25108558326745
79.62509620498652 67.33447491162403
13.301512637107438 0.5616509001369785
9.154916406342007 90.71196392157286
20.300336034908728 35.14453714857244
56.09449165233753 89.63824804144924
89.68187856889341 46.646333192492165
85.8185972986318 70.36256787872397
88.17774771658343 23.89758920172669
26.335341473168207 69.72487116442103
61.37398891608454 3.1963864096125727
74.45594166855707 95.16363025413501
74.45938317757015 44.33663074834217
5.458304839739991 0.5281931501443404
14.116103877392906 15.300397126555353
58.6046276791854 26.00390482107171
46.54091869662196 99.39073165400738
37.50422442831118 4.294252701974388
8.82028976666691 94.19022523702083
70.76453781505023 97.36015807389879
90.34557214465168 25.810781485562195
42.20475841302507 95.72009739817413
95.22935622814977 60.38458526976027
81.53909359368514 79.71947386769942
17.82708352530056 83.48527436693868
71.68830277180066 66.98985337448067
28.549338877535014 57.01248396227747
86.82498197856681 79.37951014411632
63.844106475006846 33.847246435878084
8.02406858478717 21.682581815391888
61.643213456597756 50.5746340400738
79.85151993072763 94.69127516890399
53.9186371549891 54.84921749277723
44.17932889835983 87.27601848488571
99.86125538879529 1.9286977798218086
21.801137745126177 73.79733268561085
23.445422512561965 86.76139689363862
14.534137213168009 79.35730394936536
64.29707105210144 5.769298080299956
25.573303696849713 43.6840879415993
16.241581409302963 34.882603904103405
27.246655019716016 67.70943136453673
5.278031102939917 61.98429809862533
11.423204590501657 87.35045651732388
5.93161915086009 58.253284621289914
22.687922351637813 73.99464867612284
59.86675181862411 78.77839504681788
2.2076465758831487 85.76336224952618
49.03983639293199 25.02101816910962
84.06291587706029 71.36732182417151
63.284232157710306 44.01858112605257
45.032287659542945 41.37972883581327
9.913483853887683 6.831672105357711
58.47591338217977 25.074656071281964
35.563910473775366 41.7443867775179
23.877523983400415 61.82081302452478
53.16415985366254 80.77410375812035
63.79385898600103 50.72698650224326
69.48906348032841 84.43222921459194
1.2818931496388242 54.38999550749213
74.87777740285304 77.65651032012077
87.24428079653774 91.67336937835483
29.22551023541815 34.7754221782792
0.9659166490838311 83.88955902383329
31.71622228698665 8.977314618278708
21.068198289135776 62.08899466354014
56.69553392718869 12.62009323753941
94.60314924179265 12.401362778243863
84.6425313716772 26.491932684557028
22.59385298896659 27.081055085759576
92.79596714581386 33.04165304672342
42.39612464702309 72.96609569174515
67.2895854070112 38.77761859038979
49.67614397479581 57.82997267359051
99.59448981617223 81.58534650553253
87.84292592932886 46.74069778402892
94.05952333259155 21.018827753875556
33.260567976424696 57.660162497031386
13.510828566717837 8.912074740300891
26.484383739212113 68.6457126030517
87.11992321467825 70.86684708311049
12.143599765719614 35.53714831065915
81.69211570943816 12.73814663588575
94.57403320525106 70.08168535515931
73.15670115369149 76.98959835559884
45.46478485151195 60.05257892797986
73.050484940765 97.29701062002832
30.818972627684428 64.5664070076337
5.125536116117524 16.13708388922643
76.99827336764493 28.942295450443
14.65171705038777 17.353159603477273
50.00864509792247 7.046331224961411
32.297954679686256 31.991639950187768
72.19094004570215 62.78060026134791
74.02722695850585 92.67265044942089
3.0164262573650236 46.531516795191074
43.76994706293835 19.875042837368518
83.93852494756275 1.2318550579240917
75.60226282896514 64.5349043997009
24.09428379252536 31.04952300458159
13.096806871257382 14.271922139804127
22.965797578658776 80.29530133344629
1.0387645107619914 89.3068419127099
85.9562290615093 44.80086582260676
57.92063519677524 27.90260502149897
99.20369598766392 21.107776133934507
98.33575416696564 67.51713418043599
39.73536508346076 12.002476415002562
60.2044106336463 71.55818507522376
37.181683245172415 75.07375523798467
87.31732291572787 61.081789905213135
89.81701051423872 17.06878138244894
13.569123159454687 8.042565722724792
45.00458983277298 62.04858046647133
97.42444664309429 85.15813855056773
23.31837858185537 15.521300177496045
97.27966708309377 98.87399883192136
9.281053178843335 80.62493978723455
95.24684137802781 51.63083595106875
41.230809268631475 84.5283791346099
97.09605328168136 98.06839168186931
42.96474148861491 60.86309766087452
30.54118776132828 65.59542274652767
52.805764690174726 66.23924309487504
57.523427795282814 27.33603274871981
6.543234873584303 92.89549783117697
96.3117504548544 30.991335902363826
71.1808021583717 84.63095184455585
7.9269782004175005 42.56205250165288
39.88083886357374 35.384972949253736
91.75722525088455 57.35531173747788
69.27625876747499 1.4369988743766493
8.669429296350351 57.07889197021569
25.853825244055418 60.111841047810046
59.972073875220254 2.055876843459137
18.51567211545988 63.89366020941338
53.42825776779385 29.791590120635437
57.26277401805972 40.549129504982
71.91710040031785 43.37998585886953
17.06049720076399 42.57372162504731
19.777251454077028 86.94437638467762
55.808225712310566 32.496064634745835
16.638529247766698 53.35955588121608
76.30001844280463 41.180173882257655
81.90737029095831 12.946163958794688
49.96928239267131 54.30298095391637
83.03225982758057 43.35378496919087
0.47006817074288776 26.47548967041842
24.7349278071904 86.86362964602554
64.81241695179081 99.92895666771808
80.26995464133846 96.77354080493612
88.26669503102693 31.541898550286284
75.63886671372421 57.895947757077714
66.03428154282396 77.39534355717413
39.84293333538653 92.96674614966349
89.64717252053518 66.89282111080612
16.402240983557647 46.08480308000995
44.41524717730645 28.081862067012906
10.04726653633865 47.34156068203901
14.684016271159827 96.85825997712176
81.5633603795046 41.064097879575186
22.902599511521405 67.69214031874256
51.091233020225026 17.2702428886649
73.36687115926233 67.04393347730426
84.40380744861109 19.538392748069235
36.50880746715315 60.61239725169336
2.3897325480617404 24.08720218721856
27.858889274961427 2.644323956426753
17.94742299511578 37.79892659786059
17.532163647902287 85.32674907623716
72.08450154276458 99.78102368172033
22.073156984429577 70.64828076637765
64.09072454832831 51.27977338264551
39.9982423309128 92.80160126195693
93.584202777008 65.20112174885364
51.70160162227009 19.50515862572837
24.878779049435806 80.80510290340506
83.97101029036811 65.39535641622847
62.175109730366216 27.503998356859437
48.58888809535982 14.73728782066508
85.9453199625803 0.27161119771450526
53.9225967237702 61.94151494583304
96.82154384436839 29.412706578654777
53.9916865781521 54.599069437154604
48.68188278104233 95.69929260345498
65.29448854488888 32.70286638873219
96.86089722893784 89.4996052855935
90.28007445716295 9.68264269412844
93.97098334513151 79.27818179819275
6.843566205916929 27.22926944824371
54.09183971920824 44.84313271509672
46.78799142687764 25.86825414752547
52.20756745981217 58.093659385054266
68.23900800013658 95.29020576203165
65.86105705787266 85.69601188141934
6.6505988914850045 34.888500521378376
47.88027004828277 62.470827264486964
18.322966544486462 90.9879533279537
81.11692186459814 90.36965869192424
68.12478337353983 5.9561346177386065
59.400966626073284 27.97520714536754
87.21100799925378 17.121232785508678
89.3690715172636 21.759969751607255
5.992706370139356 52.700317297032484
34.87179142069845 72.0632767633115
33.25023259057278 43.6223763811278
91.90406114196972 40.20639883292196
63.024554705461 69.00759111008747
46.10041126811881 26.838693970727867
48.42797318029233 40.911192162644426
88.8774908829771 39.726750129004415
39.931301762870454 46.9119910733679
43.99808015278472 69.3396563786048
59.579598685717336 99.56884852762349
71.64390891470825 8.863266577455931
80.33047395563422 9.598591841742742
34.67247307789316 26.40094494555576
75.5003095347129 81.92671692649856
34.468403297968344 59.1572797560463
46.08688920883066 9.91701414612194
1.8788937962737728 31.202136001967684
16.76941626768176 40.77523887325973
53.72995861263108 62.075449711266195
18.55180227927451 33.73683101012266
18.07171490118764 90.31356428246467
51.12237075065138 88.251044730205
66.46090219277379 6.651250862228197
83.21085187745601 23.803935440098133
41.988180842483835 83.77279477080322
82.84083470823337 8.428304571172806
61.733005743055 16.824407197415358
5.548954696064201 0.3234089570250953
19.35943511162459 72.80213960600392
39.31747396894334 84.59744269051997
69.67399561679632 60.90928844474324
9.012749039032553 70.03247274611348
76.06614140628129 11.488670857625749
96.5569044961892 74.82604190954174
97.08806732509868 97.3909840224081
51.11188004255229 29.732469126228132
18.019531989077375 51.85422676419582
39.11861084996242 10.88188751262713
71.986129779359 15.311281787717522
33.09507151783808 85.41846113049726
58.396494803796585 86.35797207369522
92.33103677144987 34.73240716255823
95.62269821259768 47.787380629983666
84.48664921690836 44.13705562409604
67.28366569134646 76.64626365393508
32.94561492146637 49.71708012730214
47.781997520614674 30.279870369786366
82.19100089454692 57.412021990515846
66.02435623820891 48.800728219609255
4.2593213210262215 59.994356649723926
70.85511807554654 10.553004936423061
94.55857376563456 99.18022218938735
48.09270267547214 72.73242109143499
89.47446296322221 88.36298555975483
91.43611234064213 17.79518206891153
49.977752074221904 91.20949929966426
82.61302887143513 72.02327791480619
58.651232618923956 87.35606394106743
7.008172971463855 8.443951815960848
46.6037568819256 66.75706011464825
49.428521318842634 33.908755703240544
78.97830129649968 76.95987566063258
46.44237793222678 46.73405257409935
96.75400997073737 0.19672218261217456
10.255463246302309 80.52569785470831
80.08686966598913 61.839900843901006
50.33364557582167 22.277272719543518
39.95030774314772 80.88583727384157
65.2629537007668 59.9440380903119
60.590078207395834 41.52030068780319
59.38990715694952 13.756773016110557
49.14784773168355 29.45052547978961
11.360942293082577 59.9424186239079
74.83244491375997 84.36740025159813
37.925913765848975 47.98371572146043
62.619956317098044 70.45563620690254
55.498091991317075 60.750159310178354
46.4557656195294 32.77967562379076
32.86972182672212 58.92583626910457
45.386977681806904 24.610379963468286
27.4775617650592 31.650924094648158
19.192433138662924 55.77587203216188
51.014105719873925 76.03302273698478
98.67211815811629 70.86643667113715
81.31523948579084 20.08656071140853
73.78880421553293 44.035260470264824
42.72780054116918 75.7155204682123
96.55135449292627 89.27341529263968
93.27805554710258 63.7388649057778
90.073066033367 80.96075405668684
34.803106391392724 42.55772547609196
67.02198263008434 20.540418580736674
39.27955304861024 35.80565527547262
45.37882537935176 96.47915383715635
20.37060889565172 95.6056176426565
19.042870347243323 36.301749177547805
61.55554510322256 57.37045233910607
61.86609571747867 73.2429878690603
51.5432406738336 6.418819833947098
95.32905135718863 65.9321497127291
66.75713365820695 78.6906717934107
56.02851040017829 35.48913920640799
58.54036627507042 57.31666626325867
10.802102960159532 38.5099925483229
60.00113220960763 18.783271324034367
83.99285571674866 22.213743524966656
74.94809579535693 27.79102218252534
0.7757910948540836 65.3275811055559
48.77002133847341 72.23493530092962
34.0473711151702 80.54307364326263
87.98535855891205 12.250884577168808
0.6973268391422982 56.91690014341406
59.74129097790974 9.181353977403738
18.373368008891223 52.15625893132372
7.840354898361923 62.2011480237338
30.89834997930292 71.60193988592347
53.01922211587022 65.12443944083397
62.704399173679334 26.7416329414341
77.71531198603438 72.72798101671131
83.48577460845684 15.15741064665983
35.62744595155118 3.217822619317512
71.56721974518527 27.125436275026725
94.78229395596063 97.29683059887479
61.383952592571546 26.445712064701233
83.53328836682728 72.21670674493367
30.57359423469592 37.335594296401766
7.4984908974577325 52.06790250339486
99.4540777133906 34.33947529488608
71.31175935679165 47.95507767668419
91.27637010437869 92.51736781970882
4.465136161252525 62.93995041671903
21.057132772230645 31.628588245847666
0.7979766060334459 15.62638693938252
52.35216045210345 72.33983824689969
71.38949579309161 54.16893744722433
99.93752978788413 72.5240121948846
36.73306296014016 4.57183746207257
53.453965733990195 24.799822765872605
74.15110600230486 44.442077073013884
89.52648681019654 7.5112248509281665
75.09130502403603 2.342868135793097
39.28632474038669 10.131006939289211
78.3768814948764 47.563033692509826
46.912441495777244 58.3025772225185
3.4291465636396623 55.483752103841354
11.619153251735659 28.541905792441803
6.636863453603925 29.372717280641968
64.42771428369079 46.86997907088075
6.132610061876798 32.75042273158044
14.071910808931175 4.478380279653771
77.23273231581753 93.19754798360123
67.19734046760422 53.4139600130171
47.405518905851096 51.483365406345726
23.132857745696533 97.13176381636477
50.36075195646279 49.152962415383186
95.37527663609049 39.057364992403045
87.93173438002417 9.176661295847177
55.64426534017986 73.08482404807447
64.1360836436745 41.26688939723444
36.8366552684624 12.065979914815461
5.461511732101543 82.9193643948184
69.97953746659327 45.45159251127853
56.40480651088468 2.023618367261504
43.215464365907664 3.8384196097925427
79.09201141731555 76.8674931769836
7.945722897225904 34.68593593002971
14.953850359921805 74.35937760300762
82.50931715602819 79.12288624354625
94.56458077080943 15.51024642715333
29.661904275187467 1.2193407188913152
23.983264374837532 99.71610367362955
21.78145426898064 59.60597551397642
28.502074355346174 38.877022791995365
4.52102731068218 39.13768325646787
82.72522615758618 57.156129775557844
89.01588443886209 59.268944761054
39.73236024015363 48.30852957459268
56.67420467315261 19.813112567342795
97.75837446885103 20.269432402159925
38.88564784145867 43.188090940457016
32.789982171517764 63.19602369657069
20.04024163027247 1.0968944569712535
19.435581133269906 18.235180859335177
60.48872172919688 51.51786567610852
21.553753391228913 57.77980173067223
46.3151322869535 16.902247690468176
81.71315029815045 74.02496721724974
28.404819062058785 12.145380884777012
26.683280969791955 86.54710331996303
76.7044268377441 74.64112035270199
6.998060633078973 24.945470470032483
57.855682481462 83.99607196614237
36.75208136745951 65.05947459762996
81.48918957844135 58.372361068456115
99.17653867533511 76.15020420087075
11.046415206331561 4.732618698909885
54.92763187707344 73.68706982571108
59.98324148775489 96.3667148363236
