320
1 3
17.470319479431385 82.9280056587593
10.47239990906843 14.836027961790933
15.535287428111367 11.117072075925694
44.56458688575866 83.92171870674264
79.74542626770989 27.876263900780085
37.8901673755214 99.17975911438866
83.48731283364774 20.959804158098507
91.11907360073752 53.235868416437214
86.39890902226246 73.70790662223456
77.32973470763982 67.97607592765085
73.97843499721237 7.780812006664295
73.81792008746811 95.81436556721297
68.15489690099876 0.14114189765892515
3.69684152031744 46.672683410875514
25.556139022964718 17.573055578063766
8.618148620203003 10.477340692094273
18.044994040254437 24.30274721347203
81.19432003589458 40.2338170679613
23.80223201812801 90.69406304053884
45.408652806796624 28.82467705948164
16.8403571476913 54.18382685532157
73.64124614227111 90.42974592055133
63.93576270154875 90.8817782068499
90.35761774851083 0.09123752668336316
78.68029644558491 67.8007955236065
90.09060195003833 60.403337441551464
79.59651841813533 79.39181415710404
55.2013991950389 77.8342941858124
71.56882316717947 16.51808534552155
64.56206250256405 39.10657259072183
29.554265901961042 74.67082794260529
24.11788999225695 62.556760861877336
42.04871081035198 0.6269344408229571
70.62038665509489 93.55775019174936
49.296418842336486 3.526318174863463
43.37192017446778 94.83043768196626
73.22768538799926 56.26950338702474
55.85890320246008 18.83700713588898
46.486320641172064 15.11680494881591
43.3535174398944 25.078131642489954
35.661686108891466 53.21062729429536
95.80308468521055 31.188676315751884
93.86008857016941 90.06512040332792
82.21247712495983 98.0383902100173
97.16416635783153 13.45597141511401
34.97223242244236 73.4572453420729
87.51422326861788 20.280617091720888
19.088805798374153 11.1258935764607
22.257214152749793 93.36334703263054
62.98226455857117 35.35293445521928
48.62697678716543 35.42625221879641
2.721653714076866 1.6185297811789345
57.008297862788005 40.54360696782939
86.95714371594777 37.163209379314125
0.1086654356308614 13.509744219284304
22.444465667590375 83.79357304500212
35.55675621703129 45.133854697754636
62.9691208250011 23.312280956248465
26.822564617419786 70.34701103238707
77.33425063761827 69.52829979916176
42.32726142152781 21.196725269840535
58.003718130935546 23.65443488046011
32.22749566832801 4.209206177342106
63.03894893403328 86.58490436402178
4.376425888770252 10.572698494291632
82.55150639309016 91.61240689235012
65.52184614723897 84.0796109217442
0.48161144927787447 18.55270569704399
60.193814099394615 19.6904621749753
17.869221764658462 14.363138165519773
13.272410244488974 8.07535712404961
40.114205119510224 5.655327083122175
33.51279146770789 29.62497238841575
37.865247777471446 17.92524987420878
64.10323405282435 36.05679024392483
21.63020310741446 64.58315080539168
43.050741042351135 73.92143416741554
71.16466893743134 11.720407226713036
65.21386596854863 36.46135269474402
94.64584875175157 26.712938919890995
80.17116864874242 76.991256818888
98.22637077858931 12.679273993160889
13.307114047978752 54.43591439452784
25.960910420615036 61.3813120270357
99.74690860207022 90.0894826176415
35.73218792390867 69.55145597944437
72.71061802572392 66.61383826511593
79.68759252258155 8.138199202621909
60.36726468572504 95.75986588354435
87.2644436753743 63.51143503481309
2.6678798249357705 63.05361623518393
1.949852072894398 81.79402619314837
90.84426431069126 98.37486618250608
96.38608132252526 84.72391389362974
53.381441333126986 8.538702754329819
90.4873450634913 74.80411424299366
92.44515594017754 10.201600830936219
30.00482047369242 44.956234813310346
79.72141974903879 37.56185581952756
96.06363269653629 36.6586026861945
48.49739544940219 66.74906670152909
16.20942930852072 24.204763510238124
45.253961868646186 72.00400687357624
3.4229729492744276 58.81237491423035
78.96995223787438 37.63679893115166
83.31095389691798 23.623421037499014
35.80720453195181 26.959172010879605
93.59703943435385 75.98113306623955
92.62644842926748 16.23892682953001
87.90489859158181 3.3947286483062777
28.833563160587474 92.38604200636338
72.99302917225286 27.495205641299147
98.80530076279182 6.262498645665193
44.39574524231966 16.022550329184917
12.491395071545286 59.206308325698906
7.614962876733289 10.275304053654043
9.856326774731293 90.14112188372178
81.70133366097363 47.096675250988
57.87117185580088 69.20267511160651
7.162302507587315 50.26080461189668
97.90422263091124 5.1961530761207575
91.5714919728952 88.6868184167694
88.11523497375791 47.46712941659903
74.87760053415985 26.239765049624133
51.85727144280803 99.67036804564077
20.45898135341131 39.08055451868122
98.73996786284958 70.64442397574528
32.666543657947166 73.2756013236598
67.00270290383608 58.85006150814165
82.39674050026042 69.08912917897727
2.0101882787087355 97.7017689632485
18.556945307044572 26.690971081608474
66.95482336669795 18.443527737953303
21.244139916610894 70.47616671878225
22.99708993133227 69.05763961347617
86.70174380827595 79.59702656185281
26.896680400289696 39.46844959106981
2.92036282469208 40.60178712857725
50.790509853774715 29.082471446300893
59.496601146927986 20.506406857214742
23.606712573443733 1.7515258695560254
1.884351944650997 31.928345260123912
41.66169132251048 89.13372786222484
65.18967253070336 51.190174404716224
6.010589148601908 43.281836129765104
58.50130048645277 12.04423866921367
78.27597664083723 74.65110440116771
83.94057602233114 13.43931201452937
57.34679249254213 24.730216275101526
36.22908635818127 75.69146383757987
9.536297637702805 53.970154136860195
19.79762510563059 18.789888950125277
38.78634134940631 80.42487859114978
91.24543234191842 5.918362813204769
58.91315134930939 39.73792843572972
21.921045275301744 52.646027052022816
16.325430670012754 1.9303948417832117
67.7529881017646 28.372028806915562
69.11940252706226 87.43455552438853
82.71863534642267 98.20250770839682
99.14379315140206 98.9617815962371
50.21937273625545 66.75365682957968
70.71182868414519 11.08818899312447
16.596484906901708 91.58608337012886
28.546857714406926 7.09592877534353
45.27146392093642 92.82499052055763
42.660038369408596 21.291658240610634
98.71735723486985 39.49358180997575
57.44790275524117 39.569205061582615
86.4233148359465 59.77560813753857
49.419218998672186 51.11060270747876
24.433727521304505 6.2121801650771635
28.796675847890807 91.51518478582388
99.67398315140004 28.096091464005468
15.87817256765154 14.400401854329603
75.56900774158815 80.09892741683527
78.3287391855789 57.1245922758667
18.09107414618247 83.2536472587651
48.34302350926416 5.826024423529796
17.71843878542616 51.86613441577415
49.74256673468438 91.92865489969209
32.64832770113439 0.3556375787911126
39.737878569738314 58.82734164836365
56.633286018176435 4.975122579734292
66.35368922203794 1.4511207087662292
70.5776590439185 84.17077073872954
61.43041072431772 28.355923877703294
33.4307051120069 33.92050533111781
31.31450378687739 90.36565995579282
1.719279537648677 52.041570129749324
21.887629710957214 86.77352470685899
12.857851048252279 21.146438743827044
10.749953760501917 55.387711168236734
60.70876639427591 54.085649820496194
1.6555139133860752 12.478109813897298
31.32581941400705 63.914428566003224
6.179730251244986 57.76698690843452
19.617485006006707 28.779376003540612
87.82229338349946 89.10902314515347
28.717390506871453 94.11079844792376
82.48036912852032 36.01630803070681
10.153105472483869 78.63798121522711
97.77984076463193 42.08858291003692
38.79452695852408 93.652201101424
19.552016444403964 29.979062001081868
38.916802106704075 95.34198817189032
58.15944549515819 10.23058384348834
44.33850272015001 50.79787443344848
2.751395297542314 25.229899531211753
98.36243789277867 91.63013720528699
37.741922943047214 29.044437671306156
80.73963243350879 9.119204141121816
59.61444502878801 96.71226715561187
45.063870455992586 46.14471796459498
38.26152659902322 38.164354019582156
99.15967444391529 73.0128617840633
88.06464616545979 96.38352982668637
16.225611134638118 54.17131180266923
9.757821750781769 95.5421858535209
2.5319573448105093 85.34663526963739
15.183846301957393 23.00362977361288
36.82409540396272 92.36376572949412
54.626798002642765 56.0192696136101
60.51860083773626 45.33748012650629
94.30535884717533 86.7784566417825
53.142384068333534 42.57357997562252
18.40362471340069 57.96766823426629
95.26609342618156 48.62808561555507
80.09708319618963 50.543582208211376
54.19408925082827 49.235363209225945
17.11728489173332 83.85813290766914
97.28096161328637 66.23264045436459
60.49110487442664 16.747935653451897
83.3937518775641 39.64432915883182
40.58596628419564 87.26346482121828
56.06591151260396 56.674719804265486
77.04212640883851 78.1465838401469
99.78095189781968 60.24698002278272
63.39400125274981 68.69387116737866
43.385138472418184 24.148926659797908
8.598278505244483 28.22374942243735
65.3872147497055 5.085770105293608
15.283175052208687 76.70727551672482
43.353058776546696 77.5044105416099
95.38308792119139 24.509492662517495
82.6920246375202 67.21688023150291
5.6472970759990915 62.28855123927315
28.570640699857066 2.4094538507943186
69.91549171833643 81.54193758932999
91.61989813708765 51.16251417599322
78.9933522800594 69.86865654737406
60.6742122337534 6.737604431041655
2.9208840067909803 76.89347630044712
32.65509755342115 40.21804895984295
57.408868924077794 73.91200534481202
67.07676487787369 93.93514479495997
6.878916577481431 79.44535895687514
19.631994561804976 58.68949037229327
69.48167836881896 3.553616411591043
72.31403178071942 80.8207864106772
7.236521399253393 66.65708819719065
92.02407529707585 66.95070483050993
42.66863128760179 78.39101730680784
90.51306595886777 67.43592109812944
87.65950738057882 85.6435191554472
60.345078125951666 36.61386386497547
97.02973789475833 46.26442504665265
56.42737287377098 87.39230056502562
49.87364318508782 6.707484590759116
37.34358196297847 13.044484199467554
38.885509784448935 85.88511900255158
86.40383723669149 13.882078753619975
63.3587423354294 68.20502108990374
92.52258016954865 57.89450868947128
33.81412538403921 38.16219184527894
5.276011448268325 98.13939148117947
17.573990380302916 8.792664751919087
63.71370181449472 46.635865081842184
42.90561262668147 48.222752372560464
86.49778818094869 46.162098789229766
14.98381842300962 52.35660723300428
10.142808227824297 20.177213152059494
29.146758186711864 88.38226408724161
3.853178756588438 45.58498321948865
31.93366851624009 57.53352668307012
79.24454622498193 16.097964830624576
72.60123197596549 40.7462263635773
72.02935803119726 23.17813095828811
66.32952779115593 16.527760439716843
28.21642413616574 8.209428239061122
7.206035276993372 25.102269075877757
78.8810507203922 88.06594845816717
0.6977519277104216 49.23737272982762
25.36297389831086 59.591445049541015
92.3384700714068 70.15549432596839
25.012573870722843 17.99866205561873
54.71280534116389 59.68336823122529
89.3229596133854 75.16840251395067
44.91218018454794 87.59867472982334
73.81266542384843 43.51377030201513
2.428973629715392 89.6609315524648
47.22282663541151 7.0005952875769495
72.90620833577901 88.07611611083999
10.79007479427261 35.269155375969
75.59205379949911 82.92922150589632
84.39423008848219 69.42903858190479
79.5785967990885 14.868880087519699
77.5706124029442 75.986500972412
34.27848420417956 41.98318006134847
90.2627302664874 84.99519126944254
45.31495470607001 8.13754099674373
46.849639283114676 27.126366396008848
6.345096047711141 28.5586667005725
9.733524863104925 34.613637565855
52.202640801645714 14.853340971652319
22.72967054954038 45.96484520618418
34.064755854796466 70.37454486128725
18.601655499077175 28.48363662518998
66.97508423695578 65.01913736902378
17.71892728053963 23.485566042713636
