800
1 3
64.95862512162122 55.3955434232847
16.20620446785397 11.95462883649765
46.902867734969874 0.38123169473256446
10.371433835633926 63.602372365905424
85.00071910869566 37.00097747779745
78.12892937095081 92.22291842060079
13.673405082842095 74.25728793741264
46.07702720793596 37.8356720188054
62.612073552984484 76.48625223551375
17.43170717073539 62.6584378927354
84.48744618694082 67.32740984992316
78.47353154849142 93.9536091511535
13.466541800488386 87.95638374462729
47.2104550477652 86.71763134665954
28.192888448043263 65.71350243306522
93.23590925925338 28.656348011014355
94.23466609287226 70.05688723604955
99.14042753793358 48.76772622732404
95.81838110824292 22.56309043572213
91.78422977479302 39.37614303237667
96.16372615671438 42.1662943791512
55.924612185578695 87.79909726278564
85.89973272855751 30.37985167248307
28.25806567685165 52.974712781117425
48.89403443694289 90.00708873979393
87.53984032363952 52.65909919093341
20.625109982083334 32.63844972830914
48.16198089023969 5.6375103153825545
16.28145729244739 42.506082517035736
75.57147532171653 7.7792955896703875
26.19780367834441 3.6766414521858914
59.422606617080184 97.0797174480342
91.11842798446679 3.5369179025696695
61.860461597177284 36.52159250426805
1.1947731195624645 56.645601577883966
25.898413329847525 66.62105369413173
32.81939403246798 37.170155502614556
83.4539217253573 75.75723745422461
76.43713230701348 96.51593682230921
37.474182155625236 53.435351934688356
21.384732822259878 20.3421058509184
16.14025724254653 80.72647643442356
56.670485855870645 4.254543469576744
50.208792160766215 91.78876628988132
24.892108940823032 1.4962484165421674
9.338301273487804 97.62369922766396
96.81324924656327 46.254596353662606
44.37439373784953 67.90219534700618
39.54513336544103 10.233532178218274
85.08684009210599 34.45473443287541
19.735398466995857 72.22573586020913
77.63670004615769 84.37372934845571
52.813062278587395 52.76611134050717
49.77088571811423 94.99200152723478
74.9992531910978 93.75101878246659
66.44627584987974 2.178804726783201
63.47235675977254 56.899149938932034
65.25585400814202 13.037005109140809
12.336065973771483 24.741024501710672
69.36019152226827 36.644370674061165
62.99862743546147 18.824261506746765
38.0393661587034 72.80360652943732
96.64974389923687 34.69523905344214
36.97158007654369 38.446778919125094
79.34486993752962 63.69735368620986
3.59865748803867 56.93630494623525
35.38051919680076 29.324365001708696
73.10852275077163 87.89934397621688
29.245930210828618 39.03012215997548
24.810464371192698 63.59249056290474
90.85515018341216 7.306718916934107
11.373948828428905 56.31637988039442
59.38310724764393 54.12950909717789
16.47370954524878 95.05820454934815
21.74138002121826 27.2294614835787
37.68854722132573 88.97550101901155
26.5509899238374 19.511541299578617
51.180119169527494 97.92724632871936
77.83779105256019 75.59834233203154
12.871031245025598 51.62352677734292
10.981274747691327 47.9853032868502
47.456575535206014 40.20651094031249
36.89170556772685 85.39962067693729
41.049850840108746 19.546164374991214
78.94908956831783 73.1428437337395
27.265756211203463 6.761523448085649
5.886089200765432 48.626324910609966
17.89916309203301 55.27424966725609
90.99136856912023 61.21497080262457
60.196137516719304 9.310708038782955
38.0584057991491 15.234756250842674
65.3294635960616 74.89864160301009
40.26025593486055 78.08250245845932
10.663999621946063 87.16388729189228
81.60753502944573 69.83350911313933
55.87250659681826 73.17836428088158
57.73983270674891 85.97601982755154
8.949749249389715 83.08095958930947
68.81709052697728 62.82305693118675
97.64939248243478 3.2527636248146807
41.44604959830029 41.6194163386294
51.03683594509552 83.3801370043241
78.58318209607913 29.918630991993677
74.7519145645732 20.090902398279464
40.34963290421463 50.99108423110464
12.125877398564633 32.49092373425526
51.48289172817735 11.680195601020603
70.01762178285391 37.62104638979804
15.25050670890935 6.503231305387747
77.52526022350142 71.71601306512558
53.58243813931654 2.158848997027163
53.39661559582287 85.50420189210995
86.85610889324171 77.23180529655087
44.01839215240331 31.822258206710675
66.61019373246835 62.22614980873678
82.75991554879106 44.50210384208215
0.384211163121595 1.3070629060970784
68.760333790661 89.59046499791347
42.966550261175264 47.98714599435421
74.55967340968452 20.295675927314495
85.28376123468834 91.77357426400614
39.507549267549024 90.3833140544102
7.014554362878256 10.022882646497555
3.3720719056914428 1.7539884927300298
41.94477269000421 90.68871339267233
72.17324795371847 55.8888380606754
20.86779570299353 91.10504405670532
53.759371772145556 88.00105416893366
10.850643426578221 19.82724534683178
75.60478556332588 7.250392351144419
28.720615612343337 73.06302272243616
32.71260329526824 6.120539304830919
55.235864421434044 95.51275436604531
68.04826469189639 11.373274744127016
81.87781351838868 44.141660149529784
78.02448018721928 12.162763190658943
4.186362830650503 62.12287686627642
82.92078657929302 82.03886367920823
38.70954683449439 67.198778736234
89.0885161011425 37.049587860257915
67.07122553052393 96.21407238660993
0.9043590136118107 43.7915694213916
31.159435768125565 63.74372039247766
85.98051666410946 98.47745420648542
51.609694360795984 55.17776566243677
29.615800211417167 73.12429145221535
42.51277978782109 21.460388809915898
85.21911046630424 49.89534948336458
89.85700295295867 9.119156076120593
57.248776430225234 65.6380837172615
33.60042145638362 24.652300223017054
95.02606194029835 1.8553312112180809
41.634641912221305 32.112512300990325
86.59491084359946 41.46194298653438
60.87941748979628 45.28775894227803
85.61626808001077 94.5535086700483
88.33420082403494 22.989755272186763
61.18121966723662 11.812269560484644
21.818924411893793 41.642837088844246
6.48300819766765 41.17256201489734
13.815255104512381 45.313532798946184
7.7875171192262505 9.321103843862645
39.43069481526658 20.650172094779286
26.60130215681029 8.116596150794809
26.334793103095677 69.96915734655931
68.33598002226103 97.78355259122613
77.81248588861018 44.750299567782605
4.799433477520609 50.156192762954
53.86698214273664 38.43920517042123
75.86964267832566 79.77758759589358
72.4412400985073 55.044304211053706
32.93351641387285 6.619218028155527
22.506973107229378 2.050995825946833
45.05225066529954 53.484438309302185
83.04527499275099 38.72197430432245
58.31403910641812 91.25356690972346
22.69206802589907 66.40882546373363
95.53885976230423 96.84555186634718
92.72495546386226 63.87100127685876
72.96419950011779 4.1824675704816405
91.0953042447992 24.66245191439569
22.818046408864156 97.20403653451537
76.18076241369904 99.31850460295382
72.80206977453678 45.032711819619855
14.293066716780768 15.70234555817387
74.91249036403778 6.9846726729681174
30.322711432587557 99.05552408746621
88.5823692666518 1.1734449497679211
1.1389044341761245 88.61333300022294
27.45221783157106 36.16594372528865
47.16059534444281 80.64757511931069
31.31656939647527 28.0801580906058
4.234342055986762 56.45220664114816
44.61910793347521 87.86311634906035
60.72873485000383 11.7103950061211
22.641443201040357 24.11644008050604
98.15108989495755 71.38369897639507
26.394645963343443 6.507356833331346
2.059349137845534 69.54887875059237
97.74095322255137 86.8717315976533
22.84885353685633 16.028260599377386
19.153612880319294 17.792665539580767
74.7602995305822 1.1591083539591818
3.375641771269211 65.1344213621434
88.06865382864078 64.38851658168379
97.03668804109329 91.80376804508693
44.817298291511534 24.91885834866947
7.951769351823579 64.76448464180781
76.20862874138419 22.825888647610746
71.2507645278586 59.948101749321594
61.42646326750971 49.4624361148295
36.797459518457586 46.40773206595126
40.72122027003344 15.860049330750714
19.572107295284425 79.94482554143512
76.34715439757547 99.04401098950639
9.171680127997451 25.46004503750634
75.54212566517482 8.141413025999022
82.43634312029285 95.33247381498397
10.595007841258553 21.81699964923205
61.334541416428664 34.11299932752665
1.52211874466619 99.79714983959103
82.2079355798962 66.87141255825746
50.302234821082116 26.008398400874853
97.11136552857185 62.62059129879012
72.03650424894124 9.506286652590124
21.371530324096355 31.383879765257717
13.669925412062224 11.64594108521757
57.47112242407384 33.40752664417628
2.6112172452035898 86.68941211999703
69.73836885732017 16.30701113203883
40.27953165272815 44.88903291490445
4.453699609055839 32.95852317378862
89.61646562340701 32.55457046115533
95.12481300607381 45.39219953426774
21.21066291148297 63.84311893306529
49.52525640776639 19.86762031090594
84.47823532118805 88.54362460118894
19.226993602703878 87.1552633934199
66.78002386908312 67.32372613817496
9.115129791382625 30.51790263303358
67.1861471856058 70.79410677683585
18.50527468429515 62.32113599021996
1.0533950960975869 49.233875931442505
61.97687557196401 81.35598314701258
15.576901177097069 48.087841138131296
35.68853726516803 26.9065178340546
43.75056884394064 96.95844224408312
30.71087325267985 9.573851207270145
0.8478214137172646 96.71207979598523
59.41421648559753 40.66945612148989
81.48002832696982 19.78291186254788
44.0248281344344 50.52600683575961
60.11465390818724 69.68946465230879
67.12569490824716 58.64427490433057
52.80770059078532 17.010916660696296
63.43230740620862 27.412672232392275
87.80312009720429 41.1978303232073
31.863595914517063 56.50795141259908
84.67239426989308 69.40285454083055
54.42603868831708 61.52465704825871
73.15154891955645 8.470580002036844
64.75816233207941 7.280700660935513
98.0248280017433 88.25493039255592
94.8846553260678 96.42104423940478
85.55167000965346 88.91436004572219
96.9560362140517 35.724938534614225
64.10251488008667 3.291842516762089
20.826272417153866 75.57326249929241
69.65928341376188 97.5033675818493
93.96699582558811 32.699428723667424
98.39188011966245 96.47139648553318
26.43417905655687 74.76486107893618
49.7864231251214 11.675635553054686
62.15096843552672 60.00713074257771
39.232659206966105 46.69914441860996
17.698175129180527 97.11726577847797
60.82233012840143 92.14307007662954
51.318672036186406 80.17627055470113
32.123973295044614 3.6233217281211205
14.742230619853824 56.37777051297566
56.16635608200304 97.91714338142148
47.57763084958013 11.467390399641841
91.76840152004861 69.92787554019333
76.6634147931209 87.75940921355063
0.8468216981496246 18.045095672517796
77.41690952540657 89.62067922416841
73.05887251212071 25.108774833852298
88.81104332137035 15.221731675185325
70.19295715661103 65.59645637791355
46.12967611960872 64.51272624130475
53.819867182252715 95.32783185153903
8.279659551520258 59.81722899553843
47.174138445729284 14.163573149291109
4.34929495745513 5.314228922779263
36.026033605184146 36.6750311855766
72.67729702216128 74.09332393094638
6.266676069561727 27.53677322706205
29.251527142343114 53.44948405976269
39.73091191410045 35.66732167240703
94.69800052614308 60.4963730361979
58.862706539764666 13.338928012402418
47.833793997116445 92.05970914407821
52.884630794102435 90.84910053163757
22.67312701208628 17.16280851990564
32.61746082950678 29.885499640638447
62.540894654376025 17.469166059358578
1.5603224495032375 30.99476442050331
96.6939955285037 80.12854484121628
42.6999468222208 19.77808603986677
45.819611471349496 26.34750722388528
63.80755561763702 91.08930178858472
77.47536039962594 43.96694035817745
29.407813129137583 31.933465471847235
59.364540519253836 35.509511925241696
7.130559430010841 13.949498500448954
61.149796489732225 31.40912577258399
11.499404609057763 59.59768778146086
34.50040450494265 40.99490629293345
69.68356028117249 34.83113948011276
17.92794923377592 7.391984751172398
59.32849038291668 50.62051933797098
2.969125978936904 74.90621997698628
3.96854095327015 33.52733362138878
38.44104131924393 17.171799774131948
75.27396680488425 37.30202372154812
58.89039130493758 53.95874110307006
57.33612467457545 65.673709045443
60.173429824748894 0.021055402870007178
13.802778478971135 51.51225458407958
78.58028776823434 25.980992559045713
92.04008674851345 65.79456665272477
11.785212854272187 67.93899805293808
38.4744180834178 34.11062946613641
80.28839580380709 89.86216262850782
88.4681599340541 22.2433586304539
31.91138911049873 28.99920304168482
6.610144454399225 73.66068442778723
99.78559631571511 71.16311588002633
99.05279974942962 29.3259569582252
55.88354896617849 0.41477919951316
82.37821812242723 5.012276801367266
88.85265229443011 16.342831376250967
25.856344674617237 65.6746372247661
44.66353493644994 61.155502850786725
50.913452463229405 37.967012942481595
91.63829329014376 47.42291356752209
11.0373776812718 14.909360805573257
88.92953184430941 86.85012406127923
4.150119194825419 65.1114050870855
89.56499741788058 67.23391106994367
73.39380704397243 83.46462002408536
11.08690339198295 86.00204550022303
24.127694366706542 90.85501383406915
98.31883403043466 55.73686772554651
18.20156423607704 40.6513257732362
53.35146771501038 27.71204907157521
54.209952711263234 27.05800260549125
75.14499769861966 88.43806525245259
23.912536967622856 90.0037175618682
55.37623131231422 55.9578581754407
94.01509722500386 24.825021716632236
47.95641083755924 94.66039558903434
47.787481730392 96.46500025986109
39.30889519863068 62.808809413733236
31.358269192125633 24.276476187949257
98.02360051298547 70.57177616858976
80.39624967820762 8.118266956633002
88.12600394891234 38.85465154835226
63.00439505546554 40.57106648657467
36.94721632250471 44.392762435995856
72.60306750760851 71.57436716135194
74.44479848818808 33.94428863233967
87.99012546728666 79.62491903917119
35.2954986186965 14.278458041094733
87.98774145405399 94.32017028284527
14.995192975207505 21.107965289888565
83.73728066133704 68.68264810453557
66.60174867178654 17.75000087919505
22.695220023658823 52.26822800742825
81.94223088729096 29.83166408891482
37.2069740268693 8.89782596728348
16.20115229238872 14.337450938847374
59.18898363091303 44.435738832635586
74.63775462652869 55.313699805582694
88.32452440872697 66.7063899499347
75.13150013534438 67.29636839586064
22.415164477255267 81.09671911052419
95.47505361925757 81.7787048650827
79.11674034835671 48.57798161630902
33.70374877155018 18.064554632141295
47.371787097750406 88.92625751731265
33.199862199242006 6.772783142173333
37.699926236808466 43.437348840908065
80.73018351116391 5.662378659360012
58.39549490245959 27.814438861632862
48.452388227453724 45.54041129280262
32.12786772785867 34.099196767334774
8.751308751856989 96.73416874033221
13.306883981903074 2.973939876598064
77.95865474182892 89.0411350209902
12.992663764222922 73.96059183972739
74.6089643884718 50.54157009614124
42.62154457708236 70.60883979692638
53.7025064099522 98.45184121756765
27.646163276983838 49.42906338383257
14.261249917427342 33.00411895053843
20.434636289961627 45.253942239493085
75.10371002858595 61.39148142037036
68.12096649296635 52.86755101430185
69.03408111177076 84.57341236159431
93.04157976622767 18.952857564442137
9.789192013849156 90.94039942988286
62.676497558978504 30.705489223697647
73.35767470441057 43.438568585877334
36.828503525709436 60.85837208302725
62.11990239300342 35.69917597027042
28.88604335069629 73.58507488998048
52.493042419446965 2.0679359914733686
80.7463645210021 17.222105701758572
24.86642454223691 38.577128764510604
66.20554747373484 18.412083397166224
17.667715537012853 23.428073562173424
6.455423334454791 26.076600149674434
26.279281883123275 48.691164475693036
25.78655087015902 51.99887882964735
11.706435481909395 41.059639904573245
79.36110615153247 18.216411760007077
61.659800231773445 58.483272103846915
12.667738529860006 38.39305130707136
93.40072323659605 95.10494845117688
99.48266077315864 85.26414461252709
13.37806199214915 8.615519646305959
63.46771554609714 78.55904985900743
89.05908237133382 2.7829844219148026
36.73300202323237 30.42821466485035
11.0065118378335 65.1475615441087
73.99534899796541 80.14865810858156
1.9796553669340522 95.95929723598091
23.331019707699152 91.28978830646084
98.58108752742085 63.41790887519216
96.27973353136778 45.638811947975654
76.7629501451481 68.99905972620692
97.14037604642478 97.16253716075099
21.388858826445922 33.96195988534188
46.017323204567326 4.654608268275573
62.10548434751604 6.946678140251317
56.12069418805985 39.93431698526746
61.11466610690379 8.425994331827692
14.567795310635967 19.193946564617036
18.52420748538064 21.814638990424662
99.12633143039604 37.43069055196082
60.849033198220816 43.63994072495032
22.9981236767288 47.351661241414035
89.72857484289747 35.88097903647667
7.52486168912192 29.580307454994603
48.1684227489187 83.92385244267813
17.072133463219586 21.721595224524147
81.76593396099601 17.63969247682744
67.37077821555259 51.45390694746909
38.50885540479136 94.85444660759114
14.565942763290174 85.85455556688058
57.61192096977339 12.885964526813499
46.29235161436669 30.931916305881767
69.17660520322235 10.316792307868173
19.37961778923809 25.472684125884037
81.50662085290439 79.28946424473851
41.80437192925375 19.689199710124793
49.1396699323301 27.01647827651119
9.982052499311633 87.47811875195566
42.13832471096018 65.49607422089636
66.99429698892354 41.54337125574148
67.81924777771542 73.57892669076602
59.43667305695976 81.17377705349405
67.58986728169766 3.1513756363247047
77.83892368605638 29.631396961317733
66.55304212892013 31.20699494446797
52.01137313705297 73.5942649578299
1.0305651901348911 20.48727647972306
54.7315220717016 45.17774991497561
55.938904806973234 8.3226404656221
81.52351559547853 78.98076044605054
65.40959119701171 27.85787074217385
56.32170940146395 36.389469964992685
97.41540959249639 66.52215690505268
6.296795251453635 21.89173553779129
59.068223834003206 4.40979169826603
49.66603000101655 88.02666942847802
32.42346253893342 63.570140342533875
21.56498549469743 50.530157029033475
52.2349961360858 86.79904966811873
11.81349298342209 31.00170370393174
49.52845076179655 85.71561504842504
40.20078898500963 18.365140763078315
15.383937364213395 17.680060247794806
28.08606880983151 81.99276856025935
19.181933950170315 14.733863231686438
77.92424012263285 24.946961192156913
79.66244383259036 56.63904624103555
16.35422733973664 60.049329009669435
64.4056234188879 94.31309285933087
96.38055067708709 96.15057823029294
57.201085791509755 4.693238724039883
24.209350550547338 60.26109720405084
67.64278167065392 21.228258195500427
42.43286736404068 33.94214713073214
68.13927919105316 91.25156437537474
69.24240213111182 63.386036979259174
74.8860483597771 86.71226124969999
82.23105724299373 35.992580441468206
21.50699484442984 92.67583612020769
36.43636301198123 96.68036878561375
82.03264468990992 58.610108316019826
84.93026834208952 54.6604471974987
67.39186210912322 60.995127017435614
70.66756937382496 90.4062313905416
3.865502342219851 98.1281714247
42.73729985959558 68.48855953624924
70.03657830332473 56.06986333858421
34.536947405297916 60.422202913731326
34.17863301479609 6.711104437547477
7.19778539896665 79.43480204627589
71.50446368369727 88.64516876128432
89.69070484882286 23.66674314550794
27.44372361438099 4.833965314561839
79.86467371367225 0.699004680626425
47.041541601342864 10.945096100137185
65.87173703412192 50.10730120039612
3.117155104765512 63.308773337485235
76.91647683851413 63.24009748876263
89.44018876236723 75.39366318615606
7.530281105804759 98.62383642912664
65.81929329398089 54.646639279630605
35.80192880169135 95.28845845061147
15.93182821264778 72.9401592373307
59.75624743549896 11.65965582195887
18.34631609416657 94.0959041599051
88.30097869940015 82.69214951347448
28.164741669487793 65.99073042668402
21.674359668647767 27.657712512541387
82.21287083698192 11.219312673863469
58.16600085563313 35.1288264979508
17.496089995362297 40.36407986740764
58.594289847964816 98.56133837461776
6.2694379444862 30.0043032749435
0.7197304448375963 21.460794319275035
26.675216579483575 70.8131102455644
78.40381351703473 28.85044747403096
95.13319888478004 9.63054046961842
13.12028977132158 6.940870107578911
31.239632991442278 49.66117454614314
55.81765588548424 75.58315577982357
99.2691607588273 36.3546908437429
21.319685943006526 4.327064322414498
12.450027692481402 85.96768277403197
93.88544261179644 39.990123373408416
47.23063806048779 12.688790783814907
42.30207948100757 87.19595513581491
38.12202973153083 64.19053138965351
47.34184086717419 93.9286379736207
64.51652448352219 96.7269322394982
58.59628856799313 16.143980888579822
77.00143911581296 9.80995841331942
2.0473641967541534 43.45874009718522
51.324557763436765 18.11272074132546
45.94950704136571 41.01710862608235
66.04359264672391 25.454927983307265
64.66183493437723 7.105113268759022
88.97672078711936 59.483847745810436
82.58181464192431 30.582152006070974
9.174442998048725 12.759950005476783
8.58571837831783 15.939169682073295
64.94200401132784 62.88352845227343
56.26071846915877 74.23035407825276
59.46072118124175 33.81842298289288
87.21900856730261 89.64495439572333
57.934355918170645 7.631732291963789
58.85000250827643 51.751138527002524
66.97149956405815 95.39634277232423
58.676486209887216 70.54074984786855
87.95273380576938 88.2984422409377
70.1098769753939 61.24567101563814
98.31346476315075 47.085461466429756
3.2496285714657347 49.67269928283478
97.27861521545064 30.5431760459153
50.06418480172612 18.552890656127374
22.520549870747764 27.743648103350328
17.70047567195028 83.25555619513673
88.4939053317096 46.30347226739977
21.134044246412877 49.50559760316804
20.12750187817005 40.18935195248936
67.25989303912374 49.7906290358223
66.67334310923148 92.746362754287
59.86125162916394 79.61793751073733
91.16967552815336 48.25133931740804
80.57015795152398 32.49856404439932
70.13675294650281 40.629258186634075
80.13747815844125 7.939588842306744
22.47374184348878 10.600738890783923
96.60000864767635 95.46011714323413
85.67524688902866 62.62467441876971
36.068375832551894 34.33325348859928
38.11730236827544 55.247714169399664
16.70308082208274 97.62685501987683
70.30754322602397 99.20675754637666
48.163591986272245 26.86941929938744
82.44551400614273 15.259369130160461
90.220234020394 76.63410717181682
22.494246159103206 14.074200650667468
20.557618527266253 45.7030245053341
66.7495070296149 51.88671950023236
91.42109134944005 39.31719011058637
69.65849182063482 67.79890672148885
30.716169961150474 61.46080637994365
72.10716380377758 33.05625049438472
21.38042064475545 86.47766937124273
66.34159003855116 26.107668768960913
41.70566767028758 53.862530976659805
74.78631796494449 1.8362765553646687
36.51589816775305 3.787652945487685
89.64511659647998 48.38347837136876
66.22727893500075 67.23586024506965
61.481173849595216 2.788642688549592
35.41419947855671 44.15149484490237
79.03621279066981 45.381207002962796
90.77555880285234 80.551595624928
54.217466738769375 3.5000113463013793
82.47445435505749 70.2372633497766
29.65286925104489 70.74098812180529
54.140547420049586 76.96694934955313
89.96301419932718 29.779120532459014
37.947407054992645 5.274012565287944
6.620392741148473 73.65691201324829
53.486762853230175 14.27812127253041
29.600437877405806 97.9689466767121
13.83454348086861 41.82234179985167
91.4199057679432 80.3962619726211
12.477164068874224 85.13527249443196
94.25094716613312 22.200759534621774
67.23230798810407 68.19229605933677
4.841138339440554 40.07100435161248
33.88602937567 27.747930708411683
66.74481663969445 25.400751248407126
84.58209825403591 90.12919773949622
91.67686148288223 41.45939267702652
20.47926346179192 12.726723258072447
16.280712233847527 52.613685174542546
16.220335460432935 96.40385849544863
31.659265769528645 40.53420161564212
26.592831094788917 64.17375064228052
25.475300461437513 64.7819387678307
92.55891847215815 31.625113831168015
55.607272419200605 55.995477186607175
78.78578998330796 83.8497611582723
25.452277932257907 76.59986982614714
15.373048090386465 10.970293857675228
94.40274828743452 69.5817673630906
41.49065932832827 53.73449464029121
52.05018884036332 82.79990541462911
16.191303344970297 49.17898618107315
90.48107524851947 60.33689987651189
15.686315834249198 22.211150719000994
90.82148446272353 54.276664596169155
82.10143794380707 12.091909961676484
58.30541376962544 40.574404242018744
93.95432083568703 60.73272328700487
88.72621701165218 58.39908096741511
44.083367262373606 69.86771674817551
71.03251786678781 15.533232967598764
43.88169844990075 73.59057668574755
63.0647217418542 78.8617676396008
13.00491165462847 71.13219586872795
28.73991872961259 7.579061784249075
45.92301362798599 40.91006859414969
41.99273168148072 22.84538752315679
41.43391104401199 46.03214535502467
91.28499910399002 72.58878259556172
46.09812835601845 49.76151867680283
94.8504592159476 77.44544019313881
41.500649864217685 70.66959086529232
97.675109434719 70.4394986212799
7.131971554197647 81.28818618913418
71.49830282319934 0.333269729393626
63.32997527983289 86.13752207071488
93.00093966717301 58.21385482155059
18.77030964755697 71.10856701872186
12.454322633416881 58.80161521645806
62.84337232628119 66.63056802119517
46.04806725988582 68.2692014660915
18.317723255721408 9.635036604362334
67.85349627754084 67.5092826786515
8.156065809793244 33.036601786252206
90.87259551683793 64.64979150822936
66.00428711022495 11.691613822873204
56.60233105104942 67.0564528729233
63.59902320010122 43.16705550248856
10.712437290570964 34.43630894786733
5.228237894287191 35.95264127295677
39.52461064735691 88.2942083580491
57.42121324094032 47.376163074795905
32.91203337812962 27.141380342056777
27.53861116704872 24.766828295349043
69.544559185281 62.929203609935634
65.68580201515361 73.04550291278275
5.802335125101754 96.15111344750302
52.794817954541394 16.008389104570142
29.94431625114309 21.936747063683605
20.886992407085113 76.68076055189701
78.30686021059702 87.74701517194292
65.16754639046478 21.631645619772755
82.65081664474437 16.58800211520277
32.313789764287 24.791613918569986
70.84225532537529 5.661496038239844
53.85155483605957 91.70595749770068
95.56261827654473 21.840342644556966
69.68100067934428 37.338148020106644
67.51743414417861 90.98632434737416
26.04531533063612 54.79692542530077
37.24396513468524 74.69652372288031
23.93469649143909 31.997550100946825
60.11197004328024 18.97432091829183
47.513587926460985 25.489802773498347
59.19495987597323 13.919487585467326
14.237075835110534 37.60919663283169
83.82931294333322 4.358567969023319
81.9371527008345 21.16949958655361
42.57490307300789 78.81143093263854
10.806335990123195 0.6853886688254152
95.1917022720424 11.265346183547864
41.601534269965 74.70789229592263
21.040238879684047 55.681814583819445
52.7064296966429 96.57772103987247
68.23610461562978 66.91898022441237
70.26075748578604 89.37662556566264
15.759071974291006 72.98668753603594
88.84293307806766 89.02774605925347
35.148742501418795 48.52595232074517
11.96752432408774 80.66253143318475
30.464674620622635 46.3582002283474
17.185856863572234 73.9418139880504
86.98976209404346 6.71520411650437
36.669720013275466 91.36726649640931
40.11324379243906 28.71764025394603
36.44047263726024 94.83103797682888
80.86275727373702 92.9692529849786
32.35209433742774 20.000439669115934
12.380708007306819 93.47720133673936
57.342029621894454 53.47141660332171
60.218634551590156 84.34862266274163
48.66167857454391 67.63256999665231
29.87781928985771 13.861312165192352
29.701445751713564 10.470575311258212
97.88554612735834 88.42737585478075
7.161357364328413 46.87089891073533
68.40607200449382 46.69128059101981
60.10478209655727 50.34017605174843
77.74315266935912 69.52379434183902
83.80388946959192 4.61914571382791
89.31815448205226 84.53467350833299
19.133470098025597 59.11659380657292
16.399285149008215 87.1506243929598
10.873739987083454 74.66042669972595
44.10291902093822 93.37035603213685
31.663822855277424 80.91003263320975
67.24133732851062 7.504103893020031
56.204089630558144 51.32107662670076
37.91245538619181 41.46608829355731
90.70391721665084 60.30784639637261
75.71373563269437 37.46450073774983
96.57688411546812 25.092078452267373
75.32358276950804 61.6984260640393
99.86403260410144 68.3951484531854
26.078373865779337 64.2830836795444
25.35913586901679 56.4916206812488
84.57563091728795 66.4373525204253
53.07018758836553 28.441321644416927
69.7629345943474 76.27998542544027
97.4635115912353 43.71743995669932
39.07296575957409 86.62111344617556
54.75489269133129 1.1058338555347103
27.739122173002208 19.838845975395316
16.838228823587965 17.42887124188077
1.443157033518716 28.840357385021665
50.713912541287876 60.19888420086199
55.05568254936883 90.10663343869565
93.46365878339313 14.652352196406948
50.11046214795751 25.015810590152142
22.996558176209582 57.97670113193749
28.452278627142903 13.63753771745435
77.604313919656 19.69015981293014
56.848578901808324 61.1523694547472
4.894634345023818 84.00573199414538
8.642221537365714 76.55374652298248
1.1443709564291193 93.6023554520931
11.469908162053422 39.61627957943647
10.668459089264637 58.55177324264269
80.32651063855324 91.96119619494777
17.632551681778263 40.786341238039284
52.86225662174877 19.465828219235593
78.96658488498016 18.105976039357152
54.17774412653795 7.953284149777584
