950
1 3
29.29562789827205 80.23336470062799
19.042474304797572 56.57149713289529
56.186230665386304 33.4114423460558
13.206614615102108 86.9844597103117
69.41115033598786 1.9873475971237342
79.7008481509383 63.518214677345355
34.102085427777396 93.83968488593891
25.79034925903505 56.280090210317326
35.51113633291123 52.63636371969604
76.73947394373239 57.70696098914592
21.972115836472206 57.472955866640675
9.609496873784252 54.16734118523776
44.632922735363856 63.474466280335996
72.40811451727693 51.93901423834619
65.94117881138366 50.996272826331904
93.68466283433034 77.25316853434276
8.071060374866313 82.6346418775936
13.33888138524879 14.76213972634659
29.80019469819566 98.14279432145258
27.874560077168887 2.35100259261416
27.08875109141364 15.833587752086608
83.2928013488617 20.61962634034973
2.6887010313120685 61.56024835764815
43.71692827915237 91.76805306588606
70.02859051900636 2.259617865854957
82.8026482156921 74.14123602694875
89.99270266064843 63.90830302996071
21.48120577157431 15.433929420370918
21.58700014071617 1.2151012506525394
9.542991353876772 14.36098569112605
70.01387227777045 49.91295001310518
62.987484968786454 19.545005306372264
14.395717189046486 11.086227999952047
98.4056046980601 28.116048192774556
10.945772539851273 92.16793759435642
38.39730790277833 22.881800569523804
48.919781143605 70.41154076503908
21.936565775342466 27.05391777829893
30.276742110644083 8.479948279374394
83.09316358182465 34.24793127731769
43.126475403131145 97.29268236279842
88.62469819047803 71.06568360725628
20.141297468216692 44.9509629256047
78.83300603205441 80.12795862489519
69.94886131955298 20.711029736222386
64.62665809415353 58.073158440919585
34.77225374068467 68.7220621257368
30.858850894066016 81.10923023087302
20.36455766863807 90.29498342352107
55.42993917217029 30.705901720155083
73.32779602606925 41.23508652854242
26.12539200792765 37.92642446839296
16.937687407338075 87.26223102804889
59.183226846835815 36.84335057634704
68.33296244072513 34.75684642450232
26.604107388463305 16.945426642024675
49.88042725758268 34.77711137808903
49.11202024919705 22.31120747442801
60.20745044268181 99.83364060802235
1.753544473935409 36.18632829016042
86.63200582073252 70.37448984728907
93.19660088637893 45.39145001626601
74.67540186814905 37.10805426532697
46.23482694234622 61.32027695699777
70.5177532157002 25.751927230001304
90.18360958476555 56.63795283514723
72.23967137914997 67.34283947125593
24.898960946681804 18.171321403631644
26.80028240863024 56.680865504885936
29.93783388432969 6.9776058259517715
78.65759761304933 12.903419180276865
33.4711736559544 75.27905242712065
60.98377689693157 38.10522162634227
28.935380621540084 33.45527437811449
44.253968797267774 43.00337398637324
93.77639585940068 17.647441356174664
53.90853461226113 24.136526769005307
17.353566505447347 92.79190539071674
99.81621884526189 97.90888400765061
21.55456908755975 64.13917394171509
47.81341895960125 28.778596177834316
67.08845318186792 94.2800013289478
59.4682091255889 55.323279336812384
89.6732209856984 76.19179312688466
14.1543891488082 40.27191028084467
91.45787616938425 32.64030672121323
36.93761734325631 57.676316041925865
56.277040818091415 80.72143611521423
53.28303792225162 44.655238755110325
74.00945701531975 53.166131724292384
94.57604159952903 51.97452752265357
70.83228849909706 96.152938592445
63.0903354533757 69.38338331969716
39.67925064288549 88.1890889211576
27.019545251746703 45.755616392170026
0.0027840519182031898 81.99500882607617
60.378953544482215 71.07769329413087
40.188224838934225 94.43931464274036
9.193424407470797 35.93155144988825
81.90829022299584 76.513382268352
75.38294829252973 59.98806092664213
78.94483781452459 17.803241203402752
94.98178201123282 58.5480232781562
52.60951202691111 79.64163272008587
80.73193732169275 28.974909246444923
49.75355546898943 80.84483470646097
78.19126958208909 44.324519367476746
15.634686091591664 73.37250916717453
45.34953270601261 49.19970560234677
1.3753410361947438 66.12763162419857
29.781110536697074 91.1440457939574
48.500102430079274 20.32003839244134
6.204486706686541 27.842366678845277
26.401795865831822 32.61715328703498
86.69162951521837 34.703711610113764
99.15743045919405 64.89012700444243
33.6953251160941 16.32947703711416
20.2463833191614 22.738300094431874
45.8005896222115 91.81345002699854
99.1925191751037 75.19800516389851
59.88433936958899 5.0993092606347545
5.055826270904973 43.68052498070831
4.79135522966565 27.31635447347227
54.878443744834726 90.44924789986757
94.54579985944301 70.02477684778272
91.81238894566295 9.997011829293601
21.85408537984874 69.09212924629111
75.07950051555635 8.08115856307612
24.830753102020807 19.583460402936947
38.255484567780826 66.81367784128498
21.912316173536905 88.41369676938966
31.632412910563513 46.5146723978211
86.54333693557798 86.83826236958471
77.50377495062048 81.0223580135431
49.41720629757371 33.26802856752848
90.44104391879185 47.25163388844813
41.282797709202804 68.42946023733545
21.993446736883282 98.47318242823687
77.76121607928876 23.472937028389374
55.56874605822071 20.317362272841
64.235945338842 85.28582274980762
21.873681876130412 72.51092681081069
26.35689372580923 86.33413278889496
29.656492705873205 64.59069161785106
5.550736064792772 23.448903976096535
67.45729719718798 56.99240271277668
93.60536645516649 67.29429462929613
39.41208366831712 8.290285965578148
85.23696077155391 43.45374388004115
42.97678030047067 71.25122280520495
67.52610872218831 53.957821012263494
7.516602635920977 99.49794870010655
21.02502710648273 11.569781925186252
74.970131590854 33.984493983757005
90.32741855015351 76.91842318274786
94.45531104818501 76.10235677895633
44.09638169354872 84.34348431519562
96.55240967671187 35.265618880288145
25.106603362682222 15.293968749034237
35.92369869387897 58.11598804716513
17.864584261965668 52.46945604683093
20.953862578898573 39.901589757163734
6.924893113609021 36.34823609441851
16.46927230464399 82.987231649857
58.75758347913729 17.620801204838553
71.631192305038 1.500188325681684
72.3633802693612 73.96652361541172
57.139085963208224 66.9384208201706
62.43923059176315 68.75681867769094
70.42122248788098 60.782533901490844
46.18361166118996 45.8734344484987
13.066753550062638 57.296244652990815
32.73152525788103 64.39970081734043
77.14821201935949 74.85120885620763
26.60461082775423 92.3940374329661
81.77677703111405 65.66796749829464
49.79301536146987 63.13519251596955
15.97048497565643 78.65789553102339
34.335896881127105 51.219415210001614
32.40693961306671 31.932244808422496
33.42220393115443 80.97923252896892
35.78432859586995 92.29841376961521
16.832136222776704 11.418339665147004
74.81584737626167 92.57123297811303
2.73972338077606 59.22037335258159
62.28711970931391 0.3659425841429975
81.72461243882343 54.180564560159674
98.12827030974293 91.75087081645323
29.539859468985654 73.12878190956052
79.12240288098171 48.71006987685234
12.48523903732137 89.41336911093461
71.79608421654322 48.525590751220626
52.37209081169183 20.681714233923664
82.27797231851446 41.55295827293983
59.291942214571634 64.10834422481433
38.20581435314785 33.36656016481718
29.516057718645694 88.87187267980687
1.5283071370285395 63.46771595414722
76.33245735971485 0.18963951298345272
10.558891026515195 22.84294584710893
4.944300857434114 92.72565798658377
60.55381332057963 19.43854265138778
19.581372207846194 99.94030064691601
53.1820248065916 43.075287667368144
54.5279374976724 33.756760311378954
15.166380409778668 26.986277014841995
20.754850764703313 79.75341973515972
55.25167483281754 82.45380147541562
70.53451373408626 55.89186788907578
76.12331637498843 64.13112299402411
12.469924680897538 7.625958430461455
12.316810328000937 87.60401670485322
81.96492844711973 31.26427207655422
78.94695398536248 50.66626613876113
45.837164628760576 73.90599455383511
69.97079968735808 87.33765375801512
0.3763664744089512 83.35597983752427
68.49047563108594 54.93712176537011
83.13422000491934 92.60208255563256
1.088386426057597 81.31997834709004
83.62334232718416 4.95812919018388
70.98735447217321 37.10650469270107
30.21118480389431 39.90208959140371
91.98111035548932 57.262942806819986
41.02529308170215 6.66010176601477
15.88976413038441 47.07524372087566
77.24632508422728 96.82494177714771
97.16973687159047 98.57832973254136
62.43665993103489 20.367288810101147
83.36676725352166 25.667073820706033
74.1509791393771 8.577438288578998
14.38359765891728 44.45847571856336
30.5426336567135 53.59540516300694
95.02198572430257 25.601084001833474
84.82099978580182 25.324608998478947
66.66744174519484 90.9476218316537
87.09281025497522 66.77309117437684
26.28908217342387 5.675927196378017
82.76024677119496 0.11923296964950758
66.44207522477058 69.11817592590633
53.51233327991509 74.06851746987128
23.2672290433934 71.60633071519278
17.225592290956815 99.65500494187611
61.29144543152467 43.738484635171204
76.39787048787261 15.46816580685315
13.179808594292064 93.8965319713605
51.504181712750686 17.648009534890452
49.97254968398197 47.938615589353596
93.73647556057527 66.38926663055742
86.27966889551335 78.65547288279164
14.390293960411826 42.520445042663034
69.2501299943489 62.21446742571723
11.792280288476453 32.27076229293318
97.82855645194448 52.528945610285874
0.6156791129685368 42.78735304083241
99.60478748306399 13.34196158351908
23.75797988893624 90.84282681054839
6.470902822413005 31.0777860659303
92.57087919122907 28.160629090863697
52.456388133129806 54.94436974992824
62.06471379808593 86.74605498798516
63.38386021815459 91.31907563424377
33.303683982259024 8.56777396593602
34.09786884652666 51.91923023605931
42.13177560644945 62.85651892441098
27.17825281877935 55.907103428552986
32.61127428732957 92.40074344852268
77.47466241311383 56.61513558141878
3.278315311615687 43.10600909476867
44.37379730242657 13.384486374306936
26.149075391584265 24.63000267362492
99.9507872207547 90.30433034034537
21.034065040020543 54.30907005885641
53.29580413889037 97.51723561499854
27.560402545593355 40.99877332783146
14.53185584311436 31.10663580293278
60.34313989624969 46.666635348448615
13.02943080782628 91.77266813259718
15.040349734597292 89.68967636639
32.01640579080951 17.139238338293428
42.74405217718906 82.20561510701177
25.51484272396123 89.35182412627067
52.84093894021713 9.209012273590389
98.61841551224965 31.164744579283777
73.82602434670294 36.88239052390985
60.40460986201459 77.81309999141138
83.03837260571296 47.40565063024691
58.16845708418741 70.79351825425819
97.01165901437928 31.808617329740162
98.91399910333627 87.29872954421873
21.82122115954874 70.3378028060557
12.038980303336078 49.928662581898564
71.45869267811842 34.021312564511796
22.07630282209696 40.0934931804763
93.55029214220203 34.53728018225293
4.6967711452232 18.771273458657767
37.73649304505482 91.92280682160865
69.12586877656797 30.537238687713632
3.731538121381228 85.228986765416
19.585793527417582 37.55388209114345
92.20393519444636 81.09500359321846
28.192318192502764 26.82313495753983
33.280185613223836 5.450472201504719
18.938753964915357 44.864441907091866
56.4720979868524 91.79996897894998
86.12511843961812 0.38742300855272305
69.18653383885346 66.60868820340957
92.89151292423166 59.21443570278071
73.69535207753322 67.39313687622493
36.222980949034486 9.090537111327945
78.59609505542615 78.46131500063672
70.97852392258343 61.649596359456595
49.520912438704066 53.39133510029943
10.68412103447196 43.47958372015479
75.8169245669074 26.55658053191172
57.99804133552065 52.1363139292768
45.46121553157381 16.65260606655896
17.949621727539267 73.14993288790765
56.843860844652916 79.75871386096787
7.951568352916372 48.62794773247754
78.28188474338289 46.861353657652096
2.428541831215858 61.05236711660525
27.286645839762347 65.73135978499305
32.89479489507663 8.924850156772933
15.531428215799735 23.960274988920172
27.168472952148083 10.748362766694441
68.4188685012096 77.44780253698748
0.12517016610282816 87.50651778383556
4.1087130755987245 47.09840550543707
61.38222355381067 61.80682101264854
74.46813970940332 24.49818772713883
75.35899204690566 37.466691682925514
60.88311380047615 61.83097659206523
44.41286558117006 8.815649804516834
34.48023187427314 97.57185784643457
41.96690705252537 42.86996617842953
49.160874495825134 73.1610829559318
74.64388783143212 73.22024674514473
33.915144996525946 69.36226494372161
11.087556370143869 27.55334038669941
19.952363307577414 94.30705493717582
2.988791891646936 26.977326411516067
2.81662291960989 56.871095481160964
83.40785531144532 94.17507785228636
9.694471592532272 56.67742292307179
54.339315146986536 54.511425609186624
20.2720050734017 98.07018462638122
37.14480784680756 87.31270806343665
61.082807789122626 11.351779141733864
21.010528272905148 67.85411881684553
89.4955484916083 0.08764865008588085
2.2090218357533997 3.4707619228316444
81.53425657984856 40.62067764103296
93.48917579806482 59.46244318447111
71.16797994608572 28.44580407185038
9.047189168078784 45.18678600687473
44.03293521256963 17.98250446910221
47.658233050027164 11.85556101301366
74.08311241487351 99.9436392770245
86.08662193562549 73.63890450394362
0.7798794329741288 6.2090497245465
50.78265277200016 45.82659965407512
35.65580985722943 57.757652736858574
63.697015423496836 18.389970857144068
18.297914095570157 64.70650757292302
79.7730716775074 85.00945537950983
61.36381968037132 36.147692957052755
45.96374438550368 97.07577294037281
17.30328151187621 75.01996760526764
25.764585026731226 60.33172050240842
67.62043247317395 73.4089323145508
13.27387804310034 34.7856166057164
83.59827185594573 0.9931006602569292
63.07278101060862 31.97750544052951
80.98144565553741 33.2281293495539
18.773637198776893 86.19481008689786
37.56671282661763 7.463893182861803
16.736842456217182 60.83447591366957
91.64001730519719 40.47820343746007
68.23385523582033 82.4084870514078
96.7821864075173 91.49031304456594
74.56659138767175 67.43541039051519
0.19824361363001142 53.03727056524428
34.85680581207915 42.81509028317887
74.55300244820681 9.853968852671091
57.73541326345723 87.64811055841622
45.98817654803755 18.07799969803543
26.090477565502002 50.9381354386927
53.881910440325356 64.96656630992052
25.917757160815235 67.80504955807992
82.27391527144701 98.56253413025875
16.288661417183036 75.90674371870139
54.81175930270767 83.01552648042924
79.97042755295953 62.87761333433637
73.45465972112197 14.609521748867738
84.68777261782634 77.47218624436769
90.42811065167247 52.88941879503184
9.35923039029889 11.054674076107919
64.7038941413365 99.80550047515922
88.37493249792342 43.20682916676177
27.955430301762018 38.98797534943448
87.5410065321613 96.77903512625173
69.20144692393247 9.96352874116413
0.3582439468735821 89.07416163784043
36.26229306870776 84.46337977213345
11.676273196001329 80.69215595435013
45.73390078011088 44.899210633345476
27.41123556750662 79.29279148288049
64.17343216447978 34.169015322939835
27.96944770373542 71.23467187379562
10.16820979160773 87.82706842890049
15.844664557521293 11.721532392910895
51.59896619326487 44.60444654596078
56.378123432783454 12.914939024101724
66.57377109938018 17.966866182827633
62.07886391725488 85.31943050444346
31.663214792667738 27.686426435173406
59.81425710369701 62.806491668727006
96.38958684745205 43.33228285287838
22.915984036739157 21.551874120373714
70.66583621094121 7.609063325353538
25.117291868056647 51.7959673309123
38.23915248307523 13.88695617969491
60.4202427478906 85.9541485571212
29.25271029583314 9.58534281646335
32.19251613734917 27.785614648213432
83.19741093049282 52.222509499294276
5.609279789876598 64.3797599552865
3.579328087712308 8.144326074429365
29.424207602186513 46.931754863179286
12.386811777166296 88.72297640914601
86.56437750973471 38.769163024190135
12.170345903145009 1.2607744347930883
40.13632315003952 53.61926347148223
37.77005518835783 43.58712545601047
90.91262957844212 62.4152703712707
47.604203902735655 29.460688020571112
22.8216836864648 15.022189749143887
59.520074606392924 80.04907059816296
40.16635506766628 25.45736423999607
20.08643987854324 66.54104819551554
92.8695501617397 81.12506698773151
2.7599786266298443 21.99630468407514
9.415538451016904 81.54418957134652
15.334561491050946 16.70691880840307
6.60016817854816 99.58646946613958
28.84616857710849 44.636037531884476
2.4341758778256395 90.34110753405858
79.04941687702383 44.56007112771665
58.058014068643345 10.50502392321826
36.71701676772652 36.81319736794646
63.34637764721354 61.107432124982644
51.537527994835756 48.37508686264969
47.995043146345395 1.648137244206338
46.22087212925974 86.73105617252546
92.30312566163575 12.212078596187247
97.31598277640288 35.86259725511483
29.42063016234617 80.54945793615435
37.15520871240201 31.948414573383776
48.76978047548077 61.901356688759535
50.819125518174445 92.70543916119236
82.98036615698199 11.831511012207475
44.98817955431327 87.99429668268964
0.3114988108349648 62.76083516866389
22.340277458586776 70.02696192564541
0.8583698022958108 0.1931743853524237
20.489788575994062 61.431185089306226
36.70191924088324 43.35978892562478
2.2627906547249665 7.8465817177352015
16.074233739773124 44.458895471438375
51.69308882621766 88.17953526593678
47.97105197950924 58.24554253928633
26.178196645206285 44.369034159971996
47.40602981459774 21.348758743019914
66.33557924959077 29.718795122684828
27.994183349500634 14.622891302260044
18.323289779665842 75.94197709730834
97.51862717708835 38.672494813607436
44.61706877081524 42.47892343483808
96.61386804228407 67.7577535652379
93.4436846970077 78.11547815234599
58.401754770582585 68.4953160666559
64.15111092268504 80.99376512814919
64.16302552913594 6.619844740959291
68.55787481589661 51.159464251622765
33.099478225879686 93.41360616657664
43.80626748347773 81.6212044873797
15.544971061274415 77.61160101550837
77.2860999589374 91.23258479393155
20.05767660460238 87.92284134906258
14.28906477311951 2.3217755548218255
0.15707164143017316 50.009236889979
70.38428150785019 63.38320463062041
46.464763180393895 78.12413017034055
60.2916561068386 18.944855022916364
85.32319616354025 97.2212525731477
1.2171304507781144 57.12233557379458
63.45800846221745 0.020193200835594283
43.22114088688909 92.78204349726009
75.34587771515487 37.50362590565142
21.514273841374877 19.257223285179247
27.53930764967365 43.425191579137824
80.50141060881188 72.27385258926398
37.17187899917358 10.790526240887012
99.71845573652062 59.021474930905995
76.36985089435998 65.69191354985475
31.363570631869386 39.144022653072305
23.71745639662821 50.10046104010375
94.51617472635647 77.88436496829296
6.063324486753352 24.80834194274244
40.0858843873634 52.481598096293645
30.453045567277126 9.714131257999025
3.1062544813713844 86.43392929779425
2.584939293280941 14.363702670207257
31.74391310456357 74.45414843033346
1.8618843941005103 14.583929300660504
7.008839412561874 8.826959011977165
2.2703034813144507 1.7858786014439243
62.04052086918652 72.68878273387398
88.45547023997939 57.13510887095181
45.56309850009554 77.85974498892747
65.17515539423697 11.343262477638438
43.16707403282538 50.312440763771946
44.34547767479364 65.28296733309706
45.37654217602132 73.56193915311906
15.15444968987314 36.709889591979646
19.00265525900533 39.29417820012575
13.851513425596206 31.387111992973416
14.5425519778702 69.25948984596243
21.47846874321633 96.57173577726437
97.1553301256439 44.97395460266351
75.08025352149646 8.78406279893429
63.656190645156464 9.375552827317946
17.43411460916238 95.13180697546093
25.49981200779694 97.39192237353988
84.16591960619529 48.75370651336857
36.29965111219236 32.0519440067645
95.06108077607607 42.188736860856444
78.09601855763472 21.833177698496797
66.65304597040969 3.363152337092057
74.88074410121834 90.30443890432906
29.646010293588464 92.00790160487338
31.244925097002074 12.947991198902375
88.69387995548045 47.95485054032422
11.00111044152543 68.32693605063282
56.845516606693835 11.779607019340466
27.87335600113561 60.118106153416996
46.70899377799047 30.15644696468083
74.55512912683773 87.08131374517889
20.328110975719007 67.37246562236984
33.41983643810642 68.33825611955892
64.9443724590903 83.46084971048396
80.28980538080313 99.79862410274305
19.15854782669819 15.444853816699954
80.74310540473013 75.80206037597432
32.26196365246543 55.306452693596974
18.45305174594143 7.754828169777195
9.26130053228671 22.45469617980429
25.258661738331732 46.192368606415556
69.36251586746324 90.73311260684483
76.13387220494931 58.53448315931302
35.41486770285931 20.950936206060078
24.507178235576042 22.376135880867288
38.51653679341496 57.53353578167661
41.06602659329768 32.58255863062796
58.32495577103802 61.4916908790315
25.353055840194983 37.831833218557435
29.171948501686916 2.8163011275074368
2.7031249009860314 26.749954643834386
45.32857881765582 64.35035750758912
14.17729573882751 44.18069015536372
20.806188585032913 15.939583213996467
57.64704951569115 15.410226244338254
29.81438810902748 16.36192790844577
93.25480074269589 35.08255560763194
56.58907570152651 18.148611964101047
5.665625440339572 98.29167983015661
97.96732134475879 77.90373117390669
60.9496766909305 82.9292178299186
34.94785857799514 85.50725083483725
41.045593918636335 79.69158527954818
22.035442033599328 28.9638364748209
13.974168398613717 19.591930690518055
95.14056668033963 68.17733561609589
69.73551813443102 89.47307251301639
7.38604841140893 2.4634252050537597
61.93431921239934 73.22320203367421
45.92138226013331 27.84813793465144
17.931942146873546 99.80640299519538
58.84854058989482 70.04646749556123
4.874704734533197 15.743870864662423
3.3149886793900407 26.487806987292828
29.33379628800847 1.1721378425653128
44.05389917436822 97.96710163625828
86.06737983126429 65.60164952393144
68.01426897888756 64.9913503968095
22.13650905592155 15.4828128973449
21.814134562590827 98.29486253995718
60.30513611332846 30.542435119155044
25.28011781151511 40.733620106464244
25.02766828554219 37.269638562153816
31.87917330061636 29.71306721339564
89.0136149132787 35.16494680056454
58.62643579954943 1.7648787770518481
18.289799083084233 89.88739653070077
82.03486566137137 44.901634364023614
23.37558426696407 33.77536571503066
8.894570988098627 11.212943355803073
99.37875382561177 87.43507981286352
91.4008805425149 65.09896395661224
25.571321474907126 47.27611967292646
32.8758528777517 95.97305158538285
15.624702407370062 12.485390702128797
19.695307015115947 33.77904825143159
2.365406049271468 3.1140730061070876
21.344271832882168 31.72787418657983
1.4555520640870512 75.42947199578818
92.67695185613789 72.71939084325739
0.09028144459808374 72.8941564093242
26.598766307491783 88.2474467340155
60.67030064993417 50.24607623267614
39.43785592487474 21.894244674572793
12.555472579793303 88.67315241836748
43.74683295502033 20.80347622238994
46.11168729854205 78.54607275961986
9.948184908596591 34.79549079491366
19.043295704478602 14.56231728646542
75.24290970995776 97.62311806537815
82.41858650685265 83.27483222405544
67.64379177086548 32.378749221333436
84.03044663173134 67.25978117575697
31.8618783958869 62.04191570833801
6.308625366268195 89.39274956181622
22.71489824043984 9.837139907953073
60.632970862796995 62.74398341341379
33.78546592295031 4.809919964171883
50.54733219850831 37.24988974315553
8.130038081789714 80.21681872167778
87.30885871413221 96.1334511083526
77.05075888990866 42.07261655727994
55.78661438730441 54.570351253657215
21.189347856692663 85.69587387898
83.45974724544043 67.53352638227848
22.44683506615994 43.55703199250729
84.56702870572492 20.815056570368995
74.88717888336909 50.812177849567554
56.295303763995875 75.35106455428178
78.97298503814996 38.68158002397952
71.41244792946641 50.45668500845268
96.64797125359357 47.160672788795296
1.6754401049864587 37.76535185565872
88.87326698781659 56.385125599276975
19.0665841382196 98.96308781737272
83.80532621984254 57.95182991951506
6.6940942145375715 12.416224144950515
74.49764575280568 85.70343217398735
53.8391863981109 3.671999286777705
71.7074697881228 54.61384869659662
94.65912343462995 46.06453380906221
40.97119192856633 86.61430388598666
26.048390436364464 24.89601147473264
74.07794192291388 67.00468007317252
77.58772675816856 96.919759938214
66.1529339112455 35.18762459142497
11.151179675230317 77.0613577853001
48.316473349748094 86.16421291811707
3.9781787076014874 17.22218590228035
48.20667656370403 29.884807908596535
60.55048965266947 20.49599897579837
10.520624580257397 66.5722151288095
66.3936176319938 90.49494273458436
12.63262137674146 81.79372048132268
30.521097560084655 87.74085561477878
11.53652562062064 60.08840086495606
10.593105523481604 63.41106666973357
17.215781223745317 12.827821856774912
13.545496084499199 17.009404650899064
95.77654494514769 65.43977018537082
83.73417297343386 64.92684822332077
73.95095110223053 58.070171777159054
40.7161832347176 58.87699841706211
41.96918167195047 53.6994196424041
55.93700966994819 82.67871776376255
19.379063429911625 61.421975756528525
41.78265234807614 82.24676826521889
61.466146948526166 37.13234816231914
49.7061553163864 46.941953772143876
99.23165079455333 72.9168284830371
0.06048670535290235 78.06396997288756
31.38080564217889 30.053401445305774
33.23211103720616 10.957692267001761
9.419649544717679 29.972918248413393
29.046178315163253 29.98220922642103
73.11039274383198 50.636454967166536
78.76183278404005 12.811469528940433
53.6089274282797 1.1106022731114606
34.04238940395088 51.16431149797365
93.81326023658758 35.33969883787147
46.50478952812036 89.36454454061776
27.473236032504044 57.159153616140124
51.56597641162042 61.78172241642035
88.97793666435894 66.2281722312279
39.463355908927156 27.783633771479433
42.03463498253184 35.79924500519272
35.56613885017907 60.32743031961743
28.38779449029247 17.541547073461405
90.03295287908577 71.87929332021123
0.1408226644343813 76.8987737181466
59.72956183439686 4.786682763723071
42.50907699257702 80.3908726243649
71.56336812170885 39.664484428774884
79.40118678977174 23.044953701590853
71.70071574210412 82.53682919684078
6.452735216150596 96.80858746987344
70.4670025377116 24.127573936451597
66.27406798931388 5.987285249273877
36.98719267346151 88.60614678936278
46.19681095467918 80.98844343731875
86.56259343759622 34.53766195966852
17.172292595803285 54.72264127161664
51.163641775184 7.665611197611755
7.798687526637815 18.271828355898776
1.4315227168590017 63.142758752539294
48.32633211568906 73.54082219282425
4.534117027495732 38.60368387746733
86.16891166207895 40.288755603178814
43.23277033692487 49.48496925565842
14.278304506635786 83.8256413826367
81.18650116599007 12.134884574026872
33.502802412979314 79.99815987293759
58.524292101593424 54.6904936785048
38.821882144118526 36.94507149734565
87.71191592471067 91.37433682777613
97.15861406018229 58.96216326786694
1.0048162367292557 18.526179819445577
27.657367239295173 77.34433224478545
0.7145513738296527 68.4926844522151
58.969548259400504 64.71453036750401
38.994474804263525 32.44285689827204
38.829269263067935 69.81136884042868
57.11530733262631 12.870501140521707
4.353933151633438 36.32934880445538
69.82795222231644 64.57358094050396
29.024528868033617 24.497576307941294
54.03787253653229 16.977196312315137
57.38926549059862 37.15672160864805
5.751318667221894 32.93807765766827
27.46808394843141 78.88656868393728
32.53041382825401 65.68784392519818
15.814592515735693 39.1418493127176
37.440498924496346 59.085546737312896
96.47506783122653 81.4663547472664
25.469913706999805 2.771519276503609
96.04988842467112 60.13055027108361
56.980212529454334 24.541986446893382
19.564114170220503 62.6682698326255
41.11078879702757 89.39294781873843
40.42180614126691 36.67188831468054
53.48578000112323 6.559987630326747
7.599798252008427 10.712235305673378
45.33736847409553 51.96304221387757
20.57008033624088 33.743171193805345
98.22226491118948 65.04352371202542
2.242840040520133 4.7635156313926785
62.68222687666065 59.32299323753612
9.729360445293644 39.30876051621504
56.656627816972005 48.46566729444288
21.832270901168883 32.244396830071494
94.43080676529438 42.9758214016106
89.34549606697293 32.10123142634818
34.29200145271174 21.70618821176573
65.40603927730857 85.09553476323424
24.173201263564348 71.90007568533827
83.0247723836513 86.63320462102516
81.13924425997152 19.85317610986388
14.178292658557679 41.07944815807145
4.449357011908983 41.328404037011566
10.295884782301744 15.332904122796819
41.70164714622282 13.289087722985071
16.16167017091008 94.1843111562552
69.08957354128525 28.19592178046404
27.236941023085627 77.11657089756676
55.029104135649035 70.17402553761947
11.73479573319316 36.225566901554004
32.72648676000174 78.01518942375287
84.29099536754241 59.00134202634004
8.239862282980548 40.58265904450828
77.81335127142484 69.77115100796863
59.02482692892128 41.32271300803867
39.67863958790723 45.60835238084226
62.79612908967314 75.60045273628835
20.77624936992395 80.53019459236617
1.1073438651992173 24.578369091336505
7.568678822887609 81.83882900516772
94.30515620037221 79.32073207575223
45.05865628629737 46.0148347916767
18.71197655418124 90.8978542987229
74.51601752816863 78.45291353739559
29.37340750798998 59.493549865802194
32.75728394399382 94.89241103139652
69.23248086194005 19.844106557571806
20.17068150401311 63.53679148227012
76.6055148324093 27.591579573087355
30.928892217686155 92.6989125446204
47.414051361905976 10.864192180832145
62.1634939252355 72.81797328350395
13.292334975580644 42.205128976747
43.077374707423544 58.88055854915217
32.764614646992406 23.590249849113864
50.08050065574796 77.80950247648516
56.4033497199365 6.537123752915219
81.22925233861376 20.924125793267102
86.05260438964449 25.549023719604747
58.75839280621831 56.00185090315266
54.33811722516217 17.252625078306583
19.69133674093808 87.97207086368456
3.4806690513279115 93.54104611986236
88.78447792781769 80.39486525950534
50.128532789022806 16.0880734851615
57.49052518628537 3.2739926732084257
58.525373228139046 91.69364379662622
2.527585185170933 92.26980410892006
59.16515249693725 64.91922981425948
45.090302801750596 2.988301459918419
56.73272969450043 59.83815461987039
81.69987293268468 7.06585177018042
20.387314620706974 73.01533043580872
70.59232194333109 65.67936603598012
71.13207389553224 34.516825023220974
85.96961858357825 26.980500244552807
24.866895986540815 14.692247202498931
53.726134348414156 49.6135983581248
66.79165693404583 73.36358996599735
14.084863423373273 74.07395523918694
5.31045111150632 38.73597159486668
88.82070418341958 71.09494565945779
90.61779693581387 91.71666012198578
36.826922269240406 34.884534332351166
77.55448979155683 90.27657892149088
40.57769299632768 15.297224137749431
81.45104943139549 65.30080172204367
55.48756804318262 66.90075179718961
55.94913999925677 75.42355673514427
50.54962586699718 98.09612913272201
83.28569397968178 76.33701161912467
99.8800972718185 2.620059630275029
36.69621196346202 43.15542742871499
51.30857087645617 43.324695346429245
21.655154657831478 69.08143492270298
68.06398846076705 26.683647606230277
88.21683250764264 73.49182811809169
80.13830511479576 93.13498332903795
86.30771431177334 32.29955624812932
41.1498689012584 17.8426446176013
10.27435060049038 2.805931950893026
37.46380845579971 6.585338243368488
38.012900036700124 57.098230807025715
6.62892281284595 73.06551673528716
65.18496576988784 8.720983617140043
98.00816328288408 93.38841818252328
96.48701044242263 65.69362708853777
42.574408167046165 94.78647916174711
24.866377980844657 30.443581643186256
88.44341418100929 10.89229309908568
66.08020340465303 84.21144702482228
17.960030392655348 22.4944376380418
77.16856912243341 60.92391824079857
41.550783001410196 57.132930357186694
79.3378803319165 50.64768586657071
93.75636766929235 38.11160268414502
13.70923407271123 49.24187429786087
61.10413076519245 16.87789716167838
54.86699654681389 79.92694830226506
31.46637398166221 61.07286363449562
97.84319960076976 7.084263315016481
8.28720365983906 27.305430828467927
70.76745800679714 88.52733808106947
30.881857463665806 67.98196915564662
79.43503562795074 38.80172232524757
79.51783058164013 53.868536092098026
80.18015842326463 77.60096419905169
2.5164335080080313 79.15666846731267
72.18049916355058 60.6545244853214
52.18433080305083 54.256446782809654
23.364602545270905 35.263678187421576
29.10859909313619 78.16129503541809
9.827688447783899 27.878575906657698
52.83280758279463 9.70158409853461
54.79811963229522 16.066521959179635
17.47350228395699 70.11156658871589
39.80873682733987 24.901072111785805
2.3767777771079412 25.08863352758923
9.489734851698817 63.64096753808839
58.80632512959303 60.43181445114436
18.100388317977977 1.4631646107153395
99.6439185383089 75.48422848829387
88.21942699275999 26.683898763561253
64.5821939201791 39.15357784644331
45.726439612018034 15.752170365790509
78.15759982366146 58.4707494463452
7.2980379424328 4.324338335060229
11.878697819029217 37.36818816513128
99.65957684196023 95.90343622178128
71.40186320087898 30.02295196894964
23.79979719060543 87.67669931426623
77.76582934301166 51.687185964885614
92.90809634251171 45.848831955375346
68.81610096846478 55.60541224282238
53.271850607229744 48.373812789123846
70.57876183531842 95.37590039714523
83.68825953992038 39.965612393667136
18.864399693862577 47.57285571348731
65.59574405852008 29.033277145589476
42.06138243235935 66.79855368472263
89.41809152206245 50.335658948344395
66.21683300407592 78.5562385999627
39.18464353282003 57.248150843061254
8.546433277743004 81.73587876585992
90.53757353469611 77.34911098072604
64.14165972355062 1.4947140197169029
39.775783991185065 86.01064970508585
93.6086244597776 65.68417258395512
81.54285291306573 22.938684267507004
18.742985288584357 83.74776573732623
19.724703895254116 24.710717461750175
62.56590791902554 40.94615160862054
48.565949967959824 96.83028812120449
15.290018025003782 23.169542487466323
57.68254101833401 64.42857369415032
29.08448795967078 56.98646901070368
0.6333007913748467 88.06223465174736
15.69992092171113 38.82529335530509
34.4386234653246 47.63827779865763
0.16170364514385138 68.43976628751017
29.228988985878757 93.35519208477538
76.19357071736157 42.379973731874365
55.46374033307109 54.555917425380244
36.73183804304645 46.71115779039226
85.84711426153737 98.42287937884682
24.994263765829807 72.91707715136037
74.93325323856423 42.92865644793413
52.87527099643188 7.383314613957936
10.48906356582544 78.82839021614234
59.711764565915516 50.50373245726012
22.68955556069667 61.3864326365148
19.01116270231473 67.43544953310025
63.74434889041274 62.63061834903954
24.95809087872225 92.27477436581708
95.69708681518993 78.23818849487714
57.88639520307388 88.50289720952466
