430
1 3
66.64066414623528 45.01673550489156
63.320054088301745 83.41773937680219
83.96770975199637 64.07514763320432
95.93384809603167 40.91950911923759
43.24535411173112 34.958108528179686
93.61994673587945 81.76942304826026
53.11743503332733 22.246974116845706
44.93946771194748 91.61057211568242
2.997785745132231 53.42929348383456
45.92512707087917 4.547881975323542
81.8613950499349 43.04509584578409
6.436523258814009 69.11246937239024
2.0579349708259143 13.802092775693108
79.69610985803348 20.93484805777861
86.26112438677089 86.27149763828253
23.3203426561883 50.30974909496222
83.26236933295905 54.95801509615632
76.92320146457334 75.89600684744289
41.41407536921948 49.677982818357044
39.14025073138032 32.778412904777475
88.132893132397 34.7447755099453
22.012504116504083 26.593947692772836
62.74072869975127 54.77730953101112
32.37417393363597 72.92799819990205
65.06761949125209 81.10124612454858
99.82413684664635 76.65435295098484
9.525983218264056 48.77224397415685
2.2711046710617744 97.13304192222807
11.45419628616764 45.75284612760204
76.72954368013694 21.218783729603107
49.1073033927925 22.28024957674901
74.82547378348698 79.30576388470946
96.57243312917775 93.04089351114683
73.34285658912356 89.49648768826523
13.054520673736159 44.01713861952632
77.0428611049298 64.09896270355291
39.35791883184787 17.63294410406808
7.319954879638191 6.349559006971406
65.71624337452155 63.01450169793203
95.13195055770194 7.804326638239689
59.22065284206597 98.80920213891717
27.716186892376847 59.784063801414746
59.646274930495615 48.330091612271616
86.74200433182253 10.253079713668933
11.805846943187248 77.25468740781626
29.797801605912788 82.95152854202796
0.18526311589635025 65.86670792060283
61.61302453149988 22.712985679409382
98.76877789278676 6.635338638000765
77.08040271589631 57.67798674787434
45.968481638849504 4.62837860103007
44.19882524797127 53.75660068138768
7.230435790425416 32.5151337210505
51.33553066857854 48.36139259372452
76.48228437063642 88.62313421138637
24.304786338236184 46.80155977653022
41.447223180010994 91.84990986597377
50.42709281477962 41.83922858581008
92.73813522501682 16.397668407665055
35.798743571866076 80.16239071805367
37.32494031022766 86.43721423056441
29.573668024392163 7.436320026834675
93.75152597149463 22.590555973523596
11.62629521438221 92.99988603651339
97.6131155269861 53.2435183111279
63.84811224247444 7.678405850700076
1.679507140870884 33.5588219428739
57.66683275121769 69.4472905674373
0.6130965865630555 35.22179712151339
59.7773792206139 56.91172962979978
64.21627049603514 78.33328622835664
83.71168052169307 28.908729015442148
98.59533574829406 70.44155964776931
19.778749107080927 27.85709130147429
14.537646872898623 98.02724686478352
11.081234734235611 30.97665716039493
34.1164879520335 28.478955692139674
63.91815150020639 22.229773602201263
29.25367439237714 26.834061284638523
32.87064736796168 61.69051633303517
14.661829871977217 83.6429869228652
67.03473505043456 20.14649136991389
47.558475901270604 77.80074525015608
57.85965815021825 54.810076164398794
29.468580758999895 82.43408405133556
6.727772438068835 17.282070167275943
77.85927040941228 64.13524213143089
76.9070876659243 44.21148789919578
59.72037621077173 62.88952341871323
75.40773173272311 12.742939534141339
92.73563077076695 7.60594751938064
84.78030926139336 86.46261592293605
89.57958931414845 84.88430106526543
94.24723439464935 53.179770618646515
44.11234545172575 67.64783910116773
55.56520173800163 94.82575516010971
29.930626624690525 14.931791006886886
98.06760220723794 5.077564178695049
91.99547790848257 72.41799162814566
4.972864951040057 48.17040262151377
83.93245088740915 69.35094135263962
17.126782076217893 56.56771385922641
79.89648993090557 66.82160933064691
89.44429919229616 92.4585040811755
18.266630913558913 48.72658118098829
41.1055656142006 44.039634185364676
65.1815375591839 26.93636643234958
44.53205086576526 65.25810144972743
59.29022822342782 50.92944730787665
2.4512594975776736 29.44022233774517
36.86530879959318 38.89060498280599
88.32540294275239 13.72823228341522
11.278807518700095 40.08593612944702
22.607766370651383 46.22319785545943
99.44506310200238 19.60781680982493
35.56779710923037 8.16148618716892
50.49630461475443 19.855470219769078
26.689056393858145 71.10531541903538
87.8172131193385 32.085273392617594
70.5265697795528 8.437682202558317
30.522906808844397 14.545889915735067
61.89017906865715 52.37264842798388
43.50633296683553 67.22945995584935
94.83476962038591 17.193324823623925
78.95567984229868 87.48334280721426
86.98898695768989 46.280209073723924
43.60621515264449 99.00222854338561
40.30090605479686 19.56969113902456
18.194758366519558 70.16053439602692
7.496976590763338 65.23999134921405
18.702536014581984 53.314320234728754
86.22183587219321 10.615608711159963
91.59825673154303 33.034994312059204
5.403280200976823 77.12631743086469
81.77787174747213 31.90310623990078
1.669512460460254 80.57153135044182
52.95304449135696 6.0832547867630815
60.69512851482597 64.2793810845906
72.67323353133892 10.024321860246776
46.32900750554971 13.041913646686165
53.72565935683515 5.112076921408204
1.0261145870433808 16.025978921164352
2.918024213602366 49.631940458064335
38.30982411085437 98.61110588861592
93.20744820258497 94.03847331614463
7.257762350235719 88.11763556889636
26.171868859028933 65.97805056018613
50.195437757597986 39.63050682008935
93.21833575648597 43.06588999258467
33.37646876044458 96.433980172172
34.25403392630002 13.319304171202017
94.36028427801845 48.22362401887963
67.45455172349541 17.62296558465355
68.83504974842612 23.85937803368654
38.25063374885194 78.90683884353582
9.774009485585577 58.201187267652955
81.0333048052017 35.759682751221725
50.589533505760656 27.46789532209013
96.23550746640733 80.0448820257655
71.66260932196305 67.52412658211469
99.32890980032441 84.63702460868743
62.57749773185937 42.274258307039084
39.57559780339399 60.85271141397233
54.63397707122015 57.37420007709153
59.97389524063153 45.734888671502105
85.39830953348886 72.9650595995727
81.70930670783115 4.805651117704035
67.01029644059938 9.279155005396555
54.82238830949699 37.87143753110185
32.9792400886556 57.485230597809476
26.937108357373283 92.53493059434447
91.97068061506695 91.56896832973234
17.850612559359135 97.81538365140861
31.841989656300672 6.07105616152972
53.457296617649064 55.503013858343884
54.59398180559803 48.62202600585479
21.43321543846657 47.85547233212015
92.16821174727234 17.658580267284528
28.3499240264379 5.414845207865437
97.23650544018653 74.60578302391288
72.58036034910647 27.211526406192398
57.40829392007836 82.93515070232907
98.51406429229783 55.22357327089171
2.588317850536348 7.428447432969754
21.660486809624047 3.4695950408409892
39.19319841196614 34.43090123188248
4.392358113981687 3.1437980767950124
78.91762859537769 77.60281982432484
96.74489655648422 6.745804623854079
33.293159204238854 14.398997952896364
85.17429897401101 3.895027090490677
25.28340386028416 35.582956449428636
35.41821982309625 72.97077780922537
46.686445106206875 9.983752411811043
92.7066246405823 96.70783337397137
3.7901116755962416 47.62836681174949
64.12131580916017 48.75859091236878
37.88585944885574 46.78112306600462
65.01425639638678 43.944960465581275
3.1019751640549487 19.88557165963978
41.184607507177475 42.45313056445801
2.6426974315279406 1.3521872424201442
85.66152456300291 19.9660775343252
61.79294163321156 42.71715496036981
59.50878733635674 20.853091499002918
71.13237393188021 28.363587726753714
77.67953175455669 84.51938386118172
44.66306708662315 52.77329816254721
88.39850886650706 35.382049543214336
42.35515771688512 67.21149856232513
17.61714761342361 80.54223501745214
4.429152012177018 4.290577077876012
99.69285409594684 93.6362273764922
13.446336283648375 34.65802447958117
8.633959847237204 40.15943901935444
59.87821151254984 4.201786291638232
47.3069260303838 51.56039532539154
6.245839708008094 48.281340500469796
79.07170246043552 53.19382838365934
3.821107496485654 39.15733300494784
88.6194904194811 82.67179613965787
96.16611855201329 26.362752924849975
78.79168517199678 54.962266290207616
63.38819841995858 1.9164554831825775
89.05573905268787 36.81818397841818
24.534698094274464 1.0045328210670945
75.49932411945133 32.179397058122696
62.75760762013813 16.897770419930303
16.561150622515754 1.2240566577759182
66.9308075375896 90.4035414183346
87.14826618752616 2.741607300451787
4.444006137925061 49.85338648552398
30.932447043637023 4.176056782673121
7.057304776411444 19.980098873163634
44.97497816123539 89.23016659569976
2.2488781369116806 87.81627457757368
47.03691092879008 5.0906782876866785
2.744880591372434 88.47065247579955
96.80686451465839 61.32300922330538
42.42993328592841 15.373275553176825
88.05698322423669 81.14745236165115
85.7347380466867 81.73207048379278
57.193951972569735 75.76778650583933
58.74132899705662 55.528258443175616
65.1696158116666 57.7919931726653
25.00639973134351 28.79392890707255
43.51458503049557 5.6001768241453975
55.60111930217728 87.30826630278008
25.432994626828375 78.95962250839361
78.28863237324306 73.73702393989159
5.1505477271540645 90.3734420205697
64.94856194909914 14.635593885228948
7.66904588232602 38.61172892593121
7.650683291687255 68.61242425194207
93.1190346036473 8.61475638230127
52.681208839729685 52.994664528053484
74.21854597875716 19.014330400461077
23.28805729329446 85.21830173769769
91.57355107992275 36.18018547712896
99.00587032561101 41.35350586061266
65.23124220224857 34.63868260979235
48.329665770011566 76.07898785852754
8.639296630786797 5.541372984303683
42.599707377830185 57.392366159183304
29.544630697247023 43.235058154727035
90.5715462177142 43.43583735194083
38.92931202435839 80.42101684513901
14.883136947382102 46.66303962553826
46.810512661549765 10.446707119274535
45.41476947647536 35.16408297524578
45.39785217365282 27.928530600717583
9.898027860520031 20.699658148107815
3.8941720901980448 40.04858620806553
73.19067168810076 49.37565558692958
55.612593134694755 51.699401791689596
1.4427505086199721 87.42953997304141
49.9588696757298 36.10842018381148
12.233897685429262 44.179041990857556
44.82880933327784 4.275010229574394
36.94026680972841 7.616462996820661
49.63680211082433 99.2552621529885
83.59615241569213 89.72350311569276
92.04836111830019 64.51937815778075
45.317489654704744 41.31381368462268
24.01757001609175 66.05618058620668
17.14536345827611 31.261313816848958
30.171576414130886 72.7251929672468
4.426014621104701 98.96567241481024
15.551402202847186 37.39204253692825
81.46063806791865 50.59233790203477
18.884320391541955 10.266347445689505
46.747576449746745 16.314413577609677
4.275128443789167 60.616849448562895
67.27533893082365 34.0772096111452
46.493856582306094 97.9149012724749
18.04919673504002 41.07396858537833
22.49081973769873 23.855598987771277
31.040311082136874 52.82166323342074
3.4388351874233836 60.75521666140054
15.195320027461424 19.26270957622385
45.488230824487566 36.623866920497775
18.862396331471952 76.89371392083517
47.913360718703935 85.21479534366713
94.3570755581807 3.984847253665369
42.99179453651365 15.672808102948421
57.959859811773114 69.5330816734796
42.13656142901947 92.29154142125833
88.2357132559517 23.418501906236223
64.46261768264796 58.079657666217145
63.65862463863954 53.026197099969586
53.47566146492269 75.50040219759195
59.64755642468438 1.9555021066995693
97.5867347166198 84.9339034434514
61.30306385790194 48.27823415109718
62.496314775735165 92.92221155321087
63.46561626004215 86.19106332887424
32.25415483660336 23.864923561815644
5.987358474689208 9.894332692842589
58.18114018474056 67.91187869378294
13.298875813030886 11.286609689434801
92.0172398929353 93.49740303044697
6.406441842716193 8.248662941877871
61.38841150449408 52.6067418896897
89.46915015964383 1.4136331304421823
28.650324238855383 67.6824538121644
66.50111979079179 49.82704790354
85.70450934907075 97.8468495208769
36.19390174410309 0.0028939304291597523
30.62251551779578 95.10391009146267
93.26302211162853 42.925584225719994
26.304630289121867 27.70649212307006
17.99224021828305 80.47762905478555
34.59741002125205 37.24834872880856
95.69849646633308 63.82738118162725
25.851349058324224 77.16845670018704
72.61675119063773 16.9135145381043
87.8830636251366 59.73734364075518
53.024850174415626 27.884931278920135
1.8501084302360526 94.5942749680093
25.693441952795084 66.91082269858903
47.60290939484999 16.221440473057825
5.642168047694374 26.47010725396339
72.10244878173715 58.76537064043323
31.93175506478372 20.095687622771784
78.22245232225033 21.300565113121817
32.33097421564439 41.000648576708244
31.194946398344324 41.024304466532804
62.424585571793955 37.32198745091
63.21469628382983 55.02871650078303
46.04489519247596 5.122151014955834
72.75386522406751 41.0642992965808
95.85946799079838 14.645811656002072
25.0223021468569 68.32640094663063
22.206579876564557 94.23691516108073
37.21412678583083 68.99147033090539
81.72330895083797 91.47350330271205
94.42312452468042 33.26646775057816
93.10155392655281 94.35579822810325
21.423950446162632 79.59149486410095
4.707755272731307 18.250959949500256
9.291080518957283 22.56651308229669
89.03871638209297 17.169241163999605
14.88896335489125 68.6158487053486
91.70043802387258 73.67394338920666
12.90908903656003 85.90408117962622
4.8140734862135215 25.731707999842122
39.41285659491358 30.206459623701278
78.25893002826486 14.5619997296627
31.179014047559917 85.40538865875203
12.399120833085675 51.537823223385026
56.86897685675159 30.35653153247173
59.7135163258604 6.796993037360721
8.707881944811602 49.22085065323141
27.190970011610638 2.405433947059432
44.05388645493142 62.53259054901847
37.79439452154405 75.64641101633995
71.29258937170724 44.43755804542353
87.88427564448801 27.23373851252815
2.8089374757978236 1.978179743954267
43.34254193283273 31.02689673001904
51.491304158398975 30.33803351054749
37.91434101663651 60.49471668248487
16.420467609321943 99.6742894507233
58.593674792403604 85.65906545803034
74.73318822049073 35.99008197113231
63.99570463935822 23.037811588721556
85.12427529894151 20.807604752689347
38.59109614972749 84.47589125225655
41.33835313946472 61.176501404910645
13.495441493468219 63.9163064541612
26.132078452041043 50.144027622270684
79.53645654636159 13.417777166026589
4.151051591192467 4.510387150402706
83.06911456660981 1.2254466591082425
63.27205370276556 44.073303611957584
25.173798564892834 51.575933448169685
29.2900252766785 55.73809292101599
86.61013492960423 58.739327259239914
76.86099848445929 23.719134070352375
66.74319823673811 6.085008669614345
45.597519611724046 84.90682894884432
74.56248152460539 67.24126830790034
53.26938581422178 67.9050571232271
8.931802480815087 5.561409940144535
3.484878829358684 0.14868468090525333
65.25924460740269 4.948592806792296
90.3732624229737 20.327954849986686
39.320717221192126 58.87333523867058
2.220770927078597 53.087493928155396
51.13196847440471 53.683225854892555
93.43092309694767 22.194137452600614
14.60796419652588 22.030684521156772
45.26959880303851 29.700749204628906
65.62079392957413 91.28757072115326
27.93247241093546 38.47464006068857
94.03644679037613 97.80318495303521
38.824820108258336 21.4361033095406
20.171611835719983 91.79640004284148
14.304432762754193 69.78686847269562
75.7090994701395 31.56699137466226
85.9544844393275 68.50820386624096
70.07008697280011 63.749608649045044
86.291406027893 35.19870602932529
66.49704742554164 59.8460847982252
1.688991529174677 43.70330328515668
6.261167785129018 16.082400244318308
96.84292250479875 96.43757823327795
79.41552595426077 1.8161258571530725
65.28638474285864 55.71504636453608
11.240449780231888 86.89881727720659
