490
1 3
80.59915066245826 92.82788658505015
86.64188837538246 54.88194837564975
11.93974371067541 65.34045785526608
57.94661413705215 54.409304577917126
15.881298030465985 6.0530913125595776
52.326597972782515 74.35930749962185
76.41784698331571 77.4156862530697
68.34920683476196 26.791026146618393
74.11959654048897 90.9838831375597
5.558377768232159 7.501579564737004
30.30540652593505 48.601629845901414
1.5579146273680067 94.80743175090807
67.0855622829313 60.947064886340584
18.999151432705098 23.427526397659015
54.05921827079083 52.66793342826719
74.97263749478196 98.74301075363022
34.44509860614673 80.03636814372143
36.06310630679079 13.097725971689766
16.896089638269785 97.05668101757763
52.87895468360193 78.22990341874383
99.54039365158427 34.047469179920675
50.107748351436186 34.45030275439296
47.5817582542895 79.07717466808761
26.10285961740604 11.780921240728603
20.002829800491906 79.0379982371461
95.22874888355399 34.494308850159186
8.472223988778005 41.533324132820646
96.37040014340681 29.419685027277676
77.67730245417614 64.12234416158407
37.90613539601513 4.66194265448967
90.2286880985297 22.156838785530276
88.93891833366676 98.8981159474485
2.384931468754825 66.53569041885723
31.804840101112486 4.9121131845887955
82.99505306304242 39.74538539452295
67.73111650174131 82.26478323617603
31.754781533914333 59.336340327118656
0.011786691266824079 88.75924623569786
36.966226370687735 44.02262334522982
20.341245681073474 45.4947309634977
13.330294061506343 82.97432656002046
24.733242165588653 62.69696977679289
46.07846563719935 72.5410371112813
5.500607583287143 58.77747196973373
22.45693858717668 95.15889326466632
94.2082016147834 72.09905344926544
45.81103100145975 71.40927991565127
40.75055047104017 16.65374751535702
4.801067344019105 2.4446342381092334
10.37544715419747 83.64177673447905
15.955094097687317 44.30803535145704
44.19089257684896 81.26138096456663
84.28085297635207 68.6289571667049
57.67213290728264 51.157507486022304
10.725513838414646 4.034275851779667
78.49831298846726 22.799611560726895
13.544007743365437 92.63659425185797
34.71613333901358 60.651239404293136
66.12402845932634 88.98953251372697
28.05495873689128 65.63444922755717
13.883255897146851 63.78983744914777
2.1616433003624813 78.36121247840921
99.87598760073628 89.49019178972976
11.697916689335152 56.84480369663962
80.82145272125898 90.19635972003775
51.923533551871294 7.751246656140776
34.69982224791512 83.11319578975471
42.12134138607722 32.56050847628158
0.9694475066335473 5.126384105869741
2.2530894652481592 0.2670146283072272
96.85340604935155 38.94521072547348
0.009853133809567538 31.99611465632146
13.493064399674303 86.02610393165624
25.37382251304441 84.5394405120707
1.7938280339101054 86.10741411802185
73.49671513134943 89.70371480517431
85.66078827224901 28.157491158921033
88.75894265174308 77.77442557147066
67.75413132331074 54.82120314536672
10.927386175598963 20.765657432676086
34.51052966372401 93.3947668937972
45.82695245903074 21.502043849254136
48.01801039575248 13.656849030805951
67.0238933478426 55.50177023382679
97.73485561856322 9.666188171711077
39.06532990577698 42.516046766654505
50.07424538658518 72.58202211224072
36.71262818442065 91.3389756305933
57.46292247872482 32.99443641318809
77.96978204408391 59.98849880153458
62.1103141691886 28.341465200178884
19.868542215006002 62.542619857953575
81.64059551744944 86.50910522010149
82.90542712562257 60.321219832291575
69.57619947065032 4.927361273724928
73.58262601633506 90.33960314083001
51.84979524912357 30.499109714395402
39.720482336294126 52.36246225698915
2.332852489964332 78.68132532711343
85.82486159641066 52.252109088812745
77.13733101137585 96.44721844102975
32.24057579836668 63.590885825803454
2.7508634875797355 48.02747446486884
74.19691893383163 2.05862912764887
8.170084773037424 39.68464483441703
45.47150248049328 60.49843107808397
35.58529549210823 52.308084510448815
80.45655369989335 6.602240281807914
56.763944160382906 42.71744832625861
72.43971132179729 92.27552143337361
99.08485190000815 7.508242789899389
40.738330236957054 9.11848874121155
24.1786635773793 28.778665329890597
92.26291182706818 64.85973343377778
84.90547630560003 97.83826544917275
70.03263304696186 95.04140754104064
22.78929166319328 39.49365852911426
98.4247753633669 32.637379668441355
33.035920655723295 79.73698654193264
91.93652603095612 98.01531039138098
75.44691510177061 16.787640682293393
52.2526745250564 81.56717872063328
83.65900136514581 25.57056864218672
25.741192534415447 84.9408969177888
13.44037744075186 67.4882932061069
92.93759959012766 50.32702333627237
75.57158429442414 10.71313225475945
89.26236757997941 77.37008370518497
34.48382320815515 98.92939551754527
53.56190874945739 45.120288335325085
13.777048273481029 30.62805360592815
87.70729353039522 75.06357640380128
69.65810904407748 1.7059194892813823
72.27773900275483 54.0420939159248
23.881134755374724 16.66626126039943
61.52000115546215 60.237915112630525
74.17243192005962 51.28174034162818
65.73567441807957 4.245571727392239
6.476277099494565 15.512637945602359
25.069288549596447 41.450563187195336
46.947285964731854 55.79685331213673
9.779442667598492 29.518156966126142
27.998949398250318 95.94782087400769
63.35729254952322 54.61515674703299
53.0357359151894 89.40056166804389
14.808949939096516 25.18504701280826
19.642989862651362 64.32890225442762
38.00236209174965 63.60527779588907
8.358545703709662 64.30853457856456
41.27166491314544 8.259880555680589
85.22704660114877 36.30107006752061
32.45430950414321 29.20904562006028
20.801722717779093 83.87672204505205
31.015242649713226 34.63304687793327
15.906404105817495 98.42197920619206
72.10708912884004 48.2477282366691
32.308147207357685 36.41364642077149
63.55449573734955 61.6940996013319
82.97332468749978 45.16599390093319
57.69258760720057 55.28769879882065
8.670011219761985 81.40742585326086
27.350228575024047 99.18142093608446
36.395210213765374 39.715406221136476
36.18234707377148 74.48908006786488
9.892810729319578 11.777473698994513
96.45644139688665 97.1361835766402
97.43115739265318 38.67519872489807
39.91588144641531 16.02646898971718
61.61167390201931 62.75682014174065
82.22208447846005 33.46924679994825
64.91176435410573 84.98700122695395
31.898110101720214 32.247778486868754
89.33391397913188 3.9221075101028013
45.8644103421733 6.633499685954081
27.44827313078517 57.8475651135959
17.03507419416748 79.90779529055362
79.58201826797178 16.667767493176534
25.038256870403952 43.21794332230009
36.13963190195846 32.9781403837834
36.201181760671396 75.49686130176063
88.33631594077973 79.9203461987837
15.712363852474788 49.25706664478567
84.16970294890433 67.85389815863579
54.43147280664991 63.52867464795888
34.927107049558344 28.81006578971228
64.96252613248221 28.942889357324276
3.2987493699448756 35.693996200085046
26.659426273568187 47.008458841653635
98.17502134435327 75.12279571535207
71.38070851053462 85.45029996949609
20.629640835624706 21.043368693688926
17.37519481015559 18.654737013156918
74.05038159912043 25.062634925280936
79.87430409605435 56.23842486615474
73.56729503987029 0.8137330937786347
71.55595376119508 18.163860101556217
10.956466791133646 96.59686663079461
63.95562704777306 39.00796792860832
72.73748607671386 14.459225640537055
37.72540278334746 98.13297917517426
61.02000123475424 81.00202516928341
88.96319144702574 41.91953438229452
94.27520779108613 51.216028504378826
61.67107344320395 58.20090529006012
66.65275368821979 10.520307689873821
26.928251735969532 95.06381049083683
24.749105594270414 15.390197926683925
83.3438733158884 7.597382069262237
72.5773304775518 18.387007211780304
52.947695320541996 43.822846777257475
63.4399596639158 92.53628831090235
1.3621091050676215 20.5115881665475
14.581517774870644 66.18377277817757
91.94422303743937 25.218400680629372
51.371232599010376 66.15544029075645
9.030065161515143 40.12477948788151
94.6698864539164 48.02354050686852
1.589395984225761 37.82076027258707
35.06708466666923 93.30695221425049
85.03664705490172 24.41121815261573
96.45035561549975 17.059643699492135
50.7881748127967 73.58133307603096
32.893219098674486 1.726852216409669
41.322624370533845 19.53919977837808
36.38751060572094 70.94883118023417
80.56641326130163 23.834864271880708
75.31230841638177 42.59522377532894
77.42724982414147 88.99064372620464
32.89823784878849 27.98970102095817
19.93267660421756 12.787168471612297
56.957017682458755 21.454096806756052
65.40968976677661 53.2954368322585
40.360798946822676 62.16583891942493
30.62293944130483 28.676024406426627
4.855824102914141 94.08001239323929
61.903828624772636 71.76519890066572
79.9980946192042 39.004047022343855
24.627380398593512 78.88040090975392
63.204101412489244 25.666812714472485
30.93248729619653 76.03118818463432
12.590758743539677 21.686717171008052
25.608000309124645 16.960735583326468
15.621173293914659 1.0740097816650973
34.8320586333073 73.07075360319541
55.35021164104717 49.53900519022263
55.15279329298804 5.62011141565959
49.33230576584933 94.64355724064177
81.65056513339835 9.584259065335177
30.784474376067507 90.13441057382533
53.373239621014875 38.37890784154809
16.50813064160377 61.40241450315369
62.907332738248044 72.38982193789143
87.31066568317011 0.9828398089636092
64.50799152577345 4.687929705644089
21.79880408508872 53.355837610139844
14.453435647534585 14.454219323332262
30.202862405040996 1.2839446562200374
79.53205444902522 57.06829084805165
62.401557540148865 39.053768907455755
67.90658724184937 32.52203633463666
92.87174585673095 36.98783938940578
36.90278716340434 52.90289448510415
30.68540454680577 54.16535041268673
92.71972261798507 62.35252343620525
35.175588520607384 56.35805388591153
83.82838118313718 63.1318139568656
95.72135708384249 45.43191560839701
34.49100886351668 14.629982833630816
54.43139689182546 98.18084483665834
13.428326192708173 13.817786231283048
72.62800843188835 83.87386447095793
54.596522403319405 84.65281865834717
41.02415371171189 28.47621594029206
32.741418457456525 10.844126524435914
82.6573478103499 22.730484419484842
89.6300361081057 25.2653225664212
64.90236281470132 57.656014193930474
3.2884204017204155 61.80809819486728
1.0505445010569492 69.24214324968901
92.04929651328668 71.88348935861677
81.48379292620464 44.006408597877034
64.84680567277267 94.87644407122306
26.046679239725634 91.19299618902386
26.966200637252346 67.08299384390226
95.79403919664851 47.475069227135315
73.9554027418416 49.18217034723733
91.66657297742778 7.093049479664848
95.2850715742028 35.398921268171016
75.63397721033576 90.19833486104811
86.0371327266197 40.772445112238145
73.45353573771602 17.570182543035596
93.79548568881364 23.784247975000696
10.052202111094143 95.22872612114317
18.284399461182367 92.2861216807117
89.21836863798416 56.309008196330026
96.37421261715163 15.170061294892578
43.83088451464607 44.938569161533714
42.189020800476285 51.609475523462336
25.38079652281202 34.784622968464205
8.115199085027559 30.76587784263991
37.07276229729468 94.01642307701374
36.362751359313464 44.41156475778851
13.303874874826471 29.41087805045386
43.70968360627614 94.5918449144527
36.12032562936358 21.729341348986075
46.34403469331729 55.27006971901156
82.50719069282046 16.594800725703873
87.31837381212242 88.39459111086067
12.428774195134507 79.21210515816561
25.612605912199605 85.40661366468312
71.80157657381265 85.99240379283937
55.89238564207035 96.03166819322698
84.99720070768365 8.9544649117975
45.73130869826818 63.07230192590543
18.45306143943666 81.65975464683906
5.498830559705459 76.69130795155152
86.99545983026047 89.09656835984765
80.35670082178923 12.86137370988849
10.01770293193427 42.37761146933654
23.70769535481585 6.948775266728768
3.7013619027318923 7.186811264850057
97.39830485893917 70.82536359397335
52.371330877467436 37.74838887842251
62.33150138040804 39.65264860617474
52.865371738360146 13.660748125816369
78.52010130416787 66.61540472787408
34.5820026722105 93.80691262494145
11.920982281030623 14.425331511443229
23.177088915131726 12.279230429881217
96.17382592966881 11.877439963106639
2.7835023187829044 60.2659846954543
85.35482171311564 69.42676103764589
14.638524858951829 31.603593942477694
75.70947806778135 63.64265324742575
11.664870926886351 68.54018653855802
46.91312964582237 57.812945036159725
25.534178628599456 95.71769981335356
10.893813619682202 25.588884805944858
83.31035179190742 49.95223571594638
71.63249562189714 67.70651106525017
68.14768507043145 49.04744167367889
82.00423030973379 37.26569665669663
52.47169724194733 58.77090731289138
98.1781604796722 41.78697256441237
7.719874994964493 86.20202159932595
45.288025411251475 50.589380404303476
64.37205675555042 98.3397195263813
97.03339208715146 75.87319573402307
96.27912694055875 52.02774454771475
99.42281707490639 84.18681475022652
9.13225731254399 72.84297072453836
80.58903212642457 9.58874399926193
4.019344708556427 27.284613076533958
77.83147688169252 24.760523747099207
36.66299951897749 8.537383827393974
91.89741628074609 55.22911639214303
25.931371552875994 48.21250191030444
29.19074850121359 38.83629550890644
8.734333667355653 51.303199284363224
62.59194694853374 30.166983414163774
21.49495233761185 32.48238864524679
9.639947717181773 57.402755085306076
85.80085570818486 47.15285631264814
57.270873112168054 78.4179840458914
62.88292746544817 20.50052032447398
24.421319789321316 56.388540164870136
65.09490725888251 78.45676717698709
81.32793030174624 91.54589362008929
91.66300387477916 6.0119273059696665
64.06152429371642 95.70010707274076
60.86877138360165 47.77120376057597
25.399858839794764 96.19910213132552
94.69905161597532 70.34716913838619
61.36297031619924 74.04931561269086
23.133235536160846 18.59924785764704
37.99834483546394 36.744546876291295
5.582437339497304 66.25134092742037
96.25242804032126 46.29800655021909
44.52781569270978 51.33587463174807
14.92168252365975 96.67526512426407
81.82970457768471 96.7493813624297
27.927000638551114 95.49847584088178
98.34891169091937 71.86177245731325
97.00873333448081 48.48112145816652
31.03392155682365 1.7111907410857663
38.69855305464698 81.85509734354899
63.972387260072196 95.21375959702351
8.770692157446458 13.573540403964524
69.134068522084 78.53899873070485
37.86641358556943 43.30081085904918
82.30387878615939 58.51834384881576
95.26051873255514 48.214348796034386
71.16445708713704 10.606001624336336
25.28040588313598 22.925578913595324
25.714732503558068 73.60983682865371
74.07188712957047 37.76743430852987
86.02950745174256 31.424823719637107
97.54099205509598 73.48535178895052
42.53413948974762 22.02572018195561
91.1282383449417 46.6574170180025
24.154924234312624 25.43672998036437
16.377669126660564 11.875645576394977
33.28746536328231 38.20490898772961
54.157691525227534 21.73088514960706
74.59061911850533 34.72542817427089
2.8182510350930112 50.21778659742991
61.830859534835426 85.12982507686093
13.356685927241418 57.230143237305086
14.224271529848975 6.451991380715771
9.595557450906389 97.02815968119556
72.15925059484196 65.23606487643873
51.421959835014206 62.736443953436584
97.11905219504307 64.74906966704164
99.97715433047185 53.56676058784562
14.427279483563638 78.30185538788514
85.08596895812542 14.51336197181261
83.63053191190338 15.59972437216417
99.37549673144106 17.279530541128096
36.28593159936382 18.13669646553995
3.133933711878667 56.52738015206224
0.9677091203386334 73.50892670177092
89.47140289551056 62.26730744006643
15.204107599937178 5.489346321299005
66.98808155609366 9.494383587596534
83.28656460362363 66.77542161780264
15.048438473209425 18.43308901124916
18.40479491720788 57.248649574858376
74.21425824058356 96.4077663913531
84.11209069908567 35.28416026910393
78.84892104823746 34.313941877749144
22.482858670544136 57.10229415542667
78.639358003538 37.15248296826983
38.60717597280727 41.00701470491887
85.18934987569182 34.06426824961035
65.70815218484142 55.70202418504753
56.46118148163277 26.55820758237677
8.242715356681106 26.834982318622558
40.68086201771133 92.65071220405771
80.26260796469573 17.49114880826017
30.928182320223385 54.24059469270075
62.070986435052866 88.734424442987
45.65211613929536 57.96126543845661
84.81373509268269 15.153957871365531
21.65286391767074 22.378021838659336
88.98954014434757 88.85663206759476
4.353013374272718 7.780749829185596
28.3741367354299 11.506291774565526
4.544035094357457 80.65376838243878
40.61770683491561 27.058176257075385
38.873744006235555 35.8747872033365
79.67655003444692 0.33083336508377137
41.58540730280163 81.28266017909907
72.33262050860773 37.06385600557675
20.25760042893101 67.36934680080023
93.12366632124751 85.25499498549311
51.16487932999561 79.98362453661689
52.23070891158872 0.21267306227172877
22.216504205705355 65.71882238068929
51.74882205663314 38.695188508641195
36.29900602993001 3.061186602410282
30.79443344734041 24.502584153341434
61.6097682668872 90.14205656611252
54.1209779224082 19.577028431117306
94.65127001193285 98.37017851935484
18.67955094254725 2.601211108062418
3.9283700482736217 68.0596008754495
97.97966823093975 85.92431842490251
48.130520191406575 78.88412543173611
94.46441288673486 83.32839302541566
99.53460386539336 40.87696433442771
30.44017291021277 68.72228053132679
66.52602066614111 81.88222374791694
9.754054464038653 1.531071032449649
96.79844743495171 57.263794757974786
80.0355548463448 28.5721799196625
68.80532845976317 5.689943974305067
15.37624794882857 63.97136187780823
84.46842728623534 67.96046594429347
32.52763218458703 89.27049419195166
76.7553497727319 30.764169165600585
42.27220464600847 77.02797666477032
22.796565657903045 47.45584567466905
29.1856283697437 72.50609367283548
70.69904749241213 94.39772570405897
13.938113697308975 3.748585359367307
9.96434481491022 59.85284103612365
27.0117946158557 6.553020876679616
81.38440597229351 72.28088876113061
83.23324650642434 79.61993214529315
68.7803317180926 39.2610105564424
