610
1 3
32.296439966992274 56.76907443046222
38.89528622489182 29.057075367941486
59.9543604714309 22.088025695413172
11.889782254168168 48.02235548064233
23.08399908584513 27.64748917443576
5.716399939128913 88.60793124784385
85.52823110031031 4.082749602281965
50.374684977581374 65.63272036236165
50.753479292969715 88.33731293780392
45.71983471468115 55.82195619032204
73.70737075987496 81.1409504859963
25.669955713883596 89.1573835038466
20.744291068605335 38.11472535748639
24.60674731247865 17.090238078353348
55.94061236551515 53.40553311627174
4.061892633800013 11.930419837469074
12.815128669911434 95.06213491688713
84.73019212766823 74.53581557997033
21.356426702829868 13.68338283527466
69.54620211578289 60.45808650141391
46.41039950109083 46.65707430298149
97.85203135988768 3.6229241951469593
10.014132318079527 64.06767660753299
93.94043898346011 50.895052384861806
95.1917587936419 72.15658964370779
83.28477736206416 25.771276597527137
95.74904732367217 11.409027084739698
60.8873281719152 79.38533273369102
49.315337656732304 22.328614488133812
41.46757248656534 89.61658587105492
83.6686727608032 60.8454655061258
47.36155221965272 32.267702727900115
31.890794939252686 34.213792776552985
66.49891279161477 82.12990276716859
8.243079589189929 54.91707985324712
90.16385048974196 37.73004033155616
29.312707688879456 52.96798388682129
65.84569401079068 82.54162403093646
83.04090022437055 40.92238555545038
18.049765217419544 37.258543575168005
30.199648887768493 1.8651806120187686
2.1722398147319133 34.01444695801046
44.88027947884954 25.586976232771864
92.00405021413478 84.4512884844954
12.717606595275344 64.48630956144888
37.2131297240651 16.629868924281975
32.795401649793135 60.02083009142136
95.11832347331645 40.528490578435864
72.58300570829243 18.75864342253959
43.45967487815283 9.242044178897956
21.358063660519377 40.40033996060539
57.80695801842113 3.3762621869562803
70.53606495051783 99.1655130919848
10.341635246401836 17.937769763359146
87.29317999240831 72.34711425024597
47.89231281326347 14.099135467634682
69.0828964580642 72.737704603474
54.6057208314275 68.32984100131773
99.2630151845906 63.03062243438895
23.818465764439956 70.71109092646743
70.32483666076628 50.68294695787991
26.320924285055657 64.2018841509621
39.199546691179464 30.4726373151726
2.297183909609535 4.709798739000415
63.07386824631125 9.073952727917312
60.78039930855921 80.79424443408418
18.264803246992045 63.085641301890206
30.428840813776947 93.32755392151131
50.51274296159083 1.5748949894470288
83.29730420128966 17.580701103629636
64.55604256897236 32.945336994293164
88.02551531536282 23.946712288226003
48.32048749848672 17.046539165277274
41.44357101625169 48.87055360134311
56.39694147942831 71.33123389597971
31.809405696687996 2.181540650148217
8.978603434802345 0.23377004078515284
24.722278554843967 42.54023710584962
40.8504178369484 50.92539734306924
42.45122210449019 59.565746722974986
58.75351436746925 66.0083777224786
44.13962210155751 7.820810994260574
11.279830011011626 60.128074315549455
87.12854990006467 58.90907558582763
4.719646653485565 56.26465934985079
73.43894848550757 25.82925917695733
67.74194549901856 52.01367740115992
12.563914917591411 32.482785734175714
88.76833650668266 18.436187781293167
51.24253857845456 95.02402469658952
13.676037295749332 21.859078541770028
47.65127680322942 99.93994776384731
93.42388815588303 82.40227921200325
33.05092709539848 21.223377026188885
78.09347436390456 6.376371102121481
37.93367681209132 47.19853179623112
97.75457130465328 35.80068867050448
16.986480582744655 85.27233854586899
38.20969489892811 40.40202427963215
80.5569592392263 82.96926401147016
64.60300705012018 74.76337269424613
46.509338633573535 76.39935679220702
71.39728750099343 80.16385581418311
10.830863097839561 46.6236422111034
18.94184027970274 29.7499143912761
53.818783138270156 24.110598673102167
54.519865322577665 37.74495796218786
34.537581404136716 14.19646093693343
16.982359473043562 19.077261199459407
89.15059770523166 89.78407751929281
8.133580034223066 77.81008498342321
95.906069632281 79.34045626976165
56.27868551077182 20.59933508936982
33.912974498205095 59.15983179084827
99.01520791272698 22.501739987954352
18.98175975256846 96.29440594150498
72.1458276271934 30.31832334423965
59.47675823430081 72.39521324337532
58.6565083624365 69.90483052328267
99.29336747318716 46.77266019619499
41.21850050029996 47.852981382213386
52.63039165243737 32.56558700792878
19.072515234215626 8.217511047181558
86.37833037991416 58.6477503072113
25.59225110522747 83.07629909341834
66.6213653272582 34.35860121633241
15.122003705570574 68.05780128131696
51.24121832691797 69.58797328745933
80.25042407412901 66.80460446885934
24.932956150337347 99.90943506323167
64.87816076404805 38.61637267562925
58.76299840688986 84.04878714758026
16.08378847830634 94.05903462993194
45.12614298128914 67.0694240321511
26.121421770085185 84.20805773062658
45.2231917500449 33.75883614352646
87.5656384656213 77.40020407989665
64.95826235863622 33.10677901004275
82.79543003650338 41.46569691337631
24.527443345046063 83.4501720508236
49.56152263776063 45.26646142545285
78.81121490439588 97.62072093990861
82.45910791455755 8.667493998853203
81.61909748348874 72.04433445365723
22.08992138731587 10.271428806806938
58.20382613570947 18.378924413160824
32.03424750915722 66.26562682767931
29.663391717203822 90.01385602498357
18.435345262210934 0.13410397347848324
35.92127335253863 5.62033613239048
95.86816075147017 71.46566811244878
35.32235353593456 9.384801695363421
57.089690997636765 65.44640676307945
32.05179522408403 3.1850284885126534
25.301403333699835 48.618213156579216
44.80086977091011 43.48048608851294
37.75418695011965 92.34293953672707
6.478862939201346 9.63096166956805
87.25186250075103 46.70902900037057
78.68442817860057 68.63808087389857
62.48394775865991 1.748836532435094
91.45393936248381 59.93060701146731
45.6878399396371 38.40067237756315
34.61780311239346 77.89454616043221
17.656566650220928 33.669911120159625
89.30403716286071 8.997450726364132
4.0204870739370735 92.99068418608398
48.75985608781252 85.56824843516333
56.70294701699663 41.1187617336098
36.50446110061043 14.906459969961361
96.24261839026234 59.92568797579685
93.26785708975234 89.30977441505992
52.934486112588466 57.64566418335792
89.45359808136604 41.15545489239734
49.5935912187035 51.72302724784616
76.92785551497062 45.96715859117493
79.62508644423063 78.39810776269418
59.22338816244918 79.58004659145195
79.67253165906874 5.453175061377347
41.13624356895611 16.867692254982416
90.34064114800846 12.923530601056154
7.744481140820536 94.68388469063878
67.2101576891353 11.009488219668672
36.299855251520356 7.608053667034809
3.586429229919208 89.95404290896933
59.319728046393095 35.28725056901101
94.40562834797454 23.331513378169213
2.0989488146110347 98.9401276816924
37.15721837430206 61.772797102760265
73.7766788538206 64.7802526064597
98.14046539882982 40.543216681723806
76.0833770650099 14.036144909403859
12.334592132977807 80.01012564089697
40.876294165183616 83.15206242281847
63.61053159438947 78.98252576024535
44.50651419430833 58.57711631523577
86.74420818574637 3.077275051393502
93.83554240190455 88.90141989040829
1.1378437943930786 55.99872689535137
16.31030824014705 93.49172716832808
38.36371625508408 25.091850135486226
45.89512543496641 69.62529519350234
82.50988251415086 10.427294085918447
31.483494041777284 72.8847293144127
1.6493676402052682 7.422037873262499
41.655535729301896 89.25350352393752
75.66788122711503 61.4485114400259
76.57795467772337 90.85535767312476
17.601158941826146 42.88590927764824
1.7227837108830357 37.84702152012858
32.533044136434164 94.70085505169092
35.3282901788108 63.99714398973313
92.70175184192007 59.669864091570176
71.38775115267015 37.890910529118614
27.17149328043911 11.145670911362625
11.032715852961195 25.648605987193342
59.43922775797923 20.05937324708831
28.27386792129294 14.343833233414461
36.44880432758377 96.83089911445535
96.1298437509585 25.53689751374757
90.86133314385094 31.153888476127435
22.739058276007952 34.55450791849326
66.82708448791506 86.24664895180685
30.208474064125213 45.366275075802044
48.89724849547945 98.85680177363965
61.38775241352352 33.83292712648218
67.86322950653465 75.71228649462714
11.078418750120944 74.04564266733709
29.401205770486328 9.229897724270696
29.58060940853202 62.325450079481314
36.496485331946495 82.63913503358404
62.62397133654074 55.479576907846685
51.10913069554195 37.47984230572137
0.6138511248557021 39.6136806829388
12.832349722553872 95.6407960344313
70.78592296035082 15.557334404512101
99.5361130640977 11.803430365129364
51.35721924776202 9.255033860561257
90.75262121090921 30.34183177810008
0.14304241330687084 62.85310004880667
38.992525945116576 74.418158742761
68.19998370183633 85.68957448113143
86.9327179819698 75.96397934249262
44.238854382932466 52.0411088533655
37.814869200630774 68.90747338295616
13.686134185545185 25.338433429219908
15.168483381499653 51.44404577363693
79.73942675284724 81.57972621564005
58.77632323175015 27.596598344713176
76.81168898535905 34.19318490514396
34.91231330843383 36.702940668216485
76.89519582155083 7.656062322123458
86.652496773384 30.186454395466612
19.754123086194774 63.797545626317074
15.186397743896496 27.238142214762597
54.97986624448998 80.15301181364107
41.53399052033846 8.31646383207325
29.98592612404105 48.75300883400813
45.520052424454335 14.700449154713713
95.35494040835802 84.98590536345804
87.1256853056195 1.434458747565226
75.13454917389765 37.57128437290873
42.8223864791121 43.20965372730752
9.060947949249298 86.94856908890876
32.59301750161055 66.07403053878016
24.850179119100947 96.0984827847603
46.57424584987413 90.6244327614029
7.343050342157897 13.392382292786431
10.759271768155386 13.223037375255409
13.13582982649677 76.27750838333287
96.88993975594309 91.55394601379089
86.81278662679533 54.65497477786108
42.029417516105184 23.60491927890289
73.27457402466948 17.06365372986689
74.45448477260004 9.487837888168361
48.38978871490862 5.7454347002804385
32.42831941597228 45.93631337505184
63.606843578785785 62.39716310209107
21.88860066976339 82.8350212022646
11.25254265394191 29.1626773971442
29.914047506774153 62.89547827211879
77.94687653433454 35.332976886076636
30.85280325931341 23.61384799938213
70.25575444036826 52.72875074360388
48.42237778897842 46.95633122701266
60.619294837185976 9.279111421418929
82.76800686609607 90.3419196771433
43.23847398425287 17.33653510486026
36.066780281696786 45.629209084309764
55.73842178701997 29.80244673124901
39.75661714943204 80.68073943046674
50.11189225838755 9.45437958420856
15.847540585856311 52.89228369970074
7.475088387994222 81.89486518722664
50.09943682121527 47.356652287169986
80.46594501528119 10.225753955363848
57.07934719359085 43.39016754534703
5.113535598126062 41.62101059838983
31.59361745731939 42.27622577815446
33.41858725781417 69.27318112117642
53.39670684351021 14.667206150023038
39.6267768914182 61.2170210357049
77.65916373414035 59.33296178036444
96.19636462328593 19.289988931851944
8.24804347120278 90.91498933583001
18.153149859270854 75.26667787864454
56.21497172735399 60.09941421291243
4.732943670582523 23.28592105374254
84.2377693317433 48.56457284513888
9.57890911248176 23.594149363254612
14.7584312948146 42.344026922362964
60.60482653633308 95.08358245693451
41.529019771985865 7.588730781836728
87.90342592163955 83.87942702449473
10.180623199161843 66.88957721297604
53.56564910047259 23.600850742854096
80.68992013454968 82.72621080371556
30.257884966489932 92.80619010867119
41.25135491257355 16.164482268003045
0.4515399322116975 25.27050322207063
9.012722020804297 1.7362346029716758
88.73456900343261 19.853423274832505
35.298383883564725 44.4870473596318
53.94418056404109 68.57220976775568
21.36363661429128 66.57215685247935
10.133214581855142 62.87441670079581
49.285184321534814 50.24199495827602
52.20759179852406 5.668958574471161
67.94856735049173 96.64216152861908
54.37556488915103 68.77628794542588
60.738935727869816 70.45225060325014
98.87528179741052 14.719788040079473
83.99804280717163 9.977811700744855
29.57360907974582 16.349471772721923
74.12228983918124 78.02997679217457
76.7992077483492 16.026702964987784
21.402155690665637 66.41356281089774
11.705402729926838 13.567221520487415
49.35637619177247 54.30777169114862
54.73829088672708 23.239068792892525
76.61644023836587 29.4319022160481
59.22833404516259 41.52653069708072
44.60065958756096 87.19399726455912
32.644355995135754 67.0580244923088
73.61826535316673 19.419420626738336
39.829237286848 92.49018098603716
93.00691379371868 9.515523099927957
15.605385153945761 71.79815729250367
30.655615546809024 19.94093202328515
92.17518165328306 13.015334008532609
22.120637562478706 50.60768595246965
15.01482996521144 75.38788922869352
6.779645856464689 78.94693474918813
75.79156097577915 97.83220165325575
31.672606189804252 50.58607513116507
55.29120902618476 52.92019046299106
61.37802595082715 9.69564806550025
29.227152416025582 4.7416858431829745
50.95795084056831 18.78803835930578
39.77243996082507 52.839878440483034
82.77325021676423 19.418486963086124
85.41473297115488 44.17825896883423
12.693981853100134 18.03810008327296
3.4963334114678 92.35954772744546
60.10301016136275 41.686142774751865
87.97829844486971 81.37059762041008
77.73543227806256 35.001069516402296
3.0381785002251194 99.266042087424
93.42938812353975 21.92269815722474
3.6146032490514513 43.08163308305859
47.84148755516367 43.06696188007712
20.01449137485658 2.7405856791038685
9.65104418534728 88.42869037405592
40.97808818022164 67.35143297788832
81.8873613382835 13.96035034654044
14.465756712820731 64.45107772039793
3.279330326864005 38.620124694526424
48.01774478038605 0.5307157862153744
17.05151792557613 0.5719154643488489
17.21752385548807 41.23640193664353
37.12405562131842 49.26318887128469
82.50288554338951 51.66197750576265
7.326084896064389 9.44778134179247
94.34327039490829 14.335320063629297
87.83653635885635 89.21612070763838
4.172220986291064 26.145829352744453
25.540411424883725 64.04889430221743
96.36801708048475 11.056407168520877
7.9547396868197895 42.272446964321816
29.62381505040266 57.78100375950923
45.51282078652279 65.39243754796014
13.350056288896095 55.22594087596775
74.75352555463135 62.42076835045902
20.728091819436003 99.27987657655247
35.55349095031897 38.176845098191215
57.32397613109339 9.456704685949013
90.36727473590204 84.54807048211362
22.55826218722823 23.47613049457342
99.64803625044199 69.5242150041367
67.26574778737826 94.43317664721684
85.57808962344464 43.10454710251144
61.50298070361995 89.13470108571455
9.547416780246841 61.528587844736606
5.051282018255221 62.96113014918794
18.279238680174604 80.52341172865718
49.747540383779 21.3364127023588
73.37173301431386 8.43794890463949
23.34425248019074 67.57550694200663
40.89453953604574 78.83436531020433
37.313128627354764 73.71732581067786
52.46069762035845 59.165103166802766
12.243941718334517 42.04385856260411
88.0851612936193 26.021202563212743
85.21463290086476 2.3739536156874186
75.73098114412737 12.956415636945561
40.814529006303225 75.28931305204452
15.135582874926179 32.047929388518945
86.19861648423941 69.632424186095
4.56827679500289 83.2109214819072
78.41550110839242 27.657157360429927
84.10158350342871 26.821874131685817
86.70367739008404 38.967805781069465
59.76643329938205 14.819907303069812
34.365001507910534 52.133186692456654
39.36193328380335 2.226456904761198
39.13850866406996 76.82517363407723
64.41830390270144 62.79520597787484
72.21837200360355 17.176982593419822
45.035375430346306 91.83192443813874
83.25053085340721 22.140921073132922
52.98048940988169 8.407571584900243
46.12007622290872 0.527600064031275
12.937958361411116 75.96587293208465
72.67761528760363 99.03216536156253
69.13118558477798 60.380003391680106
8.568454341993537 73.07317590211038
13.492152571311266 56.979854206687655
8.083891288542166 31.93110571430282
17.190911260717122 75.01004327992769
81.45111187375804 85.07386325819294
80.8181081737618 60.35206964728825
17.41721214753744 35.07038972767526
5.2647148448842 29.456183300268602
96.07448480590554 13.064038925449939
59.691297519606465 9.688555711246405
44.445576010773834 75.13841864449809
53.63381053445928 69.94252083219882
45.580672195214134 51.19769210652847
32.26277111873552 67.72060615625372
97.90772345733751 89.09230254172246
40.66152932063603 66.93054014896414
44.73132758392791 67.92148977247182
62.08502881636058 45.513920865127645
51.58266723491618 16.525330658575932
76.05666216009115 73.44244438822167
61.89324262282576 63.81042689192138
33.54244918380716 42.42956580513724
86.79869777394096 58.14884238476308
8.1568502513244 34.55299364363131
56.36322475563489 40.862084374332966
0.9045193934141382 67.2646462400292
27.12512556765998 60.51375787736841
66.41603297710361 83.13104750338105
99.20187508383273 57.626921348639556
17.643192573722956 5.726020859562775
40.31501563952731 68.88336133659278
81.10179708438497 6.592413450389056
3.081416911618118 23.042754404310916
69.37774882617262 86.2745629948686
77.98168573628807 58.35224867023832
95.16475336420068 99.05438042857295
32.732414446308326 91.2468842235388
10.34563528971757 59.73214337461663
36.44099905483837 49.80037344051831
93.60776503697046 45.51702130189923
20.48665060491843 80.77768343988079
83.1302110580517 42.223884568042806
12.216787160656018 35.22566302888808
1.3462751584850663 92.84603043909034
96.38323059899155 25.435940810286194
29.293900034031385 22.93283650121949
78.44452484091397 34.186135725713406
4.260414094444687 13.452462751633387
99.49231129024396 69.816973935639
32.787036573980146 78.15063061689249
74.1997069372939 23.690503991907708
89.12995322805124 29.555090567534712
10.076795337139188 41.609653841830664
88.72649890840006 31.12521572039102
91.80472984223071 22.045343563419873
31.16905216238277 1.4510620632493865
46.18181041058544 32.205005379800134
98.39060152783192 59.12032526443674
30.929545593526207 50.56315765883079
82.53248055946911 32.5401576155681
84.58082084718956 57.45463760520235
94.80226746975835 7.7872291550404205
24.86244349944593 86.40382437750327
50.53002910656916 91.20350479002914
27.4591856036658 59.25644769518777
62.844587901594664 10.187540570226993
31.441024878160405 94.43671690080448
19.453536214240152 79.65037203176904
41.34823719420726 71.06459493818625
89.00005294515576 11.317018874735796
71.12634923378225 0.9760398379490942
80.28381120950297 9.898090589365705
51.86532876754488 77.20953684426239
16.601785835583847 25.154350267816362
73.22782385114746 59.73794463608251
90.42820159892086 86.33412866107054
50.11787247201269 93.16382899724623
89.55630285222588 88.76825279395086
78.98841813699431 83.26934872553957
48.87521590559651 37.01719020349934
24.350252501641776 51.12289073869643
90.66951565594348 4.151284404483979
74.9265775329803 61.92276017862741
31.675204205108543 67.39029910941132
89.31158480806354 68.81155741827718
55.119161482848526 12.915610752329453
75.63290816355799 7.2639928391676545
8.004915346266571 64.49825707243943
13.38433414829443 28.437997996039964
1.1367805613232917 67.3008886063971
37.202667963970335 8.43491645699519
83.82071606193296 10.95418579742795
20.69842113848319 65.7700404310248
42.475571379655875 55.80564207115057
5.026594499127057 13.789718566051178
94.37308811601619 29.1530754637064
26.73175189327026 58.58890007704653
68.3751278157384 35.52874428094262
17.608649484758622 77.17971968322858
48.04599235932798 45.411280227471536
35.06027379142353 85.41817403134702
26.20877861805897 47.2246329792368
21.857892895644415 75.1501695894133
47.777135209849206 48.81028437474371
31.29782041981608 18.471390075714034
5.468763630611839 3.180312031277932
56.05352702313018 13.667966942567444
43.14449852503333 90.89791535032938
14.357260895850077 0.7608904461283927
74.97842229483385 22.824617893706044
58.250938594340695 71.94037185467278
0.3408782292576129 18.923379757705483
9.980813722734228 39.18203912850533
46.02863035352984 50.539055456597445
89.29810617014915 4.034055910708845
38.24548978905173 96.309545345547
93.76550680151124 75.84265651766036
60.863683763371924 78.48563832686423
8.54653182210603 4.289611155241357
20.466548603397385 26.09561526367954
36.52604092333436 61.981437738396
71.1934269286903 83.09428286100791
68.65118210351943 76.72726338250165
90.73436382444675 88.37143243828798
26.092750986979453 63.72955689577795
26.36651342132772 67.92174783083018
85.12594920477272 8.209441952219198
16.829712464727507 81.8992727187962
6.197691099021463 54.11606715322685
36.524591669691176 41.449187703097444
39.44602958613379 3.752517410205458
61.486495034099576 46.072748832022036
43.04705686002153 85.21356089975325
5.109503478318667 67.43593196104689
41.182552090003966 58.194436972514005
10.101623755435085 50.237376807285905
96.96155430081879 0.7000171733543503
22.652849032050003 95.97810510523064
57.28411684572228 88.73795050049553
99.36645165936828 4.595739797091314
7.7115064380869125 95.87612091662858
29.02750693898941 71.07745833212329
18.391569655826 27.96738512930188
76.2085502237663 45.72045928458179
96.64935238266901 63.828947692510354
22.392305868346973 22.167887625059212
17.43362279073015 74.47073035039686
89.86924680387702 63.92598198802102
3.35781418954062 74.93028124713615
36.676190831111064 7.315307552074146
15.390269747332152 82.8779384545984
71.91338440740903 5.207772532246957
9.398091709882618 30.870887234741783
97.9814898396671 54.55869502779609
60.354937478248246 18.464704593399574
50.30360957001947 92.75816615578944
96.23637383269931 28.684673824811412
23.805148291726198 79.95086943299184
66.40530537419549 49.4937323356927
21.373581027823228 48.79609023071196
51.93125637082083 93.85076411639291
80.238787888811 38.087255221973095
45.27697135080475 1.068312694505269
48.41114539418534 36.56622815428698
19.289980602820854 86.00417817936888
24.742931467132358 45.513190695567964
87.29340519868836 6.0938928555553495
12.422895842592885 22.15480899339626
31.221830771224447 21.376111950155053
47.250883912276635 77.54915645460714
88.05594856069845 58.42449168555757
57.7620602594477 90.57637726343415
35.49385929090874 66.60028048128844
13.928366257821745 50.698685110716845
17.88646726098657 41.84865225415915
