340
1 3
68.73404036792796 46.286209129064495
44.69162852927491 97.4606333912097
54.286261045735195 22.175066082454677
50.29908026058425 34.00883790829279
73.18551906841313 2.445882076389916
85.75732401241005 29.64681011366228
12.831987321667526 61.62942562071385
98.99690734378413 2.0684629825724166
38.97739005842331 32.65987631575111
42.560002687174084 92.56502455279471
92.49666402307997 83.69333693779981
72.54475398418852 9.67756297472555
36.448553901781345 49.85847080908121
7.316585740688386 18.14002694967709
21.205275917786537 96.4175269530893
34.65176356808206 2.0637006990968487
78.4823050306699 10.602524843856042
56.0062983081012 60.03943180461293
67.70338705690533 80.36454224691758
40.86695437964573 10.398401030419556
41.689005901844034 38.48958494935242
71.39448594364212 96.71617049102178
57.56806407956769 11.3052072849392
9.326021730563383 0.6087207535013128
55.98419792529998 78.87003584431102
89.66540784408303 96.8738271829905
13.94816843693798 86.82701422601397
49.86904666306167 57.387151735100986
87.81898108596727 38.2355410867224
52.47651236466355 40.01527037834405
42.9369224885866 47.85324710399863
1.538001686742363 91.62426908895627
78.49992656884727 69.89139368961685
30.698150387407665 40.829436258574916
36.09574946354894 22.057232769968493
12.840566926098273 48.4329252140284
55.62733640917039 91.9185666658412
27.455564250073692 14.097335032184354
2.0127127628389863 74.10691073525926
23.26678651250651 41.18130910330695
23.865889835884158 50.26471866677122
78.91550726559211 64.3025868823218
47.45320094085186 65.70718832115676
48.78499355916384 49.39389235139271
87.16310042677271 69.9896593392427
64.51429291221618 53.22160626581225
52.09042166791578 60.33891054754778
20.190638192095545 49.214240469822236
12.19002006841965 62.58860173049741
74.05172882144142 53.797630279925635
95.57021009719024 27.31348604949748
80.98959151904918 3.468247416120196
83.84333010953311 35.81407705574655
0.6872949059692601 54.5301218603053
30.014235898458995 89.87591179587973
67.10417344070822 7.8058259531893714
87.41096897188059 8.267884383713465
95.1697505183401 75.37988958049829
62.93907710814244 54.84221132298761
68.07168090292141 1.7520933449117093
36.52585716953192 54.850040126615696
72.38672807612541 28.284164795310552
72.67459332676157 2.375686786318587
27.382691642487632 70.91581013706465
49.9372140754653 51.38339391060291
36.72907501302498 51.12456188464145
43.83555728685713 69.13175517426859
27.930346491266732 67.04640715417702
98.08355057313653 62.54730270425273
36.622226609593646 48.156936865214604
20.254908726770292 96.9905976422393
2.4886348257886715 66.4658385238896
46.064669602239135 97.00844608295553
79.73548211713204 65.05304711837665
23.175410325529032 19.545834778924043
57.486420841025755 81.03500481562611
34.59236667855945 50.778797266718655
15.067416344995245 35.39073855256707
70.35405625087397 67.92505683145538
49.78579515468684 25.32727005716504
56.07023280491323 87.81479191159612
40.32575353637606 96.5993053013777
2.6980339384488072 74.79107031988048
72.68017202318691 88.69812985452057
68.54544198683088 81.26672063094117
7.724088277696239 98.40124766888931
23.614831915059042 43.1831766118274
36.790683992155174 39.51157261033027
18.690945000330593 58.56985230105269
98.46487595404328 77.143638349707
37.531025039774235 23.83947772303261
34.21450664810142 80.95077080823935
61.76932562227473 3.0931819620435785
41.037567408183676 59.74601332964953
25.0751077100851 25.642846834751797
46.199684612321 80.71121017648642
23.07402827058398 87.70346148605684
48.02328185266127 33.6155980288513
97.9445932545466 6.992770990213226
97.53182875543358 14.8382248890927
19.830049306676358 1.552584821835512
36.98648828157693 73.37227211852382
21.6699259618387 89.64204223026049
50.94756035813113 73.88691899300026
8.918131770540082 1.9374072271717724
99.56759556461294 26.721848126970936
65.05048259933596 30.608487391091877
2.849295424236331 81.41166396104023
56.205603689102546 13.264377821567797
91.48245770549106 42.252597221650554
86.81718843426063 9.288400079533577
73.32194430921348 43.9544039574185
12.707452958459609 3.008235638902157
22.479517760469303 17.059001981404045
8.90240028981446 85.54216488988129
18.904371827208834 24.42647852551034
3.3669409295341124 23.87253631772186
58.86907623233591 48.59785283227285
45.90179013030302 44.0312597770798
52.00675227205424 25.02887353380632
7.955791158501446 94.29227653352146
38.15130021948092 65.72214487654028
0.21134409598924098 11.422994535544607
6.010619426948449 8.364906756171697
15.886881552955167 12.97451783943333
63.41224350235733 8.828655435096454
64.97850062669212 96.41494642534983
16.542881633980542 3.603702106690032
30.075570265100772 11.517084348771544
91.23449403350405 2.756662142062405
72.54562154475153 94.40447933901352
40.80156463788065 62.71968816343214
28.151233283656385 91.62448026957716
5.412577308107158 9.33588742542144
35.152665129906865 79.45419598769932
38.72929603673827 91.60259291822173
84.48813319377099 88.42435074634611
31.260004173197164 74.90642860371494
69.0725247716715 33.31938186013588
75.1862223229273 86.53824915244492
5.6825099777120025 13.963069154673246
36.837636349328285 22.68346238334573
72.37496246616179 94.7704353388245
44.609624208681865 33.525783480038115
1.441041588574321 67.03475974294173
50.62083980418974 56.265700862726796
80.33773171688514 62.62478137904499
55.839188343520306 57.72801656109845
4.306802692211442 69.27548516257286
7.540714943237137 30.463431755704118
78.52984531444278 77.72195119836091
78.90184362833182 55.621112732864255
2.1581659375206286 23.26065744602539
98.3803541013972 50.032980065755915
66.16944276133869 24.168785994817156
71.6825316805096 99.49050614849877
58.04427701986161 45.75140021519344
44.99732816732305 88.64748912244487
12.98245332707031 97.73112793683958
14.602708648734719 7.263887655329948
83.66850089612808 42.924779964926515
71.56945889795854 80.48312659424491
75.6375791272482 12.151036777254687
41.46833434343024 64.63512787825705
72.11307077199245 29.744604002501806
27.906567859939702 45.40085077459417
94.41446806125944 22.214995813366635
54.64421323870885 93.8005672139311
39.706576172612706 6.604924247340493
29.251601361198087 22.286267809636783
20.582593980877274 70.05053322558811
52.01538215963153 59.73574122922412
86.81508167816759 70.50789144736581
82.7995179239627 4.828430143648221
26.77221522145281 22.35148247480321
22.097801532637273 10.853789501395505
67.0434833127741 24.054585619010062
60.95210273163101 58.39920311903324
51.867794134190206 21.09680930547684
81.92524822562841 46.081071906134575
39.73228090173535 56.79263029046364
50.50693400820121 89.86585760426244
42.52998347054135 3.260375916025904
31.66103184454545 14.811630288012445
40.10026724538513 40.921795595772515
36.534198572285945 77.99103958399971
0.5947097847976979 20.310304871849503
89.1472531041635 62.90169764554603
15.106266105585675 46.59258545408722
50.72579556318277 80.08254384653665
62.02335858268244 26.7574540947654
5.37971483109414 67.64567105974537
31.02480421292373 96.39925757702972
26.47426844166427 90.223768460918
14.513820482356055 11.818197328772007
10.530022743331479 72.02924054437602
11.06663685833631 25.814850186143666
73.72699178719371 43.65572060014533
22.517561069606828 48.318467108005606
23.19571206629949 76.84856671739131
48.423479091267986 54.321562649880796
91.50059482321089 77.43675277032548
47.02892473665443 96.79045008281702
67.81232636013348 87.59366873994823
14.295329289294711 2.0049814380259656
8.770959090999252 92.99992519293315
20.500431291503585 98.18975155352135
57.49682646939114 35.97868914451481
58.26393477851703 7.185140027496351
30.92374693663651 44.588828096483944
83.46903578344056 84.80004112877586
58.09207037525399 71.03882074060614
77.69428204569834 73.91542485522618
88.90414123047357 54.045967129619555
41.90335470997966 13.595557951780934
24.054621994921078 97.76321375552364
14.717001308519162 8.904524351766273
77.81556580779021 59.21626044193018
2.8537521228540363 89.33506659174515
80.60995550154608 2.37479373793692
16.780459732128495 80.24976526476198
32.031740331309024 97.88919743421316
76.30294577117385 45.931506756328425
50.18742382576886 19.905658006102357
12.046144297510985 52.925650417184734
21.88615619898142 25.9987983713051
19.489135330053543 18.360899927031937
76.83932857757809 35.48087452068216
49.45237820933139 21.87691549663966
30.829058300730615 32.085331099913475
35.435085147478084 49.88394043897344
31.630537108573755 2.5373787442682483
47.21327310430814 58.587876654614334
94.34834488461281 79.99015110866672
22.55668811017266 9.772143774716625
6.444089437822442 41.45352939453461
40.13049565676552 66.62993404528792
41.777016810891986 42.47023115164452
51.30592550761695 7.124763699499681
54.27303521217088 20.28899751529576
96.7856983071918 43.660223926602335
60.063245708949744 34.053072142329064
65.87210897689498 70.34265271239238
75.19203088300937 20.451313600323196
22.17733720327928 63.583791616068616
61.6612679079358 64.1623643928736
94.04994213371572 42.760324009350995
54.33355098357116 24.338000566783702
25.264025728852847 3.096559773168539
43.68265972692696 49.61490203218399
61.03878985070619 25.91177569348062
62.83909729053503 33.801377754967255
57.67548018112907 71.81570993455628
85.23155953160943 13.42897028658352
57.34918768176698 91.24235402507463
71.30381915682253 82.65287922853275
46.783739221042154 69.77291187529919
60.3409596320029 14.720740138354271
20.23695562154362 36.4890526249968
29.350604848738815 51.59461539110113
39.60150877435922 41.004965943682926
32.36028120711012 21.035107525246623
88.9285349016826 50.08781318371127
60.97422620034338 69.49574439002126
20.88145866212352 93.13653730083567
61.68032416579092 59.85153161877859
57.58444963578737 73.6411465083427
28.600161181385975 21.48666288582732
15.728323634923003 79.4093035743266
53.769009935222954 23.941473899938682
10.743160090036575 98.40723069383084
27.560202379701295 13.760912871026232
36.32334070670855 68.12594345706067
59.654820445756314 5.783351669793868
90.59243870604668 57.33445071537058
85.28405835586443 52.66095039831464
56.03710555597505 2.8367444682445564
54.75928773555439 93.92833501942073
43.0050792135209 63.173228449695664
66.12848658326347 68.73828370168556
86.22782818439569 42.86967175703216
75.9443379467059 56.10670642873903
36.29448473281336 89.1281249525094
97.84303219679704 6.867060220075927
82.82896295537263 0.7182154990702072
26.81251519824972 54.273576979092276
76.97182969942476 35.06812012001275
95.16250764554238 88.9908091173132
22.71631986117697 73.84399406439437
97.1557055810678 53.39160638597627
1.2392192783958977 40.206148046860314
34.92437683601535 82.92651419353476
99.03541846865535 49.356689957384205
89.10241344007233 9.20434425148391
84.64573524264924 94.25982248214679
20.99281617412785 43.911984268448954
94.59009355192829 55.58228891065018
0.467494596033613 40.883721519793426
65.17150394898368 26.23434736666701
7.463721889401609 39.30720532009882
73.75028015855678 89.25048155023217
34.088368641955725 89.60457756360623
65.83249009794132 97.03888850908724
39.799629331091644 39.10618335743858
16.516533214353135 97.50737595797625
68.25453798242536 19.635754780210114
13.276307092401929 65.66198234593827
54.61726322745448 33.31917513325471
80.18465268599802 50.69388887270534
79.64765940141714 0.6085004104241731
41.577242776950605 56.0292060958012
74.09014144326437 8.765140251556502
92.23127735501868 13.591548155103705
72.10431918893904 58.57629713442336
70.72516770766622 15.107080035044817
61.812941607359726 73.66242998494761
78.7244926224544 95.23006251848682
63.624225668292375 43.37796305696982
30.097434208573183 36.8848508592442
13.667907758205388 26.737126040976534
38.44846400600473 68.84607556346745
85.19138608026778 79.23082959746289
27.069189049915245 24.085987626056358
85.1533341879599 25.917094899028626
95.48634981093613 31.698296704804328
15.097712316803147 2.4112998297018295
93.94146875774116 21.30470794686785
6.237658315228067 66.76513313375536
83.27897520088547 88.56119859050781
17.496105469437296 24.944271560355414
57.61082755238316 72.35948098375373
70.51906812421993 86.96057045014484
38.936399471690386 72.1044059632329
31.16903013101926 36.0565845945565
3.6526411801069747 69.46837765797606
28.58098409389529 86.93668511796228
78.78824839423808 24.169786790118565
0.08086171546237697 13.76448176407532
45.31554076617124 10.625472280651426
89.4455698052446 90.97470148436739
