110
1 3
63.55800195309105 98.0953445893993
49.143483926731804 53.923603849537386
90.55074638284515 80.25390801605387
40.57383706378943 65.26974441248446
92.61771246313111 42.745835513822826
19.489904715048368 39.662876094145915
4.105934568104996 10.494251586820802
49.058272679724226 61.32011922750955
96.85898109587174 38.79840510517343
62.96008544218124 90.85074510939913
82.4118729864345 53.1191693256192
7.970485903129121 60.88380167058751
21.19916054231488 47.00238887843393
58.228767356640866 48.278975803320925
76.04942632588212 68.16521651041538
18.24826069834573 11.435155683151187
75.87957850991933 7.9097245239419856
52.60226118387741 30.069036045960296
12.260145740387763 94.3560570996655
80.70553797358025 24.58685896399817
51.59763153294041 84.18637756777274
54.92655927603318 99.17140458984346
40.44148544710846 77.79730536005576
58.3446889002772 26.730930759645723
34.09626799875027 22.33322775131077
66.9863908448525 77.97064738399766
57.3828165269739 21.241184651874345
68.3787000736283 89.49848619148494
61.444940556793725 33.901332398815676
29.98099246467696 68.98450918710904
20.257660170619584 22.813377728452334
32.37600459967389 96.68960655274093
85.97594900120171 11.246718489978402
62.58443813677312 42.546662186247005
69.08654621526482 59.8708092210459
40.18851794689222 99.80992526318455
52.992928973636836 24.81001548383852
97.86419394625736 56.57614119592338
49.23416832281629 55.03129899528814
39.332508764491635 75.50819573119445
91.61056078260734 8.780053959634326
56.78962139937629 79.22189115301062
28.99327739745141 98.96313615025734
57.55074958755044 18.24471904345455
35.116184953211224 59.58659351949975
47.321989430938885 14.71588419421741
21.28917411742517 75.52444962808036
42.25683501809727 6.9777898381628845
88.59650324591722 41.40951376134765
74.36622597130969 38.957425592400405
27.743323780428053 27.51194387515119
6.010114554705748 33.46342662547792
79.6345216168399 53.89423601791561
97.00706776043657 82.16680185273914
77.94629825433788 23.080854049950283
63.89682304211246 64.0982589219883
84.4100499240082 27.605905527820653
20.923115298326977 96.14991877082888
7.862258058291682 74.73539251846549
5.692014777055632 93.22812109451148
42.83097011957102 96.70366450731443
54.078960509921934 65.64561042039597
44.86276353512064 12.370767385767945
87.72773161801217 9.301970382855828
68.78571406267491 64.80134286473039
93.32085346866617 96.06309279484952
33.14468404198403 32.090385326640856
21.522405548417332 16.896279430025587
55.763294568000845 66.37680077969601
39.19338416094109 0.3562328842111162
31.180161656166085 41.33160738947665
33.29146236029623 24.330018647847385
67.57114931127164 33.17885277898149
30.500471746412373 24.584604909510375
51.83079867728739 47.83262107475827
53.23253455317798 30.809712773662355
12.657510064236677 13.542652353303097
3.8681307534097265 20.21873636781335
8.584611352936689 84.73266711333743
55.38382315163586 94.97070825634684
14.325242061958509 99.21863389487287
95.97497388129939 5.745734517091328
56.553379439091444 38.14086410984605
25.94110410052459 2.7869882807182833
4.323184110001654 95.86168356855657
69.2419472484563 75.83256937770892
93.305755907654 17.3096944685279
51.49098423541834 5.481028263322307
83.93433476773731 29.17046773617089
34.14816617092094 32.781475372919
2.845067454690775 95.46428085414085
63.379977804360685 91.74628673253828
91.54711339502519 34.76612924030162
80.35377509663688 42.89172716231593
87.03999551227926 20.944045059344084
81.30558437141373 4.046086253855274
20.264449418163565 99.49862651298116
7.769980338442473 78.96435066328786
5.128493888090158 0.4696461488200798
81.43252669364134 79.32658362748273
57.396391314687214 22.178721432626467
87.1873569593002 65.84742535543906
71.77133636380175 53.351365602049825
83.93635286058361 53.38186170998247
11.956182544750149 3.32401985613211
91.43711335935943 20.986454088244955
10.593226761851437 64.46240519290383
91.92341090051114 24.813591654344048
50.63003555565962 5.502244417036373
17.038066753273018 44.16242662625507
