320
1 3
73.66328813572271 43.652643515748956
64.32074200871145 65.08489806188567
51.97603648614353 16.450853641711372
62.760566224292006 81.05073345590151
91.50261375244537 74.7414326437559
33.88094227053284 73.7650961959017
28.2662746654891 88.83441356831811
36.77490941429822 33.428738145947065
98.3107912224298 40.366920872896436
16.026419378149747 12.621297515741702
98.38092871603605 30.953307102140148
30.622648602220504 90.1117738579948
24.392067080997503 61.915482845111946
44.24739573659975 45.94076737680639
55.94795884825518 22.429552049386594
91.45943208862113 81.88321243658214
52.139994896195894 34.04158422493233
5.888710978903289 73.70564632426884
44.79553216774443 64.17625701822307
61.32331635978245 42.989883670247565
64.78929361678713 44.33126736888637
32.94303102042257 37.254642895217714
63.29786544836304 52.43811227311952
8.151664986264473 17.9443387450998
1.543851925931805 58.1354584402134
26.4432986937174 75.37520327959709
71.00200549837778 10.846174804084674
1.2223420857044642 73.00844159851462
20.726238520941422 6.856506370624316
53.94424908956444 33.33764784978885
50.809160813508726 94.79645831133412
45.24365250853608 57.549003031820114
80.22883660126203 98.16342507475677
64.64532701294954 53.33255932911207
84.6065015906104 6.670847160693505
55.81762185590073 79.00255205962227
19.925481992832793 4.594883327737853
46.92447865011389 73.20640546408848
53.63001922990027 11.426763560010023
70.95246750046937 76.27306506888576
54.89147641623396 40.69542881810817
44.02956653108798 29.499161735790413
67.50451602443563 47.59256030783747
62.76356936995262 49.13915101013633
42.99639805705409 67.22412587266484
2.4587825213991943 21.31651556317302
16.72866613385702 53.84026347870447
76.69100531430453 91.77392612268498
54.88431492551773 72.94036580289291
56.00173453023285 98.80107927908858
98.20152599317662 19.405914982801885
22.114967047658585 4.1834568976413244
97.36109469325463 33.583219940681055
54.4091036490425 89.28518747013669
35.076855320149015 46.02029929452196
55.35506027343815 57.997430167822905
8.63003103273179 71.1078986612816
64.13632843503585 15.94213462305687
30.88963064071246 28.2214823761592
97.70881795842614 47.255347867645355
74.73424944253783 24.300647124181918
16.04049695328953 1.295949172969002
42.20241868205883 44.57577016702514
13.864750524540703 17.55526946257455
50.67393850954707 96.35202790483837
12.064914654145698 53.735714119437695
3.5938130358586395 58.49642844935088
88.38017619361227 5.031667136662166
9.653773779071194 91.38816255363432
81.96760549653841 78.75038750589991
41.355911919240576 7.051294912874573
95.77209134019678 89.46504663355776
26.418088108060545 58.61874614724052
28.30069695175299 68.81959076662321
49.396422314017045 69.26707627519345
53.495846598984166 97.18925118225891
7.592865601616072 98.27669846788424
6.078936947827662 24.59231897011458
80.08658057641777 75.61228534270923
93.44211818978243 39.543753498087455
5.388151688324383 45.46094742145177
77.16229070407618 89.79214496818517
85.10816984652804 60.4402946149156
23.69591858349871 75.38455590880471
3.4674794179816892 50.61540817867167
39.979932238578456 23.372484335785582
75.4922699001376 18.985650652096588
40.51282698801537 48.28201566862924
40.029885402676136 49.33213500254696
59.48301681392181 76.32398107628305
18.36812205168279 41.23998588904942
2.89532057514279 6.392186772378761
22.426474627163717 8.893717746472717
99.10759771608441 38.5268568693468
30.302195991974457 57.8017688965913
50.914206132181164 67.76525970822611
16.660005956305348 67.57271758629086
50.158984194662494 50.408921104881756
73.57844709195524 9.835361741561833
45.67566375374048 17.313074608997937
20.30470527309145 71.54180876690934
61.04719394890348 41.329948589230625
27.145150340535196 74.1703978613607
75.75131272533248 38.27395631108443
77.28147922438495 94.15363856363643
83.18704403591022 30.521080369863498
86.51091297511857 80.51659821806301
84.54273452016474 43.347489784506266
10.683491071959317 18.92178437625327
83.05270242840731 91.69488248423951
64.99865001077454 76.07868424187991
44.82832651672266 95.6434129948207
96.4946804104382 55.28356522119675
18.143468704495437 23.931044008686154
52.52343098750634 13.386959760246619
32.91370992981153 37.394816816678535
74.23296685629023 68.10720972111028
93.73649235340196 4.53526435741205
5.1755359036907755 19.641457467590897
58.33086163745762 1.3519836160406529
86.4681316312454 24.290895780323062
72.06508320468159 7.632022779127645
35.687650993551735 54.14937916595064
74.99985547740535 16.899856838421414
72.83420146091098 42.30635248171335
58.98210261844721 81.33354440510689
95.98611690041471 90.2953496246256
54.82263596546617 70.85536174163303
37.85202724605594 62.87942638810149
8.885332448458216 0.7539155505957185
19.123880120555082 81.93682842538685
56.74786355689094 28.34831138999112
85.97832028739458 80.51379459741558
68.70125955935775 79.60228740493984
3.8281094499468704 46.20158397970295
20.453239807847922 99.63800817644038
72.6421521196281 95.58054606277146
62.38476813055858 49.406794356854775
22.740937303235874 45.3565856935565
38.15583490485592 94.09096358390474
17.71961275881484 73.51064663763964
36.17656593872562 40.73092565081178
62.29016545186623 7.636096359917821
11.118766861115837 69.89035887159851
34.3455288930709 86.91839339714382
58.43077926832861 5.928616767802541
40.84706960585764 60.54756754187562
90.97754711002767 30.196977459747455
24.220246944200376 45.817793279000284
41.55197643375858 80.30779065950684
16.22134294185271 45.53563933741411
86.19269733989667 28.715019353884298
98.73240791061689 54.8929147236793
80.21012997380623 30.97048377144409
24.797412657592655 16.435462723383075
91.39862855238192 93.63371681820493
46.64888152016688 60.60222055203206
80.40771809151788 2.6631827720406065
31.902829284959864 32.00788356492659
35.843698999009675 50.41787343304984
82.76877721569602 84.28443882495212
6.367342296081802 58.86915152370287
75.09436982592537 25.26655888453373
46.36397103604075 34.401258907097045
97.98195925524087 45.59553194452122
62.60437052521215 83.59019364016946
56.907480111765075 24.194187878684726
98.66506847075678 12.059245278640706
18.9473130075541 25.7358198185333
70.43335936084365 71.07575022067753
17.279644356408276 55.68222969125032
83.68424410364055 98.51749944402299
13.110085282294182 52.097342277340395
78.35410021837458 38.348259705677854
37.734501190253326 41.77476645694751
62.4332971101099 62.87152987238049
1.2488433547204858 50.82956682496847
26.414853722352525 90.40197863184898
32.15453386240918 71.89967392731688
0.6036719941331148 28.51385334539145
5.690277208367922 51.1639873459524
80.03081211220184 96.73938420985519
14.229240792289666 27.185339645422268
42.486165170917324 0.6434203191733934
40.54641375710797 48.50847816342472
95.0977291385329 73.66779551351823
52.46206647508102 38.49218008788489
99.76766040489093 37.43870440654913
65.44617884042488 18.98066507958669
34.60444473667354 55.55446090432143
11.424388502589311 5.561596253082879
88.90200949594471 34.21369492882498
47.38676214428557 41.927536039644764
53.28734712996776 66.74263399414903
38.89115589199985 75.69108244501139
75.85963212097202 89.03413608426558
30.73828888082597 24.878121566816613
64.26654375534811 72.49918329194406
5.45481310680489 19.91840054823748
50.48582497612675 29.34086505558453
57.79718496318556 54.633321620099416
68.1795150302269 5.090742488534095
29.886721167853246 86.6437119499833
87.73205154102712 19.18411443430561
45.72256988405095 52.47679907396894
59.60152438553183 83.70955539952026
98.12066498971703 23.963441160046163
21.028175422470706 48.56056898932386
84.8418465875336 76.3294866885278
44.86741123460296 84.94811458532496
71.0083518842532 82.92504578632611
84.67133097707735 68.66272364228789
30.92256226140475 56.01353154463074
43.61734576263998 46.9507248739202
49.30887387685268 64.24526686574814
29.196231714991463 64.83091030562893
37.92336985602396 18.965368330403763
64.36740244822047 49.230898265553805
71.83086486964554 56.253897280031474
53.216319585410176 46.397526383082365
51.009302223093925 41.45689779433943
74.07850743422686 73.55708231279496
39.21600706024322 6.8979200076156655
28.971981780734744 41.01382529773954
45.553796455682225 19.80961202776166
11.291745806311537 87.12997485735512
0.1632098344654498 61.30679590862862
61.986688697028654 90.87770879637208
99.3672084591155 23.52471896258774
57.07561200552311 84.50380731524973
98.92948895087046 13.912236108022281
2.4227634769957707 16.591046794779764
42.384527195942276 83.784343784812
68.78686271430747 55.017455352602674
83.91317668208012 78.35266882685796
5.731502767791863 70.8576466481893
77.97679934515165 62.39051225417342
7.736277440972916 45.8949617800835
73.95789462606697 94.62104565675307
5.302780392060469 37.009012965013156
4.027087238382809 54.29857896959989
64.69602729246473 74.57078661374304
97.39714419819288 88.7770972039398
26.197528374918157 32.380353625523696
20.33977712217634 56.67857983160209
63.528143005792394 2.461413266679302
38.68944023552048 18.25978594020521
76.91534379711875 70.01847922934847
68.96469519244879 39.20923711439919
42.88551444003923 49.27503777169906
30.550708077724686 57.64077014051983
92.29573210592005 62.9772456727117
85.01884842501582 34.312239134471454
49.23625957186184 41.462733595163215
10.020619510647544 14.017559101831957
46.09130105909938 6.676829519920546
14.021187336280372 51.5535950953222
43.633723461184616 74.85621802884081
14.18360081039789 42.29651723583547
10.341945221201243 13.260578147757919
24.311575319552524 17.827273698882085
85.72902316354869 12.039297764980962
38.21591536614007 0.18257490013620092
4.115611850570278 20.61064567379074
17.758544679558398 21.662881543282552
2.6374510211181645 17.815205852658565
40.016524079091575 34.265429974093145
30.692649216882906 36.83328696327279
19.79567431711009 39.89423463843511
16.808552702643897 86.56370906779887
77.1660103020485 37.716562861041794
60.10948592903353 38.058908050783266
56.05379900549221 85.30652217011988
75.60355647012574 38.84227128364171
59.82197976952115 1.6486769231406129
51.174204647048136 71.13333520760632
80.86110337819072 47.34409419444465
21.63375275092745 83.08513412576686
12.185322580256441 42.14297040651991
85.75552142727499 67.80712858417463
2.0094672413386805 44.53359928805687
84.33507242383023 67.22189336566574
58.53987103073206 12.035903775117829
1.634429207243615 6.808853838063067
5.622281680164409 47.82764832845983
2.0765909251117654 94.18177126768524
53.239942661355876 46.39898789659347
6.744620891713904 87.85510458207133
68.05329297732867 68.70856575419779
3.725055496684604 60.195831622003794
86.33974336349581 51.33344380982761
93.12121715057557 90.48277501957473
31.629743587027793 57.47109687914236
34.75014579095848 61.85887815852864
38.18574577180196 56.56502731244966
69.08969846713129 72.84076228121484
60.200969136123646 69.49526999969939
44.56716683210886 83.66157279777968
89.97176145559848 25.695497237269937
45.85797099723439 64.02765656020068
68.61445425414819 22.166195719436278
99.09254460496915 15.81210285904573
91.58278928969482 21.80611881721335
56.41441625303272 30.194177066297524
91.28135926916488 34.84062372377947
8.585222170002794 93.5970922176969
34.3539172007131 22.324972814276766
40.11227869756677 8.511121842263435
29.645238890870363 1.486187335753053
19.714401249212933 50.495540101140236
72.41010659587906 39.41692371085062
97.93681709007384 64.23018075294593
53.96151934564581 9.447366644089072
95.47133034238502 24.26473660615045
62.51460481625597 45.75214367660869
52.56180082410413 20.025912721534734
73.75987129051961 55.21362616182805
44.692273170009145 23.461824380832663
46.749200530424126 42.93480518146473
80.2520938538375 77.26069773888624
