390
1 3
34.617014291286694 11.815041128743985
68.0020752936523 28.398400256503642
62.87121471766444 54.984358652619726
77.31193057539605 46.4366231983419
96.37785933091128 36.89693186866532
0.9426456724114018 3.7786951994491336
51.307540950798966 22.069104922319262
31.84251155738844 25.252891841734602
50.41741497434611 35.882781964846224
7.579470758379214 82.62189676174434
32.87160217452738 19.758355416922413
40.697961812275075 29.18478948715162
17.92752054736697 47.94518535719854
96.20393575205217 95.46514777454829
12.161168942696165 98.54561541460541
92.58564087991492 64.00853363704697
10.574074462815508 58.02333509055373
59.97221520904996 30.971232658481362
94.23978417002598 95.91257721014355
32.106586255874525 23.145999738798363
65.15527792692346 7.92752651345523
72.4846592586617 92.83209840622011
31.39694550964476 52.77954319289648
65.70237231310263 69.23666213417444
81.80520180118891 46.41532997190458
41.39232415676884 70.43622202895958
88.5950292803089 82.14887674361697
83.81313871499847 58.97957243959608
60.86527176550196 14.01248694554047
82.8239788159314 43.80587681443042
98.63634787600503 71.35707431002405
42.44803776089996 76.2531888268113
38.94617373455327 94.93720491919318
94.84879530653157 22.017850059825818
6.8351908269030925 67.01727295594173
92.76670518636001 6.868847170221071
96.5623578153405 91.6160204169146
55.85922212314605 83.34859977211954
90.34180738275144 57.34556190069462
31.1887322973752 23.441683194083886
35.40103562279504 24.625546432983224
9.79063288359374 84.29043084217544
22.593737681183956 38.232176818161065
81.37165120117925 73.7214754129305
63.24594464256445 20.379370756193627
66.2847831964265 52.149113869416965
24.765514218438156 93.17408174034014
45.11389096970211 93.47304737244706
81.50857102896852 85.33120417721871
84.91505521218731 98.58325829281955
78.11919054895515 72.55729988157363
97.54632350601746 19.903943185462957
58.78450504771975 81.13294071316375
63.88362875827398 37.473006451891244
89.28046994995813 79.64019818888472
17.772601457204583 14.427007880336262
35.4066552446439 58.952064595699106
72.26705294376852 48.078598658222994
74.9373445746327 39.05484061093878
67.17173196833176 15.875955206169179
16.223732918527524 19.58257858029664
35.70957152527474 22.040744172710625
24.874881200627375 14.059342912579265
9.254636193381938 88.30248074239641
7.712060785444708 3.503811135664203
31.000132556175263 35.69898498192532
88.20007196420893 39.23114170976201
49.84469994945224 11.772741225503358
54.530462458152094 49.539137198608515
1.2140390424615344 78.63237985433142
46.665726636412664 96.61941767162318
21.974756557538623 59.09233157517275
22.33479568742618 60.84412133189654
15.65887634029879 18.143654236239513
74.09163673525721 6.641378960070576
31.15843069246904 24.809319356181426
75.25929202482145 95.1039478795187
32.589428759506255 16.37132678789095
76.72341002263525 43.91698345198696
24.34529020320335 98.82790432800788
67.78362064159928 92.25416845599565
92.13034943984155 75.22007120292848
13.28775071340682 59.29774554655871
1.9811493032541927 55.639231417020206
41.74670286398088 49.10615814154286
4.091045446105146 45.53036276106879
45.04824695550833 97.03570679120558
92.53214018340503 91.06546526359448
30.77997670261268 55.28181459414665
41.84928761745499 88.10197126876093
54.08958788938547 23.55984277819654
42.978275466277395 3.574005467519026
60.715676219616796 87.98662519883895
1.1736616737934247 95.27326446940793
82.10923945956135 11.61041096224633
32.97274252587881 12.187859362208698
85.12639725459185 81.36635712863729
98.02064417402974 11.335837088758627
6.597727242101281 83.15868528687638
84.38813171299364 71.48976414623276
98.80493556755327 52.445890840652055
37.93512845462308 46.25915840848969
44.28041978454371 58.466377578200635
2.3167076303478584 79.42858774988662
13.89431330089581 36.16823133113976
94.05271389203902 27.024911183300105
93.27717669032182 9.150411218216181
92.53381900977101 81.43165409585926
94.17995371326833 61.06641596924058
93.9666867152929 59.66268355504427
11.934942829801788 35.46358121455005
81.12308691795786 33.271177495297245
0.5183945875637974 80.31621015942025
90.2155199215941 37.8633809069441
16.755853423672008 16.41218562231128
90.0169365852654 81.33896849177364
84.54336262295759 72.78692519470789
49.86923204298623 56.002763277012434
39.468698746128815 4.440193534836667
35.241851452008646 26.937012379929538
63.64185301659964 49.32584306169907
49.02577330167759 36.54926969590227
98.35297564268217 44.258246772932665
48.67161740681074 87.96309018134801
78.66742215012262 38.50223300580971
5.444914126529965 8.69860034126393
18.25126986345986 75.85657976873424
70.94813954729342 28.52634961093756
18.462713671170782 51.790169871047475
57.641172626014225 88.1567620474637
7.309510393697738 88.01193454776934
12.610410158210538 89.33647317393003
53.84581150837406 56.15292270535222
56.957630153750685 13.783627154193855
49.461204129526884 26.73389469941043
97.0728039030023 85.36095980924922
87.93819893684159 58.29715763626058
83.59240643614272 82.23646550724885
78.99920263295618 51.61147026766433
69.10299214990437 5.420143553609047
29.253121234327484 60.048672674992076
16.031670506640626 88.70755950716097
23.54287235997239 42.1097299810786
62.03094435565555 51.846313107084406
76.95004816765092 58.56113902108797
37.417463113432035 84.97142145833261
41.32601285762689 5.482540049699902
87.59025394367448 14.079381225548993
82.13120627763344 37.29635145812837
74.94116870014294 10.262842036141318
54.764664246768355 43.85118701605491
59.97480000430517 69.57500642904604
89.87453071944435 22.19097430726724
23.40783172247456 96.73464468132012
52.274272814911214 45.74143664957961
66.4402215789951 16.281185050850432
69.05274923413806 32.6812478280212
8.391896947796361 10.784106629362444
65.04895711091359 62.709771675866044
33.13294452202269 73.08713970029802
34.80451039869381 23.648835953606206
73.55048387278636 90.57471178950527
98.06112918131815 0.6902127446614115
40.68172967568853 32.7873026452316
31.169590108309507 54.21222846180467
76.7173404934934 26.837440672092615
79.91181190306018 9.097643981523373
10.881592183613286 44.94988872528622
28.12872147644796 99.93664174727381
41.29729563419298 2.2250632644236434
89.65855532923852 32.959790737596784
97.95324146801039 13.591045509806277
63.79118876078349 70.53852722567291
39.458574272689575 17.146865631796082
98.95586958879197 78.20624507489471
87.27697520441649 53.67026562439381
56.17331824034799 85.805159869543
89.44522391888363 91.30855261320552
37.21633139236316 86.69267616936531
78.81608117951085 35.77221786613103
90.0824132345825 63.68696635467177
68.49032973735301 1.7354532284846513
37.1397733469034 30.811311248727623
61.11200498806224 79.98203547123708
62.416698614990636 63.67134817956401
87.1028577436421 96.34116484099124
23.088433659914152 32.62119017770419
41.63730972014101 37.909606193373314
39.017044402500865 16.397698260415595
18.08207278571836 44.12402243334024
21.4721574609962 24.53399859161354
1.1968352714784025 94.34950701383092
64.46571392593961 58.18737911173626
44.59975855390563 76.73276038095895
95.45904195534345 65.41273928028201
10.117245311990676 22.58931913004907
64.73356798536109 6.572226134431336
14.144519058558625 67.12688663342219
77.3955314533169 14.303560753117717
84.43973607658917 38.86939522225945
66.7832594484696 67.61803483386606
49.76468169936739 41.510835639990205
50.84706185036993 6.471889491380067
82.24422833668083 66.67642978427719
21.344274085064583 87.02853116217626
84.64180915412001 32.98738860851795
59.36336124404953 99.03342806718621
61.138944487778325 2.5171714475106244
99.94935199126778 19.664471534317652
28.989005514405864 53.648019565816085
30.632088183228934 15.945913235629128
18.227585453539753 80.192546227656
28.85121151298562 53.24386932029628
40.61806206493299 78.55141834915752
73.61198792911901 41.665950701449006
41.28750599248665 20.56270060054226
89.15046183233697 12.369456523361656
87.44430810808619 51.83462993596479
73.15580835240011 61.21103390472491
10.448651069802374 68.95159947988716
87.14820495483946 2.4335508702333586
61.935149688156145 84.21591705173775
4.2727739874336645 51.30106876970362
4.444041833913115 96.62464622527875
21.601334947626594 22.3732034399871
28.017836244854365 1.7484754468677366
1.1647727041130818 21.745008485721407
17.08707447816642 28.63019328780261
41.514673075329696 25.342062904583763
31.287667983232037 34.9274394553698
4.319466618560619 51.737306158192055
76.36963325057434 76.38765227142213
72.8210270265275 43.73543751909115
72.4595610167649 69.06420144572884
22.64365456475248 11.199895623574175
22.38767578761669 1.2909132750619001
99.73308421382994 90.6276305993508
17.507965046577144 50.950538264657695
3.248444195642586 66.83015360326515
74.6493057986192 8.311634922024203
94.92508729903429 33.764173118230524
53.031631306144675 57.393442024340246
65.05178298756096 67.4411331352346
30.618164943271253 65.14635925757162
76.45032155823912 63.37273971040132
90.35754326646008 6.414502398854305
52.4403667862243 9.923095182254492
80.55500644371709 4.947031000083402
71.6393870533702 1.9809160804407977
85.60439203363993 71.6016601300939
31.34012583496073 8.140123490991158
56.94151572989592 97.56619990760069
46.42035901506338 43.24862370374682
7.19904203729953 15.416594113494298
6.325263968878647 42.10089431240087
74.73848917571051 27.898829559693272
8.547789578781618 93.54021654692919
83.43600266434035 47.976862670813404
27.637378996613226 93.59216227552396
30.468128597857703 87.97956136030078
14.803904262529354 21.416239400929182
96.04820258610656 28.263564586453292
62.092692751164535 13.691930908521766
15.535659532355828 1.2990242884119763
38.56350571501632 31.63484176196054
77.93687084273226 71.48248424290044
13.350706216710929 98.73870910242206
19.553662340309263 87.38852812304383
99.59055826349577 64.88843182065476
76.8722161214122 27.910517446267736
38.83692143153947 50.998993380845945
67.32089618825779 99.64454893698328
95.50040171938265 42.3345871848755
68.66405527883911 62.30139176606897
3.004947675233316 17.909397062570577
64.48958323319793 1.5495270148800921
37.18068738543856 23.99334272522655
3.2548816222035093 56.47103721053983
70.81266295678897 80.0867434135138
60.236018769908654 55.63398306364293
2.6623496471199326 45.880950067305484
81.66490912130388 12.98870481519212
19.310431307619226 94.41766823028257
90.04211267620286 31.355463888195523
53.68643677852545 38.622274386843
19.17677963972173 77.62369842102447
52.341007953839245 44.22256126843753
33.3896088065865 10.982819638015396
84.93042742433292 48.56956641523067
90.50445391409146 4.980715254372403
92.24113953642872 4.893481152785606
73.38210885273162 82.84551076910893
90.5674197311211 96.4388253191468
44.8641947487977 39.47952186407431
64.08720851283167 50.15400223299573
49.75951177114357 84.1954033344457
45.67707280809261 30.11182085895021
70.17864627046649 63.59041660959792
94.07722587409883 89.8340258387044
8.65735468395159 10.390209744451685
93.91183510945989 51.65757829824009
68.38590995408038 54.73517921900939
60.388831976276755 72.37552942163701
35.76364572171937 33.43402759595069
99.38811677490216 12.218071510783336
75.84332313736442 82.0927852332753
15.703771688023505 66.94421852418486
75.20588777435255 5.216380030744294
75.72365333113318 80.35424421979806
79.1696879988769 7.903525139301371
12.134084352156439 78.03814338578248
88.08371935291046 37.11285598087477
0.48198834988060213 50.49456422842735
2.2243734992721143 26.676167839861776
55.32465288127175 84.81923679475052
31.343773694868137 99.68526799825162
58.1335882060656 38.45225709834954
41.83959018587733 76.9159400050152
7.57542608951236 57.516062393008305
5.8540790103637885 97.78699568235399
31.4668942318834 59.61794897210368
78.86080319171711 46.00869509442678
29.204141006442754 45.823784890534824
93.67836743443017 54.84984234126915
41.712642626121045 48.04959201642769
16.31937099708518 59.67846602261177
4.431412675386315 13.656567244219286
69.22132753790883 79.0333606725868
16.29678587185537 70.77756575607177
61.98225519306868 45.15432841076454
28.338802043561607 96.44608804145474
60.652319245995834 25.042177546786213
93.47674483518055 36.46841792430033
65.17279912852854 35.59801295595191
41.431916589986194 24.10382769675794
21.67458236054214 80.3574732189305
52.10387335099287 6.957896156544718
22.919300263576137 57.75389093404433
15.289268405569501 98.49946684091857
20.855045225458156 67.47746603229685
59.64112515168119 69.54487653398252
63.57222763969408 88.14028717093628
78.60013200354791 7.1557758244119585
91.36768319851514 58.97136577654596
62.73265822216454 7.248074205470001
94.66664129199643 27.758018533770425
35.8341819418043 78.42073928246607
21.731864202339747 99.41171037615449
85.34162653385641 84.34004480841273
78.56673154093087 97.73454846523639
8.611520002733908 35.72315586261345
67.688428494196 46.42787430401163
11.656928299959146 53.97874840753705
85.61270765490099 69.093572869063
39.06553043323993 59.65459579176115
39.21959529309154 85.95504733915598
20.061294817416343 68.5536786152053
30.958505340286656 2.8314604321784564
78.22281722763493 16.666744205857054
69.08988659573738 25.824309892845832
78.41792108687238 23.608649961600015
13.645683854225954 0.40674726534315475
12.099353601315554 57.39123068702901
26.227288982661445 61.45501385313885
1.7076909949723218 44.02831087750416
15.682469078707406 46.3502039804824
77.598741822771 36.152665689370366
75.35224310017657 93.44349237283498
85.55487348317695 20.75010237509789
98.1054157700324 57.9059601565761
53.69461231948887 42.744909780161436
72.11954382257369 83.42420376442607
19.097690075704477 78.29681720270946
38.6784100906586 20.66517023269876
12.526098959434151 18.082632340484217
14.438289877858246 73.85303185951975
27.436652598967946 56.66019689733312
33.89726807757783 75.80272257061719
23.260446023327617 69.84696554647867
39.8375510751251 88.31722324220841
53.10290563886903 66.7362354230712
38.337108437151414 35.9368179392257
46.50045669130958 79.22883374201726
32.13870486984571 66.02632134390099
30.232179021748394 40.80799848648804
85.95082779872263 49.88641354398542
16.107078530438066 92.92252020179788
18.511041139416704 22.149573325507312
21.762144683619077 0.162802427987363
82.23498265077909 86.23990653384715
