880
1 3
52.98421046391726 39.01955034538196
26.312992287307324 36.2795560887708
22.1764485245761 82.00930533909283
52.509165957447394 11.785182663667616
95.74752342317446 14.790592317087615
7.200683727643287 36.32031787817658
45.378528615620326 55.73302010602408
69.40669875872447 7.8657249870399015
70.19418468319793 43.89288090402519
93.28693480339352 39.57664887111112
39.224454691449196 50.11273982967121
53.14289667048067 76.80208508800752
92.27332174111598 17.09814430065193
56.623828265125866 96.4147979211757
78.4956146194042 68.57507188202912
3.161158305106282 82.63803592581225
11.981890991697842 96.99110104856123
30.79937497105871 92.91037914217581
13.399282835262838 44.30116165614451
46.09728003576963 47.95942312348331
84.74734387910097 90.97137410148781
85.21625461096798 96.66100856577286
12.1036278555116 1.051745568573903
78.21458507089261 29.04334216331812
12.385687085095242 62.27323943589354
42.377999507967544 92.32810192616296
48.76657237736779 37.55678212735339
99.88420958257234 27.545887943663217
84.225643233406 31.50472588732576
83.54758804014281 20.136690009523562
83.40167320811133 76.4285069452808
97.57015475112863 68.22867377363077
76.34512780946301 10.872242399831133
53.13149640776824 92.63061495800133
1.2475889576617716 61.09100101335356
39.9739781247376 44.35370933680303
53.63788560696185 92.8501125200017
32.583611569759505 1.8956995447285463
81.75770431573386 54.97702721670201
87.07436806292719 59.44662852978273
86.66602622616554 72.1881505818001
68.21308280796305 81.64391139330047
78.805708360745 95.00644138869423
18.56890215824871 84.88203512575832
23.017910652259754 74.0879741281047
61.598880010315284 72.3258857677787
55.52581868074304 33.68268868337976
5.508805850788434 95.78547099143519
15.94482941074762 9.056350955844628
39.29509389651753 48.602596979058355
84.76727812571654 45.68000745579628
77.43468214533851 96.96542582821974
88.31761573117814 53.904640072671285
35.941972687175564 33.852870949237904
36.59504977540333 41.04947330378539
86.66107170472075 63.06129423268179
84.53913391829366 79.00842796650869
87.02580471871603 18.87379200155379
99.95599018235804 77.26978916400039
94.463197493587 61.58344434456402
43.99704765704089 6.683254861201271
25.877516903516494 24.41511572542696
19.984097091324493 79.7911958688323
25.374229216382883 61.228382088963414
3.973323047081423 82.56979241678364
45.02639794347372 64.99140899719048
57.999891824186946 51.133014369844496
66.21436518995235 60.365111171082745
33.45915759869613 85.68928817582618
25.377705254991056 97.22668468269116
42.62990161295717 47.738480605041445
67.05498342258132 11.179325753674973
59.782332576518925 66.26706643549069
11.202779482196657 79.08793955589475
19.177759177224107 71.21489757996862
34.26450537328076 26.09519236288169
50.56288196596792 83.84611053799023
51.97854660815173 69.22149248533051
92.23004621961226 28.99535774383828
31.603865086572846 95.56611411159813
75.9878321683253 24.330477943235994
94.70084794842208 8.285525539499039
86.35312711087148 64.61225250681241
56.83120576458003 25.843151713313304
1.7836864477828618 89.49097381123872
56.911705484450145 69.6661401147375
5.493816541771346 51.09287472292796
58.343221799808816 93.35752345647323
99.49904609381623 14.591832274914651
56.18373083022406 67.72698268211425
43.11939348905969 19.10338765077291
7.272243979021442 13.670386215735796
8.87768141610843 79.96048431481873
47.4407100050547 35.58641438480663
1.5726548946609409 60.687299025851104
56.995534795716665 69.8343287124623
96.18825985509486 70.5355990842874
9.562593262251262 66.3027206730652
84.00763992042705 39.79763011717321
79.80578310221433 4.326296023596421
30.073494141913535 13.577515732955913
14.153231387040254 3.8558466181453754
8.43098383474732 26.0848785748236
19.497489568417127 78.35467143418344
90.90824097848828 33.2575977039802
61.014674140764846 30.205788691169676
5.557688968485297 29.164598181281185
30.85038406036109 80.03273692175861
60.93179451890034 42.52434490946511
8.903267858308128 36.40223334798607
26.891707155121104 71.80551225483727
13.998154639545902 31.867891782437518
14.526040784746064 19.698008000664213
50.97635850515745 67.22163527835738
94.40466668099492 80.5259872802904
3.4322609773477897 79.54476266831732
0.32835804100255217 6.619000247513851
86.51164024566033 42.499112827108675
53.19173041489596 60.80422094647386
21.900911327204064 16.997229653887125
3.8434214528444866 60.06994181730847
23.489679067787183 47.91098522196704
67.69467071151392 13.229070959728894
97.0643812112855 6.37534771676771
72.79057604111647 64.65503613300945
13.395912137063238 77.98888803921875
31.113889127759563 7.148825960312011
80.5954706446606 59.91561379292407
40.16091767270349 90.95484099158926
77.47700737682833 38.692457248725496
46.36694589137718 39.31962143771144
75.76311451005917 22.97785394177019
75.27260121648605 81.82701168371507
32.03028504269945 2.342252597254424
51.197542041282354 61.36030728050477
91.92558449711834 34.5865993239695
61.648700053706264 32.77527449272058
20.17525804668663 71.89011771745055
52.10274734155196 95.90204423904413
25.4839436700405 28.575929694910187
16.110050693611065 36.56738299890494
3.5643738137183245 9.726447291101747
20.321841420744846 84.63866631184504
39.56079034980598 36.8669328778378
17.27190461867618 9.485456666990654
49.736011946810436 70.87527981721593
76.88004444501604 90.8410665737824
20.551052095816136 16.899407880081352
15.043095318027833 97.40974880029331
0.5250323435689097 80.14067561181268
93.12040841004878 31.899385634125245
68.33645391410678 7.617222965262793
16.722220867599912 9.792904632659006
5.127932797641943 9.061217286149281
87.22366737834177 55.76204761928243
70.71968465147533 75.59443678521933
47.625425762007076 13.328369543137232
16.92913980341959 45.39254265313624
69.11974210886784 62.030798004558775
90.80409200547408 59.228166953441196
51.93758237847863 53.30398933230729
66.86051943849635 59.39769198058349
10.331070478912284 27.53133065704143
10.846729982134274 74.17031693575997
3.5694224562529575 65.17257520316686
15.083924996982612 71.46477913049824
12.28060603747647 45.07272790680612
71.13267187315107 49.57206291368723
15.182987290634742 23.268199290196346
73.23278601093028 4.373566520723626
66.03083920458303 83.47808277026894
47.19930401739325 59.82258494014319
39.50732621704645 35.121663483946634
31.367488908904328 40.09484327617982
49.72491788430007 97.95699205183598
65.75602476093125 11.398375853510245
95.28377780524235 81.29515382495545
11.597139351869568 73.53076394633939
21.599873264095628 8.539797454793895
94.17430853587643 26.460113644178442
35.24392600607722 24.617780304527948
15.384019008243488 13.815066695305877
30.046633906590124 95.73102984009705
16.241050372933373 27.932798645506907
41.07281463909311 41.890499294452525
18.836595685906033 59.40831162153819
72.1318646483347 67.49778730809759
14.756406386364329 30.733875888916074
36.09054043100735 38.003950031921185
87.33253592405666 46.27698094531429
23.70461672843318 40.28346352586914
96.24360645207813 9.185238608618086
54.3998514471624 19.067192586251892
83.38700396554783 14.03267142054403
36.903782697990685 2.1888201515048333
24.832715960025187 34.81930175113111
47.70235515971277 87.04075595940111
21.263800156443935 77.34918244613516
39.77073890800546 48.087772853106344
73.40020391933288 18.366548919832184
78.88203637514322 12.545510537915593
62.086335270906076 57.33741343846652
67.8723135189233 38.75100452912537
57.351948292053436 59.678120529371625
66.03386076014044 52.45984758416697
57.90248699482514 90.15068988482888
87.22530156016433 97.15899504414006
11.597752505747172 91.21769348152526
56.91501220818258 92.2380758343836
88.2542931206676 70.46515056372246
61.0944307302453 50.36948822586933
24.92982503566512 53.927258431248234
72.85490032899386 46.96425009992884
65.92775092834803 76.07642621488131
23.826013276668732 62.14488347402114
33.148051335296394 25.70212360195041
34.01634622571081 63.149022511789084
17.03583519342493 50.02231624996174
33.223790689577726 24.734688241093217
63.58363005330907 11.426910855196182
21.224601576126425 76.20192321103048
84.70137544261046 95.21368323302266
55.39579415055249 61.604474143005916
50.00045077495048 78.36799976586244
53.0016675358395 1.2108698680108665
23.74495911655754 13.654413013428002
23.97242839681455 52.794932327189684
61.45437537689882 5.525547215201643
85.11691803561942 28.11077916023075
89.1925164546515 87.5207231058436
6.656051299694288 49.33663004564339
50.65971934650986 36.246503294365205
61.25231698282576 80.62454603840554
81.21469845767044 84.99336411588764
39.898810095513106 68.38072600682206
66.48169644329305 37.79493414843886
88.9685905106139 6.145019053323053
45.32916622842873 51.411445393872924
98.33175746845406 43.70528946631378
5.9427619301901435 24.529092849911848
52.03674957821099 41.61575879906758
49.13959386813789 0.5048451981222168
95.06933030742995 77.1496416781417
14.56767858182979 6.501532646605734
45.48690458087099 75.2759382308608
97.92519181013905 96.5029491071948
64.14613865925227 72.01789072471144
14.798372859439146 11.637074248266433
75.5390502400436 37.727563887417425
29.43804409519668 0.22304541751361207
89.71772958354461 98.22820541869942
28.482019293319038 83.88280768805305
6.938394894084388 12.998677508871758
98.36260716201541 68.42797740764503
28.73988683154176 67.5246196314335
98.68078527882706 85.32620575897425
17.47913980500457 19.755812237243408
13.922432297271058 78.7195615502023
25.313367108166585 91.98469011409745
96.63784768651954 57.70300188434463
76.08177145071271 12.426688581520917
39.29530954908322 10.17323744562113
7.863125850478325 72.3865779171387
37.50819592145906 60.47791599670116
48.95732035100928 92.58690285355016
89.83209890081143 50.87775769313596
32.57487721857175 0.38073765304174056
94.65929302015961 32.83403713478572
82.26646845939538 40.03951339152933
97.48134058601856 22.502649134221066
67.06937017060721 1.9725634153701543
5.757848247859765 92.77955049104452
34.773052146415836 42.820420086088504
15.637392527139827 63.2065434710056
79.15709207967217 25.844262622803527
90.5554064416116 37.67446188505341
67.92150435083558 0.6069127801745289
86.17528745206616 47.967550374292856
21.81469699364442 91.9149572560816
60.0171010528686 30.383894441122152
36.41970928585672 11.8407515824148
62.567313491513545 64.4624455321733
91.62745577576474 35.77946315697223
43.33864456309537 4.313090761297933
74.41430381668562 81.5092763199904
66.02015381689763 45.78271316494287
14.395838546866724 76.85228508368283
97.41653373807179 58.15081127448831
30.08715897196086 30.52917970765858
34.44219624838583 74.5275119259481
90.11473215932328 0.7584685762155097
96.03332285261881 14.528761212250107
56.34024905873958 73.08872974687932
73.3911111469157 3.165127092037756
76.87528123324547 86.11189024119574
51.42297052536671 73.67717591874423
23.27996940568322 76.082756704082
53.91587250671827 94.21433184548111
16.79330029423347 56.33318230325066
79.27054268501708 55.191120656687495
25.719012242526283 16.51060356594096
60.610070169854225 63.135147397095004
1.8425558892890992 17.710811109150537
45.69703126067688 52.00332620050443
30.56858895460919 91.16329436577308
13.377213577397718 65.34799467649141
23.416392592454848 83.21001274754545
96.93591530048052 82.79700949495404
31.750935913469313 40.490105972418355
33.62620439111688 29.660513660312905
56.989305302721775 71.13352895940106
32.011645499161844 27.7256474501
9.819220160685127 60.10166732222928
23.563273174030176 85.16346887643138
51.05511724382199 75.92163554190749
22.20109295409238 34.8636343661144
3.96425430561691 74.07294367779976
48.497738578503125 78.6845039347466
51.1465958082504 22.95483226692778
77.54806742923267 84.66784587849074
82.76727824570872 59.424442379036414
54.30386535351395 67.28940654315856
8.533560056325395 47.232056527482435
56.32328532493951 34.8825767870484
16.2958516050719 73.86566277983539
66.19766109952683 15.646193278359299
7.167121973386781 58.846659132780175
89.77361992712132 97.07229265779984
25.622227336373648 57.912781718036044
49.85156237812212 36.84216934863906
20.52760512179994 93.89404352880986
1.2644283428906 98.02711223704874
97.33068241126885 25.709725868401545
38.02466816247845 43.21172747504296
97.33816519250537 64.04145857121645
43.229885601989594 12.001564524430886
56.55738484442594 42.760266185287406
8.58604626798931 24.14357576134998
92.84226584501734 88.88491978483728
83.6772283917902 88.70627830036443
83.98222342643913 1.2657427256829834
18.347597503012537 64.72921123675334
15.488498333019528 88.66112124222893
8.516550596693872 25.601880179977687
76.1559324495907 90.19348119686927
66.81810081199937 71.65422117740714
65.07392986616 20.433326870280165
72.91496773212953 86.6088080958562
92.19166152107545 25.098538645310263
82.69143147267404 33.412291470661245
91.26107861090273 70.9746274064277
20.932622323400963 86.21094757379892
48.898451249326214 19.62486251636488
77.4643351367854 77.45511317771002
25.703544230388054 16.806447095471142
99.59803537768835 35.37347222749998
83.87099858950768 13.009039206165095
52.218250896695785 73.54192078738946
88.9356026554448 1.5222008259450304
45.59350047798698 92.95500649894682
71.56373133578899 42.721357922081715
61.65811627502917 51.5220971432325
2.0462624261293305 57.78675563116218
1.0527530240097338 1.652232146128929
13.718564945301326 89.22149112269857
46.464021207454074 58.03805340972603
89.10087629477007 4.759820633427769
79.65759432972277 73.32529499735256
75.56406741632067 64.29104970986164
56.3750785573649 23.228449822518638
22.72417082936773 85.25834745035066
8.489831920576552 82.42252883003924
74.22121226890164 17.97530171502151
58.82343278572208 6.969450077564954
95.97848838983012 51.09906138160187
62.66198612460252 20.76183961664464
76.18366773600644 49.439498873489555
93.15204414746965 98.1989358653531
57.009716457813454 87.124971158267
6.9326408305637965 27.596900080383136
64.75920152908384 8.207877434119215
60.23755115855063 12.964421244312296
85.52213142515572 62.307725071128004
95.62997842918988 20.855934949838506
81.16663171992367 80.47892921810605
51.94471477399698 76.95043663689817
62.85597102502771 32.757012035463575
89.95187527960475 26.99259708668087
13.597312701456277 67.56050743737548
27.384690324069116 80.51584906505889
62.97168007294738 30.377439284717568
22.480868649612674 8.091231125156352
23.51125823959146 24.41705188961949
19.624371098743577 68.5389751883125
3.7129687193474092 45.55952008161561
62.916575913379845 42.10997903736524
42.95356744253025 17.075310037073656
49.71326618716792 81.28278700533589
69.02493622321641 59.94467962090495
56.388787776810624 17.426205420725793
16.719736562289533 24.96620643618681
20.40287545259696 60.50264065623689
29.824078689996767 66.10990409391997
14.10652516233053 76.35026926212004
70.39945850833347 1.6258720888969513
10.154371159977217 84.8860436162961
46.12056580667934 73.82438158716207
17.429907623451022 65.31804880007255
5.009301047306902 55.08686177031286
89.66815890682409 13.562043739485418
71.22046406753806 37.984784564961615
2.2425021344776086 39.88991111652884
97.00702580496082 20.872401539884766
96.78928236280933 90.22581158200754
60.88775250318748 10.686178560318371
57.1279831619518 55.23153295986531
28.300128695605586 63.81627859197767
2.853324624041065 65.07819454518982
42.87297608551395 76.03133175695956
28.919441313151918 57.38789461346985
16.12828235247019 12.717709641788755
20.972897357605767 96.97011385759113
76.96864120016656 34.999107198027055
53.24873883739987 82.19154797904056
45.917250318196245 46.17445010869081
15.893761791131467 8.19697387567151
1.934658778104681 31.601319680931205
81.6733972408962 42.44955836150825
86.76212488169475 45.21282902935286
39.09069593778853 60.085245718688455
34.64831630116234 77.53398266390825
44.12942192810139 11.938999994800103
81.38385694691372 74.66806770428511
92.40311107991455 58.60985601837243
9.867989298465151 70.98465781478103
33.26496835718524 33.18534253266707
61.58494653742081 99.15196532971713
77.83312491629961 27.147787737115458
12.239889468093201 46.888319262943256
14.154453572422309 53.762240922237666
94.21296976438968 26.628336702423148
84.37426242976518 96.02003864319101
21.49805623254466 65.5617016289215
52.67165361343737 57.28199639655431
87.72374241520298 8.01325478337458
56.125599506419846 75.97932543453072
15.811271991426024 86.15029280311472
86.32738665403414 23.064838045120982
68.92333732131522 96.19232051432476
76.38134559623413 34.35440528359182
66.40947898432694 69.1579066973067
66.03199520978167 98.58690367075806
93.9150348671188 75.74831809639167
18.551052475179965 17.560553258270883
79.9169704008135 78.92489498970352
6.348104649330466 97.6651434428947
75.17845380030685 31.246771038944576
25.181727268499408 10.480374794899628
58.23242573865783 78.26515875179929
1.7208203064084993 44.97390755627195
72.78445532798428 67.91905525637902
86.24282170136293 15.505328815661624
28.211518293090386 98.86236584254777
71.89553003745763 34.22985775005043
67.01783158405095 50.63182886820101
55.89756817502229 85.46404874064721
91.03067183054307 87.33398182111142
81.87842898264329 69.14502654790499
25.301487939791322 82.15766669067874
19.625341730624424 15.76024534906204
16.2860863148115 21.416490928251243
34.03393919889031 29.42045751688862
36.08418307726193 37.243613584168635
66.65607322899893 66.58230741783429
69.00565173380038 78.14178696130061
17.401192913384868 63.980767751805146
34.577649442376426 98.35941538655639
25.45837396116952 35.38205084464672
49.07706041046522 32.44371318816579
65.50364326287712 92.94250986711259
98.18887291469179 39.70235285415966
61.931260379529185 95.91222523508944
75.29405662353379 81.85771378212527
29.529066725669995 36.074449508726026
46.586870200454825 10.408421298267733
65.51568133619207 29.231974481060764
17.502677952167133 89.94760416686908
47.91169555618042 93.90859378644411
78.65967465356731 26.872250861405234
31.815943039918928 13.32539052759869
91.73402501106503 17.417955193169444
93.30441013205493 64.29830938233808
69.94634316632506 76.08234445893989
37.63441775218834 86.81553653315628
30.434952149935278 61.26128003323168
65.7204113983399 18.73644441962947
69.16989965793601 99.08535886337751
30.902417711214337 11.895856805476068
37.55712863415357 28.683486475229756
32.62732764043228 28.049176421463518
65.86093339827532 30.896331858341995
22.015181516281125 31.915415781072642
56.02988406461502 96.17415177597832
69.1075419092418 57.656929190498744
94.02594163291245 45.744882685710174
5.652829530434955 60.1376724965039
90.30441135811422 55.98617074850447
0.36938997902200565 36.23655863194315
68.26810590302073 63.66284289052109
9.056060114559617 26.173390003452536
18.883042985415077 86.2390432548357
41.706911689363245 74.96488323166703
46.04070434971954 78.78032680455543
37.218793116840445 45.46779106970244
44.59176393677951 38.20082967813923
81.48327360671604 26.238144277959673
81.2915001889118 74.73925825659624
62.777114304680424 91.45717380142165
33.55416525653039 88.67093766391636
68.97688505094935 94.84860345102666
14.098660004173546 63.184435853804914
22.243486945000377 11.495893236506882
92.31399799603786 30.140658541784624
46.29803114821358 50.55550865340537
90.51861789601439 25.485688613548696
82.68904582651327 65.18657043149348
34.22003183996332 42.11462181469747
38.69574873207957 70.8326953459101
92.12990725653316 53.054040978062524
44.29108333261471 68.06422204611071
52.176812145350524 50.648472770146455
9.062090668678202 52.85530393469855
89.23784785024536 90.5041679159323
10.927762604134905 77.02864583361479
32.201305961837704 50.042922280028954
96.34210340271294 2.7983395668250033
98.73706667253607 47.35301331240822
6.886990706950602 19.84518539641322
11.100964188320406 36.537474947949875
36.14216986849148 69.9629206206464
50.451731533749026 75.66260614752207
0.7384673189343882 42.322164868540504
92.08852754728282 28.20704338582496
29.14680588741576 55.32542291500262
2.297232855616893 93.71097526119875
88.41102615582275 12.146055527077548
53.00299807975926 29.36304408067658
79.89187345364685 26.682399867078676
37.688856739845214 87.11232770260915
87.6000374039829 38.29683590296285
59.266153842426704 40.06725759491838
41.09748493208023 83.50127646106105
62.06072991678644 83.23758156432739
58.4726411975448 44.61546404646648
99.11392015897589 26.493705349548293
56.828415614082076 0.8441657724836737
47.69679520142833 17.1055627228065
61.088271492713005 20.067867921923654
74.07914551595964 99.82527685890568
78.31998198851338 95.90760654863494
58.887271079623524 5.264234681114499
36.75409291227582 24.294302384587873
4.16231139894363 66.96703993814856
69.08598723838762 27.61546881296195
47.11345216770124 69.45506602295649
49.90121555781912 34.425025959833036
77.15330067626564 51.74764062491304
38.77582268021635 29.911541994360856
19.72328684705915 17.341773584412977
70.3139001031143 97.62142748557675
31.471002840964157 45.72095740552891
92.32394905978441 54.07797873095279
27.813604554970397 52.046705577066966
8.55693758850007 60.10664916009436
25.683368713938215 65.62340642139016
10.592703341611287 56.16596364318096
55.165509943062105 49.95227907624569
72.70025925129882 20.99193269378603
21.693700039556884 59.86000212192446
70.17557255857191 29.199266329730158
67.32925465091861 11.23460767283282
95.1233434004472 91.41668360071418
84.4893223928321 74.44000581606227
32.75414947669324 59.11988961611377
77.31001280206269 21.21164455906628
6.804030290491636 38.13586899252896
69.93917753779357 9.313296855449105
56.02197026592675 11.93633486807748
95.4558283766665 0.44745084043487093
85.77965272130048 96.95128736246093
73.13504701360804 74.01913000827231
13.752618413204164 45.49346942266443
90.82253772745923 25.373032108605422
53.35890356679129 35.38580779513618
47.506432332471846 3.34491238823873
89.938659711765 5.142739835484278
56.40726766376052 19.30401983338619
46.99965881889585 95.9310792087458
50.825567909629996 32.773993785878815
97.21511469868949 77.89444597578085
92.19762417672005 68.27106012481794
13.461214203077798 19.8873391147945
27.88420042126898 73.93027076822283
63.58026549870932 98.91670481061361
85.67810935086855 98.41926191889583
79.8217264166691 63.71461333772661
64.16899648460156 31.77096341632111
52.548727297305355 39.58775392755436
98.19633661956979 68.02157740918271
64.0585064442327 31.39197713948574
55.467765098584046 86.21428031490748
8.981200508019915 36.62001584304271
3.8858418498793013 76.84726721735022
32.43841988623517 18.401011040537774
55.53109524400948 74.29761060131614
81.25950769671746 40.734070499416845
37.58810515018989 79.6795185917548
74.86890623824867 9.104206979780184
69.62069885452648 9.727169605002217
52.050025046982554 90.86712029341119
77.19735939276215 8.776479107620737
54.646722326100836 85.92399833765508
65.57686473781447 54.28509139662274
33.72625404293687 29.329662554751824
60.44974330785142 88.99845112492002
60.49230475720384 25.74118444467892
55.68219108654229 81.15713868888379
2.6922712051168363 66.63542930942118
36.56409803092886 86.10610011334884
38.233861076339615 53.20941509142396
48.15747327711941 20.99229917777574
90.51509361558834 46.92973502675222
44.350994513674216 10.729592131829445
76.88016319590037 92.61046727323681
16.887364484822864 27.695755496604125
91.44024368032706 93.02010812764392
27.532371730845817 58.60887627075415
1.551743896431823 62.017634619306804
68.2322280116547 86.95252401339037
45.19554459546011 36.04420743041905
37.64480000140389 81.12458836451273
45.79152831553892 94.90979388948149
86.12206018435518 24.582413225214594
64.45015221616539 0.9111900775157
3.1627159438752273 72.80919258290793
66.89047923080483 7.0569958704847835
20.031768306263785 31.318456854417853
9.497778273832758 5.860618117755223
99.38361424466729 35.10039899169597
82.6763906847631 35.87366133635981
64.01210917535609 14.876435647103104
69.95535530079245 81.81912522218452
29.125423848262933 86.45185754517067
37.07878277244036 64.20818100136489
31.163086223577597 11.716086195835263
69.82182057901419 86.8315394849709
21.02583363137922 67.9573451321082
29.17087839584893 39.637916337438185
88.22781373923374 34.28177560247676
44.08606401456823 21.697734746846532
70.00305570374701 81.87971778187779
8.58377108994015 78.9729138135853
41.93599744034371 15.378457222668128
16.470219374943863 54.18840638284985
81.52721812602957 58.02881112242459
46.01338366463972 65.42503515103672
74.02286847333583 20.048466499715477
69.81493912263865 15.57331875762391
79.37923566533456 68.89811476003602
66.13686827196634 52.28866631686342
95.77842036290318 93.6828542358543
14.174732944942825 21.783623767807114
99.27795418785155 67.1997965984325
26.808220011869132 3.644706944988596
62.03974052247887 4.24195300245489
82.70985360301863 2.752194080246184
47.243529439235 61.85789940045092
14.125482552810297 71.93429841518342
69.70338233018971 53.39435007117586
45.03290598227095 6.55644071180117
68.91351285273907 80.07387833008917
84.33974660164026 95.55487983604895
91.24689888596322 74.9918294985254
84.30607419581064 45.46034223505191
11.592706482590609 68.6343257171458
93.2707698190502 28.081963605587035
67.43213385022166 81.74067670104552
9.7551180505574 10.211600588143078
17.53128201325198 15.616714871767368
70.93675680199645 92.65631977102227
21.68116452462201 47.545374833988596
58.447927986526516 15.257025008356372
52.14543006329133 37.76483090053462
17.14247145155483 39.87365968838796
86.46204461314827 21.456748564474857
41.1405454694312 46.41342911890591
35.67022751996809 88.24119582054331
13.510806984784773 31.709468165034927
51.73162853064317 80.31187809341547
99.68561439316355 85.79478287087885
2.793222152120456 87.71650606947235
69.58273574951315 8.669151049283341
54.10511465187238 90.38089704180645
53.166613001601974 60.96108757874907
78.77782466014584 1.8253997650300446
78.20451759363576 42.4591644003766
78.3909404782209 92.32029717520736
4.880170707857756 74.3197033887143
86.41236982711456 6.842289020297909
81.47070862042654 36.98306808595155
33.26441296664129 76.50217269549167
41.37914605054183 16.37745886530397
83.06965039623013 72.71654325191103
84.38195657783218 80.32492180696951
75.2867013354819 50.48168621050295
53.409416346360274 38.39371361191268
60.941402351409124 91.13053251924683
37.89151327844256 49.41472585412943
34.50811129286353 72.43196261626923
30.16650134214196 22.007265524599838
3.542192660728727 17.231201678727825
99.83633404151595 75.27538350643654
9.139755130911166 39.656858271054965
61.066229451391216 39.64111682929507
11.882019217992035 69.76083164897095
60.558063082650705 89.78889261786568
21.822539583137534 64.49567815336896
39.28951783751693 47.102554656198926
4.323214990190105 90.39034355182743
94.24706543503443 61.019410981659505
41.2102529911442 17.313465489267156
27.001976875676736 81.19979385976912
65.80275974459913 58.92146224373065
82.51759680138535 29.825831389478964
54.17063943041689 66.35114184135695
98.42681192047738 68.56414067352125
84.20710327369943 38.31191220217518
35.844071291451925 44.420144925574135
57.68104644357302 74.8867164114164
68.65616108079533 99.61341550989447
69.22169521935892 94.21234485531127
59.41556199745448 27.036778061131294
92.50846009364362 19.076632920109084
98.27934992777479 1.2600652593601103
60.4728656867058 70.55304705322398
23.859512247436122 29.536914614180287
38.62327694471226 77.70005472407824
35.60797446002846 55.92709407156708
69.50827311192278 19.57251440634562
12.519016626822467 58.33706674215375
4.133788298504837 45.000058485950476
79.891074825828 82.8269800669405
71.77901321396132 86.02748740206674
32.39697119525293 48.60029992364989
50.380669339344976 58.810480912723186
58.912227845538844 68.23392690165227
60.063779555754195 37.068475477345956
68.34451022023369 44.64928454023656
70.0790591126962 44.97464214112832
9.96908696611225 32.057137784577264
43.25588149263915 67.72806737692478
52.654782490815855 90.35605696521425
0.41127092227060125 54.94408496524776
5.451773084573697 54.18575582178371
36.59420828830831 70.30787331861525
29.833095311425197 14.266512948515109
63.15131877236393 59.536948493614595
81.5276242000655 8.160535082550368
11.61403082298953 92.84049488273631
46.032647157932985 91.8917631845951
46.064295648541645 85.962515894114
67.57453327105816 71.65993613336887
36.97733451238749 15.527239343427436
64.76699829591348 76.14600660684323
11.450488474497146 57.70439528633658
76.81992250183785 5.966215325850177
10.849557796654953 51.738413338094546
21.580241081780137 78.89227940331507
33.51767909071914 17.616889825577697
88.0018592478689 1.0938189371231921
99.75814207698843 69.72649419202726
90.24607088177781 64.7326424464421
94.7983173268558 77.41392202990791
89.57914380461418 94.03518035114189
35.63334046416114 86.68395848714707
47.00107109576335 45.74038070398896
13.034654146007195 62.964095562576674
19.79606245240566 48.83325274738657
65.29149137162588 13.77230222260135
23.110778477932236 10.693439223688085
94.4117175627399 36.7009361170916
58.163480046833385 56.18327461969916
97.69442194146463 0.0896146214774074
35.077361290861944 36.85704615325955
5.140773133212173 48.60229839662538
57.58317872031349 67.08469157378781
50.842945929826165 12.08118493098489
30.461271566412805 28.497357639781896
87.20957204729257 2.2774572525742887
56.99792833750599 9.96063923251478
91.55161621664026 41.450313059570696
58.428534139683876 50.89493210650649
67.91633176082989 9.78296795182958
79.27408825094442 39.36407788043681
82.1221631117079 80.91918180999413
70.22597616325224 22.97484830896337
71.99908041201273 37.63645403844211
47.042372107922326 3.7928627482072708
31.66133035958594 29.21465276736026
4.642242471279334 23.394754811692174
51.383231614537635 43.55250237947148
62.08083692800257 30.631000747396598
18.846612987992238 97.31361198205437
23.927901036205213 5.929112556448923
90.8912872686066 80.16933091838456
62.667830045148975 9.364350847056958
79.8966101022389 34.17518860640074
59.99772320542096 35.508096548475066
49.27308857076642 23.996502928280393
96.99238930389129 48.62444127023537
96.30263965968054 28.902941738221077
36.36978391857131 92.12195567671631
59.924616583472854 64.37577859521868
75.68083817883587 76.72097560110767
32.34201231651737 45.60396846202295
9.6820467858449 90.23641654173791
47.48219081217076 56.3872148808132
52.30537278507737 13.406569530436062
26.330984572441697 86.98444566153458
25.110079242699925 38.38973693684346
76.45874582304792 48.495007597766794
79.81126997889709 72.06493989803404
48.623124437272594 76.0175984162248
47.35591953374576 13.616261587171753
93.44864630865872 77.53020085594298
36.047392738334835 89.90928197041734
50.88918671828677 4.235122020095616
18.653901380585182 76.37973901651907
56.870151184911236 68.24513495218557
15.785680897397913 65.46416734119329
10.01620767574769 75.2003911300813
41.95904795330709 81.02575618556492
3.388611923269691 63.495324700187304
35.71712635612474 4.107568249612159
47.13678105009369 66.51746564605618
43.805389944849416 79.41899557497611
35.59242200246106 4.600083377502151
13.702494879426741 7.587236515702145
71.36975418438463 25.104982052644864
0.8243279882267363 75.3474521849852
31.289391803283518 27.200995676863847
84.32803692151545 95.62506009365963
3.748071787006202 75.69541416658865
2.2379899540192705 72.99977701583916
75.03046835415891 84.49170232083434
84.3065380376306 23.693383813422276
8.727822610762681 72.60076106177668
74.29997148293914 1.7129161969806406
15.381988682209657 48.78639055179015
29.477158673529445 17.27648980961174
75.30098962877747 68.80706101571965
9.128460156850737 30.19929857331136
12.187683643196333 30.820190282779937
23.657684571493597 18.0205064795016
25.908666230917653 82.97933320376538
5.533174413733333 55.008170131036
58.32913042206289 65.53298489116177
44.47548101065273 13.890057509461506
15.427352017082763 80.0944257823057
87.53120621227741 62.91486364698162
21.87585846758897 13.014789641779533
98.07332800576576 99.61511047558673
30.717540264879094 23.345943066661334
88.0923088053924 87.13468847641931
56.618615708733834 68.76793172832976
13.01405941229068 14.051927934977936
21.882362389224674 28.334280895266218
75.39236649206798 89.34723866476332
75.5840834916086 58.57080350141253
95.07144772898852 34.109474485957094
