570
1 3
24.297479361293917 37.74567341640391
93.65358785598504 56.409300902845146
68.44449921695961 27.605381851511133
85.06587435678358 69.99655186244978
41.57076961636403 74.37150106236894
84.02901687821733 50.7592519473065
40.65936640946646 69.61221300379317
60.93380155237167 13.825679862023588
48.55790374000761 70.83157364568538
22.01296322682129 18.33416299804995
31.436026709760622 89.51704992177957
86.0688815002602 48.60149877816551
27.794288303710157 77.96643269085646
24.713897948371553 56.787277027284745
26.858970404504667 58.610896518703484
65.2515736122786 7.287115544000922
5.845870007947163 85.53280771787783
18.141626426832747 32.902350577312724
92.96781021649556 42.090549362548344
50.44272483268497 63.68482023869433
34.94326424948464 65.94537019577416
53.83138976290795 54.487390408066894
63.415390033072015 33.30400602738348
55.2450840368907 58.490494937873464
58.74163319631993 12.761660865105306
13.93876641520746 55.39680264328497
16.302370439589463 40.72021562809418
16.499293689727914 57.40614963268407
20.836278122880447 58.512269246035274
21.289259614969257 57.481192934799694
26.502469522497574 95.51388268651495
32.173198227745715 50.986480487048816
2.962276023778343 40.393776109496635
87.32597643525963 31.620268433406107
16.197363869383196 30.677156608985044
50.26357767851315 68.19998874309776
18.550087944683934 43.740717767196415
1.3154726473963319 40.815689781878525
4.215539544998159 90.83845848393935
58.71970637569144 18.78623986095804
69.77234482239159 42.30852694696945
91.08511818238836 63.42042663495533
75.67631295127335 92.52208217887086
26.989857989159717 3.735609954423791
56.21051801513488 27.23293074599331
81.1645761709733 75.11830494515353
60.72921035742367 56.418340115770114
65.08561962335364 60.152960621038545
24.488431737878315 57.95056255232156
29.52838136449978 39.05506594586019
99.82151192439899 38.18095871567768
7.578504004908981 28.50029453535057
93.24907218409241 32.987582844465905
88.09668821343722 67.93057776262519
87.34582590310657 91.11607115261747
6.620138099064077 67.11430155144491
33.61612869453139 45.61738313040611
97.00061831680173 72.68723683214591
75.14973503344223 40.48066583916587
33.22640742426359 31.90062232375894
64.71819429412011 14.575438215463855
93.1525309763532 38.619263893764824
61.1753514079425 52.391376237068776
49.52127834253335 43.97619708591034
6.673689759923063 32.60379375534321
39.46013559144055 54.206397421094586
72.46663401470369 14.553350942098264
11.19405333008665 18.59567488964402
84.75894214219362 77.73676786354149
48.30099417319504 14.657177284728418
34.17746750488519 21.020726955805614
69.90756027845994 14.971998495973482
62.00796822615611 11.848908373949364
53.23535306093006 75.50371885539673
53.65791655665924 93.82899054492788
82.6850426008348 78.73712226396381
99.84910960444067 18.066759027731692
68.12622595707676 56.29934482382038
35.59069430182833 74.21991552912763
58.88977079850872 53.93859352889987
46.84169284946689 64.94505608709633
21.070530861622405 98.57564527501339
67.61903127374013 10.228722952147272
86.84957506458721 12.574182788971866
33.04596570195179 98.77639000324767
24.112521909228345 10.449013022952736
35.64881688621908 39.53308207093029
51.014472753269956 98.20694677937438
71.63989489690188 42.48841753891082
37.816584685414156 91.56576628591533
40.09415003120829 14.219906696298068
90.96274130252378 10.657203105266856
11.27639177405062 80.91464540082308
0.6164383246812122 12.049658356238723
53.51841365635346 61.0157110364435
74.87425945477281 7.948431014294743
3.946015976550088 40.133910859174684
69.02300184180947 30.986473598672724
48.584580898487275 65.86031251864472
31.490290453615422 73.94321030085622
8.729368971174667 48.787732859166354
98.9194166270454 54.376039145507306
83.78019068973882 38.204799573797565
18.65180231925576 46.71273191059042
95.11386286333288 7.585907136755354
68.04098872121132 82.79021007778537
69.67776652128734 20.95799683528663
0.3415056213171175 9.543882994703257
96.23258187769295 48.68846418235311
38.50769555754285 49.88481413610746
86.25812197794647 9.843378270215952
16.32072037298493 47.50733801483351
67.64648861465574 47.84132130916616
21.680488539446173 25.937006498281924
47.27713156183992 96.36877680183133
95.29568253416343 59.69072617547806
74.7736543919385 59.36509756830273
79.30455610126181 72.18586416407152
41.31357511656808 44.11044315460728
31.46511596782162 14.771545342308045
91.53974692462805 74.64417199019202
38.15320360374661 94.1741670960651
77.79991116763709 97.6515178246547
94.29575400699355 77.43878462805202
11.157218173276217 32.22465524447211
76.45737475333718 75.61496643737462
95.94139189977764 29.678513797596672
14.195677765306701 78.92132388002445
82.30651442864074 21.645646299530675
68.60802269178188 27.373861981181058
63.47065755157506 61.02222718179222
50.514379968465995 0.8435404918700984
45.611044859179884 26.30900465324053
85.8068037090397 4.847296009206348
1.1672268900753346 96.7167201137992
79.61156822151902 21.98231714337544
0.034859984090784835 69.44534066188437
63.24867942295269 55.21960183711811
22.474195189651347 26.289327858946
87.7846617428097 36.85456827614389
60.940501188920784 3.2910373319683384
37.43038548843738 52.99831635163446
59.610167621513234 36.82212566424168
70.3020424513875 15.167635203798024
31.018378396362166 68.79351847699313
74.6361695761844 42.62174501906038
57.40700846771614 81.05128524634246
69.36711063865249 19.8551331323674
34.58376512142192 16.87505697010987
72.92965487390406 38.02134839374827
25.427818945456004 62.855830983041685
2.7290342648121246 69.94807922723774
13.892984232162743 70.9231941362321
57.397002061813154 95.37422757841884
77.38694008181307 70.42989589809312
75.19308436217962 94.58232234004697
78.539530898554 8.750002617570951
45.48809569846011 87.82891739361179
3.6443652261455073 7.347452496135376
4.807330272525423 92.92093024943284
6.2780039222768425 87.82958958872138
84.88406781598937 91.90740536165201
62.076199445639425 56.691510360196574
71.35778921205362 10.102119488363925
1.2246768170530498 3.947516660005368
64.03505475267481 54.4123856648624
82.91127834576304 66.37340490503227
86.27437305241644 68.827067017287
0.44777737752765834 82.4548390109577
6.538215670209668 41.88552950863424
36.65101603705227 73.98055923244746
38.21341354016985 83.17436447441648
53.15444533457989 48.79278183319731
73.51894681986089 21.5177058835907
63.574231598606666 25.69264211095186
92.36906554624352 57.34313961344735
79.53781178058502 21.006417130165445
47.6429328247213 91.21819621519391
48.13526467664182 97.29302078586706
11.143419500120855 44.108134801266566
12.703947511108172 9.467027869093148
51.58683117237146 59.68660310680978
81.56486946500081 89.99701363659437
76.52588308322052 78.05113185410278
78.45622418849342 4.147095976775228
26.676786489390757 76.0468333737424
10.150421724800163 77.70906643199116
52.3178585617941 87.39686909449685
56.945271125123575 98.94349267928335
53.22141941178111 6.727300832327887
42.235530763496776 8.571957451769151
38.15290452247322 42.8753359491014
49.831301653114934 24.294695388812503
62.91355293891676 37.72093849536222
55.63340538759625 7.695136205785036
96.04315328430981 23.412722768726766
39.519978902179616 22.48759084393448
1.1942034148623382 2.4077571210348703
15.955316489571135 54.7342495067753
45.5615196403887 25.32194343167282
2.0588735805826097 62.54722860022266
60.168969004199525 16.307715330270554
81.12473045060513 84.62788626615252
64.42055912500709 49.59430534095086
11.30608725935016 99.57955833406875
37.31528689343862 3.044253364203864
97.87362757671032 82.99548305506679
93.88645522464914 73.66599259888764
77.12060565121061 83.5854346710462
41.66043611907646 95.26434976487839
60.42142867903595 26.374675444189478
87.36519230641555 59.015419828702335
82.62793869540646 61.91813536804569
81.58406583091941 38.64860334253586
12.001182227386774 48.063708427478446
18.202447564777845 82.38953945502814
54.08299590539507 86.0614015970458
60.4314538378572 44.08197436792156
66.99033226370472 89.49310554560216
82.57361919871204 82.04914544455858
36.35015607737571 68.08917079755416
23.711557912084345 98.44388807389353
70.90448046771873 2.7733305011091725
77.90317671356541 73.6799504804092
96.9064887978363 90.51389873880682
42.07437670312417 49.95314836717601
37.07966564260688 31.440105881069137
75.67155106448456 79.19797349034907
85.36721662270767 11.245746442571235
63.888128749113335 80.80331140937437
23.146343393901493 6.971805908324358
15.911263853223257 79.37524401315468
40.516709508681956 16.897693548552372
53.26249874626752 85.64933427227422
64.76130869745876 47.02237569980263
22.114102189950668 42.667249407188045
39.26336252513125 49.618640780322146
46.740870727284566 68.09862218087287
71.9231821247629 94.52834984722878
68.19055325598411 42.59788196857235
96.7497528275317 19.477789040631066
64.57381436313707 36.55287806114826
23.1264095557584 41.72408441272768
89.04672492708772 40.73800459099144
11.624864233526356 89.21336687183124
87.04583174540916 66.67567349402117
85.89709796265066 19.097981934679442
5.537283491446132 57.78549643994735
58.96393231526187 17.242345283776128
46.36073045930411 62.670658125792734
72.62021861503132 44.56266609809867
10.048642764200476 32.62562102915798
21.810151475176554 95.57673889311644
24.61045277835636 69.40161636819539
22.887615294217433 89.42319142585207
87.60786820113142 43.55074611010596
38.48292997583442 76.59918012993943
12.234721951965177 59.55224189894324
23.741386593288816 83.45065882812331
8.218550241252975 38.51316905427331
32.114200527088265 67.31756936314154
68.99071012445428 47.14622524240477
88.80622863626311 35.378862857319035
74.64326949405881 64.41249783091456
78.61588613963862 91.95025012972908
24.416626119148233 31.30294218583993
52.89559180727055 0.1408293436757857
1.7903273185752466 80.5775940760297
39.33323555967563 6.5269917756111795
14.617551052074429 75.94519415312482
96.70151814654243 57.42768607056497
53.31767529442837 75.55782504639555
60.03754631445315 0.2702347471934319
67.99508496168588 60.323095052318344
12.992698652974344 62.50294901312727
14.582541728822228 97.59886244798356
53.29675260265327 93.5757528735393
16.086656234537067 66.3340535420351
99.31292659700401 33.262975564362016
38.976869493206465 41.66705352949644
42.4423684087877 43.594131925205026
98.53929316001727 66.60982974388949
10.709163894209972 65.36502120503269
43.67171208669029 76.86548606286883
65.97709428913564 50.00758063180706
81.69046557208048 75.13098430497102
64.45198242339818 59.309853692815025
33.624764252026715 13.612479729361059
39.56487741089036 70.97145106883502
2.1938956938733156 92.60979510649211
64.3256344325435 41.23110793327882
17.29494205284725 79.70401888809224
75.02529139879397 72.6049517965593
32.47547974577565 56.00861888548987
41.90115702292998 97.60901941154114
82.77821531159515 9.729344348839387
92.14885935413517 9.486521207627142
20.952300112340637 69.12736917566673
96.54654108360265 62.6547022520227
79.26144423164587 88.61642168949078
81.19498426012444 47.75387657809021
97.37101052609451 52.56526375835622
89.98212102661964 16.397725260184902
76.05760002731567 82.80452149425001
28.99457873663436 42.24080694083441
10.64697992691026 55.73774287798938
6.5416629385008696 45.85162461240648
13.892291593778294 12.487667828945925
57.652869623966964 99.3473292683422
54.064760984352844 81.80921131554662
36.03465352392341 11.374931123960552
40.22235993613064 66.05661282748612
29.37347823977985 75.02523648005605
8.04547183278883 33.29186460770488
89.74380166320024 40.39519961250648
14.901234824328192 55.28419508328737
30.20992060482557 64.2940118620722
17.72333392303853 8.371425934794186
0.6430409088393985 74.87550465058659
96.30807619660489 35.620269301838434
23.249489468047102 63.3415954058991
17.046146969401697 21.009482339186782
17.52159738939727 39.1496989438497
99.8196097911902 45.547883942020604
90.6258009307622 16.03110990980554
75.72239181334 76.10924078317541
66.95505095156558 39.83998012992753
22.53376318860667 85.82972153290353
36.45679443343535 18.108412087874527
61.39562205748141 21.61673042464345
94.13987476012748 47.28528083303212
26.209910165718764 66.152653298849
2.0473431846172785 57.575009596960136
42.01364490315338 59.13886346700286
32.9116924012095 83.49568134576089
42.86785699547495 33.2019292322735
37.56330892763455 60.77615142076442
62.73171464704681 21.666235030843374
66.75532378734268 60.9218251704871
14.099908142989094 15.01053970448545
3.4269097033192475 59.69855853640844
77.54868560280622 37.39519174569745
64.2746756661936 63.83792815825955
64.39787250623488 9.938467518863536
76.55830652648032 67.97375127957808
82.5189393895097 80.44053345952406
15.068821732481407 20.062459941653454
20.11775101339095 80.75902090413567
46.27598441156402 36.283190348445714
70.38743434331975 80.5075739364922
13.25484116537956 56.79030430335421
46.6521541353566 83.6238115265533
83.32405980924113 91.06811360551887
70.84192158521088 16.421827466187345
50.16957501534003 68.64196176787888
17.95223089651048 45.53925577238238
8.374798193454925 1.3781288827108273
99.3760877217059 44.701878312866896
18.547930051271422 6.049090484097608
52.64542738878826 82.24826576644601
49.32696216171022 29.7019334467997
79.51378921712345 7.739857241032988
91.35041753689244 75.32579752300637
81.07145434577399 67.66567946919587
13.895126293077475 63.8118582694744
84.44298017141669 37.63237751682067
37.12585891966334 71.62804941914168
12.207650861726282 34.384986843109935
57.5862262593057 7.581164832281861
57.565598175103425 56.18525905640317
10.07049562701885 37.6282760084889
77.47288422405909 38.601464324749045
80.00012149594448 51.70620079540893
55.120298988000236 39.107680275325805
24.68068526795486 64.02480379613338
33.832777306617515 55.164993259164994
39.6584524541693 87.42699250592413
0.40578061404747956 26.74846780251341
55.287563426930774 78.41506138068024
22.562042337328904 94.23102455896519
23.98258274989331 41.49237913112789
10.573423014638262 59.53716593295919
83.84193462529362 43.27473388870475
53.64588361316302 18.619470652313286
96.99017509031825 66.20580487924022
95.86784462679248 98.56752651587068
91.65196986958821 24.578151703382446
62.55296696541941 70.39908442903227
56.4252041544846 20.83752140631494
23.031905957716138 7.981688378063101
26.56611651498395 93.51673371910847
9.267641135939009 15.55562255216023
42.95705336572995 2.668253327526471
40.6993695654926 26.847559488939442
3.433048401847305 20.16234313905414
66.60882379322979 38.6412229362798
86.58517606255826 4.095573856381773
57.733668379157386 58.71445395134083
70.00592728221105 41.84916962813452
31.70529782630154 99.61453000297398
0.6527444411790873 35.69619638427082
74.2192847581615 80.82715398827753
94.71072417209268 95.88072302607455
94.75335435051049 84.1743639525661
61.094761756697146 76.95588187832061
26.980462403974737 1.0029657440237871
81.64769368019276 24.793874757639077
39.434057765415666 74.83819837807158
52.0631966928347 13.102044927821478
85.54326943144291 49.6577782505192
19.763281706780546 58.66221656221804
24.116950122962688 50.99567658255031
30.09844573177194 14.128360341245783
6.321769643611064 83.4694887959388
19.54662903946027 70.09052786822645
45.20824468235924 5.4545444907691865
74.50340549010627 92.68920622509008
26.709535703475005 66.62311052172933
10.21874429295524 79.84846250356905
45.18435947293315 48.21577002575799
24.257895930688477 53.67685810626188
83.95761433208008 49.05267569781977
65.87951831960612 23.70840667437575
26.31450415420438 59.844684283404014
2.119805165432953 67.85731101496899
47.29233138442355 72.98598988477526
89.35131238353631 11.126120335245293
89.3965783751237 79.04684378797013
75.16752823395775 76.59041175004914
13.101627896777334 78.40593056068887
90.71396085794463 66.84227766722435
4.4367365188175745 65.82780865597762
20.886249393399158 40.58138347978763
64.36565525722379 82.11604016012255
13.812945204113248 28.582460057814707
20.973647569293096 89.67472456664657
93.0657442199831 41.51495128430054
67.39633428087548 26.8804198835634
53.502173142979046 18.780658050442224
47.798600131055856 77.7280500696342
31.706924115761947 31.658278261538864
64.76752171469862 58.36756828812941
29.72401186171325 33.29282078092104
26.96930190597746 63.39377416080663
61.500629822440224 62.639243141425105
59.28902793206259 30.964101477187068
49.96912954990415 29.34332120412413
81.50868519373353 41.04786675700707
83.5076488757274 1.966657969116814
29.166610089099933 20.716150001459297
61.90576912885226 26.95279665717365
94.16611743408616 46.805231987191554
49.58065526790032 37.922523131368926
64.69711281185488 1.865310997680103
78.186391826526 47.052615094119
93.08189181944971 43.05130913777047
53.5929523136778 55.183321464192225
19.671906568547513 15.787874154406389
22.751851257635415 40.86220885996712
58.101405741918825 65.42591964101025
22.537506692961063 88.33023069612196
96.93603940863498 4.863872777942535
38.10206060172825 38.77234208185869
1.5295577296320362 67.69959082567294
88.20053043117197 3.0114007599227444
32.95047717607831 85.15505623043715
26.549358111899068 65.43146932177652
36.3061983722472 22.93697770332077
97.96516706913825 66.12777474546392
10.204030849430934 5.300361331847925
44.29306610024653 52.7860725575257
44.51328851220602 11.651515691008708
69.7637191881907 82.79767268803644
10.93276364774136 30.787217113473496
1.9524525285468775 56.3755742560146
88.74703188287374 89.71234869268916
3.6635429950938825 53.10072194960536
40.25012505294481 12.954319156010797
27.976881606229952 2.8427476760237047
55.61725566024995 1.9042684658832965
56.301959093745936 40.28789832869726
24.02312999961469 45.74793832198707
93.1747281946279 42.14604571934617
65.46919272684187 4.018968349935892
87.86628399971876 24.209744074987082
32.19121750582325 40.31118349747207
18.276090562250303 46.60913197801386
54.87570947518306 11.492498299761312
74.36334314405832 28.971053254795077
33.28001401809626 12.136337891774506
19.213623177409666 77.29964152281804
50.3217986215347 89.92882765884586
99.26104833023734 9.565260225482607
17.606427491999277 29.69407442568308
12.448694927025873 13.317069451684937
13.525231861365938 91.74312815280487
29.459254413388457 90.34380420087591
95.40306868604847 62.415603331950685
95.15876337479277 55.76308140814352
23.751361933928617 83.85028286649003
69.32281376729097 25.723352723412376
67.2006602700083 3.5389663662326987
40.68144133447464 39.821084313211585
6.3028313433528105 26.629830686943002
83.51591275820212 93.3714323196825
10.604968663561065 52.642979924125214
12.482703433725707 21.261377368033642
92.80429203439375 55.65459142789588
81.8860746745804 51.37432563355486
93.82685059503102 47.923482432460965
93.59080634941515 4.213676264497712
45.38663577880524 37.834442897744665
79.8448356027514 71.94007520434089
86.63229503201771 57.52727064080487
10.359224629729379 73.10986593569856
32.235956278260616 34.47147411851985
61.83277288039519 35.96412012412178
37.94961811293871 46.60053149354386
83.12294671514438 99.01190153284163
48.262067173464196 16.139595347475755
95.6078688546835 42.08568676233646
43.58801830037127 59.89311276677842
52.603157869188635 85.80383884604655
43.05960461120084 24.456944394928716
45.97632257255779 28.86713928579221
22.057029628204837 51.511460752068785
58.106360334993276 99.96953053842115
72.15109615739865 25.52106788352855
86.15987672693018 64.79228235802401
11.356725473433782 11.302699612061629
91.95300476760065 17.659169441160017
48.1029498919062 44.22989148446646
44.47002579427712 7.959361193809822
98.70667061696443 40.80656840092543
28.790830195169793 79.80594371716528
54.38376889430514 95.2410364281745
38.689023861463 55.97630230326025
91.70714192752473 16.744534341040264
55.20103347923091 86.64796927340556
62.21722528176985 91.28822206559329
9.24969865644285 88.42672799550341
35.62951365611011 16.016718360663962
29.137012408201322 63.618993648863366
76.57169435366531 45.14846605032723
21.12367956033323 77.38803372255836
26.807142443921638 89.67299711411714
60.14653018345646 55.85931593688655
96.55346699181715 4.270997175656821
21.305770435429917 55.938514812998385
64.87176635013047 12.967831020140563
89.75732922783894 24.259425046104077
5.2779440641404385 82.53330046188374
44.471685047902334 40.44259926057738
8.40599325457032 91.19017046368212
16.37873951262623 65.90610074719461
10.425314120072926 70.60694760492466
59.164483993608094 89.68566195850953
44.399181762916214 9.1775977102722
41.36518775413636 59.60160219716295
18.86848530876939 22.71702946875338
2.106837926814298 16.609950397682915
86.30207631934834 31.420792163858337
42.475614567195194 69.25978067424879
63.64421217379888 19.986324241348164
74.4777971435195 89.33395735936209
85.16241288929325 19.334809241381535
99.37010349634731 99.0736587462516
55.29455737552249 94.40417850359705
84.41978032318464 85.28012915395963
31.877711253465478 8.440552425859194
