800
1 3
0.8370556988720024 28.740812956877715
54.16800989815842 74.17633801603007
75.31579590037039 62.00478751352938
43.05672468340222 96.08441348522278
52.442705515268685 50.38454861519308
23.915343285280844 45.93416561059116
7.075922507905119 76.74247952746273
52.70189713773994 23.52643622103525
25.370437052809216 65.63549853532618
82.81211820633887 50.09558316449301
24.340193524358988 62.50574861410334
37.49764096312354 56.506380279872204
93.51576605509 47.00639240750475
10.694733052081462 72.79911600623996
31.252264445832978 67.12202871485447
94.81527122989507 31.769846881189203
47.2426190821358 7.438912370177997
60.67627540934322 98.10870614458776
62.39366321525408 60.44699743401394
47.0314446303405 40.63599733119592
30.662517720693216 63.48331611661466
65.9225950687567 92.99959003408425
69.69026749087502 23.51595064816825
17.274380926870215 89.51308953694546
48.690297990748 13.399203302170815
29.437385868739497 6.785885196786601
25.883508761347017 83.38467785265655
31.068726965674863 51.322881678062785
28.834158719147762 42.03319822601681
84.71539177577534 47.29521850113394
85.15781497335031 1.4987028342706266
5.509682508583014 42.44976422604627
88.00051020986656 12.354378714296566
86.22294367254287 3.8251436436791186
45.11023427973322 80.6769957155534
63.80254470805438 4.592559182717948
0.20981604764391815 52.54992844292554
4.676872808977772 23.00232236629338
46.203614628333625 89.3210593254088
63.65833015858995 23.55247765246824
27.75565667052946 19.796336049599027
46.96351848401419 49.76439693417915
54.816675777933874 75.68613321253935
44.295992768699044 31.450473914378897
34.591900990969606 52.729350362629916
65.93126800864636 98.89611325320011
68.86256796612855 75.7968547641793
89.33436698993049 8.865088944556643
19.69226609988408 27.48269206882894
45.14328112857644 97.24807565183727
17.711038389302903 25.293500890486186
52.56769035872524 10.081282918416367
58.944815170095396 95.41505409687979
81.48845535222493 4.338431092549455
38.701755840143306 60.60300591264654
27.712939038024697 43.51426623414045
58.20334075991293 54.265142714149995
43.90495610000058 16.67454129507091
81.1013588736478 80.06930100590282
56.42093177158023 93.09022620772294
87.99907478663742 99.61288160998367
71.87356274041396 40.16690216767225
93.52756395500259 19.744148544844254
67.10687377922768 18.518294465638398
99.25414479313184 7.2905618027140795
45.842220624704375 18.37342732408662
89.67914015408267 95.84435866970384
73.73102855566249 33.85004839150578
22.964863652040314 34.42858031715055
90.23970184783903 26.295562566110988
75.80178407993164 64.28649536290318
46.46633338572792 51.745349081729586
67.267353438171 15.168615678766528
67.55415050457798 76.68141232812084
42.728672336498484 99.84596440069873
49.59084255196527 86.139501433059
13.239175548889314 62.83243422139275
30.185318144244388 77.94488822553764
93.7127764202776 72.70307512474497
61.51171247089855 16.48590852622096
18.11140948172314 7.686686170967838
81.27785541181174 40.15494594841973
61.584688520051145 22.05549057730909
55.50534937800011 47.595453626920595
88.79810618950773 0.7788646803937205
86.39277990381129 75.39323484386932
54.100091657863025 11.042752337603456
39.518162041222205 59.82629331692038
17.121141559051956 45.011081141519995
30.538803509397773 64.04205150439617
92.78498261143908 17.049965712727587
68.10151151295653 37.88800537976038
43.03383726783856 81.42360320437585
45.69602144417093 42.794276353836125
69.26593075654368 7.729241456963565
89.78062003178673 93.797169293793
77.8267870576349 72.54356841137579
88.00882279595312 58.75011689607943
63.81149187412374 1.941400150187289
68.97290135665963 24.942087070121776
31.48327987002224 64.66362371432083
95.61282138848564 66.73446728467964
53.33358611035985 64.21221209594414
67.43561902552307 87.04876143852638
26.844381340228153 48.253891921498735
90.17666136612321 5.201857084318751
51.92116051722802 63.07027812131976
43.89881219438345 98.21109582849643
7.789996063090143 19.37198366345301
14.307013843481231 86.35583611368418
1.5269275852207054 62.69211016327401
27.16895148787375 42.23150655752568
25.887393379624378 30.361904141023977
92.03740376385335 53.483371765328805
77.56745877840416 8.413309679718894
59.69654938549396 45.76323480760871
45.765022225742456 6.4213580041675655
38.92109368921868 49.86593299146538
15.290272727062781 74.33710189565113
73.46645225075316 22.626118685106423
21.77098402834916 19.825544310886034
12.849907472917232 49.06055350846492
87.48069034186656 96.04960450722547
61.18628745603869 26.22270928318178
60.884325793746854 70.84778805056462
93.88675336692344 56.803265281181446
53.516090765778365 79.42923824815271
28.523148045597235 12.189276039931517
73.00229654026668 28.00670883834009
60.038936727954976 16.495916901359543
3.2437593959107947 18.480462151961664
16.004509451132854 88.82773170038092
30.96134362266689 66.3761831359292
38.714432133403776 25.989829046365287
75.95335832689052 6.204730370491229
36.835588216529366 77.44905579374728
47.81245271830565 21.589881202707506
32.42466412099547 30.23887973655681
50.455905588367386 17.762966355024368
35.414152802883315 92.82889789947359
29.724264003342626 52.05929504874032
90.63183287560564 73.8224235257408
77.64723225581696 12.156345811144686
42.40000505276458 96.20612835663005
5.349272468927246 50.171984303954176
31.714646147118742 18.993553744396774
6.389870676405884 26.147139982191604
44.96652176126565 32.108593019073496
58.803293778731636 37.67287583174528
5.924492458147745 72.8964292920279
82.53279108981812 96.48625178568284
72.5410174751947 3.0402125898566723
78.69937599738898 82.258064127218
66.2621983665418 26.46895929812103
84.270283332654 83.45080548752033
0.06249906114779158 43.1812134665746
23.95298346393895 65.05087597096804
5.521520318208406 20.024539327275658
69.6104382831117 50.23726720016797
33.919088549892784 80.91211800743724
83.7617012084849 15.444424338877226
32.04372693496795 61.55612828383092
78.71122409022284 66.35289082360364
29.066981300775076 96.80347089555788
34.924494617792234 82.50208786307935
28.53242670059235 79.98132041241146
66.03634730955832 22.369397355110433
76.18877255910573 92.35215842678079
9.612418466073457 24.76047758074229
31.463773587945767 53.21704499105571
24.592486196605346 53.41869932272025
11.025488223880298 11.256105197019227
85.10888323025677 44.976888209821354
87.21661888099162 72.77736204842932
32.28981206609704 34.5171982057382
29.722568466904086 7.333638604638382
21.739639492225304 79.38307566203623
44.927083558527194 28.700567364113773
70.97853979267579 60.53750404052063
85.98482328566932 26.741886919978384
28.131023206886496 58.096797095051045
97.5555068463527 81.96681374909247
90.55403918245699 64.50360396970724
85.93780116168396 62.26081019534024
29.327290062735223 35.26035386593633
79.70867794563483 7.24207458042303
82.27579683911159 32.750890173459844
14.763556187159388 66.33077198263418
57.388122866123005 63.54677235451196
79.49295310398843 63.687181716589606
48.61264825946348 31.137504774766978
90.54022426857394 52.91518604061667
57.05821296429181 90.10961194126747
5.04017301322266 8.86357462398102
70.78456423349127 21.921815129340928
2.4403051618555605 3.363835848956631
74.67332871741546 74.27213621094653
74.68553784676912 95.70755550354262
22.93936195706263 14.514255626762917
40.87912580773745 59.01001977432718
52.350644454552 35.34726733600897
75.94169507568536 14.735852560901396
29.5249200204196 71.80332954524576
36.767146829122275 71.28064597548693
34.20072332561956 82.66148469587051
33.374585688254264 6.1917637227064
43.994231489650005 35.35684099259133
13.817762236566011 82.63804040049065
97.3018908984021 18.937421177402047
78.19388643926925 36.02442421527237
73.79925842238484 11.55043332484409
51.96523606631644 63.26141735569437
94.00642236812521 17.0111094169614
95.09652944000113 50.19235945933727
75.88150164643417 50.42990551817035
38.591659581661 89.62281704819752
73.29658842776819 3.796175102738797
91.75642673424866 66.23731706226646
39.67150638226053 33.58182347907572
58.00718995370799 17.597285210298264
48.398336583233224 42.743244509122235
79.24586517233227 49.06184754898029
1.0579722682557025 87.90342664868191
85.86900927479795 98.28162729106424
2.443058274609955 95.06233528152109
19.357986010930063 95.58974504044006
85.71966834115783 9.838963782600786
87.6711664634166 2.1483912201488264
5.126724660766602 79.471377822489
9.356930209111924 43.46906266520225
34.890890835128864 93.68649380258638
96.31299889006559 38.905571278111516
22.94329757851603 35.17573536285348
2.351788352965989 93.24562976433238
43.416460830818984 80.32525148253534
9.445533705309582 92.05692032330339
76.51434228274321 72.68069505453289
60.73029224966972 85.71763927064218
56.993551785737395 55.385894648913016
29.257387283816392 64.37611746770793
20.884284824258792 17.24908212480536
88.2549214964492 86.54906117917068
49.25460149446352 94.84877835461603
17.824364984993004 7.413366591497428
27.43472214522942 1.1912416676984838
99.51724111506262 89.77991077362057
15.82943437683031 3.1784055233991637
68.01541050745314 4.11627539228272
18.503257888244697 86.19367317341806
84.01274515359644 6.062745039332151
84.19798103074905 19.664797987350436
17.794428155816576 94.96787563501974
99.56118608409635 52.5211909955444
62.671199023427974 77.7259095595288
77.72415665664836 56.227452479731866
0.8853553730929553 44.92463194403848
39.58054110703142 92.88049424221667
11.698047374803156 20.454039611421273
99.44601160311602 16.584870146592646
51.194403305731306 44.1883831671972
90.22971344585152 80.18948331246752
93.45286646040887 51.41604676570768
46.157676572215635 15.543475808456208
79.48326718093486 14.258886288064554
48.03776597170093 84.5931751988989
82.58652886869997 59.22594428500791
21.78617793233999 28.120537026409174
97.89297206537042 34.47274253282948
32.663296467692305 91.16061866992138
33.67837625549277 58.40324138644923
39.938674181298175 50.59323282918371
39.25894272032742 5.863878257137367
30.255331435777634 4.60455439793388
61.534227151432134 26.93837088331661
78.58826166642513 96.77456636837418
31.962062567504358 85.54906614375142
57.67546260582925 30.923641299059224
35.79894623458883 12.938182590691794
68.2855773615488 17.377471973691616
46.40913940714058 35.531117598115245
48.09204818877804 71.96295009182843
14.963054846716073 3.105370568846766
70.021002194569 69.04935344587177
6.7636080522252895 63.917379816918896
59.787848396558665 78.68261614221885
38.72633875470668 6.949767490133629
82.39296727994132 58.741901087036986
96.06830425651734 52.42972287856658
19.547540750626368 81.02007420872484
14.404152834376083 88.392678663456
34.0167515476399 18.623203358137342
17.976552126836086 8.850286461038003
4.104495927733454 55.273296895260636
10.730091915641893 76.51747223774956
73.17727997600865 46.64184650453016
89.97337721304066 70.8072297456841
15.626564320843816 77.12777334242999
82.07982805664147 39.38509771904932
39.12799685611259 19.25585408485013
1.8977163030016397 33.36720573570493
47.75892510261288 91.63380580659495
92.14795111181067 9.79316334586926
50.50410301814492 41.761631379506085
75.69729665112203 77.32030450502339
2.9768620685626024 64.66753791085469
11.747085672167401 50.02346440536911
64.42137445186935 63.15630929899845
66.10034372437876 20.37822076976181
12.876897026386768 34.697824495263106
59.68981754108287 97.98181786969482
63.97682669336711 22.966506312419654
0.4434372842476275 53.64625622698447
42.08876525752867 77.10840581196827
73.24720733921848 55.24459433962423
62.296209280742396 28.4852934053329
89.97052458837716 8.522965743022182
93.67216520505126 47.791629680479765
91.22894717634873 85.27950584459522
11.263122707771034 60.11729931062184
83.04113438940281 1.2217738921191934
2.27307759762414 90.33562496473021
57.250198808531906 37.18907853249427
53.496682542295225 12.369703829549117
2.0033117700215763 36.81941841955174
37.10398296597977 12.621506203153455
23.45032466504222 54.199482656569685
17.204546331969595 21.757967558065783
52.92786446468718 8.897034407988258
50.03777518912027 3.361425666771223
71.1720277533673 8.449540720515468
15.265153874799587 17.180129325615525
41.70238765733709 11.860399279940982
16.109387116593687 68.63635623482867
99.85169069092568 40.03810258549909
89.50128771288412 0.3672629714950526
23.573776188529514 96.02127122460537
75.80565754901842 17.54724098172553
88.40673533027304 31.03415171233692
66.65931632250593 2.760173640181929
89.63600117531645 67.49648351014316
24.704073098595526 62.29430883185589
39.36141474088735 7.6899895594749745
21.692802310937353 84.65476027649521
41.24537947300051 45.126748126211446
45.042469971482866 78.47807443583193
89.19551002336037 35.3831496434559
75.55185560276855 58.76526305964178
74.94914449710915 89.82776094109852
19.67862987147835 88.29448154349693
66.28645883721728 43.84966743419285
83.18377094769764 78.14785402382667
73.3683641628389 15.38551782754185
46.63543937744108 23.984709381301528
24.429200351138427 75.53607085219592
31.940413361914356 33.68412106486647
30.70619970016022 18.051554385353864
99.70162438350978 51.27053981531673
77.9864127158745 27.457927198734833
97.3152210893024 45.57922502208231
10.673896722457732 89.50245660298243
35.195074373274316 63.954248864203514
52.80519121418443 9.301716684330309
68.79993620144293 73.06945351629872
17.376276003491054 64.15640041611567
84.26824467891068 32.04538789634377
19.777498816352047 60.22634686054587
55.07810760260925 67.53881385243758
43.02368060960524 73.84284347409064
81.57727068038001 86.87086290181512
74.06125801049548 88.20895782131105
32.769824689891514 80.3086544560631
70.7729040298303 85.98540955765243
78.491028917144 34.383985149064024
11.100758194256732 80.83579247029122
56.20567701495682 8.560670034806384
86.59536793656272 6.73076466869873
91.0072056894056 9.34944082375624
77.8484910206718 20.712543211425793
45.88241460640048 58.19626899608106
64.10696987673559 32.2471066497594
35.29186201537509 69.76836522858703
83.85304632573074 41.02480381585374
33.302476119677294 71.12474618531228
79.1728920291633 51.350239514434584
3.381043861430899 43.384811969362836
93.78688702126026 48.22010990034376
10.055202190143863 50.89979257005146
77.28864694555067 97.89161101674762
3.7439374691681016 82.71112929131048
27.60683368807697 64.56350943222462
23.742486062271674 51.4017506977426
83.71506025617843 5.667385832843208
34.088545079314514 33.05824170240641
56.96625924501273 6.210084478659783
77.88968761540542 82.73313252612311
96.72810470276647 69.19284219305474
90.16468671235374 73.85628136393659
13.8434417661516 48.449067590599306
31.009353256624127 72.88708804481165
92.00875332307055 7.802911814814517
77.38557927467502 14.311243270063034
32.29399257149661 83.76534233325705
34.21343149837901 0.11585004080596484
30.302061623445997 8.064387450490162
41.27736169790537 29.36266859642249
6.4984837516036675 35.391069257180604
33.345175889603865 86.59339229854814
30.02797815577427 17.516575755275564
14.746675831742607 43.19903890190899
8.18396129395178 8.281034520954522
73.2501737385995 16.133522070573814
20.835090155775895 59.89645476641534
35.8875101549732 68.15373528467201
31.50634057287307 98.57301268506677
95.86763125275539 47.5279493793811
91.23664864417287 10.435970391262694
82.5259209343062 9.30115357857182
63.36283523745357 75.10540588580783
23.436714054373063 71.24947269596689
44.84798608072174 71.30073613875776
81.0798407554316 92.44527068438715
99.37950492015837 66.27128644220154
38.183759462053835 83.94115743247157
16.540539077333772 36.01967530477002
35.276211335831675 55.20242150776977
23.005402614667748 15.488972901257569
91.36771387028362 0.7261244412840373
42.97462581461418 13.519160767926897
31.03547417230137 83.31658421064078
71.56827353072516 84.86241640002608
61.13149439370111 30.821414210612463
7.967531474656386 86.34854972357377
47.72129741721871 12.20686014680934
34.91644802291165 66.77342491239801
80.15379601113253 88.88441404370417
87.38755898771595 84.99694553359951
23.493710555586887 43.48557710836425
40.469872985533726 25.95535823110535
30.423771602544637 83.9236179432279
6.288099947450032 24.92318896284713
46.56870467333674 83.71822058021618
63.239449399519884 51.52668755840659
6.47190457337361 46.956939987369076
71.61744881738107 22.088056703240188
1.8717013261130955 91.39227136899319
23.026886702776572 59.89857961678664
77.77991258403321 70.71438873598117
21.32931250871204 35.84243508345495
67.84129182601075 71.31159950741753
29.598448934840004 36.48829230497215
18.956752058139003 92.60435877316596
86.31965118737848 68.59309838259335
94.99743225421138 57.74023743975545
44.458671192483145 77.36278397253102
12.20564743984507 88.41374114125375
34.31359869851276 92.31020593731375
93.22564542231575 30.311654102438503
73.11153254421905 4.8215309358222935
28.5003108187847 2.2700318652270735
1.8799762913163764 54.673554257987256
43.848626729847126 19.157816756212487
41.718215639440714 54.99032565284965
30.614245253196337 26.849498010593955
27.397634706412745 28.32546464756205
58.40077386054037 83.13834536887661
18.913882993860277 50.89755640308611
77.17374866849455 62.510429628569895
70.26364049608844 8.119942969370776
11.856654405350708 88.14425139751181
76.28359680496398 58.70109605797824
96.0605288491915 67.29172849918994
45.88885000017131 43.84052016910873
65.25866960402054 77.0723631183065
45.530823758554504 92.81610304540936
15.996332292028193 87.12941918843711
5.850878484932043 29.076323833163432
96.76719276209975 93.31042931447459
12.42045955365989 12.757835515248894
12.990480343224986 40.3470596974544
38.5529104137901 42.97851043756247
57.59259263651073 58.397221130805654
82.02877060893405 97.6827943248553
87.67746550435108 22.645061528992592
55.809444956402274 80.91794336752646
74.76700339382201 99.76804477575705
64.79577004387468 58.55201868569384
22.87194577002447 78.34820136586549
28.464772343880362 71.29639162807506
31.627505174361083 0.5341256387087379
20.478342617533695 94.73730988020958
99.91125589785308 16.7000214672685
21.83998388534354 7.646078058506212
78.80228795487336 24.64666012200196
64.05394121518233 66.30814968558343
94.1253370389714 76.81289586793909
27.42253991442165 86.03848469868834
28.155553492011663 18.566888758653242
95.78740263005376 25.526580067424987
63.587499843386986 94.84689991641828
71.7295469265117 69.48237159008173
80.02614895876496 32.19687689014039
15.10871263005804 53.25775254972942
67.6247591777601 10.234665528657239
69.16103876836155 46.79175574065408
8.743267363454365 22.103777887859554
25.87608472666667 54.234189230796574
78.4049231010942 0.2781560361340141
70.23692446243797 74.16344690420263
67.73787538713087 47.92233648151676
18.067585783319885 6.943455322068481
64.32035565531629 0.8846062936854748
59.28663513394701 73.88825896878353
18.453209472036527 26.942467719137532
1.2665987838038628 31.057128677467972
32.443329524727304 46.11555745433322
18.096358012143288 22.240806525818613
80.19492807960167 29.11024174655845
12.681617393007883 72.82739576395136
38.26340983429688 46.4550100388482
19.771748566063074 88.78753188334933
62.582818796177285 39.26156386244508
79.35932633647052 20.66248731503817
86.8839008231608 99.3575981881527
73.7951195573352 41.713916947802446
10.562951573176548 29.27805336787783
28.643187205104127 30.482107005227487
82.51689329147027 53.465012324166985
81.270752649628 52.01109534731327
41.74805853395156 76.10816529190214
27.366200048331457 26.94291829020987
79.7400887541567 74.64896631204294
41.8546692932505 63.73586629179191
72.00351614722167 92.30908923228903
48.740017418062465 67.00592372967402
92.91780996296688 38.57521259675543
44.61094051340213 25.059481885356185
17.24447720555018 9.586150215961254
62.441390731611854 72.30566114222607
7.289295582411581 37.61251400657763
76.19573682868041 57.49658705682344
52.78458770755932 74.7490845165911
67.981886557703 82.88991049328409
82.77404798037453 21.75858060681786
28.436882275246944 89.90371825426354
82.41641655115313 31.663648878114238
9.403478901462003 37.736788759852516
71.05300986463077 45.88345984786293
52.077978775394065 80.38545366228777
69.06830199732339 8.410804230213408
44.584770150791385 96.21641524611904
36.248684209092396 17.98105469089597
61.899623741632006 38.07263891265127
25.930901477381575 30.556032482761065
47.68298164809806 19.62067983205431
53.851449415169306 31.69175799615729
31.36435632930823 86.59826022732908
30.07821811296236 14.921542468576533
38.7459642870601 75.26608114588318
63.39299595270293 73.54394723671511
63.2256366266843 43.66100966884983
30.738134123936977 47.31254479114395
54.293207408721344 64.41595077023993
97.16015446721875 52.37618514803329
79.04424693572412 7.286705989127529
80.72884076848806 95.64297434799455
67.40298294773504 13.843152525607284
83.87231589750917 43.968589513517095
2.6879826681413865 1.0545667606259856
18.763166987153255 95.39940351269766
94.89313105480295 3.9798954440475987
97.01872870519314 68.77094582039811
7.035853681431581 87.73324290573336
79.13473985495527 6.975713222055235
37.622917134197564 34.568931552510286
88.43639546524341 86.91247431813032
88.15081491006202 0.5421567900437685
79.16706428398253 30.63212039085861
20.78261904056047 13.042033630564642
24.711986722826108 86.91928759244306
74.14234327803455 1.5759765765077427
17.22114444739855 12.755852365277697
29.64621253033084 62.93641412149207
50.61179735086103 41.328363049190074
94.72035253719201 72.56356445976171
47.390292108326705 55.05394907839618
74.96010800585901 55.3607683685079
34.87742912177132 45.14572814319984
27.091969079357913 67.06773088150119
74.26644746029794 53.412281582332625
40.373261233601255 60.35525027743898
48.39638015628787 49.095213072427654
50.96335498211535 33.92991018434608
62.029961553620836 76.52400550971954
40.72730356751446 42.79936534961626
92.83351209879068 95.76581854137676
18.637552042663017 77.23066156976752
37.552317504158616 39.439022464693686
17.750559464320894 94.6243590037384
66.81468556927477 89.4552844673289
33.23528028876981 39.136254632337256
57.942328674041896 34.89400191742049
32.87948223310562 16.920662059101986
37.833417550947516 45.98436058443489
29.353990305148116 74.66275781368145
37.46009350954511 2.5751443818620157
56.02591419543068 91.05744799957434
93.78145506303723 13.803787487824826
40.34061040998094 12.966096589214882
55.27690929784603 85.44549875960774
73.15950685066129 26.848975117744132
11.766154429600274 14.283304780736739
18.20453418009018 87.8026467203827
28.175035120498258 21.85765734983043
62.19570195445843 31.70273267098789
38.65817238456963 13.591538424741255
9.139988503894635 71.7474968322068
48.436246201553445 7.305872576187533
2.23245423747509 58.90681413334487
18.87750883107455 90.17235689819951
59.0271714942858 24.08258902462559
89.9200981654681 80.6574059900166
89.39521010801279 99.43240011794343
45.801081177173145 95.21762989783011
66.59720790036371 71.72193146309758
61.92063163142072 85.90925904778386
37.910888691466994 62.61923680277908
75.53481578300844 43.44407461555366
94.75697606846505 81.61023038313624
99.30070390293501 91.64685867471376
60.27012636646651 6.080805679487611
0.9108494605731376 69.60154803497001
43.209537588554014 68.35589901959416
46.68596955355391 1.2447638757744794
14.555410578929951 43.4544804204269
25.771924448501405 80.95553475421661
84.78261738522322 29.920880186635877
87.0790292152261 17.689841096966564
84.67870269920068 28.90822169558991
58.145865401754214 16.73692236339084
53.72830420895427 54.48584185168139
24.358473773281595 49.600279718279225
7.1135200350583405 31.559074821928903
44.97535370973122 58.19966621776054
82.37347307975381 99.99848651716788
77.94508680001412 51.71583091851644
65.9610172018262 65.09730074132631
72.41903022581762 60.955981970105235
97.223016542819 82.12740768931495
38.654549621259136 61.777410110374475
10.810228328701509 60.567238312595364
19.25620542931503 34.715347050830324
66.54267002572394 78.714008753949
38.254517246392616 8.027228669237951
86.37831797573814 35.404411709484094
95.37935408559721 48.05650675640018
91.62503209672275 90.19357683895845
96.68580787232148 36.94830453910238
29.735429402544433 54.42429997636638
13.348680369065002 38.83147852979938
32.0833250232859 24.498531931445754
78.27173242462364 6.418330859897381
86.62397282272663 20.893765868090753
34.388877198399356 9.417341722824201
22.903781364617124 77.88442310110746
76.31486652531694 71.46990033768432
0.517436988630493 11.765950603249763
78.62428123800262 85.9722553502438
77.0392829162381 15.1469333632525
30.676964099187053 25.849136098969172
2.8365921003897343 32.757977840218544
16.425737090490355 28.09803931428587
80.96825740792622 73.47228131824986
26.36426095354214 39.3825519559625
91.60021741693897 96.32669605865472
80.76229499483884 41.91586436473054
67.28670120509086 78.5703060542294
59.268163725319376 74.54328043042504
74.0744481022231 33.19674892676896
19.93245096258589 77.98737770328256
77.7654531354956 5.116749042939461
62.62818018651644 95.25674496541212
39.26424572220457 35.09632363678206
65.15496853270342 34.53199989481166
16.067161665529326 82.10072059225001
82.65728546255562 0.6173795810425764
99.5631684168851 12.113663702159428
15.583044214234288 78.6211409844134
56.040186214159114 80.03367414122724
30.852513043377083 75.8257782954106
72.09650842048 39.44996884559924
83.89286628486872 39.94052573302758
20.49519167531786 11.448584285421637
31.028619158365345 78.27940790649546
79.52787039668661 6.355496750823586
83.37189956628725 98.89478352362579
84.48405441388225 2.644482473096099
35.331074190325374 75.20237237605815
7.90287047357372 21.676504853596068
91.36484587483686 33.367129620657444
52.94772593602794 50.347637931862366
47.217445026290015 11.60445352748718
36.20066183339332 36.89774968561166
20.360663609568718 1.1196295720155236
55.22283165561974 53.522691885071616
88.86615441556049 64.33300529522825
43.14199817088748 37.682996831120796
89.00808981138914 2.79206219466821
25.04291179106477 54.469757273413876
37.70333757549105 29.91380438340425
73.6649176535941 51.77367426628088
45.16893100708661 35.62519712102885
82.3555669021111 55.39205442451329
99.80289079013733 46.17987700367514
74.76990487143081 5.202833460135503
86.43440964438554 88.62328770364172
81.67251526620902 69.48283506459731
76.12571417564445 90.62504557690008
84.66242654419325 80.66232641665611
16.737889673821815 85.78249235195076
13.545492737730447 80.70859711388701
94.27605155057567 44.63378666885591
74.47761988919954 47.59781978997852
34.19031285370442 21.71883027699273
60.56278000858475 60.938958242183936
20.49131008901133 59.6546159830047
18.129189241897727 19.903113170941843
56.109845590311465 29.175300096852496
85.58314516883792 73.48208117808579
32.57722565069949 17.464744376561047
74.65519806391295 79.45091915434193
63.9344007300497 10.463846089812412
40.90603558437853 37.444121700992696
13.025094587633612 39.49127628243521
37.34054353213037 35.57986068883836
80.76474450663942 24.18819876001541
11.071232977456535 56.646274156901114
31.61445195770709 70.11993486091355
36.9834411958814 66.41582684122291
9.865060331806074 15.490129761523397
19.93249324330946 5.959871217129331
81.59955475171647 50.27289746773156
41.520739432068865 5.462668939689297
97.38451972329972 28.609156693747618
92.53757190974743 83.47361244157958
50.24208368249952 50.88478566495556
57.02618597693721 13.537371413931432
27.575714046601995 2.8485721414587717
31.22792986467724 17.379359338130772
73.67954093982236 2.8707326007278766
7.345288433056996 92.23203991170692
99.11276700922274 51.53059787963659
38.133432999780915 60.524643057543436
33.352766726252604 11.821399440301805
39.08366508837913 62.69603219574829
16.75611979477283 36.668424569684774
27.612893635916613 35.94096579233768
24.039554478878024 33.697351102227
40.25773093737002 3.772356070791827
8.738506818271418 49.89950954312612
73.06450987130309 82.44058957410807
89.69444679745027 78.0635061783654
87.0570094059715 15.520710201515286
44.41899097005897 69.81084408355143
25.068644620831737 53.48805799993952
0.5897917145090359 45.6404422273146
54.63983756254378 59.54659490661625
64.68579266493147 16.285571218593486
30.379648556913686 29.218958757844682
90.97453541949614 59.632982543659566
47.48793625735406 23.66927719022176
25.66242400863843 48.13210994611812
16.72333262837529 82.50529471584865
30.69656515272474 39.89265869154397
0.19540809427274208 45.71076141072794
6.761359923383714 91.01236097666698
15.585596732576047 95.05707163441464
58.77010429345193 70.75752805513014
57.560293330454826 44.33994861189001
36.92522602468227 53.81139153470353
95.9836516533699 81.67119710442816
93.1494521029589 87.68496738343003
79.195267445729 15.376012114333104
64.90969613084778 83.64353121363331
74.93107828881858 4.5541906068534255
66.56729201944951 33.97983427218456
8.301919191376683 71.5389679995406
46.0993378536209 16.81312346977144
54.31545675176801 37.13788331109276
63.25896305316556 50.64237064683872
50.537380253579656 54.7796941734213
52.465735444355424 0.5854528088580668
93.2098263788837 75.05818820013745
11.841806679534761 81.69816075188407
68.44589454189907 0.3943841946062454
40.711521227795004 25.04231433275774
72.43021651623609 97.66438116713422
85.29290681064971 66.8632508382295
40.95001572373813 10.904066497546738
13.341999340607646 6.158216832684338
52.609457053888 64.13415045916597
