610
1 3
91.57179053885964 16.24353838394219
74.8219643700391 48.86573851215337
95.94162280698109 54.72552535184045
60.35360613960184 53.599039928718575
92.67347322766926 83.85202185951357
55.002051783107376 77.25682178990141
70.98747793285874 64.26356758251015
99.63291916981744 94.17061070575572
88.86978494194535 52.042832548439
71.45088031723952 98.00207511202024
99.22932214294443 41.01288477784952
43.91531142089986 51.07684197410276
35.22935861483243 50.30668900548867
17.506669350029426 24.208452544931024
25.724683699625107 1.3943618344969266
40.73870190585676 75.29141390932035
51.070608346373426 20.95599517130262
80.28979232914821 99.38339315997042
43.47796863027544 29.32464492003359
44.67486359541384 79.13071000608709
12.021324496646946 15.691469285374948
6.861662635882104 19.998676589007182
24.4582003729652 81.2730554711941
89.32516816819249 98.50719791732618
45.71648148108618 18.939143051831486
21.333842397426817 80.88708974274097
73.9491370398333 95.38113567081817
12.54848198616938 55.54399677155739
86.11171018538337 81.59109047182407
4.286635999149868 60.00974043199045
49.18778192231106 98.08580242672515
14.919091095927328 99.04418264744909
80.61606662845358 58.315555668135424
91.0971634608234 57.56516627295001
82.03343175740258 80.25349006894254
43.01881992322147 54.81268291015131
94.56400345239464 58.80801782582279
38.66229672541888 6.775986076695739
96.96976745804051 63.004470554845525
32.75157659598773 4.7515989260324965
45.504915450422565 55.62627037346517
43.516009987191296 81.77170189929852
63.932204847406695 29.714307644575456
9.147586786547102 71.77296279211606
48.227005659673594 70.18201770993655
58.364332991674736 82.51932430444009
26.346483864948066 8.47220416521619
95.32240398329704 56.62253116338485
36.55007189362518 69.78801585313757
50.02914290834062 37.424627298495786
17.556550819347105 49.980235274519046
34.34257690381133 66.17836803815634
84.2984606878169 70.086175045243
33.18325938536364 73.22692395869328
2.0346065526681167 7.32514257236514
25.36580808523854 34.24606148858287
52.707102803167594 71.33339364752835
77.2894679686298 9.430029511129856
13.080057039066517 17.852461451832546
29.48438503057598 1.0248811710992678
0.5007942747351501 25.678094045735733
60.88748281106036 56.00218052275061
20.91489343414741 58.8874100819482
74.71798729501677 54.64734730951666
12.364218356851108 54.01946224536589
31.61129660751678 15.733873497196083
6.765681689557468 27.254770323495237
79.34054016024388 31.560859071089787
38.58207015997763 87.74613967287421
51.32511763231204 52.95648824015888
4.518949797331295 11.16102079595267
14.102493875909317 79.89174177552137
91.40973778320367 90.0326963168113
93.04007769218232 61.57037632537323
69.80686847712825 39.061170810897835
35.45599101088397 71.23779246556133
61.6223205206099 43.31646189924465
86.24943741062468 80.79691830948717
92.38175066536125 94.98844109521795
81.08884946168355 14.406752702042237
73.86699655017527 76.10764020042929
98.72969533356823 87.57833592258083
18.112111476279736 63.20035159025936
77.79482142762755 58.34792062587646
98.460939120029 36.38730947245661
53.50853951266061 75.76703203830245
15.34192211174059 80.3480550232871
12.083682065694457 18.045605480136672
35.977885920316766 33.78867837833472
7.506375761797179 1.760947958103598
82.49618618320405 32.599894481603364
99.81650393347714 7.643503240303184
5.050303701219816 37.98011600461633
64.9839581210989 67.23674098618197
70.8360538538501 2.8722361989306666
78.12460063108679 82.27792198505045
4.240927776665782 86.3595957385675
45.409187131956344 29.901210958583246
89.97035977061716 69.69936639549343
4.874885485096558 97.69977107103801
58.80874070000159 67.55069779280693
65.88012755555526 39.114824826090945
3.8086697637464306 10.869303362777028
54.9524384669142 35.471959869915736
68.02110022829555 77.4875495671016
10.575881122847107 60.23750261268817
61.92606234436682 44.23472335478393
48.57423059010948 91.02770466730885
90.60413080899107 93.98947969026399
24.676213374257095 89.42318501783613
45.05719318723891 48.85699143561277
85.4583972801553 31.16351889789881
94.30433952554134 60.69415744889828
36.01822930398566 98.84716204073088
4.9696983020696806 24.022381931224768
0.1229376465591514 63.22915515616996
96.32256026713813 43.94350090713064
70.45931727276928 12.882491718300336
58.730048622861176 20.806109185649447
66.3202211416918 50.69790034364103
39.231206925930984 90.10498821566077
17.626087596231898 14.558254703481444
69.88889505543025 39.71870123622529
22.370096646117776 98.71958379948505
40.7006748260528 18.884786373040985
17.248775617524046 45.311910642256926
67.85675493363253 39.63182512134329
89.85983962953044 85.41530665316692
52.043845501240305 46.87486898774347
45.003456192410866 52.15176448322148
31.29436709267619 20.095249490579945
0.629438991272413 97.87942117234152
62.06493682856065 9.959327799245399
43.62729949328694 99.1533238572123
76.27331234063573 15.206010598364085
31.109917709328847 59.29260648028676
9.258090212859283 50.9400842937507
19.82383680094941 55.42261519723661
66.23266866086026 22.501101567318706
40.834606320424236 8.420350358203589
98.38125520310616 32.16260061309828
68.88134065684159 52.68265498253217
46.60780379599265 64.34833249823484
82.63755006026796 96.24590540335005
44.36460187166635 17.053276895981217
26.289862799659037 54.880317866632325
10.23500311740666 10.758678377213716
20.816956276240628 47.912904688452706
66.34811905766757 80.86245289833163
7.391550508997402 40.334991810994694
16.87708734442044 41.52735120744258
97.47875326269077 84.43649815528158
96.96501598369143 75.30737994217169
14.878037117442112 83.63590487614702
76.41740983194035 12.069365845008683
61.95642135676631 13.549982957747941
60.35125107876602 97.24492703946387
41.42509321831156 59.396573873733246
87.91887750634588 33.61421921096128
2.7639543835263014 76.52137617006598
79.70152569576572 69.41102990216466
29.24180152519451 16.73271737751736
46.07501116199113 72.49660753043534
95.7918212643368 2.3953510272567424
22.530765656147 7.214705204911609
20.27364233453277 12.407786915116127
68.62746905733907 17.526417597704768
52.67726749338888 94.20327698697419
66.89358119875688 87.96151506655696
6.257331789506515 39.64321415607319
1.5432658273061506 45.899908248539866
16.65117740742794 92.55675566939796
63.352900193938154 21.127113052221013
30.743931001023995 85.81431851752474
10.81707487399779 13.382121732615527
2.859126453244487 16.800042019040482
31.593975914382398 12.365836700480193
30.441372405128497 62.664663398231866
79.84561665808798 41.09946277999435
56.90763473681375 60.47051268883252
97.35970799656278 91.8365763662768
42.250027898139855 48.34556586754939
59.1778824097821 39.61146693701478
78.56167187000536 73.37680089514858
25.7941820144747 38.600624835343055
60.50385401188074 42.55646372122817
76.7468676226808 49.093288010235604
17.906525376235074 2.574655585598884
77.98793994757575 20.336365021332135
85.29586359505647 84.78013835321039
34.01830681094709 45.507307296412016
34.49329406533184 80.81907076242724
65.46630864085799 64.65542647627028
38.57026680045315 55.299218570627694
33.86839937721944 36.79198313355223
48.73243198582029 77.90003548049738
92.91796085760926 15.21478023984415
50.775017385575374 80.10407789353324
73.45451679862092 2.536692004381491
32.25900718485075 54.71940734582912
91.5396686949222 11.509628728809274
26.562777706917863 33.06574755878016
56.62147221719438 8.564921810576752
76.12156526967337 97.40003226648102
60.09673337711035 37.048798829608565
66.40012681143838 78.12054387993383
44.61654148806187 53.20318149840653
99.3282805082165 80.75829304912774
40.378195496823665 24.635506953732534
19.435074168032273 18.744697527308894
51.70289221558233 20.778425860271387
64.33087378803583 72.06462520491792
84.6256739116986 77.0661010037803
89.1941065677534 71.85083059802892
0.605838587791685 82.60312613826628
14.723472411586602 80.78428793451542
58.604433395377995 1.6620195921751124
66.28203082280557 34.247237071733984
93.91433458130561 49.33801231941673
19.621479856448754 69.42557446253275
67.90824495861823 0.9224956227595671
10.877960636753613 14.378024354004392
77.4103116666456 91.6274495020027
65.27795632519803 63.60767849372715
97.54611663554422 51.21385148441713
79.77477511445446 76.00235145696273
32.451619006505105 31.363255220564845
17.109552793567207 82.01488789528982
96.02146422852786 85.39549843349232
23.82612380888458 2.2740703930175243
49.13858730030225 89.08166828833465
24.794535717476094 23.869986382795226
81.36978471224086 76.47137747923638
63.83394862747487 47.77751999190105
49.35792718396668 39.73809680664768
98.84240640960624 76.58342577590349
13.221487108135864 7.790627403688055
63.03249779156517 59.513569725165794
22.045345881894995 74.61778784991834
72.15619458203561 79.17959975880618
58.8322441173444 34.0791493606174
23.18681932694393 11.958259717699061
61.95284387237925 6.527197814341079
19.94046113406387 89.88684114755297
36.37488499191186 25.670612094623692
84.87758718461632 45.06087945465398
72.54546297912712 29.283645226150547
1.3516897539354478 49.91791971729316
69.66146921240208 35.772240724008576
59.796447359477646 64.13924010551206
19.863016801209522 35.601150070158184
88.14878244570701 79.32273610664318
69.25444882300428 30.125151497618894
52.69444126390324 13.632704897523018
41.20054047505035 20.103833517055204
92.42413134969689 76.95148151857933
59.93814155785999 37.26024499415315
71.39211928495861 75.60456888471228
91.2690492488142 48.68450953352148
63.49860412955084 34.835427182795684
60.87082829487844 20.467215680006845
57.42839012815934 41.143870302045585
75.8723627386535 13.272431917496363
92.5255545636128 8.584920654637562
64.63622341853097 84.33840148005936
42.51190717584079 33.5752755904172
51.733624914838686 36.76661617842105
50.94688052316063 92.76213732236957
54.331127224700396 87.57000221862943
60.497334860415286 49.15365708418038
95.71621643792172 8.241312915729694
72.40905199399856 55.378310518927584
81.72381118572585 33.924479773526905
81.59338013842176 31.399527742831168
86.56582829365038 11.548508533840373
37.676918461981934 11.039236914529504
53.43054292298331 98.16665140041268
28.997329027862186 85.2051724407573
3.4389265757886145 58.08522206907452
35.33275715332296 44.261921037137085
35.9342869993974 6.762683023772964
13.457514534279923 95.54760495630137
47.14730099145332 24.059258640746584
19.401339627034876 68.42826584472415
3.8563860424474683 23.298242849707428
29.394316808268094 25.65902055249838
45.522400779366045 24.161311416327003
17.002416334261405 81.21316880225756
97.3402921704699 54.50481472497817
56.44274695555165 13.015716967195146
3.182123967910444 41.69086953557284
19.18258064574698 43.91142099315783
71.99597733788738 38.9636347162998
73.7989607334407 1.4745946848498726
99.8981997546738 70.00389163741467
39.407932853733186 36.467866325692036
14.229696965164162 61.41835414258827
88.45646313007016 68.09572525316561
7.4161195118829015 27.277781693075575
68.97895125673222 35.12562185918296
14.082209594418881 44.37467734600602
21.173869323497783 74.8011266349208
90.23314516404564 50.36157163899553
83.4096194294669 7.404368169295217
68.19530854088897 5.295687487930345
50.19253179540306 99.99206392971365
69.25725105986128 0.4093900736584777
96.6140948444968 11.644734163837489
79.84374549808686 61.42891047452432
36.94351224783681 32.3625836789643
95.10558009151156 3.0330379815267206
78.99577485318774 52.126861566312144
35.26188967898574 28.33037715748943
91.79024174437285 37.09643422985349
45.03365680095213 85.84798015792776
83.31799416339652 33.57746857323709
95.43136779538861 29.76438637501797
77.62873710266022 70.83532526385777
40.14144710463654 61.8920222953022
99.36153166627808 55.54182310425555
9.66513307931207 26.73770528049173
40.21896403415135 40.399044761210455
9.747018211424097 78.49952808323388
12.78653636680076 89.11087373210034
37.122337654301106 64.88404098420224
46.29340323138405 44.99932476404032
88.75138961092158 37.531166007584815
97.84873232682796 94.5265007495147
7.283740320254339 45.13596124765365
12.363632481118646 35.571281699695746
69.21170483238164 72.3302486806783
33.60447349177507 27.916379612012186
15.39179751227968 33.066361095795486
80.44498772603185 12.720723259885736
88.49895702008068 2.698503623941484
99.167049247998 98.56088366955224
33.22467914003766 72.37134636071576
54.068092993896144 66.52257698257056
51.826975549862084 31.753050980582252
90.65219355416671 30.473552910882784
2.320174100819239 40.746578361431276
16.8681342413699 64.10341369611896
43.8495751410368 59.27521665317248
29.064807498953105 96.98288443567806
51.40391324993055 26.62198814382244
4.9668617797466785 41.9132769091205
14.820654749110563 32.85960580214136
72.4586200419726 9.899237852453568
16.200270713876286 77.48964581330134
49.07901618936319 20.411370142196716
75.94653935751117 94.25244450323673
91.3421478629695 24.864766776044345
55.171883142900754 42.31059460817359
29.070656981445953 90.89028720920378
68.07902289707324 67.77248166661221
37.96545527108852 39.93836845711629
27.4408208950226 64.86254074897444
30.973493260639916 98.50165825429464
4.303003646641557 96.52768357714052
45.46625602743859 72.38011265985229
59.77811143011622 75.16597915598287
15.61970995358295 7.247461912566866
84.40690000322238 47.255964305078344
93.95063298387285 44.443902754708105
6.740990109531908 10.473390198636178
25.395307509369047 78.59331620414822
14.313425344282727 41.73932785328098
93.52580107637347 3.900587521962051
68.18660715130684 85.99187114206954
2.880561900902512 23.427205329045364
43.51871339863014 68.16001818005684
73.81292272449764 7.142329692451566
26.095239302981234 20.267158943056728
1.287739340500682 73.68606116663695
62.07080459338839 64.65726959449063
56.04310902059555 36.179365507512706
34.38670716497527 9.339291813185646
15.87937917882918 97.09855072375109
93.53727439794804 45.29297979103579
21.994332243244962 84.70804214926235
66.86735851316881 20.57462476617551
12.284628275723097 84.86201535019578
75.57034369547809 37.51020505608047
58.44994653212421 96.68641611140751
63.023850975869934 27.80657393333048
75.37479970197758 9.50514768362285
88.5432703304522 75.67880606193107
9.93432811697419 67.22539064660596
77.62791782625993 94.83002363583755
36.04460154711828 79.22854331296578
27.955659026461397 24.71089596931275
97.1995872870854 73.95908200579626
81.58799291077862 60.69702526326155
80.10743717923363 9.88401296734076
91.60922712303442 24.158182342621792
8.392778929557366 52.374170535772954
11.088673871428778 68.74395722839475
5.062918097260871 95.38018602678275
82.5052405638619 2.913968954904078
36.70462119989406 80.96669445024449
59.48828499442891 34.024563155489716
35.26936819549027 65.0610138918354
78.40535692962551 85.43043134964019
12.176491894838627 28.502309479148757
93.40268681892994 66.13079878529953
59.08497682602223 16.30698444717642
71.56931257752295 13.153653905836315
56.553236889908966 23.264645143105376
35.534311589736504 53.69787244905248
71.7607227811855 53.245131112606444
40.335776967274704 28.1726080948838
31.816318406251256 71.33705169527542
66.00392299041758 47.12967648278272
9.380510923738461 22.74665758490828
99.86802633935754 48.62051971672419
52.13125188994443 26.185636177214455
52.032600464481305 74.73074057705762
30.23149607589084 81.61838357579158
50.426604896738446 69.11099488024294
69.80329237033769 67.3336156836552
81.98542112129957 24.07052249055919
31.61531814701144 37.84492172638123
92.40853064057903 51.193148884106066
55.88439289649394 57.69650714966641
67.1698849240133 6.648503545511075
4.52557263045823 86.97136277135591
39.34872633062094 75.37160992436829
31.54758420465349 97.98411554666816
16.398551220919934 70.69790132047859
40.60596885725314 45.69830108036219
20.318590137017466 40.247855875767044
84.15749901898613 85.43138186395724
73.68502308592393 53.269229690731265
80.12602725500506 9.495980630339162
35.7072346966822 56.74472601084981
86.52052008651896 62.89665805120856
92.76905647317997 2.714749663858629
37.68674511646608 74.2916369969952
48.930533138637664 8.114340972485067
87.9000833406627 23.31536051613716
22.518593615233673 53.29696214646316
85.75662862463128 48.17597060978094
63.33926828201537 24.227889477267063
57.347126676804436 66.75933733006632
80.6477449996062 42.611306746492296
4.575070321745778 93.87872239490977
38.29022300612921 93.27981855099551
17.458361426770175 16.586785170663987
90.36338905600414 23.736164411910778
21.691276127401004 94.99107543065224
93.12165837148194 29.679487029945896
96.44476278201677 67.86089653782315
6.3894508362639435 93.7898544628928
70.65340072459642 68.39246602561929
87.59922384439145 65.31496027798744
36.09646798096231 51.16147494961205
30.823572779869647 18.19246428206691
18.714020110614605 17.366057519755884
5.248223314204181 29.883661238337787
13.916735443736616 90.73696235998135
90.41411200700952 95.06452778001793
58.82971526929277 63.72461606112676
65.89082948559577 67.17155335388878
2.0917825132692913 19.67289546544382
14.016793137274552 20.793134138192638
26.425164521943746 69.53590831341623
83.18943422738184 39.761006375795695
31.52250423433296 36.63503707026958
76.87380219351707 58.77502230993876
17.383228902464197 74.85865471460215
73.63828837415419 17.531132285318574
45.44718744229526 6.707680111439673
72.8067358270237 7.929769169979739
26.691828943490048 86.25078124282119
49.03646152873604 16.647526058916107
93.95578063876432 64.56504509804321
22.06902607573149 18.399196900761684
20.98871359194481 80.96930468188567
90.54689093484146 24.750370007997667
62.821991244048505 30.501448641891017
79.70917105584516 42.78421903756575
23.550270303974095 48.63811314721491
15.134244110463912 67.34571812748437
54.36421694798832 91.96425609765566
72.17807501617806 21.045768293514833
16.518121949266916 22.46503935220594
58.694126261983826 44.40485008095316
30.760649379385143 69.60514325925658
6.063708209368013 42.08160741501958
46.36926678892878 84.15879166415164
41.39879301008995 9.00002569377143
52.729199591137466 40.86865237559705
63.67185138697493 59.9833884791813
30.461630545956343 63.173018291116435
51.119037265746044 40.712688066417655
39.372357084385335 61.05616503369018
43.9296651381649 58.95530222051602
38.37442029005922 0.67622113904513
44.26192039279433 47.12583196170477
14.711894193482312 17.470090874247933
81.35119793792623 83.56640623991649
18.839630001608043 65.22965691208927
64.23638847161648 56.20388929856639
54.55872921821676 32.040108333156866
15.72903803310297 97.78097515013098
80.65743624144828 86.22555798127823
95.58514655262907 17.299247376662397
71.11191280549582 17.7632396811823
33.344510033910346 80.22989631512863
68.72674747920186 40.098362711414715
56.6572985491248 13.642635027848282
46.21011265443515 79.80499156586487
83.73828700280998 55.2264574639592
37.04801534535991 13.900898761028667
43.45704343682313 62.50125122518742
77.53090334237585 52.746204690854896
66.55275684536281 99.5649461530633
82.22433161372176 49.64860201943115
37.27713305903364 89.65618954240063
57.79109821014645 18.27894164760324
53.312399412852486 45.918362458987126
31.719805618159704 24.306627671141424
54.12009405568647 92.35579735081004
34.91445248091749 4.1684394979267125
26.812966931705674 92.22513155055422
86.04117035117001 85.09545813593495
86.58888481372004 1.897995058723101
89.39015697678425 90.57016189964764
55.103192371096064 29.136671943479108
47.853382042287905 92.32360124898864
34.47200976616307 56.58369150167846
21.656489224546327 80.80934197542737
61.67477747768923 17.166619428206808
3.4186081915367206 83.87355878799676
38.11200606067775 77.94990914452495
58.15857013820298 71.11394264222272
66.56782286054398 67.78996307957676
30.38706645510021 21.878765154404434
74.22067805403101 80.67880628837878
22.59304735922678 17.14091298838809
13.00192323553906 16.676630656031467
78.64514018210882 18.5466379554015
91.61344760658284 83.90422074580374
81.10809435396675 78.07128482323162
34.487376728414155 3.586323182445894
26.854110267981124 43.49372972823382
84.75322098911369 22.604725399772697
45.05855030983683 64.78401354474894
23.13766374126005 28.819033975834586
89.3136511837401 67.06112892806344
61.945918987293915 34.4458480327511
22.681268730409766 61.73661655977458
63.879742913263684 59.71052138638277
49.04924266926945 95.49475570263132
52.03221417205619 92.29042152492369
8.840400112933455 61.54414782328503
3.793687367580656 62.03006078239777
64.73328668195425 39.14777320027838
30.36454246839324 33.81993422898311
54.951585254814695 81.90882669533046
99.42071885816155 72.98644192023087
30.19885716604538 14.344743188735375
23.91961189426133 7.312810370093992
5.707897693598607 43.4808815774999
67.28837013967608 19.844314376955417
78.54091332452404 45.522395561204185
0.6583156192444095 27.147347254378218
8.193690294181511 13.045258313938035
45.9714081775602 47.88726355815378
52.62460070710861 70.62529351928377
83.63075155083017 96.10974141963882
25.79938399217605 27.033165698377417
8.956053071243343 51.36052272060492
11.116544721856103 48.47665539204782
74.58601367506377 58.14446294464191
97.32527829689471 37.52258475658812
17.90875283034634 35.8696369813712
71.50722260826907 10.583313181783293
20.973392511416233 6.152938982344036
96.9377911387404 58.962605735775384
41.82440548168629 89.68737921473124
83.92861417797361 54.93681828235004
1.2605138578310138 5.344600709704439
58.99761579284226 42.37955536522795
53.04962390446541 31.55426469575047
28.45226914351271 54.4247055897285
80.50385382669924 88.5862070678996
31.132626069200775 73.60299788970481
12.561967405505904 98.23697331597589
20.476458735307524 87.25772128155069
84.45753411286809 74.96246860459641
30.163665187707945 66.19223829177507
19.881946684897844 30.079302541166886
20.483367201494417 50.59980251274394
25.246796488225986 33.45564568543378
4.118452363766112 0.28085934453871975
14.375281841836784 87.65347399049854
25.145456190222326 57.72601629615224
8.381042868984757 44.13382508155854
89.10640722433757 36.5874534029798
85.06280174207535 5.962784269673782
19.46947867792317 20.438372804469473
42.06552055942516 66.2845633738091
28.742504499417553 47.45815895528715
58.693718805067085 72.45668613472797
20.34249039475764 11.94283333867805
61.91495834489651 23.55680503751283
80.5081650652668 16.590190384601655
12.959002422475873 15.88372580568267
8.44255541723431 54.56096460727524
