890
1 3
21.10787766767528 1.7531437177758402
81.84621027645281 79.31070313118018
62.057136008380034 75.62153548485185
98.98801940741289 33.88739878694367
35.12254960352712 26.355669153316462
48.896501308384856 85.83114144653001
16.335381288656258 34.20515119077774
26.463786894356332 31.795520332107728
51.21703047729442 8.553448125619445
11.375301629369062 36.49456332118029
95.77321077823653 88.35802074640986
30.381560794074545 1.7110350699894417
13.811715491643039 79.27270436353615
90.7513080797581 74.45462291303929
91.58022126742749 87.9061778989899
75.33317593323284 3.3108839516343913
51.3514952907008 38.35682007858308
70.50191693730856 43.76181462006203
34.197831575522876 38.03325585166321
58.56721723057827 26.812478914738126
59.776208197425554 84.92202819549406
20.660411334969563 61.855992480379825
46.32587552806498 58.845304111250044
57.725429052510925 57.542043153599565
88.1851080070919 13.842772729087116
15.35398273339621 30.472981029264545
36.02840400611112 37.44500094812946
51.167097149731134 59.075539802147816
50.53304961951148 76.51912210653956
94.68472579201288 33.79443742370016
37.486877351730556 30.024848532574254
49.51323129924654 4.419206950901611
36.07620894002086 79.29241497353041
80.34379770732099 99.85885220550385
20.703310153660247 77.74045521250113
64.34135610351157 39.52734679074466
74.41354500249324 21.09260565958653
25.813984856964865 43.879182033581834
65.82374417649166 62.736027103400986
25.87243832795565 92.26904982642468
2.946106320772879 43.90968820565322
60.404397492501126 53.259877109503215
36.03591011207718 10.672296758175847
59.938322902841804 10.12549683234052
24.763037056017055 30.647499526326193
68.01748952482114 1.0240329894740663
92.41183623097183 95.21986015272421
73.52253766463734 95.66409203285214
57.905219948452945 23.536734021079674
73.91071497626336 34.81207699903324
23.64064846783598 99.62199249808575
72.73944084398379 90.5835321215561
86.6724301192242 54.43227279524161
3.3953543992686575 22.42984002550521
14.771310652412971 9.191510609864672
9.097159596960246 97.65168915968967
31.07759515643678 33.72622488625734
5.894279326163887 98.47181255138615
60.927579944318765 72.79150776559548
38.14806210770676 78.81836059016159
29.32922800437194 12.95199189373768
79.88034565167138 69.49815614703381
28.645087943372772 74.42127500624972
23.08530746686852 81.81567354063324
66.25885983767597 49.35086897402077
97.30761346871996 12.422395147434884
39.15180074196738 47.31904856205995
98.11289917651338 9.57556978953711
85.08934615121078 50.518456822526694
39.77346443860679 75.22946698951442
68.18249607932027 63.71292210202901
50.6261790627889 16.769754949740467
60.97780362897076 7.1127439462634445
71.87690512299494 62.46969766162786
9.819676853473558 84.54615895737201
40.63784837118458 29.959836154304355
35.52940786169829 26.34361883255396
51.919741316904734 68.77693377435467
55.279980378761586 27.787429560089528
94.32095548034492 75.85077303809007
43.86353937921355 91.51553063752809
93.03439615680118 43.05253184497326
72.58928101910003 59.598229052965365
50.20044217215687 68.52375846178596
55.95684233521312 12.87119340261822
77.71729799510518 11.984384098925748
88.12286538787481 16.828261067381955
65.46318965136433 27.580336011231687
74.36381633526092 85.14519082119432
44.8609440805944 17.903732449202536
36.48840388872454 53.40322959670007
75.49218879998985 54.066310959271945
92.34191909768403 84.44483074935137
66.08298144829634 0.6737627287508818
84.89022878184859 31.50692445379637
46.42676070766309 15.223143299682018
35.106570605174014 32.26115704205847
55.22417953588512 54.888284394615084
0.8588392320151517 0.02919617622749726
26.654484595771045 0.2889937341077786
70.65352137457354 20.94293515197634
87.97679155497839 68.62248319743252
95.16876125134786 96.19835324083748
84.4752626072957 35.56717176014865
32.79120930012562 36.784986977661745
55.59530995936672 97.7189938454303
4.516707200196146 93.10210197908684
60.862258172372165 89.8344090219271
37.8975065193881 15.978977675026895
96.52634662672209 6.353423485133103
60.515735635238265 15.848552203115673
98.69654031078947 63.45193184961926
90.21893090118758 82.68655349155534
42.55718393246695 98.07502090186
41.01859499252485 89.02796436190432
49.81308259278949 20.729636843313727
58.51510234706989 53.435049346020705
82.75906313077346 59.07161849554505
37.73947339480041 47.39217531200841
57.41620517897166 78.95028707355077
89.0520679625563 96.92411081965938
10.253766223226513 90.07700606152895
6.136529844268246 43.934209232551204
32.52853452389075 8.584539794150281
45.506245998094606 82.87683985246773
78.64686690250366 14.40494645436441
25.963182611395187 7.370287463185887
59.47657307228522 6.8318700941958355
72.77971860618212 16.05245163774278
11.818076434898517 18.017225315668206
82.00686767788608 43.59417148086582
24.8625028378191 30.93041088774786
91.43066656016099 54.63711163498661
60.407753775637964 9.943351333966731
0.36462005553432597 91.50439134908753
70.86640663897339 49.41342534224766
56.38117712852993 24.68982492163296
11.42230036458869 7.42807408824484
58.90332043172284 51.004573237900885
50.755357551816395 8.943543428079881
43.93645220846627 55.43627343761302
95.41643267143584 53.25184455469192
16.481053424257077 18.816087545481388
9.97510866164033 93.95847431379534
64.68878759768961 57.45394467613376
8.557764086583175 97.38263896354404
13.148249656269396 69.89083546488315
32.90131385903528 89.94411305395482
69.52440383877618 69.57205664663053
65.1819784679917 44.131701491811114
58.0351795045932 64.53523952412262
8.68229760116832 37.31670396125286
8.586860236685423 83.6277128068221
24.30842589999891 24.284794402270627
30.262592795177802 22.236465122447946
97.88873473904974 38.0677787750916
14.328360570075581 6.701593217970525
55.744652499937786 83.6016272082449
14.792771542942296 89.52333822008669
6.351278762670676 90.90500534584875
89.2355600648656 43.44819651413761
39.817771438298635 44.50558017465429
82.06047104440728 39.127734423858065
42.635927565921094 77.09230058784742
84.54953601536128 79.80749374698988
57.09305217706662 9.727045765967679
84.71002707596638 94.12620519212089
30.500605751240585 80.174653475018
6.729734496978179 94.74942219636023
78.08493149705527 96.31752918199443
63.00522057392877 67.08609331370221
47.173936114019675 10.20360848484474
40.73409547189817 2.9096829582810457
55.018412620900705 27.088981850496552
82.21255076061024 52.991930385255756
48.159946849498645 53.41672916630653
88.74371080972247 99.1563544434791
94.74310906218864 37.21747529017825
64.95590514011447 51.37129800360511
46.5924172328573 55.94609427020993
16.74333760168578 50.41075063249072
64.09007887666363 66.32688558100274
91.70161505156844 23.2329089215908
70.78649677492864 55.03241719670804
0.5043727738727188 80.37208907054895
13.980666711011057 63.28634881182455
88.22487310788499 78.196551944211
44.242117398403956 54.485303332027435
59.34215718922591 47.647531998914005
80.05263316387624 27.20467140257876
56.18469487007187 33.275379572217844
89.37205993291202 77.57339503127926
43.39240596447631 13.698299884315723
46.382507704562606 13.202545955101531
59.283033404780625 98.76745403208847
25.270466149877336 95.45682957824808
43.70988579019623 28.12294644707154
15.509065985659532 93.23315549246452
54.89013676197643 91.1939288584823
77.40850631572059 51.02333549076754
98.44107736143192 20.726476244453963
44.37316804173521 90.25032972819724
95.12920145972681 20.343307706872118
27.86619829254038 37.203729884479955
33.985697784682365 15.999072987538309
92.38854558971829 1.1688175661416444
61.93250989471923 31.11320323014315
50.59482293812172 65.24579628941984
61.88179156471072 25.074204632530805
85.33184216095353 14.59296501341003
43.90034471320246 46.450172974210076
29.373560376210285 24.271738999981054
50.743815107376136 55.61937783294773
91.66286546283378 65.27261798900052
81.93253022556004 18.8428075682064
29.771364409197055 38.56209963983341
62.14419337268602 26.656782289202873
50.227966069574734 40.99661201072078
95.4695226489965 14.902596506586718
20.535846139858684 90.90845447942122
25.35422952791111 78.90475340851756
34.86241943505599 14.507455663440272
7.356558491985354 66.34957936898032
27.032134986802948 31.23413602182017
76.29721589873158 79.08883942908396
8.183195488803285 72.273313404169
45.86615887903698 49.76524102624531
44.082997043764685 43.937558547140235
1.3393970039016656 57.393143309741504
45.965087373389224 89.16268690301979
48.680005626222744 46.765437228093546
56.184145658106964 12.241101671863541
87.20542665692975 17.475161164941078
35.6943408460755 6.917516588988493
23.022256063178894 51.08671054104088
50.173826491910425 83.9320486855183
6.326991896770351 0.2327218972743239
0.8829927066196008 79.52650288329932
57.01978426507064 9.254297096209886
60.59510994431208 95.11836820786232
65.3141083165416 93.90377594430493
95.42353903463379 3.790927385305576
20.3365228766226 21.422252014390565
66.0101639654201 4.118030900999825
28.429234934301363 93.90724361947152
89.28260992121986 91.91362138298938
31.595668083257245 74.43947587391277
11.847984140058765 14.917805918426886
71.2300563119255 99.16184781679793
58.23797679450446 88.728143346497
21.5862318230722 16.883080440514632
49.4558575905867 75.24783382223488
7.38691576264745 4.400014477814218
78.14042189543906 2.969230976619852
46.275888907463965 36.47945803380648
12.541740856753059 4.71499258530963
27.94717369838027 26.493666513845994
76.22645228354237 20.1237863824131
85.90114130606317 90.78365491644895
6.033857471694515 70.42733233294096
12.036167200482817 90.05810160622273
77.39620064377245 26.14985594066046
86.904764897688 0.3400892227391594
11.555339203034887 75.9870034302404
22.221917482435472 23.10667146797538
14.314731377504852 27.433445443538318
72.27701151562071 60.55088027242144
58.37629289052795 76.50073641679418
73.78248382806774 7.421512549421028
79.87155536878117 9.458682722307321
2.3467851920716543 28.563492950292435
78.21191163535576 30.993361015907194
25.261618433906506 52.179698568255326
52.563486942951876 91.45693597989555
89.56642181502265 24.10778442039263
33.50907637979515 1.6073100549515607
86.16226108280578 42.93975599003663
94.78878193244074 46.02892513785546
60.65016197367801 54.48593794581955
86.01583304656886 81.38016451596361
76.20951920070974 72.98166083591309
98.10237965985952 10.083904627506168
23.31231285787865 78.43177399087209
48.693688677815516 9.634390697559624
36.463323680595416 69.5383020171497
70.28798184713834 45.13423385095749
67.20062791261547 0.9371793891149283
35.695213422897986 56.59539413466763
21.51419182985659 56.18501485535698
49.125031365077554 86.34164748062116
99.9555995355175 41.1906574552406
6.60308562196299 23.341580852560817
44.31545517000259 43.06870786288444
87.60679540331293 57.966969488575224
70.9707266925444 15.554766191856872
37.99853764128398 3.4719843288610885
27.68030826510155 29.787858747976404
71.7076290790179 14.946979129467142
80.58417321075638 36.93119216139016
30.111976185094626 22.820251732798937
82.85803190387952 9.493035824992969
77.002064481085 89.57264926495854
93.19378075483023 15.249252230341192
95.11483119503721 50.583866779394036
18.48284696748703 82.64822916344283
40.31749217434173 71.99577774292216
7.101345446055984 6.573956526722058
87.6167370751355 28.370435119668635
94.87629675921924 91.60542065152188
21.85680339831584 75.94767685140455
31.434202145765113 5.879013892936169
51.4817355469543 52.570178993730266
81.9507303206509 17.489728877997823
56.433391527866576 71.38490861387312
37.25224681007495 36.74207693218339
97.63298504590263 54.56959263366383
80.49610103518883 68.61256187015677
91.66495826283298 5.536945646119684
62.4755425341722 63.39359167023568
44.778333197445505 53.59094898852064
75.18054210589106 25.581263518029584
64.86954282440784 22.772730152235955
4.493612183942397 8.800430492936751
41.48593141663963 2.3287990224446276
18.155198309108567 95.62792231505664
76.30859026836836 69.17713848445726
76.0897791883004 93.2588573520214
68.36185652428115 8.435227451334026
78.16199469326183 12.041169818203734
78.52097928286932 76.96019728403594
19.04492842858825 54.27566033646822
43.48985483852354 57.04474139091242
17.88740160732887 45.946875558720635
93.23018233383107 81.12721192693806
86.07091711757973 79.02399716996096
58.50429654120857 8.140584334884405
61.00587388554184 31.987442608750882
55.54037684337787 70.72514189073627
50.91528125293452 21.6001268949068
76.45204583118273 49.49202611116843
43.19726880954266 56.719291483586744
80.48100630670281 44.95590669445069
53.020185437576714 3.835843679255513
57.60348651537477 72.94360161537419
78.06626468189386 77.19194351156943
24.67662573857052 96.91579971313884
40.50462064330051 91.38703843085389
17.94024220718864 54.83937115602466
27.377992648409922 55.07476124963466
3.2794681204288745 99.92786828937237
2.0718207911104347 34.47047135971955
31.96683143471777 75.97862680181795
2.806908321602708 84.5223911114982
78.04151491110873 68.24110473992162
53.01334026990687 69.84647194026286
76.11570655222812 50.22321214683898
51.10572957068336 41.031007922348465
81.23919825667802 94.12233164583095
18.259455302662243 22.26564633377133
97.37587851368603 57.948199953601765
87.93485784386652 15.231504602896063
26.20575881274434 27.691032579795905
55.58752894102008 18.672118159764906
0.5862042685978786 73.48034549368217
21.547018779413097 69.49186560549794
87.95119225149153 5.198370854303036
87.41385095281964 75.86662915118328
4.971216824632996 5.631347897134575
5.023907731989774 47.4611039729343
25.518082682533926 52.52413874523676
22.960475400784674 59.827208130532064
40.666020537627176 44.928425720517964
1.5312792965610056 15.236154864549345
3.850757161914675 60.99259008553099
63.06436844329133 9.61229606993732
27.454934448475974 64.91300018919573
22.627621637445138 1.4797630727588995
78.3649513280305 44.58082517348727
4.296477561718448 78.88588319814649
73.81287615080541 24.96471278411918
89.70615624153592 52.19578407423986
30.681867876190495 54.97996558796348
2.0315784025212613 29.50405419720856
93.17970554955069 77.58645626880359
33.88988878373021 41.32864587137928
57.14482501624922 81.86126494621966
24.595209843107856 47.528200957454004
42.83908958178064 50.61890175170962
56.51163865696509 34.924998984037956
49.43426339429515 4.658897616948066
97.0817251058687 0.7318560040290745
9.291066716872942 79.34797315475896
20.762627619686214 16.03047253820913
19.962932626843966 58.039340125469984
66.73909792097648 5.797216082185863
0.5517471322110445 48.415705479543035
76.78256014554765 39.36416324115453
31.503702741018547 43.950677400797076
19.58713472894853 36.71913264623945
48.36328192819073 62.698436012941336
86.58715930113733 52.79347400259977
30.48398547035436 87.9274075690009
29.029868107790225 89.75715085303362
44.78764478625994 39.66719573943234
25.283031168264557 70.10583067869591
50.60545966628132 24.36254455940423
54.2768406689665 32.76583455785054
94.90749923878303 12.199477281352177
7.760763860939313 79.78846626144221
6.890536239893663 1.9612059632167167
34.43584380540796 66.53835276296887
92.27758405919344 72.39042603343097
62.87277314192323 89.32448116697351
88.0382286045706 22.10747200440084
88.02846907874753 8.026207914581263
21.589359569506673 95.32990736663595
37.90200817414331 20.32801408634679
52.34593779877235 99.59972995213423
10.773965096107641 10.602641670181567
8.149418613888159 1.335711803521722
60.16264165507727 33.69329964867425
18.308212730696873 71.21629539552656
85.01526113702123 69.7210892065015
5.472538313681774 38.297844710730814
9.220530317893406 54.94387768070319
2.0229529034226923 7.361250240679373
15.37174611152141 86.58130002172675
61.172766816303636 33.37249013071024
99.44159264567986 48.601272590725706
66.05876672038676 38.520172008910734
93.23134714117471 94.88785776375965
83.33193553852635 46.6812011517912
96.14245072609324 92.12248106129175
96.40729186305082 77.41879526039457
78.11353903253723 79.29449370081659
95.2206905811333 72.58498754196172
29.85125721668671 84.78535771347842
14.2778581291487 56.05147343629577
22.36501231566208 88.90896917572162
14.027178868335266 18.76410743252679
23.87865052665674 97.47315270962294
33.92159624799507 52.16689818553548
88.40689658696208 59.22638590885991
0.08883358577498335 2.0064082352682533
63.5783120853912 48.20980948467
19.990861632813072 98.6526229701746
49.34774532735082 92.59386192366294
79.79832550091336 18.14996873433541
75.19303238997479 79.39223627553613
16.296935438658156 94.74425186433604
58.53992707915947 4.516527669291359
70.85156600531157 1.1052522297962275
43.84754907570454 6.599307870328297
38.1763326727276 47.90328929612053
94.85964853799021 59.553897070088844
30.38476726538224 88.31237493607883
10.365627447235436 2.169762280661902
14.263496119445573 82.05647850784918
78.13386998970297 84.32912000952284
43.928193670865 94.23589087289959
57.77182734894406 55.00627727535885
35.28585076396234 60.511599972534036
27.338627665608904 8.651985985227807
26.351382023264836 65.28274064109158
17.015322479375516 64.51853728903964
69.1591273866108 18.878054467235337
95.29011332795679 62.567742831466774
23.767784053167528 72.5045969440954
55.96108719076638 61.99440098911533
60.59456364019218 35.565679153582266
93.87148433390597 95.17926351284072
97.75788647269546 35.34226604821893
25.338814994869672 48.06667032882031
11.98999488089212 58.708019419703675
59.200813907630504 75.8967526598195
7.10862353750108 21.214236060681824
8.76761687747658 5.914836352955244
4.955086120822294 19.983341829332367
74.75224239138574 35.97667916022576
55.30016715354478 32.05175982586206
27.750400376616557 15.348236783174428
0.8775007669648893 70.53662730190354
45.689140670653686 34.07190571587928
53.68645590043219 22.073304960416394
3.226454955714808 0.14163772519526496
67.53707541090375 0.9117806224651748
17.150477742332626 18.376297370739934
20.815298263875647 75.94517505585057
50.1395706430166 56.180771138732986
50.070998200824704 78.52413453318343
1.1485589235571414 45.981301619545675
15.998822581881722 33.914045729204645
94.29408622933411 1.1530321652346354
86.23601820118556 28.64690534801637
57.325236827134994 24.010464641844663
91.1454071682072 26.51167836972961
92.6477468982529 10.473724428447383
14.642068482097637 89.94278920596868
58.69029256715699 85.44239109627763
43.27503019553352 12.643272293502683
82.42582751675765 83.29067422931806
25.954945303272957 69.11675801724533
91.76104534780458 24.958656034622283
76.95481095582848 61.81021896279564
1.3548847952489007 98.49646484404666
49.27030050102099 63.51324891145469
72.72663034965319 97.53528009008707
22.413779182358763 24.18802929119106
85.06349353953331 80.35662090591427
71.48550765200596 88.60039150018937
98.45703585660657 76.00841338420132
11.326635606796366 6.9735731159473735
70.22557140178507 10.361804236749306
31.255141192661306 74.57407591629503
25.942811483870187 60.59309238074731
34.7168976170793 73.99814517330337
98.39640144825319 80.37687386836969
60.16543886958989 75.07018496080804
97.49556527291436 19.696520132478177
18.343053464678725 94.24037793570702
44.95616301449488 12.009395091136298
56.30570565672954 58.12102561388785
66.38891481161467 91.39531581595097
88.93966398961577 69.97008500106914
60.10018586855645 70.9908722572054
67.54631180838375 35.398769215402545
89.27615863978335 3.6813404339457456
17.995714132594863 19.060780860618664
56.16282248122473 32.64547149225612
97.06540443151364 98.17852007880717
22.10081056634765 71.54394556968526
50.713622386948344 99.43268734197828
24.51419658483147 48.642582576214075
29.811025306676875 62.082931339138334
97.21354494440737 56.19307684175787
99.8739262928283 14.030755228708426
33.900052979962545 98.96569275832483
51.15841499330944 14.39416708360326
81.61920953023845 98.40704258072259
94.53366635095631 67.28420474311542
37.420960557511826 67.6703788894724
31.981257211441914 75.06551625775192
17.323629694198004 55.34674668135362
34.17786098353852 14.556154285247768
32.23218178357534 7.02051222518949
85.4284362131404 76.44787808670924
7.267837685489242 0.719340316113315
35.69985966002201 86.49353719305029
90.03566146720605 4.915962300007104
57.823049510653824 76.85714125831689
46.49985872687088 34.718040013232
64.73592239384531 98.6160001156524
35.855687243648696 18.587790327590948
62.81526067863699 48.1477450449864
25.008740754630153 65.78894323127041
41.6629413531737 34.74413809768748
44.665619203012795 81.49222592478085
20.187911129712454 53.38735018349479
63.39556648214115 13.561014223538969
21.387363068451883 3.9479529372864253
45.22819805728784 22.47364952554294
36.08030785432226 78.68101641381722
40.91257280627718 76.16268915924489
0.38207358467436947 32.2021030413181
56.84155007539624 42.933562060294996
76.36344371547085 65.14913970460243
9.700046621888635 13.836729862753039
56.809851631187236 0.6269583395536404
68.11210443149562 80.40931880802844
9.39822375330046 58.995484699660295
29.216988116940623 67.41664686161579
66.99052547907611 23.974780548626605
1.3974173018175273 77.67791203206073
29.44331574428345 68.5145279403058
67.35947756925711 94.14653088267056
69.05661990881937 64.9989365616744
60.864407839594456 96.81261637843346
21.82777738484445 97.53126105290984
83.97292623592512 37.78600983246836
97.55348456175237 77.57008955299263
55.35413193207421 97.20724031183514
14.199260276666026 37.03620825851974
12.640713659939863 84.27912542682657
74.66729876744964 95.46148412989494
94.50805945316989 71.95368968046878
5.717870369080713 42.50534326968538
20.845193429422526 14.642098565943517
55.93983681825898 39.38786087088635
30.80923416439545 22.911642397409594
2.325697772734703 61.90033314397581
29.575165413133853 9.820878222679585
35.4404760846158 12.187566431079189
55.45220405248594 36.46782871257408
64.81027443290756 74.61956246507202
35.88436858538528 75.1553171738528
34.50040284642482 97.24576339001925
18.128984926189883 0.641022714577244
64.95440680515743 48.62380987442587
83.899649336807 94.76060393329982
52.46789613249972 41.51998922824589
64.47398440578999 60.25739426717143
23.931345485731548 73.04296548650488
58.853435092222384 73.90066186644341
65.78057935147268 83.58401158652822
22.961675577508966 89.83330043452197
78.94361911401691 76.5508808605851
8.958140714027651 82.39880978156854
82.11997389609837 83.18927103343128
42.31837428929155 58.466538407739634
76.78955607531823 14.338913883722903
28.134520400137774 99.91623484693469
39.40642330922839 83.56808051039867
46.232936807768056 99.50634565941017
9.029503789697158 80.64062060512694
74.3509963360828 27.843320834784823
41.3889586983162 22.09540607762044
12.797435089776332 49.542732705945646
68.96801884020292 0.24284412302375546
42.961862491560886 53.46625190909433
16.186489751087564 1.7266041718889458
56.428484391928066 36.124151274379024
92.14163899681887 28.564872654436325
13.622250952110203 84.10256909095597
20.023145932503205 22.2130200341069
2.9490023716474134 88.20027183031438
45.664728731425996 89.07709578944876
78.72948804220708 75.15745879623594
6.133189373801207 67.11640250829967
41.305168328451835 65.92400112493183
79.5847967088926 20.20770938940437
31.06180272625043 64.56046148397787
59.7310971313729 81.912613676019
90.20363953410555 10.210481990035603
72.57382061920869 32.657538149031964
63.254429840676266 8.384817075287533
14.209457868140252 62.19759417540427
80.18076387447704 56.41490761080914
62.981774865030204 75.914107734369
78.52267439573279 65.60764709321607
95.21646167973672 0.9762571257635466
4.957850527875385 61.48261062723641
2.4345043871777383 97.04189348468444
24.93957811780463 21.77716330471917
16.29988654386345 88.06947370959016
85.83856944000752 20.950515177004124
8.164421014830348 60.06294366522571
23.944384293774014 55.4705138336131
34.23783077617411 22.136625154994594
34.512467728318065 0.7444882965116806
96.12499923722547 67.14937566650079
93.98514777706635 48.8674190104849
97.10202722624577 56.73579008491436
74.00738207884628 31.859197572782993
33.85279307022948 17.160163648303882
5.799603919447893 20.003771204364273
4.141010304884296 94.47584308103583
19.23867937662478 20.24860032803528
35.662655932165 29.626957609257044
34.28866652736924 98.6677868230588
84.46157630358204 15.265704680284585
90.7576234220335 91.29992380844783
61.390907846008226 7.800648167085744
25.17091928036528 98.51875867916337
46.23831503655666 90.1039262813933
17.366467400106945 74.9716959591872
59.19812324875326 95.80476539351608
18.07555073645497 93.47071829113587
51.35313504516339 28.657060897243667
64.00619174168571 20.5042346934192
96.88224632403038 14.899484082129288
6.559394427832865 43.31861168758484
43.379493661991695 66.51955050150238
18.981662156287825 49.525159316436444
59.017733357032064 34.58826756727167
29.667044927995544 29.301076110157332
61.62894135627006 16.970627273039884
23.061837880455016 77.07390549148985
99.19987730577012 72.19480168159527
32.63173494678158 55.37959434476938
75.99086029657249 48.21751446223681
27.379122543206314 92.50743756390172
19.094752873469645 62.45690310665015
41.63261757789134 87.15886083395424
31.13470152526552 52.57601550494706
93.79313771712674 75.21530052482919
30.45396470218651 35.24322776248165
86.28355290201921 74.48944481239133
76.64805330951016 62.56698714685045
69.37861859086732 58.657711247319064
56.45662240007261 57.47565539236881
67.57998031763177 29.277820191023274
17.214366257508583 2.51604630709259
74.85713749466913 8.404517747474681
28.39973465298742 67.71536629223074
65.4992425513246 21.679476950880062
44.27274259175853 28.840047749420037
37.42726495463824 81.61256650012238
60.81314537358875 36.04289266837857
42.64570755029893 56.18961185279654
85.19718294363541 7.5626675951058875
74.61485561614379 61.32030497109153
16.338368640285882 25.82542448311136
62.83112967196514 60.48462815133347
68.69546484446225 95.8725576261487
91.54305898878575 48.14709204183667
71.78568896080509 42.72788931077076
80.7301371632218 73.6308465758967
42.90630545835003 96.23205230820915
76.4586750461562 98.34467041257291
17.458375798752247 2.869965558227028
78.68489282842435 49.11885592710612
21.979804698973027 84.25146240104608
43.76298878739302 43.76269168971505
22.511490499436594 7.3127878794429835
92.53860853403515 76.04751544966308
36.727303427994016 0.2824201064553167
24.313921746439604 43.25570521096398
31.51316611325217 1.4744565742997207
39.7912612959199 96.817172761444
6.553747892409079 53.34416051308377
91.93363929759855 38.63511068250969
99.31984284499084 73.21193317109137
79.67750134045262 48.046901175858345
42.15562986393735 40.59395667796694
65.25650269199359 83.86315779902338
58.00390455394795 90.24024486934874
97.36716798914422 44.99257156298317
2.044904454836294 66.76397025371803
70.41173500508388 88.25633075948922
64.61385143474314 55.39851029455283
33.42163028614513 87.5790592106334
67.43435346376889 2.335095354197958
28.272610412661425 16.69029650701446
17.900208157483142 95.05292301111533
83.92120310930355 89.94699306756391
12.664089710561498 21.47206114539346
85.86813279260235 83.12427015941711
5.4454161463853845 68.4105217119551
0.6162043709151188 99.43591279102655
91.06282687659855 40.937059542960164
15.750547815251004 34.960501147881075
17.925642739117563 28.84332183036169
84.97483267251849 15.665213897447018
18.967849720044818 97.09063435436487
2.667999096623941 71.23737094979849
88.65117586748248 13.995093211329724
80.81156198307735 70.0794715828777
49.58258627049021 16.470716359577043
26.897263579891817 33.910206546028896
18.98471321334483 16.615965141316625
44.24838259270252 11.246047194495734
41.533486938106165 77.6209680933768
88.98610508929974 17.840350242752656
15.3464566675251 11.854691553159014
64.5144324877756 47.492219043191255
31.75418490319992 70.51475733999153
88.87523897594242 80.58790328852024
97.84787600910786 57.787369379960026
51.42535124593637 32.202050137450385
41.64413359264405 52.569906798069674
0.24376104113865704 84.531952532433
66.71962214945495 49.69590422064489
73.8818024246235 92.15363445310139
2.9252563688284994 57.926891485954
51.71837818102376 36.57139617694902
53.614938036954385 28.66600199491276
98.75683692145307 5.94863403899375
15.271271082274552 97.3312647877818
96.00685618976942 63.8505829661089
71.7572024421035 57.45725059272122
83.92005229085673 94.62885555848786
40.0366297332273 71.1675892769333
66.37593222841731 88.32906029860159
26.943035920731706 76.79295390055611
76.74265002679309 53.1939838021483
62.330248290584 19.33767819054941
78.07844103754384 79.05589336954108
40.095642571301006 23.876504425355627
43.37816569762043 51.3531571219928
26.04979701199115 31.592388366956126
52.8311315746093 96.276653597988
59.69423545778636 43.43734089600226
52.51436490034125 3.569747376464538
68.29037074602809 94.15846311273948
45.370398646539556 23.425744514035895
81.69460951489759 92.77954188590837
20.6540269321146 29.86887793638624
62.13762326793009 1.6788103572877855
83.41035147503896 1.2143144858435484
17.567390189334198 23.62718124883818
85.41234439964245 31.996794088542323
59.85923531715527 69.80450232899574
38.599506941869485 64.59281168680158
30.070733121746372 34.404396972908266
55.7945176029446 44.89889877462696
63.21735023098276 91.15917794309112
3.2527801728597927 8.334043334819462
65.75505091586882 48.3806387725575
58.35567759969476 66.41146985783766
50.109715297960335 52.51758734367225
55.441865419097034 75.33269878639295
82.16914394330423 48.97236831374548
92.69178634056992 25.386324598442368
58.525008977110346 2.580509068682235
11.279863736797102 38.57640208044499
43.864520521408814 66.95427514659073
45.60212110778203 89.93496623381164
95.29673877583922 63.1088503265713
49.44915608965792 88.87012426160086
33.39650870050625 10.371177280873113
75.09313554652537 78.37476245972981
90.87397251896437 3.4241087940817927
9.613522686738474 17.02069583687067
0.025209173825357922 0.5854568913298275
78.48048342591338 59.53581478379553
57.82267101697543 55.74740422966866
56.62880993057029 75.34737360113553
81.54387453666234 80.75696151431512
72.62264000423959 44.167897496711774
54.34315940452053 9.051084128303245
45.661160949115676 68.95323407608214
50.2741218448915 32.19788957788814
20.005431606419833 33.46756093758627
38.0452853273594 95.51344185573991
40.00678685067827 50.09164149871099
85.23813800718901 65.06424727198751
5.177603933011654 34.92508288818124
39.459211713612504 82.51773551907459
84.16159020659173 42.822394191084825
7.289819746042436 11.648316546855696
9.40440687866908 56.36219829497789
43.09453651651487 18.440878453993072
67.44049880455717 86.36484787228886
17.69522443444851 53.5185226159745
77.03305853256248 56.61012328432709
43.51947030833865 87.68794696867606
39.69011159984179 55.197714767173586
46.600917768999814 56.757007494622115
37.15203536977165 81.76862503177942
50.42334948950546 60.77508563571248
72.52615390511221 56.54209768384184
78.6272913168782 95.76088616853107
95.42807877127647 71.82000706422342
18.70041377043521 72.82850730370885
89.65190718670517 98.930492957264
6.601329330637995 69.50151518858871
88.8314547750666 22.940440933981556
69.97766447117581 68.3782425947583
41.19333148651778 40.257272602973224
65.63587459441985 70.79687972970592
82.37950957268025 79.21711418417937
68.76841255044006 56.99872352917508
55.876554737216445 6.63536385004464
49.19341145599838 13.34054218021774
68.89422487379746 54.45574250726464
27.174352255096434 62.50512393229124
63.8419920412493 55.60438260291627
27.00785622118058 43.55936182842457
87.73467045539982 82.94595201606218
1.095363771419211 10.94620401836548
75.93228550548132 4.628831113621601
83.97943038452351 75.11555313822014
53.08037123443026 66.65583327680345
10.502269109492879 50.18119648232449
97.94367279729133 12.211048692158677
13.283528967278958 88.50570262124143
83.3375211039761 25.59803266518237
12.687561259377445 56.459123864455265
7.041534908068581 13.18872879085189
11.532969176049047 67.48514719641186
91.52688578697399 3.3546597162854574
88.44081568395961 57.21184309044376
77.12315751154999 18.52193713584893
28.90702755391321 42.77377706887522
73.2955494725563 34.03350265222589
54.35613246634192 48.98326969482976
84.90012802440606 12.90123714786857
39.134128177151915 27.026400417316253
43.43667273991816 88.76657301539146
12.57386195886745 30.167053166690884
59.8452829364517 20.101147256036576
11.076252274001996 40.53755809573691
30.60377098714604 20.7053877566874
66.97146524182322 83.29936284985497
33.26688479762474 66.92235612367084
4.02228680548975 31.716427103524957
70.95015441500277 19.91112140997693
36.9808344429708 69.58346283461584
17.6757379087761 86.35521025396457
29.785620255503087 25.86171754395177
