990
1 3
17.93578181230233 87.09236021411368
3.447501464548841 99.40219995563331
42.800472859661134 54.50341394284286
47.62739197719801 12.070911841022959
30.41776436466648 33.56170708844206
10.695913521044353 73.37853808005914
88.600806153517 53.78966444161528
25.102447388177684 50.312980399674025
1.4414694947005202 1.6669392380854298
65.05259673628898 61.153983092537615
16.92223981904708 45.660554575575716
34.822331824944186 54.911035477884425
77.94224456666225 50.58839631697762
13.205067478695165 11.35559469808256
55.384601082891336 0.001585909229295801
82.59470371527901 59.45134119471804
22.441280738033818 94.54223195846818
76.26384470324177 58.8534422094517
4.209045009273171 47.86079301402255
92.5937069875725 14.005203871213446
15.991326307518428 97.44818653846505
63.160778972877 7.228654989279248
60.733489354344016 84.19892293294993
67.25921788685183 15.647258300578116
10.121537415130867 14.319512813343893
15.462639353621178 15.047804096889617
85.10416585348153 52.50591618333822
95.60165489841562 90.18746511149915
33.314421796986316 58.571676765559744
74.52954578470651 39.84865137373357
36.82182902194009 7.935479938516399
68.40217336795895 32.991686919028005
38.82233864756333 31.083601270693208
78.36258834477947 82.22373088112272
94.01051686741879 16.181837514695975
22.983315716801478 9.235697011800603
48.58426307478349 52.98318330955285
99.50896411582349 5.691609267690367
74.27731556822785 6.057982735782508
57.201895992217274 84.9427171906109
27.321533753781992 54.0327952602361
38.57402431328754 79.23622476706001
15.062361221797072 75.46128615099055
11.052940549912083 8.12237472187105
52.29291980669366 66.03148709092083
68.80471640093337 38.44155570581238
91.18857799981495 43.71907640900239
34.63850336352587 48.54765833441055
88.46555287736054 9.085662181206011
76.98324877396199 4.0592058059544245
39.30945240885899 83.8449087063003
86.70057449325871 39.15055526363369
26.907623793952595 89.51640045111692
15.623998511264748 23.77506039165107
65.62500694807372 27.539740416463722
34.77927016230578 23.228282928563114
68.92785356846629 17.06176218632425
58.55597628274856 0.09442036687576927
95.41479590623709 99.73841538694224
25.396635114320244 55.22218293033549
85.41159145719502 13.40913762708118
62.54471841879672 31.55498641634573
79.13824274569599 36.0919792086847
11.049477491467208 56.356289580635746
1.3599360592928544 58.03484844879776
94.76191583944342 69.96205963345655
6.846657838575632 75.7137114940405
95.84011066189801 1.1132290512382514
77.98815930423275 44.667589404625986
0.3725479790206432 41.618562289629544
96.74415488761407 52.97282583995877
92.52670676654517 12.446522463406895
46.79607364219156 5.655585273180419
96.96927449942517 55.2779537433397
13.520215636491706 97.04942864293243
32.551144176979264 35.54180933061784
34.67503860525234 16.15035557531368
19.037131528515914 93.1693336325071
47.100936788958926 67.45141608303074
50.9376442771639 29.24500810855757
15.978919579595118 95.26731062115097
41.92908280008534 39.400459958700786
41.61742769929748 38.812085089876234
80.59361488734729 75.18905015660297
58.27552053920881 57.97573242124694
46.89178386758801 10.769921098605838
38.04517599956485 12.417778176113359
35.811405593768654 46.30981365581746
14.668261069032829 67.53484524254603
23.373120315621154 77.33290828694403
22.640178449216485 48.459987776507305
57.54977303360962 58.79357186989689
52.587625955890886 96.69761785105015
79.68480566213626 80.90618281591695
77.27331212081188 21.217454387307534
91.66536492046224 31.052926570501892
66.6243447051744 37.22012266575558
82.28455418496856 39.43952048659367
75.13769951017042 69.76620826705305
81.52170639217982 80.40717469522363
53.28013775795979 7.109872263841832
78.90908452154022 35.33305105023488
94.41483534691805 81.57066202204777
60.126680585038294 66.9606363109134
16.894277104262013 99.27154795927193
73.12809397837627 16.032797099932306
78.52148909783159 17.4572750675835
11.219269724306447 96.29774588516942
80.07508105890989 58.247323197426226
8.515650550049747 80.03153026938953
0.2339564707611208 69.7939018887672
57.5829602883567 39.713518910090116
31.78572397333559 18.474582313558496
15.347506958879098 7.055221624341157
73.26181228802527 38.30616274214664
66.11666412413955 54.65513458019509
1.2849626949122728 78.05163737138426
9.183275141757807 26.783744104593275
35.64664694245614 43.42998295618159
58.40773120908058 8.141287970408339
89.45064953618716 99.71596906621694
38.5178015060067 42.12855670761719
12.450782673348426 80.20168739782356
60.594645475040096 26.148111160871878
93.8898988299282 23.823090596478135
75.86630433447952 86.74762089214173
4.570464544066444 24.55130772209746
10.405305374284278 41.768274037164055
9.276391851098786 32.07709806910499
50.777606276121425 26.659360688912216
44.184892647144224 94.47575963325431
44.96350752410314 66.26524591552739
15.577416545802913 54.66736414169488
12.21992519943158 33.991486898225
6.372108003787136 16.25579759072813
0.895689859352089 77.00579766752568
42.907365574958604 18.490637161671476
93.8175951820976 45.89402777572824
29.780279918688144 31.95313786283571
72.38547962809243 5.076660437713998
6.466120974101686 38.17477318200173
73.74676323988251 92.12888611749202
56.388939475570425 63.06154457615531
8.665267784667874 39.68452464793793
96.85143354537567 93.74254880297835
66.3250833543321 41.56726638596218
64.41230024676187 63.10697988193661
99.0813325309784 58.313478004382716
35.79083628608628 26.333142792396135
32.67647212909732 29.93850963266611
86.81063347058856 5.615876086095306
54.332909250649905 87.40379914494653
11.310940094894084 65.85436724041578
31.61794124482831 2.018358658921815
80.13617570714328 0.6990943977612352
82.99866588156522 36.80912218938903
32.53885334429283 96.21393395053201
31.457802777852418 57.8742617271721
35.6053071373027 59.7568078045722
39.68869848014644 87.87767275377634
20.940711520999034 1.8876354410140017
12.035638612344869 0.3730149673098593
24.379288520621255 5.776494808671928
35.444458518858404 81.63223057731311
99.62064939137774 87.58205062052961
52.62527829131973 90.46685008226427
27.124031709405983 66.49476639189183
90.05406074184845 78.05787041322192
71.5022056109686 11.852387264690577
53.52799858185384 27.926141597052844
2.1558641816919133 83.94154232092188
69.92349709163193 57.973327572733815
27.567534097776058 15.803352221964474
30.670911155104143 61.420281982176995
66.17777286061875 24.018474325055838
46.073434687460434 66.5773764022159
98.08870285808291 12.68062167975037
51.93286023195676 36.35798258848517
16.381370031695198 48.070783657491575
41.15462463766821 15.79302990029725
96.06963688319514 97.00718337367103
76.42224960747643 6.098275791271424
5.854462785798442 98.38093327597039
2.6808453429432832 56.156526601827196
45.81995827379508 47.24707067848377
73.10417636157183 80.6956222634496
21.503703607558066 31.043402881625326
29.042079007824718 40.96977476882995
27.297917024380027 44.36660336738023
60.397698251230935 33.23634658884145
57.57242198245414 95.74400373005432
47.79992247270008 25.49837534404753
53.42064892551435 95.75271816185406
5.138460649552967 49.84442222618151
2.265567759767162 29.425054217339607
5.535901460932902 96.40151106195415
40.62112125702215 56.81300307789774
60.792788556506515 6.862021611001556
36.15525750027413 57.42610976826663
57.50150633915694 94.7280075753306
74.22459466798519 74.09354107369212
26.63362037316781 5.0335891651927644
91.2126192046963 43.1106998966773
56.35018447716262 88.34342165890125
64.81704266770988 19.062207618666505
15.099631382518686 53.72396704807687
50.49335497137071 24.89018148312734
1.7034489364485816 41.48794750627231
52.483330505703975 39.4375305385509
61.153624747760475 9.754371961592456
23.136050857757674 90.42262840987625
27.78005307808087 52.230055412084944
8.918370203828951 36.37444123276696
94.94579809078907 64.22949078851283
97.72736722836632 32.21415217379446
97.12753755648271 63.400707196324376
58.44016996379526 55.21188036862643
43.61649907958083 13.851806261209255
4.664395883598482 59.762351631298195
62.79791051263173 93.1917705055582
92.60563059532747 33.582774807756756
37.8166176683755 31.19893811462997
30.03005829560914 38.24692675653753
73.40722051010087 30.68770684184119
87.66440686989614 25.331537430533935
47.186349181669755 93.6577405926526
7.536149937566217 19.873202147806257
28.643812889683783 70.68024087754172
9.043791396699042 95.97219934508378
86.68541294927748 48.38440153057901
63.29991746763017 25.75140464737946
0.6343158323681264 31.700412837953596
68.04509375944237 95.77760238123345
25.839930391896672 49.79964562749388
8.157335465926586 21.84915540148542
49.94301410527886 60.62812378503115
99.93516612666527 71.21338542135864
66.65308031675967 48.12687124925028
8.273022221604819 67.80382331407462
3.541723194897961 88.20716889392723
62.245003091534514 87.92370682869752
93.1427120745793 65.07874806145098
7.572793098979824 96.62833627728101
13.92109953285583 64.37290802334255
14.573091885883048 28.147115827159453
60.33303821769509 75.74877546176253
75.08537215268119 77.64306226503857
67.62798665028163 81.84028236650408
47.80598506720133 12.462391883161805
50.79288631116634 32.669933214361556
44.85885118948596 5.877867509620627
97.18138262261053 57.97450589486823
86.32852810155607 7.537082249395977
90.12534773069356 94.25433689380243
29.8521012820395 78.19237307815908
68.58906011084842 79.42168765506273
5.303286667934692 81.1051658164637
17.885968029081223 13.540381859927543
76.08803776187662 79.16570526468179
70.99443109942492 4.251658817944337
9.579067547012698 7.0633731458100035
95.79802424466415 55.48912347355095
32.58679461006224 57.59567373126806
2.9727017704997527 21.345613356225336
22.630915440939802 30.01642180420474
37.56496854664266 18.58698891887287
48.15421800650101 64.6530768271347
77.33268250156422 26.311705972523967
61.89480015841495 5.634701738462788
0.8917380177578815 9.6036709288134
88.30819390464649 57.40941034868365
33.25760910285365 83.367448628613
92.04114709720656 6.409756925364296
80.92007577448595 43.714427367913046
14.733654911188655 13.959393605515814
26.3418687295651 74.69020742892243
73.94304157643403 28.407638657438227
4.9945807130758135 20.10000450088958
32.42053465692334 14.560279273199095
32.19962146723443 70.41855786318219
45.06377540978483 66.80556824396982
44.34860152347086 39.557889896424705
50.41424946917692 64.16144337000193
57.26411274140726 60.28839018718195
54.08923559445957 91.60032866388983
18.757334415095663 32.89721696132264
90.50219709507228 94.94255700010063
20.417339801685674 69.15266449509552
72.48773057092927 68.08699386138244
5.959421408457111 98.9942289771085
0.5981230967402107 82.89549238851401
22.347682784459487 90.62531050105669
42.72065128215743 75.23888662633253
75.42052520613791 65.8541335493772
55.19184499441396 29.60891754240098
66.93752974571431 57.27276848743914
3.533858137124768 16.012831767051907
24.945037518599378 66.22424593162326
75.78487071486654 24.376244588328653
11.323878045289849 45.350307906701715
25.930240958711725 7.077547940364726
23.20185386534863 73.0847091531281
98.19180330329567 24.50797746665989
30.31539719306373 51.78257659330916
22.34842535941879 68.08253586918083
57.31667779352576 37.86563365235549
62.39794652392084 63.72684181145345
63.67004516826162 98.31583450429966
91.64324239128405 12.623374284993517
88.49326856151907 83.52404535201599
70.85441057526126 56.79705120461185
82.12687655386637 99.05178576427689
71.44482250874347 46.1183728339706
40.55701219429173 82.86444365327594
28.20284038327059 61.24142334829161
11.495404995834768 2.9521714679143995
47.9213552464294 63.06527364970027
59.73909055742601 24.129272491691502
64.75427280558111 28.307764861751238
41.577417332238056 87.47171533384717
38.17776918511919 77.60915555695405
29.757454884520442 46.72435522740885
12.884987571336914 48.97081796663654
7.539047818443079 45.14259750097547
79.84282473080935 64.01674418111315
83.09154809654959 95.11833774857537
99.2432419048615 97.03871856835653
60.92829269034732 74.26780153497803
28.905646825457666 84.30833875239765
44.81571788438883 10.92444795000267
9.256292018586576 38.07461519501945
18.732430587406057 44.44740590970018
91.56959988244857 7.107366414688432
50.97934825827135 21.086003965029043
38.517016134973915 81.91441886202063
69.62468428087305 36.95824645971517
66.87727839921163 46.49537670140671
74.8421148847564 57.39909667173624
4.8390165545547426 5.904856528689861
68.01530339061124 70.58585400560911
7.776553689592092 7.3053173319904685
76.92976911061623 78.35666791721113
19.73539551967931 61.132347258417894
71.70844192367538 27.53373602994045
85.65811187840684 85.89854348427978
79.71596904249745 89.35964968838842
41.212699909921334 31.581394165597043
10.240298323791475 78.75194658702407
79.77178628039199 96.50576390943868
55.862070719691424 82.9838526563897
33.401361076812684 55.03032948514892
18.110830487046535 51.06210042394852
67.53183444758655 87.4711178185863
26.44926025493175 20.28282853395238
48.87686160591429 79.1860317870279
20.33515800743828 39.89767101227146
96.2648531254938 3.4262327377175827
60.80485962534921 26.91661787199169
16.48304557306235 98.11931094731725
91.50322307733273 81.53149958369544
95.43705349946036 25.052096267558642
39.198596543781264 11.330395509570156
6.7976202197519875 52.08452862666486
14.975255582596514 82.35551191586295
30.248034483287167 81.42641271630467
26.49485294110654 42.24104019623569
72.71357563649632 22.11437508071128
97.07440182018546 84.64981856054592
44.26968136797973 6.025076958297215
46.75163808047809 7.528996258811516
86.42903616937647 39.429356216226516
6.037459172473536 1.1839752323021369
5.11018763236486 20.460475582196878
10.67663009061308 12.927701380707756
63.38633083363769 9.472589293487088
80.60542614621637 94.16472344800135
63.03385052716526 86.42436365134742
9.55501128680667 68.08502375436791
18.46440848930211 68.43564343637642
54.165068227864886 33.94970587046302
2.89775908619887 99.8358293462978
93.29784124096014 57.11830033730871
76.27600015335364 58.146362535982796
72.7278469253138 44.58493439260938
87.270388718519 37.87089465105122
61.826898090884505 76.37272053663402
72.74433482634196 17.839744114958144
7.678377372394429 19.356277629669783
12.326968898774293 98.29463707737432
42.46618729061895 2.9779596020391486
64.06569244962866 16.044048481109407
9.718879262094404 69.40602012907044
52.60707751309275 77.74204156510783
5.7440586875073585 79.69847748216795
9.572548449635644 27.936916217591534
99.9877431105521 4.251867801491205
75.5273056491754 4.598954886354778
63.40354764898552 5.9168669122338535
79.04857996349041 7.606093388593527
10.625864849761001 20.413752975234555
50.44253107349286 53.096590231855714
28.959059065028004 98.26643229980341
78.16629547218679 63.00278589571886
85.78729025173011 65.38374148383159
79.94065354974609 71.83277020805501
9.629322646894 6.125416033615361
2.553103490786257 83.49898745315795
6.347156281080446 93.68046192574543
94.37327441839447 96.99106886129829
87.88033187695189 11.719172801446076
19.00056624621125 81.50961940082821
92.16131676246502 19.964790883846728
69.4257457313226 3.751546819851259
53.7273884823908 46.545654077027464
95.4085329589501 27.722400669614334
48.082129325907694 5.050593449681173
89.04672364324307 41.38886214614325
63.40506752518185 81.04217839516075
21.24575074651853 16.25978040618914
94.1076458903984 89.71789352358019
28.88188628559416 68.55995030302799
62.20190102808776 22.747953857511185
14.233422915173977 48.08104168512723
19.049214157905283 23.50780081879009
17.054668475057653 34.68711569191352
33.80342405850219 84.12406433283974
43.93626742051717 35.42502996024726
71.44063821876938 9.653842973756799
67.7809833635538 64.88591046468066
41.978328686915646 29.752397491559446
32.42399655628743 90.15055125338304
7.881393846929474 65.83882042640634
46.31899490380571 13.74663541543162
18.36017067558371 70.07313939286244
67.6278210463434 18.51085860401531
40.37433260683907 25.255945785366407
56.88699876846284 75.66874891348243
55.84117083158402 88.17603802825742
3.547269058921265 85.41100894311666
93.12289017590048 2.0415671760813936
7.166204607048576 0.08722375396166271
46.215616344810684 39.296917647356324
21.14841339906568 64.65247596191104
52.21040614509962 95.01090054743248
81.47378819513655 23.654563846697975
91.27242380995952 38.970356586158616
61.9614311821945 83.14397787035037
91.12649564940054 66.6794309558508
71.27473225470445 90.9249448931031
65.5533207370948 81.64726726791062
89.10403058960684 39.4928986758039
6.896699652677429 42.881784751605245
12.392422795741954 23.002409283467017
96.01128501119538 69.37011385917158
80.33908369269824 23.069380995107647
39.49138196710802 67.84771880615796
82.50875597481553 83.03234162038653
52.46774605027458 85.84782089629161
27.45128663379992 39.2623754405185
1.1878793595900605 10.812079885736736
55.30067440559243 11.065150688165692
38.02378946483218 29.52957703574257
85.88940180516835 94.34673844118267
96.55792065458004 68.53432300113073
39.257049299547454 55.42296871924166
76.1082031512378 73.67664371677003
82.602303805337 5.255111249012545
65.50610119070079 3.6984738784174187
45.137255143484055 49.25709516008789
68.50864500981973 95.36288537532029
1.024792941847652 0.14868787144046713
48.86365974903022 29.14061368389056
85.4444965040513 27.639943332747308
82.14786249778373 55.65469735967934
1.62649732888962 37.41287705980887
43.13217207155484 34.512836439840044
39.860705878001276 6.007621275216368
98.98893187555686 32.538941292279524
97.15860169826831 46.71992767154083
97.94438651347157 29.492524051103054
56.833696335826 85.53629128149555
75.1606064839267 23.582657838013965
12.329028659523633 12.336626070247592
80.28466493299213 5.305942804590336
24.559263685793642 97.90485762827342
19.829648905921225 76.28450601929946
56.39815416227012 31.742196468672958
51.11494533928871 75.22087988205841
32.61067099682058 14.322248049673192
48.46385582622885 68.99803102160872
16.172092664191084 56.09190516610163
21.56975176795166 99.86371422140334
24.15991924863361 80.21400315916667
69.92239703376148 21.03717323744061
42.418558985874014 61.85528084755694
91.89679520233018 90.19335483013562
57.29717748410086 94.5675818368533
1.6067991205392262 2.4352556497271083
53.15530850900967 45.74026947830032
58.45817494207006 91.05535059837355
85.30875875694768 99.73881504608005
80.56773585676862 77.35105398522836
58.96714916752741 85.68628051506941
54.192253042320935 0.814404365163357
6.296443973185206 1.6920365763753997
99.01074883695182 53.31153217287328
61.851511632483906 18.116440051200478
63.040738086340454 57.27636189708449
17.793183593361462 48.427383107286204
99.19714109126264 14.254260320046686
58.8490175733491 80.88205404884492
20.719880444659665 3.6480751036169545
57.255058274129134 39.66751587119819
92.11039864622623 69.80851985015863
40.8463466793918 90.07863595070391
63.05609495733175 33.03835306551268
77.22396778223843 27.916089143922697
89.4895736203216 80.23453809213497
94.77300180650438 59.9996933670182
83.17078113913985 90.80333745374043
46.61344914761181 51.53533400219139
52.735549527083435 10.985934016873355
58.415140579958624 62.76879367525163
95.69654839736774 36.82220913441321
69.47864353260222 90.32852512283782
24.550268466080194 15.76720282604045
98.3346529841732 39.76540597356186
75.6044912336638 32.961581788707406
25.18287635716403 2.300346158670319
62.8736229224434 20.14310014304086
23.459499675628393 4.976288187982236
66.30847024147961 43.94719926701951
72.22398253384692 63.79840240120511
89.40966425695113 54.227289825534754
90.79854462319341 29.65215681587512
14.314584348995796 26.96925978882263
59.012408592717506 45.7779397249819
35.60660734356418 41.549456108848815
99.7511236126479 77.70917652723904
84.41856264401859 35.769251727064756
47.17494248337222 76.13428741588154
86.47349650223362 46.056648064350746
30.581719095026138 22.5582618221424
45.41926706864865 67.28483402851329
21.88774165383416 82.22138497907103
82.24290755856399 11.758575722433617
42.44181929512354 12.219487233911286
28.860684308690065 2.982131671437638
32.56965677381201 96.00737842940492
44.974156752494565 36.67639730682666
89.6858996006753 96.32900116776297
86.10979672536472 7.211889096697743
25.619586530906968 13.337703902550802
30.621489630216935 37.504137840550555
54.60387207667981 24.7558834287555
88.07452842651762 79.49524487007092
11.04327115009005 32.40553811688147
16.78440510857724 97.13535183404203
77.51226648064406 98.38705936720287
85.7435210111022 78.55693222146695
53.134580707232985 31.60239406225771
7.791275292839939 34.920834247246944
99.62684090652192 58.82575281631786
93.19789116906792 33.08583046815332
83.73948092466685 65.82056214217849
32.89886417804304 34.58784187937643
51.06806991172601 62.335488996600084
34.378855702317956 47.59020639856504
70.94708345049652 9.462705869419752
77.24800144754226 48.689322288388006
78.3940767390742 17.00523705746193
20.196033526372027 52.5085671782471
72.83251451400245 72.91664618826874
2.160846426504426 36.927912602733095
80.72536319098897 79.577548776778
8.647624423606004 28.638888921569226
73.57193794558172 71.18808378461543
11.390766063237589 55.97830248343083
74.39122435548482 23.99302832289272
34.674206935830966 28.53679713240067
38.08992405760814 4.899678541723085
93.8790843860628 67.73164634476016
4.540384469116976 80.05625954705047
15.398165062872305 71.90250032971839
16.011921426612517 50.45364379321229
31.364796286160225 97.63965603995204
49.05661076597734 58.37180124841519
18.595564898589203 84.16635999343187
23.52190763499109 87.79733186952599
59.63869594613125 28.07382996097294
24.729912926613462 44.28249099548631
28.79889750753697 24.460249881167464
23.624677644571122 91.38951163604688
16.304917230925085 33.41303736993251
7.704346227815195 1.94911300048497
22.341858959248718 29.46365175018071
17.289802417285706 12.665885323586966
69.7858518555289 62.52761037638843
16.137713351974558 17.90764589940892
88.84175280683277 95.60058030102661
21.084863342468996 13.746306543677278
58.870533877151466 52.0805943346232
66.5847407675729 82.29906595017309
86.48560851979717 70.72302218886057
18.663162138460663 6.739730141377698
34.5357338598387 13.561916259896645
80.31337160153072 84.96140991793379
38.97234576279698 67.90900019148313
60.357437196782946 21.28419819223566
23.484396656764737 90.63377425866035
21.821058565705687 9.191878912162398
63.869477046653536 63.64604138572976
59.300467749282035 24.642374106360943
9.663438348571574 14.38756786294826
74.71768082796251 69.28724921456168
89.28492605109196 78.20794693041893
95.37332045793731 45.451048967392225
22.885493023475533 27.270247250140823
98.14919675018574 46.525417643291014
0.7277838332996112 72.4026516490147
48.5035275224005 72.36380919608203
5.951737102796928 76.32691130242024
68.16989018584856 6.932600841018033
67.94438145521397 18.273474531438772
49.113089041431145 78.38896722715751
38.468175280302354 89.82345600164288
54.416369405457424 69.65218041562242
43.16065385966918 73.96471383582399
4.06423875302242 58.33789433655008
42.419595177928684 48.292871607222935
94.68797101450835 25.874992779403748
65.75481078212464 88.58177197785997
96.95464040255604 45.76478068271403
71.31774591451044 15.289284930776837
67.61803588541268 59.437532232079015
0.6049759012311196 39.33318179813814
55.60185847260204 10.959054617613884
92.725194797958 56.18046143382429
18.607325015892286 95.6018170850013
87.59148055732288 28.44556967016576
61.60779465030095 50.955123182921014
65.95077618840645 20.580910511890526
32.74558086452832 34.88975961476426
67.11829901090522 27.509035138816486
80.95639098543496 14.12412416812867
89.8434454263642 56.6884712538843
54.06480163878564 66.6530410244159
70.00896618821177 33.62287416953431
10.657908587537124 40.04807313744969
61.19232982380427 20.415743199092205
13.304072592716398 98.45314549899547
40.457916706122596 13.496929784905376
40.50903089424263 60.106902872545874
10.025650716462309 2.8379834040604734
7.633019873746072 15.095208755536472
95.84483758721103 62.24056417676871
29.24786140296931 25.204110765038944
62.64532956437235 23.39089906233205
55.41078197080394 78.1000844331208
40.07859656118109 63.38609917093192
65.99734460637757 13.473809441635186
74.93782234910269 36.390287265922794
77.618988451994 91.52485541021792
72.38665939705488 11.977743139390995
94.86757970567209 79.50371082839021
59.2642823130235 98.9081101508921
0.7634693528012493 87.06742433420192
92.48855495104371 41.646060113009284
96.27177419368007 84.0355855490522
64.06217873939109 39.83013012994936
62.899265910120384 56.4460922296484
4.861092557999136 99.1376243341942
65.34820964940067 16.130635777426903
33.60483485949604 43.20185994068599
48.34197803537164 43.90292429826754
21.490665548097287 19.565179095760342
60.77131635477979 51.097573016035234
39.082226889329455 36.9314881304021
95.81504997564612 5.200782458802733
14.038368120288247 8.640527389960084
71.96307211327509 60.66280665687096
67.89045746566636 60.520775049009345
77.01754728400499 11.386338161590404
11.708140750641771 58.685589283786356
17.310384181601357 88.53607126841337
3.246241462658417 73.40137459293643
22.595500803830483 68.89798123165983
64.28152614958846 49.403375415460424
55.92295581775928 32.19821153493538
2.299867903834185 35.04688494269024
50.040560636705436 71.75479367850653
26.43964110863084 0.540721216485962
24.57565266072761 18.927519846434883
82.4131711814335 69.2650641949085
93.91759313597947 66.81670235692762
45.82813852346534 70.6510616016727
22.24513249771698 91.86442166172637
62.39534084184935 95.93613446076151
12.84192275041185 94.73877356370575
0.08917067319103023 7.004597134172896
75.72230725163756 96.82731896711682
50.64143550525899 49.31795946619224
52.654419562896294 51.85476520432377
61.60580956074651 12.269472476971188
80.48986501284958 9.593432160462022
37.61001575219538 97.9184433971531
40.037213395765114 64.35748549525317
4.174496821386309 30.637404856817408
65.89099405248643 48.52019285334934
36.237537811627504 99.08714208168021
93.70495527359036 8.422663581895051
60.950755076390784 17.740241935761425
15.35512387418585 40.864239556526584
26.7410705964479 91.6056906740205
8.284675481219917 79.53404068872807
12.715723907346366 50.84021063667574
62.08701846167119 77.28051846457743
98.44763133308227 95.7253854000251
78.17689500012581 86.91230234499142
27.845556170550132 66.03455429233995
17.49932801746197 89.2737273615287
26.121464150488215 14.817074372942152
15.888180346048731 17.63710481460723
30.048087522642632 79.78717168000284
83.12776366624783 58.30573606625072
46.96489114506497 0.7725115604959809
90.1163957022451 46.44501527713507
76.25019004816302 4.786034228985092
80.70562235439505 52.03667955057982
70.74374023239089 29.09635990062178
4.932390688126365 45.36823652951858
87.36463361864625 98.68262722646051
56.78609335329503 64.56906454811894
84.7992470086236 43.80732294619074
94.40618993423536 3.184904751136153
90.95873164438079 91.11759330401345
85.69920585788076 17.653543854214515
54.048135716537146 72.0439079555863
76.41472138364291 27.104403029876135
61.539939161820456 29.176158137593468
93.93204049987516 61.37536424506005
18.67577406129699 30.730750643595073
51.72586377453783 11.675829950081873
84.55083638520262 12.616941023589101
15.551469784448635 61.62449105288468
72.58599928630942 5.174752713502584
57.326144302917314 76.16791854234552
40.46652037385896 96.97000301606107
14.141103096254248 68.97849945672291
66.8785905303472 90.65502314423574
22.918109448009048 61.93712339864517
38.67124686439141 71.55008336096986
93.70874197455714 61.949736944496394
89.49496424596333 15.459573283064842
45.197325652802476 71.54784286969243
18.614958176594175 19.944258331490715
46.119438152843074 54.966030390598284
17.635394256183613 44.42511155515603
22.060226963402396 28.774268975294003
85.36624088715861 95.1108266744429
64.37766716507474 62.52302419070492
99.79415354512022 57.15620127112943
78.62721225617537 14.30545477404246
47.81548457937483 57.55265010189752
10.55505603451592 18.741870836418695
2.3386259922460795 19.928700915450428
74.32629655137775 52.783194140855706
8.624528162246436 34.57977915163808
3.157184679096847 95.26461407651688
76.81808173128024 80.55875513780005
48.21841553975788 96.61762933467443
59.230842922708284 93.78022169428218
22.04889175427718 75.97187341034173
39.879524194429905 8.817261883856098
58.41022282865611 66.89340972917887
85.85623413226389 57.32971558781519
30.467390678053462 44.784060930709344
52.178539861095906 22.04286525373087
40.995181201464305 9.020271727624829
46.72513666165612 79.61249215293931
94.01618496839721 48.12837465929363
75.79225500236855 58.06025908981767
33.88990055625427 82.63813949003658
62.489388064830194 90.75496660907649
4.400076857509072 45.67705734174559
19.93842256028433 17.924794051382587
41.02155819087907 37.05683418022778
95.34047458543749 44.313205587594794
99.10168643909768 53.58360840729155
65.90070685328817 87.90707270006773
28.868727247464832 91.42762834474144
68.18683469217896 49.27099260170109
51.4610327364688 25.25892430320418
86.88652108157437 2.1986590263914696
79.87870383997475 73.23916537451205
4.129545964099801 98.00418055222289
3.8881275201791077 54.158202178759666
63.41645823423809 30.346698478420663
30.37571312035854 74.42752390786545
57.578628500966175 76.73985442246682
39.96554286409004 46.54668355224818
56.031876320424054 69.11975687595519
73.99331809365088 64.42160039860462
87.1240358295337 86.56548434680316
40.81629396425419 68.18157964101887
51.809922042102905 93.78565863478401
64.97954454889316 52.396144201530134
58.00145719633638 13.882942551561662
57.073408248584755 22.503428440117013
5.3883883600256866 11.589979971326049
37.16160860145479 0.05115852838732948
26.526352663342024 89.0377277471059
59.845514784137485 8.214416074931474
89.53575712688402 44.571946226405856
9.375336728961603 67.72208147958526
90.82651614963623 51.48423763282008
91.63598205735899 48.66124813160118
11.978719942677385 62.24775069117301
29.121882969566016 4.44199640062497
47.38992790187684 9.871155389716657
44.79509986603472 31.577663358678866
62.029493296763086 40.75876656891975
59.64313622542521 24.94397656558047
84.26897966330822 89.62283893790055
6.656886238291571 99.09827925361773
95.57987351175288 27.315287867537698
8.525018167811794 12.922105849472864
70.68245032944296 32.46732327309103
56.66759670586969 43.824201002513895
12.36265763125437 21.669565420584448
47.736439229412 11.672129315323797
85.67739783801332 27.08615693888845
21.692622807984876 10.84563838852759
72.6877220916403 6.4763522387526695
57.044608464617696 44.31738095230546
89.31055652554856 1.033514447541517
19.03051039100545 63.53380529452044
38.03254523513271 58.14384983248089
22.621045719830146 34.95778920333261
84.91404674419394 71.18671713088528
70.3833869692691 99.0413907814778
84.74836462997715 16.79839939702401
20.15970308940027 26.905792305038865
48.17529267834069 25.842643894079064
74.72702890701726 77.4966600888757
75.65341648674104 29.195236156198256
56.891086721533355 15.990205276645742
15.165645871626499 29.289932307110078
25.348772310925316 57.11135725168652
58.30186937638799 18.762319668222794
21.978978507946834 80.31079170918784
98.35791019814388 61.25466939843229
77.06427717174194 7.005254474252509
65.78498037775746 73.36386541427306
48.12582944228796 28.16925347583521
14.543382018500072 46.06848975042457
70.8680277165616 38.12949870039435
63.167894776807756 27.756321938530526
64.56132423665602 11.01433304876085
0.30595595598990055 30.00965947053855
35.070082123198844 69.77153504651874
71.29417971669739 63.17289676259787
40.87985427055507 56.15055588444198
22.668569269523164 64.07927133719708
98.39079686417517 70.14627059173438
79.2458428318227 25.109930377573942
65.96427076934297 43.61864631600767
56.3314427184898 76.45526184267406
55.24046059615828 8.36206157771775
38.70903627984666 77.50410093189828
68.73857487743979 35.54184779482272
80.558275004799 54.749830932392655
35.527097072663175 61.767577242070956
99.4591133193646 49.11492541417901
65.10377545454 69.76813772861912
42.28439895639349 81.15080027673886
85.54390280588163 34.543634691624646
20.515814813817414 67.52286482420833
1.501799509317947 5.2967446251531936
78.88962399767125 28.379870894216495
23.634327127737453 34.324597521986135
38.54059338334628 12.745675584544847
29.395658941897462 19.8996272129758
81.82286367453828 66.83633812600189
81.56208173669451 73.0648252394587
26.050322655998915 32.58036904657984
54.945937375507995 4.508375490523742
45.141776171912575 14.035506378228124
12.161491532536584 87.20013377190405
37.416987684708644 41.490850432601164
82.1180089419861 61.19128506349869
74.97369863099523 79.52060239951587
25.704169437009416 74.79336308971813
25.243054212788184 59.448616105318486
1.3495660309000845 28.293181332704222
27.447629791758853 52.26915055618062
48.46232471186384 97.4559856134243
81.58366100645 36.78313921718708
49.98512559700876 5.987775611680579
25.659016753794894 56.456496526158226
18.216785527013425 33.43968681765279
0.29820009886578625 60.57735014210517
43.81923151748166 12.647280084129209
24.810633188321418 34.94189154361027
82.37376250749038 85.68510954612165
63.08384555393411 54.30698547740611
10.817408213643386 29.997047764959127
6.002383853302562 20.91379485830651
38.858242544746744 5.768010387112632
88.05878447222706 43.855763292226044
68.88395509697116 57.3161950567614
50.67697206341242 4.356712250993766
92.66849392148528 45.5067213479921
93.96914056247884 93.30786193389793
76.06149980289139 3.4658691696036303
13.70237116039037 56.4100274688804
43.57123734670516 91.24021848073708
63.947427644754804 8.150873445910168
51.52544971485447 3.445588238573616
94.0757883855378 56.32991410093522
41.29278831643024 37.96891734424395
12.97095874925498 8.576446290843688
21.24181910639178 59.41557546222638
78.48078332683717 33.223400937545236
5.259332263377425 63.31514046740836
21.379575252730664 37.171752713988404
60.165440175440764 80.53666948928735
99.6892666975673 64.30425468131648
76.32648307407102 65.60055177214228
65.67595085928019 71.82136787694644
32.85756569037481 17.16206894480663
30.15660526886872 57.11414033815767
12.293573153349225 58.359637682663966
17.32399182416757 13.177137115140503
89.23786975757292 8.488678171872088
14.205089655815218 67.18794895651057
23.47848520350062 90.12067676649987
12.573084587068962 63.44315696027649
36.63593237681779 74.75929218951502
47.31281496340463 69.82136804625347
5.728808015249243 87.56487789693979
9.430530641887191 23.395345729923456
3.120773202506233 77.96003165433818
92.6258309198876 54.78453076934009
2.0631974764209637 87.36783836233101
46.16139721343202 38.320320610905
68.03413941027536 53.911032705040384
29.468406314050853 78.45768168515927
54.524603993677886 69.77274633585479
29.852270335126807 47.151815509249026
37.06411801970211 5.592012877113128
46.649364266570736 6.506950483301588
20.93866907494155 19.55699267172808
80.31809240089626 24.082835466173247
72.69225867807465 72.46180632099069
59.70856920159453 27.132850133851694
87.55543659685874 66.49832014466371
27.108576612295977 31.951797559076866
47.59227469047869 88.92396896234773
66.18026929681724 99.93889410904842
21.533738869850172 77.86047444171835
44.14982770957083 21.606873730791378
19.133359086655854 13.55116535933929
22.878655536905377 4.220915594014607
14.087689724676245 80.11511375115958
49.83478134602839 25.923331307177033
18.393501878985276 47.264316823002204
53.87142244748722 21.33622336932113
62.86076856719909 94.92889599125272
12.552952042969224 48.7996509695171
2.935364500844617 18.911786615569028
49.25130393711026 24.96970487226624
99.22712827288795 65.84299032380652
48.25491031345555 21.51985817280526
29.14467340720881 91.58334464163582
61.40169123725758 45.53942320213871
20.30428634136201 60.621752122773565
17.620913996283893 62.2893099066939
71.18901264620025 1.0142533687807598
25.829430723663883 94.60387999789721
30.288610638881153 15.770935092956684
24.14781320487731 52.60592855219799
9.968013735509441 42.591405506479504
40.623707388169315 92.67978048310435
40.819162055372416 74.6804090679753
83.97601586399361 76.9876839889117
81.60075107652493 35.15012241204993
8.99995693462332 35.31318614311467
79.09209042460554 18.576260837813983
14.543013829756779 75.79559956121555
