810
1 3
84.22004586405795 65.63153743571648
65.58193592827438 57.04251647466325
41.49647113601247 0.967736241242112
93.55048893635175 2.4082873545776096
98.02533392459647 95.38765377657887
71.83948199622586 27.880127542193467
67.46625732062768 12.237536704586516
43.37156909033277 96.31139719106044
50.27071482336372 25.271743604263584
17.300122310175592 97.37673878146155
82.16233949363681 32.8388936503478
10.681330190032812 97.01433300983162
95.14596160882994 18.39342724564976
40.88202506207112 1.2749394413758441
42.24301209757051 68.10442433649577
18.21898772605335 9.820238597630482
9.23108908732968 83.90561783679206
29.393234037821458 28.162119440684428
89.81457275692051 41.916202350807374
22.799819014018084 22.79197131524473
8.556069837137859 92.92665579728691
94.90329370327876 34.492935702598146
40.16716504457896 1.5743444493241165
87.69774110736877 0.11800802581993786
12.343535535888407 37.07342290580227
90.63639911787507 48.60449286061848
19.965760856892633 65.42314381312389
83.05101858974413 83.10885771659859
14.592835916775737 23.501809487397175
82.38047541493461 76.16661047188069
92.64324829647532 28.97047665320729
75.44669869161791 47.22525567660269
22.250715585210745 22.673256559447807
80.78021465526588 22.049513328187274
72.02185949564193 89.79728782047225
58.89240894987522 13.283245058737347
22.46291553877775 57.40282039206983
48.857705321495246 9.248202981775444
71.73023884067345 58.72105002212378
78.93026962798513 91.84513686464273
11.484857254193127 57.525133273718176
17.940779439117293 30.165906750308746
79.70605786521791 99.64909058913678
85.97738168333888 97.05303288147566
60.011463104597375 92.26012461624569
20.726767547150192 0.4446062928537442
90.749101343908 80.5647003963392
26.752490599618127 31.097179814586905
71.47674747417318 81.93454207613216
21.733994670995195 74.33441441115387
52.33397848941719 46.4721248272359
18.573379737648764 16.52733660354815
17.292949277224288 62.053106137862436
47.95466861443873 8.603155072554047
98.57946553877812 50.305497056936254
77.1125807573441 97.1135340519942
8.084592085249076 15.840840477145179
72.28933422725486 40.17979597943404
29.307078067317427 43.895668600342596
62.39174834077292 54.53663551678909
85.41598760918315 96.75246642882485
14.038468583549047 79.31954015693911
23.7145292746495 52.70336149816159
90.99090315064173 12.68662495144488
88.51127519401965 53.308639684369965
85.3144888172487 48.460478371098745
52.01294826695857 11.85186638367659
86.8807626236454 22.943140813847517
9.145626158477915 18.771832074969552
3.271666293038833 52.18932598729875
29.58523979209886 14.286705074807049
48.68366650131137 54.778002114316116
35.745552955608815 98.72661319198347
30.052106928214386 15.062778418661171
81.64097226374638 47.10280796891504
67.78203970985253 73.5171710452796
77.83994780622388 11.959335627683853
11.914175333735466 11.999949908234765
75.68121609099884 13.285947924789987
32.455550758989425 22.98605369483182
57.72723332102305 52.939783868018985
45.83993068933694 92.4200991735409
11.306465243032582 88.00097057113518
82.26896142385955 16.96284204124503
28.015919164679136 78.21421204914711
63.91541252549962 24.23060147750007
67.90592403821027 6.754588491890989
45.75385044528009 73.18983712744883
74.67032350395387 61.09294137880104
95.15679705383451 13.863222977027135
29.205784089797437 4.771884426238082
97.32256009108313 58.03462301511744
58.27396287094033 75.20449603301023
75.99848877534774 3.3464362579159967
43.98870959012082 27.08395192763544
98.40938188367237 68.73973156929154
38.072738795130775 89.10563763063588
51.401571971141614 91.56752027940531
15.292542629046736 94.8464099833122
14.195342545490286 14.190384123682698
68.7864706299172 59.77190754710253
42.77723481487048 22.534267671082553
0.15328339859084217 40.70905971550039
28.928456692098493 98.31449707954918
5.249915079793643 18.072018031841665
54.09007959633216 40.75306064021833
80.00511470182694 40.02169869327288
59.29581589911741 9.296619458252842
72.86626971158357 0.12169701744919603
43.360389626416904 6.948178907645897
65.57950110469801 28.68384320368069
81.2437878366706 46.683875393220276
59.0725369400001 52.83511157269991
82.16907862281282 7.125470114286547
37.825464336832226 58.17235589314578
44.21321331691879 48.99073050437188
3.9738760988500044 40.345968355464734
32.47062930844229 7.630781999595437
15.960227258461979 47.8090348789745
1.4232803516087467 65.01258647375123
81.23388508501455 34.178271869092704
77.86988166558754 71.58599017524215
29.118262328000142 99.1991538725978
62.132863682817515 24.748578370451302
46.4739642459631 86.5499722697426
12.51954479076629 76.39833535287713
70.67813579282716 45.00214942278
21.39845714936426 55.22530868977189
8.462763816495356 78.39902771198635
47.13983509184536 81.55382336956325
85.5010045232969 37.647575030206795
93.61561689589564 22.609058370613266
62.67808392333971 85.3935815028468
23.16254062517844 72.53744066560162
74.32309364853367 93.03824496013905
93.70468445984592 47.90041333265338
99.65344387116876 38.269408807243636
44.52637500979763 25.746599173545803
67.50805552928416 95.12559376060395
80.52797209034293 81.2221109693028
64.08207603594825 2.39264387092617
18.0300928398514 31.02714641434212
88.08632967201346 47.90117678007828
14.776263296034609 82.9890013082921
46.90609276246791 87.66886758008216
72.97519082369448 26.629441822669953
8.052696206758148 41.08803713569924
51.45125739848764 93.52215295295856
67.1916439596832 19.18595870259079
23.807633056678522 31.280244059957575
83.75695575483417 0.19763160240937605
78.70320957000516 8.302726216917055
83.62660441106947 17.18999930326781
41.79210396520876 54.42812220319653
26.561630427954206 47.78819701143966
40.13059008570132 41.613535284861044
90.74179194357663 32.41090076308804
72.8743685270045 81.32129404094499
26.23552083277838 80.92312515072011
3.425491355237975 34.92028725182412
36.202336078064064 53.76326287628086
95.41320323243305 77.73399499347397
31.944016025666187 91.79643524741607
33.63586992164764 79.65377012483292
31.033674044738135 40.787445368660435
12.65926785799325 35.85692529892095
72.6955644959449 31.031050553782347
93.38428493752693 29.459050104813976
68.6939874221578 32.55152454698538
52.866782108125385 68.52411285298126
68.1227736509171 19.155593925432846
32.009406996013844 35.44422186363694
53.74500594287473 88.74331845275466
40.507020871908914 78.64824940911292
67.18312378566158 27.544420016536407
0.0801895528515173 53.081721194127596
75.01347289528569 7.053568769089402
67.74926473747153 96.33291967004587
36.66212008096783 14.704680233628032
62.80621749158548 16.004085757614828
64.42039898349282 16.637502956330998
56.439294479578315 4.772812545991045
53.89069315677961 20.835748073129533
50.53839206888651 2.978333829928892
41.5799230630232 67.64863438081636
84.9045913277842 19.927142703076363
33.07384199575576 52.68552360879322
42.829123400580514 61.12318183101748
23.711826115104717 49.5427693251578
69.23809281262349 26.847662776296378
89.53030105400369 29.31447973845147
91.54269510094333 86.38050973435587
52.30818329670226 22.80447947463884
54.970520000654744 58.26673278070178
62.16986844295038 8.632670848120183
36.53622327333288 90.04683786197623
12.289057444002328 6.442936897178164
17.73252068466189 21.764691253682166
36.264286999968576 63.5601002432667
9.893478433286562 66.42148612593888
4.002191898035656 60.22261047609807
20.745727579181626 78.82190393087878
62.132348805056694 58.40457008114734
3.3698650244334605 85.3416737840225
39.5069700965607 56.15778177623867
97.89094058594439 77.1438960395015
59.23397315316723 74.50081526299537
97.39158812856455 31.51863489842053
46.50521874477622 47.49522289170074
43.54700718823208 23.147432602827188
70.37953048421728 21.432354621034545
11.248316930734292 48.65612878097076
22.689594454565043 20.79224859453681
47.23427901217381 89.14027885385522
81.21010964117083 85.49656467179423
78.37632005147866 11.623192870610332
88.4932260340037 88.56435182427933
77.31675070056086 46.582107804722206
57.3354782321785 46.32975014224448
55.26782582357996 2.911146380102081
92.53193846520527 96.17544928499844
32.93676855394547 2.810680558929479
6.717553246237196 83.10430215298668
86.43695127283428 79.23046673953904
48.99321444097122 61.16209105125454
21.0199092160404 19.72862355561378
39.09326643859576 44.35548403144083
93.10093678123572 2.471245676272904
20.71267445161158 67.16741744129516
96.04545675777732 44.19269719139179
19.87832321302616 53.349650620327836
87.80433188688097 34.1770156611265
74.99514649318166 9.365538757174896
96.15685292675067 85.60368706646251
58.68611658811229 24.614450053165292
19.723001847652142 25.061541833029686
65.1533154327504 33.21611309390708
38.44129995540327 59.57767913352778
90.39311806362677 0.9366475298154819
6.3983082336924735 10.011494787702869
62.01044132654958 88.26685890599148
89.32379235929974 56.61516882919637
89.68576450312113 2.540154125198968
3.869067748455146 45.05841833278366
13.076179438248282 84.56011826524426
48.18815499210112 73.33056354110343
9.957637365666372 94.68793406846758
14.092019764782338 83.97692890522895
22.908561075103417 52.052875610096635
78.05405223128572 97.12359700577015
91.2967014675632 56.00160041239928
44.855649205604074 51.3394870820222
69.57880113856734 8.775707661612087
98.34925781749793 86.83431261032364
66.49428805628574 85.20724125496261
50.31094065037966 33.18788101314467
69.67418024986726 92.64875015364653
85.63752374064842 92.10736620176169
12.955979226323343 84.3205903246542
82.56203044800834 85.75983328101073
4.5863854616797095 55.0700196259831
52.07445708953995 25.254422416198707
57.168605725149526 74.37703978711012
25.597204767244143 81.48167587042452
38.74901402064066 2.157645360623417
74.83679846786966 40.81876984700852
0.47467035393282675 35.93554388879796
40.84617155968111 78.33169865921987
30.69828372041068 55.86063720430909
37.223607614816714 30.65704707640333
29.214148700350194 27.409521181801733
47.70587243002717 3.9955537532887497
44.036559890714756 38.66830788848057
96.6075035802649 36.23892405380656
16.363622539880197 84.79897889842056
90.94159866602818 96.69099237891248
77.22982270202246 33.193690796205644
25.24729027290713 95.2998519858125
39.11284932304293 3.661500106158644
71.37511868586586 11.641472434598876
16.00479371498802 43.66579104539425
11.352917394703477 66.3223567728072
39.56244155751949 2.6487005268591046
65.95210035922601 30.236004527107152
53.78609626976507 65.817912685442
43.50162909070878 53.951102605557885
75.37762807064625 6.071185063860596
35.87076022646707 12.580077010659597
39.61909222930735 75.89939801511181
72.81054289164648 11.55976396468883
3.5897680969400714 20.003947982827142
35.62223993758473 52.323665481869064
48.9576107986448 7.085179306441725
35.65600821695271 15.231051572535904
60.01412982228207 83.2210381338965
52.84331019556632 66.46376707064931
73.94843353754545 47.594594392183275
32.21797972206244 1.062157864984381
60.70822975522559 69.22361486609461
53.83029904233325 8.13467235591554
61.88776137072334 8.185609909849578
3.2086738521917235 95.03025484864578
61.33314821004517 7.708790716309966
38.72419834965228 91.30273586879238
5.067085418767392 98.17499443215125
83.67641064699112 97.26947404102964
52.074571128545145 46.80863853974435
42.28167380816228 80.1938729001278
57.19291882906747 2.4145567429816106
17.740126970478197 95.13422921241204
69.59863880935546 45.05486840883817
83.08919322544573 18.50493253242831
2.3318975557616195 79.26897387189878
97.44179265558968 98.92243720171155
78.37873533909259 53.29514048807176
2.5390562808682127 31.183594671627013
84.06526509684358 10.204562902518632
92.96565319387653 6.513573228010561
77.22327511601004 97.4786471542705
41.35319182887611 92.39183815520005
92.14565267845063 18.971476653312536
37.44559635290765 63.379586110138874
46.40781989252385 77.88883911007393
93.33344220834745 59.33658293539577
55.738315697361784 59.72228869634333
0.7760642869397927 32.09223788316964
39.22812914967826 84.74014932528739
85.30968863756847 2.468913832735886
6.4630998726969535 82.6866912676058
90.78312519722485 36.03172231625133
19.44162508639584 53.24151654683913
12.685143716953196 71.16698200919967
39.214671537801784 79.42968710723936
38.277212713005014 94.24013581869772
12.806041140853575 30.573787577948774
95.29039156473334 22.49001972485596
28.888410805208586 19.889129220646407
17.773661989493394 79.93011056070362
33.91689294401245 29.067739522034806
14.282010658631306 13.780942899642689
77.62269338498172 89.1431385708982
23.30047884586557 4.419127361076258
88.75366489007695 75.58175976078488
35.44142419074001 68.43643956563339
10.768670803153402 29.601229891457812
68.92133691633397 1.9240734602082643
41.621534719801964 11.781222834094752
37.27678738340985 66.91836867206497
86.03574649346078 19.84326040682447
68.59901925230332 4.050802124689823
64.39930388314411 56.40206538504666
28.703641543132406 6.24522607862501
91.36050811401226 46.62550933540748
4.58453178508591 7.951095596548496
90.03356889658663 79.40286510128891
42.13754621468881 24.455729867218935
39.821587721907136 74.73939769781298
9.163728155871254 59.41242782480487
55.71209417489682 96.8163088566704
90.50506289064874 88.06587244068933
83.30922112084353 87.86655090711102
26.052653176726782 61.04733700542033
29.93339760948308 95.7636506127619
75.66239221325746 18.864698542549576
87.92663756252321 68.42998967490428
56.99963363451235 42.12931384590721
95.58152882743627 20.543082839542937
87.0835095704926 22.530408887540855
41.5235672595597 57.32411775202875
27.839562887859138 57.342372673410246
21.334631481488287 56.10349450306138
40.0190101131803 96.2293236559403
74.6710403795487 6.88290897557533
78.97818907912144 97.36576802798149
97.84256585665551 65.92308180689517
87.50040024111208 5.678105602036765
59.4705421294599 48.12479753958687
72.74469941298945 74.06449493550787
92.44774140796399 52.58605040635731
63.4577882062608 44.667970208724505
91.92900547679763 59.30118669821829
81.03797389164107 10.116445149527031
51.60859394755235 41.95334286153876
47.82746225392709 43.594261447498226
8.549346342715026 84.40182178913294
67.83192619076877 4.788832055345393
29.267547075809407 15.017514406953492
11.273928835503554 56.78721566198534
55.42718495020116 68.9581217754479
48.23102327269688 93.03771175434971
13.476876444762919 72.92673783622155
55.833501738743905 73.96084975029021
42.980004462990394 88.89448593835911
41.232115378984055 95.79316875930017
16.345991306622953 36.877535094723754
35.5723139179442 10.498088552979778
65.57664767508146 80.77961649100746
26.979063728187857 1.418784765538894
60.71589751234529 17.194391032145752
10.972864856977282 57.78654096916491
76.39312994455645 26.970518753108163
36.13863493587848 74.81818707214404
4.7096800548208195 24.399378625000256
24.906381153847022 9.038844811944458
92.92604389512987 76.744718974791
15.362426799865304 83.622264405228
49.728938776585416 77.94982067971105
39.19864470387 16.673655280941336
21.431958751714262 7.8195842891135126
26.39033307365819 76.49991583347202
12.250476584115265 73.10356017112419
74.22627619108817 97.0019421924732
90.38756659263605 97.38517527368056
89.55778347004053 46.99663183630298
4.2366182265128005 64.28923609469133
71.57058557025584 98.36606409945945
24.24399104374593 94.19860087716599
84.96442691361543 70.85825716451004
57.176663256297154 49.96162118271401
21.967505043185078 9.040959657070701
57.3157665726725 29.470034349107287
77.8847600366779 18.849862262538952
17.132117306416063 75.809770822692
9.922997860374117 83.07117028112559
13.721229854598205 65.40647935755082
78.66726734120802 84.77003017006328
36.29147347234849 51.12650120015958
80.01701332648807 9.525291184967033
42.36294213683247 19.586609586056536
99.97795920621417 81.76772471974547
58.56653813318593 93.26310474351538
48.41326039670049 17.12324966759471
78.50947669437748 27.18337118262346
15.129533938960392 3.517435094835286
58.03617934725991 77.0128770409449
51.85482208654262 43.13037992096429
48.95242237631614 50.773803047875646
17.299470086272596 41.46165729694042
18.87844854094829 8.139254770713865
93.78912133611017 40.49137070978506
97.15589343392377 25.10891484192701
23.877085851532676 10.544499699077981
92.42751925734795 53.72896046525888
21.339402302765297 16.78597708075742
10.556346825579643 38.69311430433995
50.27933736408321 51.97039546129911
74.83377727157696 77.10971963970358
41.94162190252744 91.10307861521324
11.695371559127587 10.875270479504096
87.45364348977836 92.12657303444962
83.4570473541622 46.49335003625159
96.81334343676176 26.947235831525205
14.562918188657047 17.647698067282903
61.131642938685296 24.894039263630606
82.81787906198721 33.2201520954503
70.54567727730192 13.809834408885656
68.8663239670963 57.35348120805934
1.0697116751227975 51.451065175425434
53.936031994069175 19.7098271110022
60.10425442127831 42.5791793556739
74.74523731735803 55.3499761292579
4.022999863414833 25.7933068931655
13.879891896612762 63.596752368027445
58.794538891932625 3.293071633108746
78.53877881152663 27.889870260286067
57.58033564561218 92.49232130884677
61.15611833981027 80.3668056180838
6.6082936449551655 45.23688123656362
98.3725156508503 78.84796358788837
55.16020728773681 38.08943840845518
10.00459850554094 26.138422928770222
14.785285572305806 83.45444303465534
49.831979540680194 36.08962406795173
8.055665571814208 12.005611634764456
11.409453349141984 59.33427869829207
9.700821354136435 96.59340820683124
86.16937618532224 63.80335168302953
57.87945845394511 38.69322899426919
55.306960135974734 51.67686017413426
38.09936549641579 68.40432706009416
88.95157928953226 43.603272055041465
4.356677123473052 5.531657914452115
14.315648969872186 52.000364451459234
2.151110241722809 35.17346753245627
76.61661831189895 60.0398533321874
46.65049016972584 29.52396636334036
47.54958234238369 11.821801988587865
3.579628403799817 57.18780911277843
64.73264151130668 8.11675183904541
57.439501094661225 20.599832335646706
0.18001175629449584 34.38252430109361
64.01971711910531 95.79232358841925
2.945003958189951 43.960128387706796
73.14183656956554 93.12687820484682
5.409511792893684 41.94384007987706
7.16075689999649 28.950429667575484
4.633070877105894 20.101737497722596
40.50987063527243 36.05305432299093
24.231566819837024 76.99115721877061
70.02815930672614 71.73775166308491
95.54012619700568 70.10737124725739
90.08406675242043 66.62674123762756
84.08094152308203 9.296824456768714
26.757224767451703 98.3670910479886
5.9251787921467125 70.4094646028518
69.28700268505328 77.70277932880747
28.82507854557337 38.027063518278695
79.72844866507751 9.674842720287602
75.68517337444882 67.54101124607726
13.589348268216273 86.828023163418
67.60432248007173 74.85488712242716
99.50054858861968 83.46687698488483
96.52335029877388 21.94655808381356
53.04484158434744 53.140181844315414
60.643594910918374 90.04989645143806
87.78791423963979 59.53997945412517
1.9445166216758514 82.42869205499741
11.900261902933673 45.19713731063242
29.297016274386568 35.47436135453215
6.699789757823904 14.117329065391315
71.9519739311144 43.59145151204697
11.244283857608961 19.688375796243427
53.948043894160655 40.97550603741023
44.450222522047824 90.55836488726227
44.26460369590484 22.833170119480585
93.14873097822152 5.151420314495381
50.541975818441685 33.27262710039405
65.81989590710408 87.08987143336127
53.09635691136536 0.3936889023998136
31.685109125993872 73.55843203142611
28.892629500715007 57.703806387152426
84.80945437571994 47.06081264617048
17.87024106424373 15.684583406541353
69.2182585092532 39.4230387408429
75.32120366430375 36.19403312721383
88.01557131304713 3.359160311954845
7.969524810116013 24.06160460245954
99.64750188253745 4.692550533269801
99.168530469111 88.99014558695816
11.208537972333499 86.51881004539896
71.4845178140076 56.18346804011658
78.34950126675825 23.674233650779453
87.60784346871044 63.2834112493895
63.690271482142016 79.53170280859052
86.63281080810141 96.6237126603757
16.763277251881025 22.80255380081544
34.003345839602204 34.16955297193876
15.033184368897912 62.31013633511529
91.44189295452267 31.56642621462369
49.82462148947846 77.78067327868754
9.457987342030648 90.29482090337304
34.47720866501205 37.451759081280535
44.99111751669933 83.43889993421747
32.53685514731086 49.30680898757211
19.849680767313128 30.36660460733833
37.1961162237586 56.15863369801393
96.39118238739597 16.964853078939935
0.5471897397040237 26.832623825486657
54.792065789734636 4.081387201381292
78.99757665988069 98.06862724790155
22.85244832659188 22.55455167381615
26.484747106210605 60.32746999437284
9.995977299919744 26.187428984159354
67.61606395557858 90.98413245896289
82.17356854577457 41.36111622570206
70.84420399096814 85.04242300482572
21.460626455155474 24.76008610047611
6.254374388108919 27.793411021766403
97.92180374693828 84.85064041286154
86.97871630274983 18.40601279613361
99.66870352032082 43.41900748276339
65.3592906643014 62.63845009636564
20.094640884934 46.32219021115576
13.000592993660721 72.99898059607715
45.57372453698725 94.10952941846442
70.53814931092501 89.30459318857584
7.82103845701656 17.01827762560464
95.47688762994342 6.386469555551999
67.79986334438313 91.6679157663414
99.27163667043285 6.059043182111035
47.40796312012976 68.14874309727506
71.19448571761299 26.931292373670026
94.67010937666096 66.42525858255566
41.005709265484505 87.99700570015798
36.58234016061921 5.233122300937176
40.583767684211104 2.5582981032590713
97.29319512744381 4.8389969850715975
84.99056156202359 3.5096975303371414
51.966433698919005 23.963527965909837
5.416025126303103 3.791218277056352
15.646548538141403 14.139509517677551
30.18090187320357 11.695391291819558
75.64972348957986 30.352847775281955
32.492515166964495 80.76690120343683
7.5877666173823854 29.2879913535822
70.7337037092309 19.67744717862807
72.89246512219403 73.29970054996747
88.82744305129395 51.99414414909449
86.78241971391374 46.448920800916646
35.3394403733887 88.51562075553178
84.40990562816373 27.253905708162772
30.507764268448746 47.14956373127534
97.5193190317005 57.69593077655839
11.979030762037723 84.22086252678376
93.93607751191033 8.671245248128368
82.63702469625565 18.30296352473848
93.7056575915643 13.825426515610474
19.77193553305183 5.579241179560834
17.480128460623725 30.667414071475662
54.851004714028996 94.41742453924262
64.55398605640177 11.932532419287778
60.41279278903959 13.88613735915043
92.94148516893132 0.21820135702861343
68.68337735518537 91.01734434341633
84.87016380579844 25.38598017700626
1.1941686552594977 16.155668037767956
80.69561133227342 20.246188312756818
6.915289825384052 91.75279917960518
94.986127773173 65.5762072015148
24.696225530392013 9.566426684547569
73.4692202470129 78.1407268969688
18.079021149791387 29.659778335858157
61.18853413005731 37.71881264040904
69.74112209140671 43.658569917002325
75.07194109699205 83.17420011330768
48.20531299433932 32.29720793201301
8.813766725258487 0.8427786433762963
8.878929134980783 65.6672216007844
29.312878766628046 28.374076638619773
97.63975152701863 94.34688511349121
18.509200117026303 91.66045904317954
94.3537392694092 31.117909979795023
37.24585235754161 90.8942099531055
34.55350208934797 64.9917833874541
30.421443269560644 29.195769264964323
11.198075126047957 42.19387144653712
88.35948758206914 30.61200057402751
88.82768418333352 36.75322575987789
25.53255672141457 97.89209339332778
32.21520024238471 55.831346208430176
25.207575278210047 79.05080125927408
18.413889085360967 84.65291115981859
21.39057817437433 94.19867517103756
53.6400372633516 68.0792793016232
66.78331747024204 28.717723523648363
90.40923145910102 20.593513290208975
96.14883293068415 77.0262338985104
75.72277595652986 1.556786220721662
70.82026309986202 97.52570661642643
90.78124705700465 11.991964941302168
29.82801846648211 39.99402292350101
15.320730845828368 98.21189443769104
98.77248892070452 92.87420607195438
83.77076383348843 20.51145999980961
80.25286330542039 43.401704080953316
63.25701426669323 61.323885576084905
2.0728115601246433 69.7669219853585
21.939125931843307 20.274449537384974
17.03968080530014 82.69411223706582
60.07162055710995 26.87843090044273
91.78351438648873 65.45585777655552
2.866372025531172 94.94097533076669
15.333015337306154 34.74168177941124
2.989380844753531 1.4969295944567529
12.099948773051295 22.51883845555145
62.12143379389812 67.79844099982284
41.15773421620048 23.864252340857163
64.034998915653 43.20237802143916
46.68766933663573 36.0272072171117
11.865858056444045 78.25296906045742
78.84266588152558 63.162683737576145
41.35009675474159 28.77107190418735
19.373283229608763 23.334303500671805
22.309872383861908 2.4428038927762685
0.25580397785003317 73.8193230011596
79.86019205222745 91.77056727712932
11.078420654813748 34.14966491796676
33.97008766042102 63.60197242244745
55.91073444571029 84.36986315766966
40.194595203587745 40.14778824538547
27.895602860138812 48.15187670065926
17.50614567448263 76.59765933831746
0.3869122581086071 23.788997734754425
93.6494383132175 89.62584830411471
58.32463007120516 36.91682965803253
59.587377120231324 4.432852191433434
81.23786737072403 37.764863104121304
13.43608228448845 16.581660501259556
89.51337697676118 82.79933805711515
86.91531582640874 90.45494400851919
31.544374039499168 78.54539418291759
32.03093932939127 86.5655837851811
60.490708636123735 1.476870877003722
75.54003340234917 7.365155633507081
86.37000471538391 68.55106085296543
19.06885563075036 50.08120290032843
52.13218709305843 87.72765069906123
93.63260395433765 17.54101836204045
23.1274116024871 20.663556287538377
90.10145919363318 63.252694396206756
19.835797144263225 90.79261810538388
16.509023274578084 17.00511242105169
71.0431076598557 12.103743950768454
63.55973887480655 99.82164843287964
71.3965228850822 54.75546982870665
9.527121996355348 24.35612116736707
29.690584239746332 97.83376147860612
66.48592034740986 5.23369382443013
35.93426944749716 36.205770632009894
20.727532592509345 74.05402267255299
75.99553877964547 62.38864331192608
47.79182729212117 51.33609832851938
1.2334953927434444 49.788743872451406
63.354375544885436 93.67718399402385
88.71838939490813 44.899081985592424
71.61155783979996 15.731030882891739
90.6757102090185 5.46508705284714
7.392027657998224 96.0677955719215
26.611073963861642 14.224728609475257
75.93098343351595 24.732891635904174
60.53452775108947 86.13968907111209
82.49484446139006 28.582973866471107
30.243400319349846 19.238299515922797
51.221714657649954 78.76139057411646
39.591186186462714 60.230523292952334
87.17313484690582 18.425088042359782
60.047631757994836 99.056761880924
80.97230559894885 67.991905257176
4.836633685766656 31.61182749961633
86.80406329271962 16.447833930239277
56.53831673986516 76.6348485136184
89.90838937782277 67.7073293287412
45.28450597879199 26.696588959663224
10.276582509564204 50.192795341023874
5.975891242777243 91.91797887171124
94.98841566560026 43.90660857257469
84.11427190813303 48.47184146138523
70.23103898335623 3.061796903302838
84.61885634888799 42.041024449877185
59.124324790948315 2.807286363088446
56.79142862441016 4.475881659478498
5.563135146730858 75.67428284411075
32.90071831710269 76.60862880104989
47.5318109433484 68.18361052881517
26.430681901618904 8.949428535658054
86.24316364159182 88.45757638951666
82.2358043630291 70.19090424548997
55.65391196261598 85.30912291166501
70.98891909323454 86.00841945609565
87.8768949394652 34.35436482414937
1.2113504580456569 1.8693778711202036
99.12958936534397 60.5914973495016
54.427265876729614 95.78068020798374
55.05283712471125 20.24296787598392
41.59404959179733 80.48813224239544
83.80816064932961 55.40871835516592
21.217973810174982 54.830188640796116
86.7832165074173 99.48878909033871
57.58596165651282 61.16724870713195
84.71259379735892 49.05233992637097
85.99315313061393 86.75162339442215
56.8689374319046 12.998824393440135
18.050982585951214 25.929149928507634
45.18795656376036 4.23244669088243
41.86977537360861 73.58075609877301
47.867085073920144 96.41836134938238
99.88092440951361 76.43848156059177
67.3649734402938 28.41041091672696
91.75543845192999 2.3248100188517196
75.54083338271845 87.2571196371217
61.31402967028552 44.50264595413449
56.15139490048946 16.095250739349698
91.22240686214506 19.961974507079905
19.90862866282994 87.83971517127007
79.79737589899368 87.31318282322565
65.56240546870676 58.466512524089076
4.253924145237065 87.78312992276771
43.21798161015327 91.70623281498538
69.98714506046022 97.60348717082059
26.540318395685357 44.0631535808802
91.12338167856664 92.21564638584887
42.513895553647174 24.866913592273864
47.354150394261715 92.31081233854859
87.52225834902292 93.57442715230926
89.3441434740836 55.860440561154554
56.96149543778879 92.24469255363199
44.642180878508086 78.33732397480216
11.363970376678711 30.32450074491124
2.531707452789833 25.086314306221325
26.039624218548198 77.73119515334615
55.79407307022692 3.3879683904438185
48.661413495328645 25.30544260237948
84.46211158485895 55.7136543516898
78.83601214458167 60.64738943017627
74.50194808432748 73.63988692412504
97.53471092708375 70.36118143701802
66.57250078685142 65.99841719597981
56.74167352172932 57.02061887507779
36.56397097774142 23.619644451135446
28.870592214185642 99.91284400045595
40.36520157498313 74.78540004184917
73.68875753112899 49.383058319844395
48.822626147775814 47.58909216341798
28.016039372390765 66.28599168863536
72.31453095549818 31.411317098204062
65.57225031878066 94.96240496969777
83.11189331409446 19.452855258793743
33.551554779596614 92.71126962661312
94.05872201789435 71.71284343860565
25.688802956455792 93.73733367563347
