460
1 3
55.54080770806715 99.10197129848962
59.69550758767041 4.483965555314762
21.85556872987544 53.220856800249216
66.82638387537723 32.197660617613955
90.90138781568635 33.588773675579375
90.36200346915659 90.5517107598074
25.248253091385784 68.26085293636714
97.0611970223276 58.006596994467394
38.2432979979352 87.43063783481955
94.55270042381807 21.262781731765457
28.939983191095074 66.87660873632322
56.8608670071995 11.097830512285478
8.74502132722419 97.46237557261665
52.870074371337196 71.39015089543238
46.2950494927034 44.576400687190976
24.904235714391266 73.78236010882873
93.25797484095372 11.929919967963155
65.47342497058368 1.369958058706966
73.12434852149975 94.23600031606722
23.46983475024256 71.51606257181822
59.83578180229445 51.619085338562186
90.84202953629239 82.70838157231243
2.16958820347255 83.96445454286552
83.36160878249837 75.47185225710875
33.58439257174417 83.94217883103299
73.07684005038672 11.798320698380449
88.54014341805663 0.9592773321343007
72.52571693084582 85.94503823769664
54.63420085152564 39.938772822250314
5.021558458648756 30.376452978622083
7.236508608383252 46.128690791414684
26.13574251104065 94.36949179549536
21.35173908520933 79.87891546364878
48.85751081639964 17.954320772235466
25.474447708127947 11.961944851133
22.10187170918183 93.61396925427653
7.4422713156802045 87.71118648606111
34.48707512009066 32.72217818140064
30.24329194294555 27.81754250782813
56.022482872859584 36.47000321922529
42.313199337758704 62.49664126550167
4.710478659733974 19.1160779287221
16.881420535672078 23.361791686192856
34.79167049717859 81.26320794589262
38.30678203449824 16.34046567732166
59.82752056291623 21.400397464540923
30.03605763240058 89.2015962375002
58.80813041087205 65.94668913491914
90.4826213024879 36.403081547136054
15.193130989487047 57.245206595571375
39.893002678181745 91.91283782680246
77.11266946525501 76.25565667441579
78.13129874292595 85.3310185631374
43.943733144851 17.162877874860193
93.98190262932043 56.91625258030408
68.66569716039317 62.20879042273677
49.04541205665307 38.65161408545503
3.7390542359402534 72.7037266855521
13.130539889899984 42.55646020564934
68.13109642522284 40.22532741392821
92.2068452590325 84.93721944718236
27.31189721705438 15.851920221505434
29.64525912496494 31.91500567336596
45.77368735927037 55.03391156568267
93.71127556603503 7.714080152878933
43.28634154734701 3.866204751730451
55.49908551349265 70.48775742132476
24.62549566659684 32.96713979855601
81.37811227893621 5.674262306968747
50.79933820013933 33.138731894706666
77.24248301101464 18.00592337293565
94.99084872219228 89.85200703872593
29.83462419554508 3.5664290235680296
0.8386682795076039 8.313420723552923
41.745744478425316 87.60773085763746
47.67410952366298 4.516402690615728
9.033470971186851 62.941082885365795
11.502463354294301 2.224662062119176
15.05981244182486 93.54686044912349
42.90070795093899 14.440866458453062
54.298884140607996 20.467447921046713
75.13574168081686 82.37090240045089
22.384505727377935 62.553977858565716
37.87224221844709 44.08756103682232
89.44545214208486 38.30076003951501
43.09410016674007 51.14195244026032
50.93705970409197 34.17091558836478
46.00965260717646 70.6796876713854
55.08581699874564 1.4149719674529049
80.0030431981125 36.768068270101864
70.05350866632489 66.82289413527003
64.2013948459814 88.02676644542721
91.88483136778376 59.5122212723201
43.486218799160014 21.500918014374946
40.43068681747766 20.7128420447646
54.59344305473179 88.96846829783954
46.81982084405642 91.35628687554845
86.24395477139205 85.1233180784183
98.12419599825523 95.23249178826386
71.1021812920855 32.8803386576529
44.04396216464288 45.7580168540753
10.008240629564625 66.07608866072312
12.770976176744785 64.91931584079742
55.39706063800514 1.266976610814341
96.59531877328004 67.63686878779076
55.060411190178435 38.908588377527174
79.44078471331095 83.15964397936435
63.67056812625081 79.93161827309423
36.830780388206485 99.39997529777389
45.89000040739026 47.779695688057025
79.98130149833797 73.16886444493645
64.41704312624496 96.28129152545124
74.94933379961743 77.30966283667149
98.07803046116474 40.16536976288585
34.740440262562714 71.59533738272343
59.839499193131054 31.683147161174507
74.66244074897315 33.5866670236677
43.231624293448604 96.63618426135902
6.607396463962045 80.07689117227994
47.51753818389148 87.73094739870888
10.789123852199145 74.88772986353771
58.30176301903318 61.139411703506475
81.80680443808221 54.42103969341305
98.8599695637026 59.80731206126193
71.10960284487604 82.13868777174618
29.255339330692088 46.509944291329354
9.839838346692552 77.94944627356199
23.490421956271756 82.75705560133537
48.06593774921386 20.501122698216623
78.70368958616241 30.140536550645237
5.884540801174598 70.25034940077492
52.644218280365074 10.191267964156502
42.14521723170526 25.81362190521441
54.9257320011026 68.63218438183334
22.456220645301016 58.78145079435883
56.751420580372745 29.51083713099678
99.37967893005593 17.379837042954204
64.94464785051125 27.9882577085389
61.21377479491421 53.3044330592485
9.62894719750329 58.06590630858965
24.441234540870617 36.559470317521026
93.40363453176224 56.63311705705423
84.90218202345345 94.9605990780799
42.65307393454827 39.58286778613142
27.13004987358407 61.71865226981923
48.59212360102594 76.69695289853912
22.296608329050848 21.120197771544657
52.80246942687654 51.95697846962752
58.7026454713252 53.82659420387525
77.69464008624315 8.147202651505236
53.88833167453762 10.540871967628917
92.75412678624404 50.787867451897625
68.12375887019047 68.52246444727095
33.53219491271662 78.78232677862233
38.39225725436199 31.276381334523506
55.398532124253876 2.001456245098643
16.44480284538772 81.13875051618196
56.50801712650997 87.06947555553528
7.882797379047846 16.532954121173592
29.862485658074544 31.27083266350512
20.566551763065167 95.6942965628978
98.8625521181836 68.75542627922322
9.65641284993557 92.68286738563339
9.281765102901641 64.84127264106516
93.32786435819136 83.26353022140647
82.26339819302915 51.848688923546305
35.49014731315947 84.05459468054286
1.238986906132844 90.3389291012865
52.63846329439809 47.55953500991477
10.710507733646523 4.6029508294717525
33.68206135624281 20.679330391083095
17.621089008510292 76.7405635844299
37.51101769632079 71.507406137597
8.261104521001483 66.62289639799275
14.660482621057213 79.9254254204379
97.60737303838218 36.753078962974925
53.446438840425635 52.48802612708108
76.15790350896228 99.03138040680817
8.796114899311691 42.255605568894275
69.48115090723552 51.93960472184733
1.7561910240786238 9.220326239542187
58.273147600165196 13.53446155155682
48.51121417211834 18.576270746949586
10.791603641869996 24.81584398457537
49.472637866852544 68.18977685999086
60.892386545348764 43.023127502504835
23.177698071802013 81.97268188641115
36.564866390690675 55.09982194628302
13.706496918885414 75.84526093935028
70.44388314629535 3.552865856439902
86.48219943397359 16.946052660927393
41.02168746075272 26.222674245620723
52.64151088588811 92.09881482876364
42.12458759346491 38.164488217484745
84.47322925335241 40.272295058548124
6.061430159094727 14.689971442607618
28.988432155147812 24.97571045723006
63.47109374329216 55.90566299135873
84.71631700274835 25.248595425998268
57.60062928169369 72.7083500102056
88.80183461662428 82.66244015199015
66.70039620890704 42.91586267176846
51.77422836135908 29.545574268718866
47.3459197803322 5.949593069567594
95.97349279084055 13.763963328894047
84.32188943852219 30.295955282196708
93.03136886001715 12.231679444829545
12.64057938647114 15.259676172547776
27.525581873365823 7.875383023573468
90.88082115363079 37.887519918796045
1.9040568297216787 53.04216861784239
58.46613949750035 58.51678175880646
56.240216734344095 71.48454750044478
70.73110419848618 87.58784203188586
58.50613310207613 26.74093828867832
74.17088716332476 55.27332371881752
85.59320835594208 68.75616171887937
35.651477189905535 38.88301499524929
15.900080202503041 50.79262445195525
42.29504335935492 31.685817865195997
62.04871337870577 62.69870755128628
71.19493630526073 30.9630193383865
56.450826694178666 76.8254814159673
79.51025208259617 95.66418898050597
37.591662951108674 58.93522253573753
30.671806091846456 9.215534351093368
62.78646308508045 22.10470128764177
85.6562600857956 5.114451701955525
36.23949042611754 8.474843545660038
90.75422270936879 15.540422113125384
87.6440958126619 93.52323571138965
89.85249186324043 18.420009561784777
7.757348052468038 28.036173380521955
56.00579147612166 66.05348147512571
56.568243196627144 97.15482468443888
80.50915490961346 96.7880721535753
11.921392482176962 9.452414396246688
76.61752380275577 41.11716878796643
29.502217418132616 73.52731177835771
92.52667766103157 74.66716500682027
16.373412794216936 62.29597093935582
74.83659244547745 56.35197693270892
83.10152897160815 80.19495790939288
19.97830344246172 78.85992858684277
4.65601094242829 91.88685805384735
64.41270280545115 83.45016096627079
11.5472068269729 43.19047976690875
21.90792918411453 1.0746121871796799
57.84219084772242 9.940339349919668
56.059257783712766 69.50364457354223
16.04650009791886 5.254572784340628
47.30252327002618 50.08238731569126
64.98996287491123 66.89677614042459
98.79903032900617 95.25721114799191
53.71765528678731 72.99315886954503
59.985531798669214 81.86115948003274
2.5463479869096473 79.32771802875448
9.847273274704982 3.1135908153376857
19.471735120027024 89.7421869489543
23.024730747506084 37.68178091004724
79.09032310530668 33.757578277395254
59.751107598002484 61.90838552122262
98.54697236290228 96.41351770841847
86.7706106782963 7.749974938047233
81.62031911780952 84.67978322030586
61.50173141520936 24.085900969774897
84.1731816371694 98.87177602845986
45.8563483679489 2.5060723045819744
19.783058581372238 29.638752598794717
64.9758618155809 76.57818757486248
11.739008917560344 59.11846830800896
37.932721910291576 20.871502695351385
92.27586717377075 41.43234181494335
92.08700012110236 19.258410619541543
94.95046829135903 46.06664322794667
35.545283378666646 46.816713944280465
22.226247730026284 74.61237132814335
4.626335990668662 32.595763069816556
76.90628660655345 83.66483278049071
91.31670557255896 7.6321456573865465
9.758811243072984 4.662016201048957
42.62053055291057 15.075922602446834
57.85974792912103 91.40182166775863
68.47557139630418 67.10972836844351
51.630406970330455 69.912620647085
43.73852646661194 46.86996890358621
73.68813268073066 68.39864298203095
29.511987643073724 53.3650971374926
4.522153207698865 90.61513409848662
93.37476324629775 30.879369218673737
73.37452612758145 83.48561168936244
1.667150298519382 53.43674266720648
64.36823026034023 29.103027160931937
78.467863940571 73.9711749503597
38.89485381981723 67.86476542899543
85.5959649796407 53.85718237238579
50.37047338378456 6.133972940636512
28.440808746343073 38.76013640653069
74.5580494276331 54.38495454016336
40.94693681086843 53.728971320413635
31.990691218149216 33.59089484362423
4.726933696046176 53.810225486026695
1.8472983899314732 73.902142346207
51.775436320560566 52.48516284896245
81.53441643719069 99.55795427467254
40.87241486144462 90.8569042762741
26.289655601486327 96.0877356598328
5.4380174863668085 85.95967537669476
40.11312404527909 42.260524772353136
72.93888171964484 20.31268818927694
68.77726732736362 54.44710945229638
76.05744782426214 27.181157558826353
61.229367428659806 2.9198033202621154
38.15971286643094 41.846811952707895
32.813261735373736 38.887524610971624
46.93895736275644 78.00318199695495
60.71999993526278 32.72756298114461
84.75591044011874 68.71015168810163
41.477671222416056 53.75536770294991
74.21383001563422 61.48789598067628
41.88586360468023 12.823191370567354
98.19060474218375 29.984359134644013
53.08801116869175 16.44589811104491
89.15403159374686 83.17374762191905
82.92533732908265 87.71464767064327
93.38522726129675 91.8501564322753
1.4831185605436392 33.998509515569665
55.31236953809915 41.78945234758893
59.97244519822607 64.72993684055575
69.31057574362825 67.46750396083769
33.56132627031825 41.428295229431455
14.768524802361194 22.406440670629692
3.901970635366503 54.73898754929212
10.278840095523112 98.81181220939833
70.70625782042683 38.464836555210624
41.177725218455194 10.125506773852777
22.609446072372165 87.98351836448177
34.900919332705136 24.423200288791726
89.78789090089727 34.94161529982438
54.13459042777353 60.467581808742544
76.98621619617217 15.040042011914622
60.75763044322851 64.27258315186033
42.05999778737739 81.90136722201069
47.223733236123365 42.73273075720767
62.53772591061506 78.90186213896095
12.906910516256453 64.93155903789842
65.9584382513516 40.50840680998633
21.51568838638265 29.61177192101989
38.95574404656856 51.70366647649563
43.1641076535225 52.229868886970166
86.98431305550547 79.62228165806158
16.534391439885997 97.12825585046383
75.82097322918354 90.59975447050131
57.67067325464574 50.683581380386066
43.87298485306419 9.747448553349347
32.57953606511445 45.252744220304855
22.51646367745519 41.176425389559725
92.62363897508676 13.485900840008203
53.08336642304625 86.5203665845683
72.05936040638106 16.070511580929093
40.95994037721506 44.82558342647023
81.80713628740608 3.2207935612478034
63.604342993261966 24.506005561767253
40.808596156836565 52.95126403920487
3.079817903548099 30.999670120233237
0.9235429668905226 56.541815296798205
45.287024127817865 73.96063873747012
81.77927672026368 63.79394800206868
9.160571717145238 6.679845627893477
38.299257651863684 72.69787000720562
48.78017303422519 18.059368815815645
91.60210376010878 5.961924400818264
95.51431787145368 59.55266754912054
37.181238206110166 13.720386651681004
58.660434299994854 30.208892714472313
29.590535007758632 25.07516656345714
70.02350390808876 46.74630344387736
98.22448209201644 83.72796312451953
84.80017872922822 65.63925565340662
88.32045607181243 54.34673075397054
30.338029972067048 56.78815393929706
36.340110498766464 75.61282479197664
82.44886680300141 10.014679930947178
39.29642660377684 63.43816440618439
86.19490453747882 32.64478812327447
10.334151619438714 36.21840083935888
20.515475589608844 0.21226455352181262
27.39912150778172 2.153803385093167
0.9651278424416043 48.42106762158036
64.31574953621406 18.817420093921022
25.156181088706365 52.10431916363303
14.81605745723822 57.3278492251593
0.5474274794436962 82.26173171530272
89.39830432149279 56.80002680788092
4.480815390707282 64.14816378151009
41.85487885058099 18.318514112190588
3.999473244758578 79.00663165031337
37.568247138102386 47.30437019475025
40.14667125347082 10.391637309570267
62.10857786136377 4.747038228804601
32.37831901691326 59.41799291374777
33.71404403699832 65.97264000643031
86.52706115127748 19.357217046925324
72.6574227180931 27.3501403077832
6.420692712388365 3.7587471443657483
88.42824903165811 74.9837626084984
90.70291748699739 31.523654664218782
24.0732767473647 48.41952291937932
1.1546568395503387 13.924726963299982
67.70562088362114 49.24295113087207
95.84483310507561 79.9391498981832
8.369607349340447 96.00031310847399
35.17123361477887 67.37719565483818
23.225457599963374 7.308514315117431
27.353972158609217 84.26650039701163
19.898713873593632 60.31931472885383
4.528054349176758 20.8725757536256
29.115772629196044 65.40153907592182
13.94625038579096 69.97265937714067
78.1580715698879 48.637465291752704
20.567115371442092 12.185951634769054
99.1294065605264 75.38341297274533
57.56344324460334 59.39300626241031
54.15659972947224 69.43282657940853
11.369705830201116 28.59584013124319
19.212256984930654 74.7706897148418
47.035215839248856 59.11854539320424
81.35364384864923 13.184112341448584
59.154886016209794 74.80488057352413
67.11517331282231 2.6936954939981383
64.9988809566882 26.346102132307415
83.60858831558471 20.885299337140207
10.219214494456509 97.62287312624893
67.7049971675628 49.7495781399528
32.465636258132236 51.86945401630951
69.4578426628818 10.596275290428503
39.10562278164442 54.69977728069948
14.86218943587101 71.28581266954079
68.45812124183259 43.34632228286368
39.43576774875146 45.46619313028781
91.62195810235949 5.643328155677896
33.39192676161762 45.20013793702387
67.28716224900518 96.71392077750893
71.41638470838481 91.42121308374857
68.17717975694666 19.582488601856586
64.33233932617364 23.204481923429633
60.152190676361464 95.08143538900413
48.06659928355372 60.9740911389312
76.89288321635794 40.313790815441266
55.041906306197895 41.7799302653334
58.073985031970345 69.43529731360381
61.30052823826557 40.29875137290628
6.297486347393222 73.53380343802831
39.06710338251316 91.343952639914
21.59704221386727 56.12636493940726
37.48844631275896 39.547350856076505
47.978912259184426 35.79285883755796
16.821089530537826 46.14456241013587
37.88350552003526 17.6602237235727
44.08095603231232 58.73608317208825
