290
1 3
63.15016805459168 85.54146452777351
18.670613352083908 96.7247982770762
74.42509995751561 7.355895070268592
24.537722762339055 78.76762329495874
3.7951851927190416 69.35018175223495
26.616130197743004 81.8525120044363
16.358504113388904 41.84973669763965
89.74834594652805 84.99490039604048
81.62659897522767 18.04981387175357
17.74729811771849 7.824223207609227
37.678713136487474 94.81471278123807
95.83584553296069 30.227206418570173
26.37810187705265 99.87100837782923
85.64573882556718 47.35974825839959
34.330581477887634 75.97182472331936
79.35230874392225 37.78859615450645
46.60364527544591 14.3425608574119
73.14000198804078 26.62979242137893
9.141692577342763 76.0333365974599
2.1163870478353886 19.91255346931544
47.67158261938569 54.95240170945872
82.22967414226261 44.256083361497225
97.41260018430371 93.46868497450788
87.13596833415482 31.559879319909378
55.62835122505953 25.348805444150678
66.23575205633175 73.91371364256551
58.4504532934798 29.745147086369506
98.4870861435099 21.069768653280274
4.754958049458602 41.33806451887045
85.14648016108436 74.18857339689866
26.426141949583727 70.62742977287652
11.433364432541637 27.022702871573088
26.526013252386484 98.37374338692679
33.03577719952351 14.486788594490818
97.13665059237728 52.60397476886656
36.2400566880116 75.84422797298333
44.14774911483501 69.6283611753785
31.519960806876735 63.25421038872199
83.05824004525778 54.03630908886372
77.75476748713706 26.955979687264108
56.641073819354546 8.989276499330568
70.50825850174229 46.49396623446089
72.64024026757497 65.97601920456873
44.271377202160124 26.62055189472079
20.962862998099972 33.76297634523233
30.840306760299143 63.687464282512195
29.728219943243438 90.07485176378609
20.878715180760054 6.060574169300237
58.204998646282306 27.96701119310665
45.95702134631778 18.03101910022771
91.91831636918404 65.32580839415914
53.8214854882606 9.434562917265854
55.12473546113383 4.539792066748194
13.113662244702473 96.11577462212703
72.30814975410907 79.14556070726384
12.744456066151933 27.285399003620814
12.710420478167151 28.835300901566583
38.40847004693413 64.77610546776187
90.18247562881359 10.189471494181856
73.55636595152917 85.76774787388759
75.88129124129108 64.98505233173853
94.91776074005416 11.506584094083362
56.43799679379096 95.23761504798065
68.56377832653206 59.026296013905856
32.72066494879389 84.46497931225983
72.44412476059874 0.38251842004100034
8.356801010964453 9.928940678753651
91.565572870449 19.061330816205935
91.93301690213971 27.57437743576192
39.80237172972514 15.483479783719734
8.462296409362512 50.7663226541027
0.46770092695287424 62.626659729320956
43.91510000757168 80.59840284693722
78.51281772758396 75.37171396520861
8.552805162795885 1.6777744151502905
83.19090584375873 97.55968006353149
53.8037312483753 58.53509606127505
81.96931865572361 81.83366778833867
67.06177460618628 64.5017308501334
90.58428857588194 27.62721120088132
25.05049189624429 81.27577022449384
17.904311759035775 27.372176440082384
55.87547463421241 3.85107623872889
25.939036394032968 9.012858630642206
62.17864469882659 81.1174637657067
65.15344780254712 90.43100454461535
56.33621777683268 93.61547131133605
39.17408372515956 80.76809276188183
63.79395066195925 28.456079106969632
29.719111438813183 83.37507370045249
58.427566155988345 52.90511214560711
66.17701964269827 97.04955623969782
53.07447425651568 54.42976566521522
68.25958245363898 20.739503091240618
43.64825293755417 66.63383598613908
64.2781388108733 33.14761564465538
62.01089087426854 74.71431728288974
40.48238993459328 67.47709312606867
34.9336588440232 44.31862902838104
14.305460221932776 46.81579004818599
20.176590210077517 68.19823704571128
34.441517619809694 53.96484025837769
3.605680562695679 24.842508575698364
50.28539978598292 50.655151872600726
30.535773756448204 93.8347334740194
35.090830444190125 17.10304019992077
93.53188666225651 60.531984400747916
57.16764701720582 79.1275594090193
70.78004077910822 63.49456009185004
80.30917178335686 67.3846972088781
18.05968201681647 80.04083471260499
65.90043648650925 63.53785377667951
18.682123363402958 32.418457312790025
41.36632107207243 1.3668089777160608
22.988687152270938 16.83869748550364
7.603987478055463 24.26618215844416
67.438110580883 69.42279127657203
68.86623181209468 24.115221264037558
70.35626567851212 17.321296851030922
51.76948718700718 33.84222266685006
9.724109136886817 44.69960243194999
49.43586724669051 21.279144096017987
25.62938385770601 51.12828298046177
5.0641651490561435 52.57813598662684
23.434036321744898 97.13500202407144
49.6212131162066 17.566265128077063
99.08724381958636 64.49607811647127
36.935444139306206 5.722832758039331
33.50498981662086 83.18093033394672
94.17473362444015 46.19634691758534
59.63241824467005 35.53666627736236
44.82491785266796 62.21590127916108
93.69465721421344 27.967462716381885
49.62475122023684 86.20597535340318
12.026037610676354 80.55303707164434
78.53716195372644 10.498982064009809
22.26638238433949 71.97287298811614
44.03100840873182 77.78468836942412
66.86715388382152 95.94945739830814
0.05949052720510828 21.738627680567223
6.9493412917248865 7.820928736561084
60.30919954878748 88.85985615815493
11.514887784879257 56.75777550726671
88.09159138035452 52.57712677766258
62.897333941589295 72.07994118527465
28.925120009008175 88.530285193793
33.916074198668625 96.17270961598072
1.1326660330921223 0.5801450825774879
93.19540663989272 25.041677703207732
44.65070074884632 24.023448355793576
78.56421080149916 21.293802446052922
43.53224714358637 41.2400755084541
49.300075716132376 84.63748784981868
75.49318398385694 47.27886221497633
79.2279171240984 95.44849603325865
77.8694421030472 32.568817331721654
25.218951953903357 59.27044417276996
40.519124726760644 46.8638379406477
35.33292420360532 67.03951802810437
39.42779133351593 12.884324905711741
68.31174331012693 14.969084960296474
41.10337347668063 39.33632190431502
84.12447320947396 86.3368418908042
45.49137643059795 97.95260427688855
88.26460772745139 26.976235495246392
93.75110824420759 51.59967487031023
79.64207787440162 82.68162336769474
93.27338334467268 23.817555679545176
57.987188223560814 96.49359467808463
51.11308722103265 1.9999820886406727
65.54598412366516 76.15728789514102
17.709661421947807 80.27912230046287
67.27714651615277 78.51526198003214
70.3207114359857 99.34572045840136
74.38657096890992 15.111128981741139
20.274083360606255 68.269078080937
59.32025010819133 6.738826462946101
11.431539486793895 22.36898948579915
51.65627994805311 73.5997933089244
40.01763077204752 75.59271898070716
7.0719601667680765 27.394693861014385
53.63231530218475 15.970662479278719
65.95957654931898 91.0260485282975
53.39755411667664 8.733259253204096
64.88009215121654 5.3980157096019665
57.973392653181754 77.34847976078265
33.08173979276299 56.8762874654313
42.9422255861966 87.06060470461642
72.3628403464691 78.57680919042693
3.3449874591295004 20.178178740558383
35.30607286226803 39.28872087685542
22.114451733095297 57.62726071475004
51.24034633569827 34.38330689862805
63.81111385828937 7.913835342533937
92.993576360932 22.430520400054156
98.26397296254119 8.175853379607823
67.7891331620527 90.69444312711781
58.17569461495393 62.32367174362143
44.37770635675315 88.92563765990022
60.30520577133793 51.48219761875199
9.106472053957738 51.333319201585056
27.03388787479577 16.85500534132254
82.95120419714037 25.116675396678435
79.11605720583084 30.543001857806384
85.12074011364403 95.34461745949285
99.48189712267839 44.783159780400084
30.463968736697744 53.625151815677484
29.895813009506057 67.71839480152697
75.96283826104559 62.12552523877879
54.174166181042516 87.22169520793541
91.25883776747837 80.23821955111737
75.61157850240964 65.10287657895633
73.74094473045372 11.468251031696642
14.72475587272637 71.32409419287424
5.327252347749334 53.69582644857746
62.584914608691534 30.303615758160053
54.57436178903925 95.0316080564468
10.491293408525948 9.396877142467307
59.05850138843722 55.1787168925685
43.77825340909738 36.730061059039954
31.639983903411316 79.8791580354307
12.347150102919557 31.20677538458274
97.18807712308542 84.8599525432453
53.188657274589815 56.28480664723667
66.64882005604973 90.20594682564894
53.945843770991274 96.59113022543939
65.00661090689294 76.10067661816964
48.12354378230439 69.62526930794574
55.0634439565852 90.52233773571972
27.03484257638118 54.96163011481243
33.71263042071509 15.324153746506152
98.51174008313268 98.38105921126505
60.03486649391603 77.86631993128886
6.093523305988646 13.986072670090465
91.93148864475805 2.227964615607081
74.9101291004253 34.01473537456858
80.99185420970494 17.562247547089882
45.71745430035741 15.442088863201375
59.84366758274329 58.28177198622262
92.15160421130626 18.054746107502307
37.40462411619823 30.37923470799293
28.259413414369394 59.25540670973006
79.60148891356975 63.94526691742
31.63272862554365 42.82122225050986
25.639690614868684 21.68887269029809
74.8484969498818 84.53678263925322
60.52899274721428 55.90024241304714
45.920836500673005 41.59930606771396
19.52167247012726 45.39243053484081
95.10939288669418 98.84828597615649
60.85215012868657 17.530643312112936
16.94056755272073 7.838193649761682
62.13968241784033 23.043862427552074
33.13963050450634 78.02544334263304
45.41839781240038 29.203873256364776
44.15576221089101 48.496037510143374
11.12511165666712 0.22286294513504945
70.86389220773765 62.79094397836751
80.37095241337595 71.37631816816545
12.01720751831692 37.13497383641431
39.23276332373318 74.80358759781585
30.94538507283964 90.55672913050337
79.92827768932682 29.206869803122657
56.7435533437924 94.26248496212047
87.70582615235907 84.58586901363671
64.49724189507981 67.24144288816322
2.317842589682617 35.45833655611752
74.70501237431148 13.214115952187488
49.801602314924345 65.27133121606595
98.41857995908619 62.159159788960515
51.5430248685284 96.6079738960139
82.97605363870548 72.37212863299717
19.972739319073284 74.78320019933773
49.97061625250958 63.44042015129521
64.97406141936466 83.37635767511398
67.2739269204563 94.64687520903922
64.02548739211579 62.90027555285891
85.43058116242341 18.089229109422654
54.68587974206065 90.80841133853895
27.07999865539574 32.952130669926525
61.714136070837085 60.1996711804778
79.67573059261139 19.13792730338171
13.85058599652611 74.35029351707448
2.1414473692199287 74.67695711286713
19.68677376674748 3.761145857065018
47.415472625704666 39.02560611508068
47.381981144904216 58.85284472640697
71.57387342731738 61.89870144984353
95.80767895382849 14.401722847595867
78.79605432285268 69.69055617130134
