710
1 3
78.58322349876667 58.11165908640912
33.73399375379218 43.9034599634706
13.876818249522893 9.320220841301241
19.249790506020226 38.55346922835623
8.06202106561702 73.60747355536826
90.4112135049314 39.722706823851524
48.58496216998507 73.63979394551457
24.08535443032982 72.08295567841697
63.946106215766704 20.221265011775102
75.00661503735941 30.892635203254983
65.9347816141929 49.714906679718226
9.677673663561537 13.78306503926774
8.505513221488691 69.28462224873273
77.96490026721597 42.91194835439267
59.54479612593542 90.27590056150774
89.11449603778794 59.140342139993976
78.7993783453957 45.869944224233116
9.193595620513651 99.24794349664839
59.167714232399774 73.36673150579334
69.98863026203841 62.6930994223931
3.0722838685237397 13.417139423949465
76.61142574225306 67.84510483113127
74.37708316675275 74.26582511312891
94.37154420391956 64.98631579603591
18.117606642409314 71.84363993106993
49.94642967646319 81.25822912553451
40.62939177411391 94.5277654076426
79.32600548390573 26.637443394108786
71.71931984868831 74.75982702421679
77.20677508717269 30.510947148572008
5.192488194143263 6.000535843132604
54.526290741396544 7.716458341388566
30.46243090550176 36.60037159880305
35.47695931808348 82.99291198331198
36.122975832916815 42.03394383546548
37.36910873260126 19.033487917970792
76.46452372097636 84.8905560090284
15.12564538409027 68.90393640777171
37.645877272389086 30.650342185424083
68.62282722012161 48.52193986395119
91.23118225217766 30.856253588565718
42.43053113022008 67.6369304680829
52.59184037398956 5.307429940580066
7.123338836621129 96.15741980266574
38.26035140751822 79.64467173396565
67.56864514907575 75.86302332347954
41.5095377617521 63.87113283538965
45.90901984419051 2.1469096919122244
4.358864854449829 23.22626343077252
26.18433161860507 57.641540166475004
75.22535536247659 23.097083729833678
9.700089482260088 61.21970179884728
85.86070732649078 79.43583100345622
15.247034204003086 11.39809279345827
40.910533414136886 96.08470542901371
72.44670990445292 40.580935192630974
6.3096086793655415 9.221696235686029
14.641190620454235 61.03627844789956
20.704049943139257 89.69391839592569
79.45885580447747 24.284829474696636
48.65323585563588 4.349706523253283
99.89946786271875 17.41604814509108
90.28298759233711 74.13603112773121
9.095302991838139 68.7650037945662
15.394280799484928 17.387781855633968
35.36613442685379 48.85493525042952
21.242450077164897 59.646349141091925
47.50084947524027 48.609877102651325
87.40519962881739 45.74554064520777
76.5132295681751 70.27346633375295
2.703976751910009 96.26198411768824
89.3479525648267 11.394825475647874
31.140644682896944 7.379866271481128
36.8277798104206 5.217633770053975
81.93626779367432 52.050891935216306
76.35594177032728 66.44862956058645
87.88599835461173 98.8066748023919
7.584385315511799 95.72919452716818
27.070999232020696 19.463275202792563
74.26191074703536 7.555376169747974
59.59301223246478 51.0271500692504
30.833789530524626 45.65725249081869
39.79388498129921 65.14730579202997
63.66982247516128 86.88347984462172
40.03342333819144 47.514843255358755
77.6741844877375 38.990133669194506
94.54983585317196 11.71036931054501
74.12449197219557 39.34428459613224
65.71581397731761 99.36352816267467
17.0135139602529 59.920778924401596
30.365727303291145 8.34245435533305
90.473595524032 77.16166830106732
3.2387760570093294 75.93149513290487
29.63009450767369 74.41824065078188
93.784354128733 41.41050865254678
83.58554596615248 34.451840965091506
58.2802598321982 6.853560472746478
55.8797960310464 11.63493512526279
34.63957525139112 76.48693780691869
31.73098482550465 44.608107846188275
40.80263601263694 38.952346515394474
11.556061614473423 15.888901071221785
30.19125509200744 64.31683429549832
0.029322379321516934 55.800947812719336
85.7026161544385 12.16788688642685
89.37755886965013 46.819304126498594
20.443628278905777 80.5655110485588
16.66773977307734 4.769423781236282
59.10246679583273 46.50677041057642
75.90879802372177 72.3033209421421
72.83330076042903 52.15873144950112
80.08191349727474 79.20975740913315
24.533625693404648 23.88516793226114
42.848407166041056 28.57804376214803
6.877723360327792 1.2507230269078518
98.74377612293192 7.57710832760965
89.60110873566292 72.72175076952962
41.519018475555654 11.766947113781834
80.14519051650149 60.20733009888979
88.17699671265001 17.540833493108888
98.0594525502047 18.137463745710548
78.3068041721749 93.0753904198522
82.64149344660629 8.903955663799223
3.9648654938100325 40.91619730073561
77.08690985332898 0.5968548438360921
72.0977662229209 93.86842676214984
69.29898232025174 90.02519985096995
62.81998679385949 26.035339763730512
56.066278595929255 22.972692167269738
26.942576517143777 82.21136188004212
46.895684269090275 98.1563181508286
60.29354486610219 66.69022529042851
64.49335363723705 83.56225784734603
54.44951102606781 3.704811215203563
58.46758382217634 41.28340897760674
41.74071261269099 35.14652094052213
10.739180378590829 37.382567458569646
61.05977143546815 65.26018950201635
26.464092268514207 57.77579224942011
25.555490564144854 45.18802514937801
38.82727597929225 68.39986633981914
60.91071881492765 96.92236086932293
94.73796247204743 16.122525975409218
79.50160734595148 9.240800001508997
5.393904256627269 37.67740643515622
45.471802472012676 82.16635496537896
30.859979538631176 89.50094201104417
18.74092771395317 29.42215984209884
35.37514017758128 68.62177168882528
17.644550696702144 92.69919345839259
78.73174863906169 83.83197559250199
52.971894968754654 87.36084950737757
34.06684681677501 64.4194278807021
94.92779959355431 65.18406565794518
27.383013778109277 44.70686761561233
31.142863555557664 44.041436548659796
74.13080069698394 10.254600291966277
52.79953956777188 31.99019568538022
51.91311060268473 96.69675873883384
81.3211686101922 73.41572535201375
91.53253361113234 53.40566394457562
72.02395727252824 31.392969440194985
64.14518080781151 62.3189881408825
75.62042758421272 73.5911652044216
47.1629332424776 69.62001353337645
7.363058528631927 50.360023628500514
63.01974238245877 79.58411962224967
70.99470381405366 98.45680203180598
32.20544257007081 73.73496966811186
8.77047254964709 61.899424807683424
41.94809106111399 7.644653980176819
83.23375853094144 25.165448378295686
99.80858566331132 79.86622083297719
25.190600099744785 34.55228328474816
84.51283077456738 36.1365578425586
7.556458756923878 44.941043248419234
55.50364362261935 12.943235967410338
59.905737846496464 88.85916623148398
21.453072393028005 66.09241336389866
17.151230893554683 28.789550368833773
43.741797339940746 18.455292076654437
76.56069567257462 72.05191225548522
27.718557692318726 7.969908200509046
28.106167536793958 39.03130255785232
31.661338884080557 12.955906824643737
84.6927691176814 34.29569033859201
85.78734256200985 10.733232006725647
28.402498706096303 44.74236895473602
69.01836943458734 67.73848119739074
25.562180077598917 21.717704813597273
61.336260641624854 41.776413202689035
19.00249589068357 38.68205164792899
6.646039127936154 94.7206521446373
2.056915518250646 48.581127635717756
2.703784800610043 27.35995413519796
92.58600886552088 26.719748635134533
53.42562111700653 68.02767169861362
11.621001039704982 43.214902173264136
27.48688069633156 42.80523336452915
8.049666852955983 77.1674157888115
3.8292631242659914 68.86365947045124
72.04775719310265 52.80991396031855
31.04350499069588 51.46040239472705
57.80955285929614 23.023147328227612
47.950356958045724 4.327242533456777
27.475952795952786 21.388770858104532
50.78520810277476 70.4053115091374
12.420166954333457 50.22947997918219
26.250941249437922 0.6436274480112747
63.97043511691174 47.33776049683418
44.277609748552415 91.07066698772176
69.67747727814793 43.44627618338861
69.63024027438911 79.0577980572258
86.67752790278604 47.668534917861
97.94923067392428 68.90432430747049
13.811516854466754 47.53856934747238
88.09205957478588 3.0380024208503054
52.64044136506285 62.48991087020806
1.5182118090470986 69.57805462493366
28.240012202829192 25.61438863224874
44.65110314697087 68.91941322651383
84.42995745873208 99.30959292105001
60.49830084930006 23.725385633155938
73.15855881197851 0.5038714578623038
88.8113022886496 12.800480129729808
77.48682336107629 54.44577912768693
77.80330676884661 94.0522986615471
22.557497782093016 14.823898916815171
81.39268217387668 54.90475574890259
17.676116192259684 6.465333353423119
77.55077772261967 47.71371182571909
8.779062690478302 71.83794066765041
41.91247032324148 71.42678633873658
27.879408491874024 68.21998604831332
11.949434548700722 88.92494899215102
18.869103208831795 65.56057726670808
88.23411664551244 33.29080230783026
75.50919292737903 9.469655299051173
89.36926230730884 90.71313757332702
32.82541211871095 26.303393740649827
61.8457695245819 69.88062260854042
97.33469664287273 92.97956955975654
88.67973010847538 66.28464108736442
2.8838495583791257 89.801040816204
3.192011155647001 86.77216918153061
20.02867931370995 43.89598293958885
79.3178026464414 2.133127108156496
91.81156867814737 48.501767681878086
62.77147304822728 86.75475975254574
44.14052155362591 32.804480311444365
2.3379198994442296 27.05367040419715
33.82398332857952 24.371534121283922
91.50538035552877 92.06766992620238
56.758339915212666 69.86243829421338
71.85943164445187 87.8164872316182
98.1153316997185 15.47966098245479
65.6825564230667 35.02147484142763
98.36145589741943 78.38206228089905
19.51496192395814 61.39903260505868
29.987577432846678 79.99701449174385
19.927572515932134 65.7364726349815
73.52766442626442 90.35901692655048
6.071503265921208 9.641937157400339
45.799145395680505 26.40790038557057
22.582085701453014 91.941086455462
30.80548078960783 99.89430259272676
82.6676743658266 36.6121612605008
6.70089599726249 73.17075219549258
45.8051288002707 13.045389449586086
64.57945953935452 2.168062392378145
85.67996351013451 33.74751262035709
67.10071004330598 74.26333317170307
19.529016852210802 51.32620608715162
82.07146421089635 75.808181696036
44.391652171053295 22.284640905503306
84.69933267125056 82.7089559905863
80.9314060656628 31.680264921168867
86.62475089953867 44.710329035335164
78.27664271970585 37.5805085274749
43.47999418118738 41.447535187067544
72.81143679154205 8.630393755725274
19.67726058270065 95.55976798448454
36.92066481697116 47.29603216024793
81.31749885397164 11.360974071005225
96.39671349535325 4.165833277235631
7.417004779812375 51.533014378157695
30.187699859621375 31.39895071793568
54.583436238078555 98.36926684145904
87.96574244323385 26.337713698966027
65.76612040528855 69.1399849390328
37.32696123292345 39.00435465155587
24.615723596243022 11.450105590216776
84.8202609990733 93.21039113252642
0.4680993182503812 74.50953323622454
53.98177276658282 7.944593386426924
1.0781854912051525 19.826501552188947
74.71436523782825 99.13284650025889
7.2052277844480095 67.11665167731465
15.48285408899841 80.35294003144928
53.55913724572099 55.49667742700728
87.2048801704852 88.72147068698143
67.82085092100448 58.43352585820545
12.043457926094225 96.46957368254063
53.12134686641734 7.227356938011553
88.09527571059846 79.96968868754415
61.52353611130099 76.1367082108222
65.31283245436528 67.95466370946261
66.92024537135526 2.6454499487209793
33.1925883899276 41.5245490034722
24.267569483853336 94.62527337023585
50.7523210372949 57.85626182360344
16.502740236916715 31.76354772947343
56.928168430337855 70.8165676636371
8.136352189009767 65.07264530205157
97.9623085843278 88.7597996631593
50.26161936714264 49.51292162004775
23.415483312853148 33.56599047984896
94.43194367431794 25.638657990398816
4.408916609232039 5.573946598434509
10.583917447015345 37.27269643620181
26.34655562306967 64.9038364859793
12.316932895319677 41.205809693713455
90.41894960975804 88.13431898324428
77.1134881416576 8.947825817527821
45.532944368778125 50.78733805529774
58.22553027317947 65.4872346790846
65.85442782916833 27.94928153834737
16.9418908757758 71.07643970621787
29.103384144850008 78.71242694687464
30.123816562575676 83.214733570098
35.31681107677489 6.562263104066668
53.10184632175663 17.496590122315368
69.72709123715187 18.910784964655946
3.761190987144869 79.32925718643051
90.94219081203119 96.49436921089382
86.01860986380343 45.836702305948364
56.35944937803672 36.24314142268821
93.4878034452246 28.62384617175744
9.763293330624535 90.94692110147294
47.41307872572336 83.03368824506092
15.166256111629695 33.94902713254695
98.04801500071345 8.638623143854996
79.23528348756722 33.48360101575323
41.70375789103833 92.12428805363602
64.57364925619167 54.56008485388426
71.43234371670391 31.18648321375721
32.46209748303559 43.49361460392771
33.350309189857356 64.9070487718365
52.66050205928512 52.9215576078085
76.44117833744319 85.22647971771771
0.20299043811722317 2.6754615353845157
80.05918987259217 51.592787983468334
83.55852683023724 2.8584552716422573
40.09193348934539 70.47976550603008
24.166348119687186 8.649807370978424
64.24772082525354 69.83706359209097
25.174539304460673 48.254410111492604
2.512683955003081 4.589904639134357
4.588663319167496 72.91643423371374
9.54120486743748 67.85842179170334
41.194587878889436 82.24022365241275
31.974193341093038 71.32440274705935
87.73287833693783 6.264357444680813
84.96325751680527 19.250458341002673
33.52813188869832 40.45762385740932
52.80346236505598 97.94171901923288
35.294200664651186 33.65968784076654
34.751206841302796 32.0593241010144
70.42462996432333 89.49425589082497
6.616065177140884 5.556880965822142
19.649889488034212 61.48911041639722
98.62649896967115 30.782204880639163
43.89671909537929 45.75613679118602
58.065015696347274 25.133311258275715
46.70707621973853 47.13886500733806
53.61539796755608 5.70195787724006
67.31712234365177 59.11005104868756
66.06780298524025 42.868791485266875
36.657525869354004 34.52006823329186
94.1133014703111 43.14205403102278
28.30511764712731 12.207736421419323
0.8510638001787418 88.25353420278729
79.22459979796615 15.668656912446298
73.58616188589868 35.44409267020379
40.37038320784006 60.45814954413924
1.246842499074341 0.8448756267393609
33.835838780091535 95.06845835373396
96.42083824930833 32.736489651870635
1.2621265365517331 58.70742593132465
22.08471266624672 68.91431455975636
51.38176903079987 12.034404741199012
27.977009589659918 20.297946502227447
78.44942765385667 74.87209418025546
70.2776708691301 85.58164242534711
55.572316637341366 60.80482332783224
74.57994523437657 57.71657308401343
87.4599097843843 82.61254566815145
81.8819188215273 60.249468723327396
97.00234151429396 82.85625900933087
27.19213455066416 58.54662155480796
69.84858980536208 13.751824566543004
73.25938046782863 87.35416081581349
73.85680102727092 90.29007451982143
6.122229619814923 64.47645212437561
22.178994465080205 14.835994832461097
25.648031888040745 21.700711382756353
41.0743368190112 14.288956720253609
54.5842518438034 39.936210534306184
4.8629706983803755 84.48323563440961
53.54515530267656 58.81281489859384
22.497878915486027 72.11861145718395
55.01074993557753 5.590051078322933
34.22093609775909 0.32528628324408615
92.45938503821279 97.55228436854799
3.0232027941959894 7.992834098906765
61.04940102131127 45.51327860614829
14.601803626728294 78.27980508686075
18.13396691432658 84.44251575305455
78.42343121863536 9.818512141944534
79.80409690092483 1.8260736239234188
49.813489210304795 52.602514559559175
73.25353299073178 56.24942348123969
29.56230821956374 65.73998850192054
59.89836760102967 64.49969110634555
99.9694380295645 93.65773799001956
25.73294223105207 4.284370403228399
58.75974033072047 73.29147705512595
20.16725425942991 34.78588630922652
5.818544000987846 30.41163062183907
72.99648223819672 15.611610920778407
20.165805725333065 74.64434648355483
19.86620793243592 89.47586062985069
51.29848079824362 48.50719925675584
5.324965313180585 31.78326590585541
70.58602590014263 0.18695447986099012
95.93549703403255 76.65321312360254
14.586563067278746 79.39451361921984
26.529471938010253 3.9592916773388387
56.50887110121465 84.3921464727515
7.293610078508106 32.38301644490142
57.66419620328038 0.4453852219476362
44.68595811392044 75.00914342009746
87.02188645247979 13.33282572736556
35.327569227074605 91.25359043769589
67.55607946830926 50.96565587952193
95.83556956096999 21.964906584003565
69.82945082496114 6.443096774123536
39.608075607451696 64.03969186509227
93.38680207995816 1.008516325998876
69.57190061541607 30.247252752543385
95.2054281955037 40.872441361549775
71.6059875446428 21.75037027009401
31.265562340155874 14.329268855075728
89.04370456032919 43.72767357433205
92.23700289215748 48.177241255557405
80.3646369982521 12.418447537111653
49.78054089423789 85.95984062416038
49.40518859866485 66.13554507590224
50.659185061494405 47.373146434018
33.65809999589033 59.35664628392519
70.76656848790893 44.04030830088883
61.21309272850854 3.30031147018246
44.693864834506705 83.03969033580891
84.63096384093163 83.7554322291663
75.35016895486655 56.731544275931746
57.32749798436907 13.478170656641296
29.38592967731386 25.65263759999128
81.65156075556072 52.97535556518318
56.78745599702057 64.9852709031013
26.079354407625345 89.01030192491268
55.692439202733766 9.528081205983852
39.55563176411512 84.98402946590502
93.46542692234412 14.071454984083154
28.713864328845595 58.65056983070245
35.87334347033082 74.911367984561
12.635838800673937 95.87702904712563
8.828324924715236 87.29835839227538
97.55845606904884 98.36575420927036
85.11595589139259 54.76711686221971
20.74805018987773 77.43587843411302
81.09872630266955 84.62977265415974
12.607908213634156 61.50686559904259
48.7251314742912 17.929108797941694
5.358583245284887 4.954765502634739
92.75138369890993 31.02540802030309
92.38818507382271 34.103017001692095
76.92804265162725 95.02253086917302
24.861283304414037 17.88951691714342
31.797071502019712 80.71554154389213
96.53097053406002 40.43013153043575
51.276580836516786 45.381685975953225
47.010451624945816 26.919857671074542
88.7760626437072 64.99706702913701
0.009134447788849975 1.7829907435973569
14.317965520059083 44.36069152433537
2.6702091959341034 79.2595960226269
65.34974753642508 10.50645119245961
46.707984879482 5.5521412248916935
65.70614352317241 26.027532546006004
10.784238196992346 56.998523210212056
97.76904481830351 22.32724733658977
23.246744866341707 87.32260974036836
78.29773086605147 8.14013444317714
79.82494443360973 90.01285867838614
29.017879420445002 30.104462047686155
17.137649332443793 86.00056474364702
12.613032823478342 15.940763443828354
14.73424644783874 21.504516619826198
62.793256574923895 51.794713947254834
10.642474197396856 41.03247553635867
25.508295020281892 38.4190269308387
3.5309829448780805 60.13852988847026
54.24861924017943 23.021507208033796
44.40637163228529 71.54257729435332
24.113699321046123 93.1722314217234
90.12547588378585 35.83744026323321
3.4332680508024183 77.9678399580581
15.381049875891017 24.217526476354646
23.50134022740327 1.8892240195585108
37.012112864717906 32.169689031707804
75.83263690353448 68.7936838879633
87.74288924438687 85.25716187438329
27.46559435935265 81.79228081824401
97.78690425916776 97.6960106576331
90.29615113033611 45.983271424034335
70.17522790544079 33.16723721194143
48.87827702589358 35.813726972204975
80.5904290344644 10.8778120984794
18.976125124520983 56.22537566658394
38.424522151650066 96.66555182161487
52.423502173143866 28.25752438755844
19.52604794428543 57.035839905577724
66.30142759805867 44.065410459563424
38.25221902870697 6.522814915610242
36.07979268625363 18.76858090661111
66.77103883015923 34.93267640143094
91.63874676240111 14.693825076001875
87.01560216336513 43.19231268252936
30.67390946262105 91.46661144717596
79.6467531815401 27.287680669160608
54.0454619239725 64.79378897952188
52.962203895257545 7.74525370300998
36.49958293457563 73.24114976441392
98.59099432818712 70.77543064343494
56.089522791419476 1.6607153754661264
45.049049567642044 90.93455588967076
89.88486962822384 88.69258578213335
73.54798187653367 28.89927863972779
3.0032571088049576 27.553281131756346
22.698807209765604 52.21669182363753
23.754217586307647 76.9965743174847
13.514788500531516 74.52982387631533
96.50567033065585 12.598290270540978
64.95872355917038 99.70196713150816
16.13424921446287 3.364358990333316
44.30410381262138 72.79106464524729
38.98838397939206 2.725642496572056
21.103257036633536 37.472038827573726
76.08213605708755 90.83860485773722
36.15260648287144 66.0008556887519
52.350487786029596 55.468694040316265
32.795721362732436 16.489029584388405
83.78988049818462 51.30221375315307
24.1519093731712 49.158209149396484
99.2467615456114 3.650884567645707
62.528374056809 8.740883098568087
11.755839867406092 55.77120212960103
51.53360114977858 11.545109754993454
62.67790597156795 50.07374517702357
79.12026857186257 23.819930065968254
56.05599069322133 84.69175839676002
21.221271526637775 81.33235693122789
15.545802350680727 5.787104772988938
15.349634056763438 33.23834699387125
6.714360239515993 38.70958528192274
90.04787833914234 77.81822048980078
47.81905461555984 79.22862658478648
10.446205460937708 44.44399467304336
49.53180877093624 42.36947386606573
84.257259567917 18.605252689801688
20.132842450425347 88.20475395890719
53.1861466357463 93.74724713681036
28.11393487277907 22.510214901278648
35.31937425638261 47.41152114569411
30.41285051406144 57.39771633065507
95.60288178710073 91.11679135458797
57.632854380017264 59.95340292501481
31.057912541052367 13.871919616329231
38.111708532347045 77.0194241774868
3.8896594523779138 1.55705902698835
23.19293372012403 46.49367268369882
88.88156019303821 85.73449364717077
73.45279599805687 97.56980777797477
39.403354283202916 35.678036273050395
71.9341954026279 89.0350445870489
34.579057497919074 68.76052412327032
38.199988453266556 19.41083240998318
74.38737980983352 43.03095157210226
86.45944421742584 70.2053093922355
71.76902028099433 88.80171442139701
8.92102213728685 58.16693017448351
92.76944663580747 49.462705138434714
60.547594406418305 41.00095127131198
8.992149043700671 54.86708642098168
49.559686876935146 82.29703468683054
98.67501743817704 87.09316972025316
41.86705132586479 83.55852749261574
63.220251302797756 18.785292196079652
75.09743539519337 72.04227754372519
15.364095029562508 51.09862803736451
9.929896354355261 30.862388932844166
58.45746667304594 9.986380323657173
94.76888382274329 40.15766984398137
73.62202437060054 79.72655175777383
15.300975592152355 20.364204446112954
44.83874873276503 50.67820717226385
61.81002953650807 85.31029786219848
7.317707330388701 65.93511429921391
7.613868922816525 11.350738555672436
71.0463072095967 18.764066140574975
53.08829012016005 58.30923413751987
83.48336383290373 92.71039579069318
28.200422521111456 94.3503331732197
38.08926287228924 52.71959337558165
56.719988136274104 85.92972052424845
55.600831694497366 58.135271840509326
89.17037965804366 24.66880226400776
12.105347011913615 66.38021918793757
52.73503155898869 34.56055832728859
47.45976136011822 79.10051679313479
75.0044112000531 32.74827716245032
83.67576094058182 87.98559428398723
18.625124278030846 59.68656101386025
25.03630626552753 70.09062974588554
27.113326997276687 30.306689674458575
93.62640671864548 87.17829660382196
54.95335205992069 64.42556314904395
24.078525927592388 61.32055743834517
29.203338780788222 11.216074686354327
3.2602207960349627 95.859701882512
10.626872738399417 8.847012355067886
16.57112584899696 27.012096889828175
66.08566565108708 1.517414174818632
8.951865185523399 84.48613910183246
46.89340649104925 95.28030470427917
61.75115603867232 52.6122444330291
12.515002892481132 38.167673426978396
99.84489051818484 36.07575486036638
11.68148210096771 74.58125717510056
37.85422600562809 62.6004934890094
77.45788942314643 54.22068310683219
16.440085266057647 80.7148501263281
8.528561853508343 82.62480936310372
71.38171724035001 30.244261308516585
16.6580943163374 67.48109807161046
8.167370596045975 21.311967273369724
40.15475128928956 8.834317708731954
32.63603872472534 75.2721421602061
97.53008578916126 13.067733279751659
42.29638275682075 86.1617621941368
46.77746221006511 47.59444399851118
98.99887624683352 63.55835587643601
85.78755795737587 85.36527585137388
34.923629308465244 34.85720066998446
77.11370164449227 7.98673457305219
76.94809480886747 88.69655129561961
87.22876445489096 68.03729445304168
67.2808513159734 80.29479653941875
82.78243156040712 15.245418057123139
57.58454647898736 55.42384884954119
84.44375240307245 21.334633096477585
34.80143032056824 40.96675172112305
83.36689638342551 33.354687029216
30.495127382763563 6.227403559497846
77.8389590269446 98.34833858481295
77.64267080405168 92.651133449379
59.8799255174169 7.266382034873353
78.36679712010455 76.68045907968826
22.418615197758918 86.62781994509649
47.83126703308827 15.127151089774715
25.588262907521674 32.756407933491886
22.993296638644047 35.75006615367682
31.449863489265507 66.76126479824822
52.73357016514788 52.248873571594224
68.42945417316069 62.341358890206486
68.13373690915505 30.36384277747153
81.64268170185468 17.733328071813315
94.9995450744892 58.080212875887646
69.73136149205463 82.17053847139006
99.33539285468453 51.920009337697
73.62413515884847 33.5508891280915
53.18768439400714 53.7696681900421
90.87192111714737 46.959320868063955
21.992802777108132 56.68753354945517
40.42569544158059 7.408905986312253
88.57245443428464 12.378647092969475
62.99958863338868 54.93973717572911
86.32144641102279 24.573044413039668
73.23729221644923 78.34295636597642
92.29853824190097 3.4675797512162543
72.22006128397484 39.209808418817204
3.0606685355878183 55.960981654843756
28.02877070141796 35.65389897885669
9.8158439265982 91.59838108636042
67.49088239824607 94.29566782687951
58.281641138641874 61.65326119672046
50.72430634674176 55.49616990459698
61.32449305281984 64.63477723297852
1.9713583312885419 86.25034270109737
31.278559176123323 9.453937468588226
