400
1 3
77.99886658461102 30.58905604850537
46.43202782693925 64.76830640047346
45.9745150297838 11.848556986370863
76.43790756477908 99.37825052302185
42.682443014890815 90.21116970062558
71.85429748764898 62.81055535698599
21.435080126542093 35.11771648491724
57.98259843445634 13.24390442194343
14.97250788322635 0.19143055992738578
88.62177185208402 54.62459816566203
24.637059852530797 29.441816233735274
96.89410031068913 42.616301180867765
17.161010068121474 82.09708618967232
18.283918055867844 37.82354568353807
29.09554783853634 23.989019668266188
4.805545828879487 57.130704922364714
1.9511375388211905 26.967908047884492
7.434701419213208 70.17484215986111
62.64028935820596 87.79217861610692
61.063114919081116 65.21895244308604
58.687749880502096 55.332896517242716
69.07104713871118 60.64199457676543
23.65556505194306 62.99341081980629
47.4563695825112 39.215271442697876
65.35474565466612 18.4011750880424
47.62038026698545 57.406364179145555
22.77872157379919 34.03501010043164
45.25151451920188 40.26540146871709
58.4587133191101 57.077069718419395
69.26026022739991 33.8202295808659
21.528095381123613 57.12190250856322
87.8901767841441 75.95785460141525
22.198309875319254 83.08278311201715
3.9952241304241687 13.227851992684393
20.007838302218218 66.13304140566687
48.87307071880824 95.67405486367342
94.54956977625821 78.6536378899162
62.60428991978046 34.39048817915591
68.32485949054119 90.3318272091761
75.56851959930482 0.7913068363119002
30.3993533396685 2.740009286495515
44.875225445164645 64.16938301452002
76.18507109083228 12.130631843380947
29.446910810387152 30.485485421971426
66.47778920860088 56.66485218962143
31.758189713962338 4.367193584598494
22.089243449679905 29.454851890430977
50.8137224851563 46.378699031602565
41.994096742128036 35.61099957119307
14.85183848028706 88.27825143347576
21.801119430725336 22.158846142595003
80.46214541142547 15.830953276139548
87.62417718648877 36.06740956438721
12.842628001951928 19.954007583967638
81.71531877162114 13.39977699862116
10.512187252457572 87.04008700799808
53.58780619208101 45.43374467738437
5.910603283488736 27.307424005146185
42.86682269088136 63.59977149258778
75.15921190393327 64.178709184245
81.00821578612398 85.59867595576387
11.100624452080488 44.70612107573799
41.32883980458979 55.401023448566036
76.38783996467149 94.21310071083244
17.321190601874182 66.2462357550421
33.08269420600838 89.80749322028629
58.32915321718137 35.640544462680765
33.20625099034371 45.03263988185109
3.6283904995931593 7.724462871612081
24.83601504037678 32.693696098862816
21.368324869910495 46.11248904348659
35.736066358145635 22.71239745854099
88.95001942479395 23.117358224413476
92.35027957603268 48.17995337930443
14.127811806215451 17.76109602082281
81.79042890230288 78.77505765476845
49.770059253238095 67.71599922694959
30.329793515121082 57.40618613311046
73.91726307036268 19.902297891565546
63.84396736417748 9.724210701121994
55.69891448996811 52.96368449912001
66.90033683154233 65.39822523546468
78.21901623872299 50.95625027209363
24.67882948136797 53.81434420339537
69.70848849405706 47.559019478483044
61.594416012030464 37.68533143083419
32.13511832901261 59.512740070185146
91.76983145890418 34.86616194906722
45.530964767086026 67.35300482355098
39.27665814718972 54.66410892354852
90.33607465988543 67.27443820102425
5.34138899450729 1.7067699810095815
82.66858594679636 97.9154589135226
9.097438224066035 86.90509827873593
60.76718100473579 60.339900467841964
68.70095360589792 21.373388213867184
92.20598083212887 19.00316981527146
25.188440711490713 36.8191897868742
45.053797673821826 29.146132669208026
74.53521114354895 87.92812799525736
56.67185270557458 33.60122407007013
34.916441343069174 0.8688603592136523
13.784236246190762 79.00592931001955
92.2276618165747 88.43620679134463
14.305230259232093 70.36907705276427
64.18173070007138 97.08410419969826
61.96993692372732 31.49244258593591
0.0727341073709642 89.30819806615509
33.75791599645777 91.31565638872637
86.61196921626329 26.324937382845448
76.43300439808287 26.376863515098826
79.59713479704398 17.03864229643286
65.59478144860529 40.23392007995699
8.675283995056438 72.27215197522969
55.11774165452834 16.255984544605685
6.044427999024582 35.402351973251655
31.333923539684005 24.8067973069255
51.07824501741174 96.4014006248446
4.255047511720655 4.220061808512021
34.96314221151879 1.9590964757207008
61.26625640393782 94.1841933544822
91.22989973009581 44.571589447120566
82.82750892014393 39.149127007761564
13.884568340451331 27.953426783717283
49.369323692183784 43.376731921871034
7.765703407576563 79.55790806967885
45.29783461362011 74.65601386607868
35.99877202185999 39.33665043708896
51.487946202244 15.410117240843157
71.72454974772904 91.66491636402307
95.57543010117251 48.710094929174105
80.37977464688532 27.659803904398615
97.45230704587526 5.452900158052398
87.54487935918156 52.82802812857943
35.17386601302756 40.68351866605402
9.65746356420456 89.0960855197777
33.36444370029692 45.76901370944984
29.693643786055436 80.27351301519437
58.1796598118143 71.8204766982757
80.5185348011816 40.72924806175007
25.965093914483937 5.670123165667196
89.78116339096545 35.048803100421445
2.5394881314559026 29.731629593496134
96.53373827825371 74.47143391619322
31.19192662652841 16.409618894693768
46.70783323288526 61.3626844363262
3.48141517935856 78.60801542163485
44.21140838272648 72.18422599015999
99.94081533495924 0.8735393417467208
12.11290104245073 2.570933006650411
48.88754820318126 3.223057616956626
54.36064216489529 30.086397030348856
58.23815726672421 55.28823025766438
82.24575933733243 73.00286377772471
39.19076261730359 15.131024122585334
24.365314686595752 24.321800237014312
74.38856939466977 47.70579076925918
86.56910160422603 1.8433247914245277
93.94360640064845 76.9114036479824
46.50757475337781 61.70153579717332
74.27338307480869 44.36120227862168
12.289597888991267 47.82858236666898
72.64574751974004 7.407137973466904
98.57651434024224 14.511384613246015
88.77615438103743 34.71367002041299
70.35748007019788 34.16436817523256
34.00597339329383 57.57846195768352
93.68439355953817 6.063389843349576
98.95371476841437 61.29259960474111
52.98177076709318 10.606359124363184
80.92518026478925 12.371197555074787
0.3123346063917287 53.81631643747509
10.469779322255945 45.99256204784978
44.32510943848922 73.75554686405819
77.52500331692733 38.518268600201026
78.64639309431705 51.73875545252622
96.5665551229153 72.79620782150435
0.4458424873232003 53.25137608390116
27.873464469336582 70.02774093724584
9.554338541752227 50.367885454093184
57.63150271532756 27.45092013073713
46.48076812017199 99.50922753081379
11.73272942046626 89.68812722912907
92.25048074231226 68.17643332073729
59.74313419899282 95.78665489574676
59.72806621600897 53.83713726261077
42.53126098955602 75.34101843564196
99.23009842298632 55.12893673755836
49.95506581015028 46.46379397774674
92.0664439273081 27.82011505273376
36.59961953849773 41.42745159075214
22.63575009495544 32.63952804669519
17.630714044513617 77.28871906117575
53.508279887962914 79.50623280913724
69.82202127229186 90.72248966440908
23.704990570254413 18.446869463502136
36.12777109894982 71.09721954665717
22.13002147095331 56.22330805994442
85.223416134497 22.448542724833075
84.57100740386232 79.82918861871077
27.26327006943452 79.50848214459934
62.9803312230611 20.338525470181867
86.98878804930857 45.24812518467276
55.84934826141546 77.37260530906002
46.60518956382078 79.5865244647655
82.16626975120977 56.90480642740467
6.629605977163533 52.92493479315012
47.039389131356614 82.81708347359766
87.02099436314894 18.435715096033235
30.617766873776596 69.11848429118803
27.85807608785642 25.90096463836975
9.2681229733919 89.50370851521303
63.69187006953896 71.28515078397524
40.000889892660155 61.53042675150857
68.08415951621147 76.84771460307354
68.87170138016386 41.39338086180646
19.449306475339156 4.709737061478947
89.83428679519034 90.30591492773965
61.581783229505405 17.093729335712116
46.5248246839959 55.78945016481873
1.3254106221975093 53.430402135288176
8.529802500262761 41.25421698896028
82.89132778030128 94.72299786723451
17.584438052861206 61.871160266699654
64.84392410853638 7.815540576148328
83.93967672075837 80.49108694350946
5.572043499668999 59.24860195120119
52.93534972578053 62.20589427123693
18.81711260566594 68.47488705933979
6.530539606792751 7.349867000026933
51.86826839832514 54.52434559459771
18.036621680956124 37.014443474658165
66.73804862812283 50.75478245861158
20.54217203881885 22.13284906079329
3.1360510782266537 52.0830933401343
17.73702142052922 59.78124904223534
43.2040062890438 78.9198975119594
59.15057369240846 4.6826427880977795
85.42126704528157 86.1278308142852
49.889927230108924 39.85259656117739
37.57076004097431 17.99721941741499
94.3900064370925 45.76207195318034
5.969467865468037 61.45238142177711
36.01979648077194 80.59354321041869
71.42748187911991 55.12147248841548
12.622627245345353 43.43088377018041
6.696589843666456 26.395962808695828
56.9116904586122 33.94829379245985
69.17066481633127 23.111564403040184
10.971207053178155 77.01235521356298
89.45166842994483 76.37991782878998
98.2745897297851 57.98134522974725
88.23392860241768 18.162484367905595
87.65505940456684 61.31712665685989
12.412799068176849 24.77306674239459
4.691209553811371 33.942521895254416
19.210338207856093 61.243670698319505
84.40235645915222 99.76625723384254
10.235787499698446 90.91643595579279
13.930164800466006 94.8486956292592
36.235303778639775 45.5124646621373
83.54333466317523 52.627841061580405
91.91066958409799 14.866700595995797
2.8952184745985488 50.887494023710644
33.860733587863876 52.615054354102455
30.41733944224989 96.80538019335417
46.13322745404322 15.018137180193447
53.397089471263406 5.666148689649564
41.34429007920848 43.37794369451375
82.45051319005752 77.70770864821321
79.68251940894484 12.628374774117601
70.31069982167692 24.08145540770821
21.9500819725307 39.255461214534805
57.033742934680085 21.779792980250544
12.696424171967946 70.39940453148535
84.58301017981572 9.926472683287834
3.466923536854405 82.0967015449595
1.7258149571618864 61.83988367850961
7.965174226426885 16.85783177385232
3.8435310943997214 33.56790523439519
30.44977603525938 37.07681483074252
41.14527221034952 61.253657410637466
94.17369492919474 19.202090535521265
11.63032099687953 94.81621305916104
36.79042041824725 85.02494621326827
56.22340280727614 87.06517683814086
97.12719691139414 40.38505288040899
24.204691806699287 13.616243652159543
42.77541989074578 57.128358977202545
68.91157355947577 10.144854599055474
61.23529145825466 98.00592195582092
36.31789866787691 51.46253503401432
77.52532200732185 51.094527667715425
36.96707744784477 3.673679408039532
23.189498834065535 39.891860010738945
26.08333207456115 70.48254171528112
94.70765199404141 18.78939800156225
54.292093220990736 75.6889403240756
70.6751976229066 67.17720511216274
75.22058443094966 66.89452962627047
48.81643660641346 83.28728680980029
0.9361794556681513 53.646727850837884
50.62881226378475 71.23532765045893
2.6055342786236224 66.44563222815911
10.21785704049556 53.80021747841886
84.60161109232216 98.02054540115677
69.24315155009137 91.77851942785324
16.098102292280416 96.05700692750916
64.90154545561171 99.56521416740199
28.716077668165774 72.36827163691575
75.23841774486266 73.3957422282083
47.0838600158332 68.73004048293343
71.42213501834192 70.97501228485088
40.933190859832955 73.98930827211888
48.56321544409954 44.586132916585974
53.48425133352801 98.47115375144104
95.88985512251288 68.97490274901234
97.86029351315715 36.43119060578559
28.467996887673163 50.79126414178272
14.203534711553 75.44511918163548
6.9737222270576105 57.15434503672887
25.699998544988766 29.4470900118319
74.05839938421379 38.59620752549209
51.64710687847482 23.29189375609917
69.09347354341189 95.86798888435885
95.38256025787335 55.639658426693785
43.63199837327496 23.921552256689125
50.70540394324139 23.608856932805544
64.26521377923515 66.18696135908333
47.72689073551679 4.309201856125577
6.726424145023779 80.43765154599886
29.82068236132931 61.06053097445094
31.59731679003197 14.561384733905115
27.69162816141875 77.0759066450749
75.67057079482689 58.57307479670413
9.98037178466673 77.50050324955988
98.33702756137875 55.806662541904714
96.05094046243461 8.528935720012054
93.3779195765399 37.577452861381786
27.974601801977705 32.88631947277412
2.384953598975015 15.656663142093596
10.168170302974433 26.948670434017473
40.01394248541024 96.91121285759267
58.27957005096545 28.361115717405315
40.697580332790004 1.5082546183544876
47.51763880671478 19.581056893310777
59.55654094046192 87.8262111792643
55.75064963188336 50.254919987019875
44.523475415202455 5.594967736772682
31.795090031403838 64.50236878748336
9.253403962296725 21.578942251476697
76.31307200182277 30.14227329269996
59.009592311549206 42.70241502965793
20.895343484185936 82.57857195300325
7.4839355376760786 27.22370873914621
63.111382603913846 69.27088733923428
59.04183101962281 90.00087818459318
84.39077692957122 8.119548770265773
83.99100237486552 56.8729819252868
97.63917282053289 95.53331798669826
97.93241757266698 81.11142420433339
56.24370797155929 77.84409549606872
24.192003691129038 30.510632349860312
7.978949019595971 1.5404887086023278
20.105389826265395 26.814041003680856
37.51686593448655 69.6197551030352
45.92050704483825 90.36148363741631
82.6507241196587 18.98685772206885
57.116178291802576 82.93539048933447
34.20702141112264 80.74620380564066
84.40866099772981 51.42294806474048
47.77353846303849 8.419742368451843
64.30003421716783 21.04119617350375
54.18657543685803 92.04113786244758
1.9442810700663005 52.94489901557653
32.10040425137854 39.69409635689771
73.63700753687381 27.98770711449732
46.323589399771905 14.457723425751645
99.55272209041132 82.62921269644225
18.864539801048785 82.7211540938525
29.314382291708174 29.31998998395695
13.762534305402019 74.3059862664734
0.8296000971820039 32.06859010423908
57.34437308281062 75.22199758466668
51.47770146274344 42.179254140456955
59.598734368674 11.85030788842898
45.788479948464 48.23796598991519
40.19016541308575 59.89487042319968
90.76532115859246 94.3616911584445
49.08067276520094 36.57311225246869
23.602149945714544 84.63426126643022
46.83541287163175 70.67540903247287
75.35217533722971 46.385026550943294
12.334700569997214 39.1069252652178
94.8262248607121 27.970489931600984
2.321926147873876 93.18732739872667
16.591875436032623 72.29011744952048
40.348051686394705 76.96176404441285
90.58077023189153 4.184016015055203
90.4201477380401 72.07195443488197
