470
1 3
66.45004423238016 36.246003614787135
8.265919170163038 54.1092498440946
81.81847020376445 98.58485250145608
63.14945076148304 71.67563012349028
13.730793783517647 51.853734488727746
38.861888985386116 55.4383540746485
24.70005581481636 49.04229505636491
44.400419332915696 98.26700947655331
60.57006871977555 67.80136502048589
38.89179967503229 3.9598424859172088
21.479385211128978 86.03936544431974
61.64388577323181 87.25417690781565
60.575257082930456 73.38788357997741
0.7785194752653046 73.40059541187446
28.291157156764445 9.926525966469235
23.638917737916422 19.799014834440598
16.359417085836814 49.04909302065332
49.675549892028535 68.99394295172358
25.928027174725266 84.89675315827527
3.6494521997882723 56.51938543877695
76.69553442720473 92.00241790502257
60.48323447666271 25.316799769187703
15.213441941527384 68.8983549954266
85.87160364392248 18.078694382372575
63.8449528959959 75.22496194012733
57.37060344784026 97.97782506803597
84.62992253954992 69.58120770118667
48.223485993106685 59.15004164689503
87.83305205737389 81.89094567025943
17.93535096568142 89.41530188444729
53.6121170798793 1.0348374423479356
29.036078577212688 28.995068657135302
20.492534277017093 70.24453162948478
84.11561113530155 45.258943882914004
41.64299602818584 0.013218172625850677
30.60494812684611 54.76264838562663
15.516984014205558 52.11400726115827
98.10129315955574 40.05265128017172
25.400705489563478 21.323101049516758
52.7673246484911 58.68699037048499
3.162431633151619 67.92659829774557
7.827651671152291 74.24651775098808
14.006126407477648 0.40482153942760224
94.42054501908284 5.83601858860463
21.14698246789828 10.643457743181806
83.48247987054039 72.70657437591963
21.195047751661633 35.0000437825213
17.244667893516862 16.67061299354429
72.6995892424015 32.48460668417206
75.3643288360925 17.443220071426314
23.226906236367405 91.10132003199662
53.08753356744824 96.6399582671738
51.1312182710695 11.865683213524925
54.194461447212696 29.908656891783323
96.24048696786325 88.2677731755042
66.48887549582693 40.98019946849132
73.36337103010506 35.34986462673031
2.3195294122259513 67.04287922924412
56.24036958178786 9.070524031502792
28.744736340856214 89.78728019246047
80.49022361810898 85.5228591662214
72.38728653911713 54.233876773725484
8.314330311113238 72.78740298359587
68.38785429462801 71.23593417334455
91.84382335350271 84.30041501975307
71.99497820181652 23.939882098166976
4.720455963032899 89.1815277453323
40.40128068348865 17.929659714715584
78.29581507820507 63.1264894419636
26.612046471543426 79.36882543981645
44.08976905509907 86.84717749742255
49.763642129304756 23.20046000678677
49.27962155589842 52.46800787884249
5.385589202214214 54.968391294594184
50.19598190304259 62.42732645413764
74.19888200784874 98.26634161977069
17.026647874436573 93.54806525380887
59.852400083293 92.28898135997197
4.300617469856016 68.57791721877811
44.99989863872032 32.901870834769475
61.75516716452702 52.95709397193262
65.23203725241409 84.30661638983821
31.079113486813938 42.99094283334695
41.076602593793176 93.89311670699507
65.12753418130337 40.916483464394695
83.89057834391562 87.04729929940498
48.859538488078556 46.752941418533965
68.72621675886674 47.0486760166916
99.15324477047437 17.774891932173453
61.54454367001571 35.23793133656403
4.9125578749746435 80.19126776643833
60.372972345693434 52.965440699841594
89.09881879035349 89.45453215450702
90.28456114187007 0.7999072850332745
75.4578181556742 37.785510797097
43.34835347682202 0.4087097522021077
2.256640424648948 74.731357319251
47.611929633897645 23.83939516624336
12.209393612272512 31.90827502963709
60.5495984629844 59.582809211621644
6.144515648560178 38.503588732132265
72.59292837029656 89.17224062353132
10.463543180203484 94.5010707911352
30.90974893920575 87.84557304407184
95.27628080312365 10.351314486948326
55.14886067306188 60.93730759580451
68.79017788621375 4.102554571753392
19.69020359491036 11.371561967689248
85.15064063693454 67.84282382304777
97.61436776768207 16.84661981722464
21.48341932096698 80.15018305841612
78.79227873102548 35.13642880765369
97.76824579981881 23.73743020625112
97.12946265071147 22.9136014545116
76.17480760253999 58.32251868999163
87.85682412113043 94.84824852765938
62.20404329185476 29.861570076136235
2.6556455184212124 68.27624678194756
85.64205168414058 95.93480881626269
3.466815195826878 87.17509343398102
4.311132669920115 16.089562323702822
69.64246081485332 50.79650421837785
42.412069566439946 14.07350759260857
4.4733279158207795 28.9339646135643
38.169028713121335 69.81464193885789
39.13718168800395 98.83512789092386
15.2702930281579 72.04140819866925
38.98422759515101 6.250567140134122
4.725636714133019 85.4242784964059
29.540860668081148 26.20266315956199
23.097770124435215 92.70468780198198
80.33666879297347 31.549567367187947
92.29225375500509 57.72056115326676
34.316491795510885 22.774701535090824
94.47295995592282 70.83768047827704
9.31200338728313 28.284845688000182
50.63049779963988 9.801687805777615
40.82815530406314 7.158658427166231
94.20149067000692 37.938194545638495
44.02919298590451 2.6797391011578853
50.14345353881953 92.61582647217712
37.98542019529221 84.85467128627629
16.92752418830206 99.70464229822514
69.58665562706885 3.4349969905673072
24.940547929316036 47.07231250567807
99.04393796997691 8.609862868046815
97.1930893083612 8.4880151517009
2.7332079639219353 52.78868373004122
50.34183687736622 66.00102272609047
84.404556893537 29.982748856057295
30.192563772761382 96.19838855593883
0.5052899491557739 41.495649068690966
2.6785347201105925 60.73234327471473
21.768999753550645 10.829464786637267
43.54109839111071 99.85694074888735
43.37842483303327 52.3917951197175
20.505701635896358 19.27485063794323
61.82361254482085 54.18712019346372
53.308284683304485 43.71750949016724
13.848829082181524 48.88845844838745
58.219382016941545 90.54054604792172
1.231058853195588 7.297226460510631
34.316981867463994 31.27809215950157
30.45335756353593 40.39631877426704
31.590636404332063 55.40078933421666
48.334877010448785 74.03111998839933
69.19503735289277 66.46398934502645
80.45520255140393 72.3587737932629
33.946659129986756 90.47664677312181
95.8630276482474 71.53555043877269
77.56079795168954 46.318289803362504
59.95961483235133 40.652509374627186
93.66820180315338 73.94877473739861
89.92984210448198 5.431802480625447
89.56914000589695 11.216008822066414
13.11525859544469 70.8382486110115
33.183766536580464 33.95231029865702
63.96625418500561 59.47640032945816
80.51961494142492 70.62650723706693
33.10806727697677 52.86438498193755
32.91078640411656 19.64775716856384
74.22997321140284 27.060969793175605
85.6604313291607 9.62768575090771
19.619322946239336 48.72303323482885
78.92261373277772 66.7214939853376
30.8973613184919 42.7834524862873
9.059602406780144 3.752892999736712
31.55079609103002 49.74281799243876
16.829230511487857 85.95616051623422
77.1992261464595 35.431331526457896
61.085898419971855 61.59663778744078
67.59577134678021 5.657910702936109
13.585451362795498 40.636174538682155
89.71992657028862 72.09993076158092
52.64105082880497 76.48394858373446
27.98820775522566 12.282021945823995
50.72772272170081 41.57595586401626
25.93952771282415 44.063001995354824
99.28665508915356 79.03178130233466
60.37106993566961 18.754595830484423
5.867796585627616 18.897541411905028
74.97940184730334 26.81663686636615
18.427826702359205 59.46917106944727
30.008046461128203 24.33983947724705
10.852315184120798 60.74550695872332
62.70098490553957 53.16709686009364
19.924387240170162 43.68046786710609
64.39312120984053 18.03853124482766
72.95159333249022 94.69811550320237
84.17977523331636 4.3893717558188605
14.511373876894407 4.860944861969951
20.572739324163525 89.92757088088963
12.257517444320133 44.48334618248446
49.29269031088739 66.44387959198346
12.181837552409958 38.98921477921522
87.58233142705177 99.33436884166117
58.992246820075756 45.28621924169507
96.2065992938212 97.83548038346406
15.186856108324065 1.2025132345847789
82.52871435318157 5.095527139380862
65.17847784813064 72.51228466030429
16.41059044972213 57.72703458233759
15.35887866800556 78.57231915264849
72.94026652111225 69.9381921615668
71.45043005134752 50.63482333790357
48.34707167158068 52.062664372452105
50.68649970920052 42.315985557171
19.960583499391895 59.04039397185663
75.71166838679201 1.4993874952923703
25.529902229735455 88.15093080220062
45.7597787031242 57.03922284876845
55.469837808793244 30.950472458554025
27.35005344537673 11.311687959834504
12.701941493255319 6.865130313969203
37.221149251309306 56.88729110051203
94.0993544784969 22.858493067060092
51.86646938867228 57.26943293564026
87.03897900466843 29.395517464334198
27.372104452087065 51.51844902160938
15.29997699965271 52.22323400766102
26.373941598398098 47.19355777340753
94.69395239440001 71.62234054835194
60.72614803844145 19.43623401265937
58.757495757272295 35.32350129674919
10.90982735827275 26.103651719501663
14.622008771444994 41.61510900779868
86.32194587192122 86.44053292714592
71.93235672215891 18.859697377451944
61.50769825947131 7.997240885724222
94.43754458149891 76.3922357800951
71.54679917868944 78.94813079391379
61.453598463847435 20.812931266061362
47.00139483791202 1.240087704540982
81.90399752569972 7.856415806096195
30.87764672886624 52.854133524901044
51.7806178852364 10.812587445155252
56.59122498798168 90.95509670762192
94.43124263672564 65.64837320114769
50.555524686192996 90.52049881152146
9.770366613403404 71.70647539502586
66.1642884281324 31.5971253932984
42.46637790447667 75.58721248444517
42.795496305628355 34.2937172147576
2.793812862915601 6.071135977908937
90.90454012928886 44.56564669968805
99.17190337184397 44.70204328743013
19.713485545971654 78.34815826152366
20.163384187738377 71.71572151754444
97.71455708980564 32.17212497816298
3.1415864020612805 50.029614412195485
15.451140751886584 76.30384985738942
19.137043606101468 32.47600490936444
87.58903077614808 69.15471839100475
33.0966388500761 2.0804443371666315
95.1037184399725 4.869632113579736
8.974410784866581 54.24349415183549
57.95972763211492 41.188927865391435
15.553962839823864 29.728028650189042
68.84213232659238 30.091515623603616
69.34815342838246 13.951412220790193
73.43207859417195 87.44276915428335
22.01365798051562 20.801588956508567
67.66642700491239 22.20221793713486
38.655564034824216 82.82632824534588
99.00583632081722 67.47015595260513
8.669968517664262 49.825030122899186
28.8982413089655 49.07419966729485
8.737194589318808 49.00920094875178
91.50244889645023 98.64856062483949
3.7075011770394184 90.37909098168444
10.966269005965668 71.47758199858569
23.782759685052746 88.88250546229104
14.35383358991249 70.7088412058575
32.57374676348756 17.722892305959583
15.286477280317401 87.0129837603381
58.017219821657285 91.58935299787625
44.81848515584179 35.45481541062803
93.30116601441298 94.64839307424266
32.41922285999414 59.661332911266115
80.9353098576701 59.22228754763255
38.968214001652754 85.76717070595714
5.959140494992332 86.57457967845986
90.2154775546148 4.712571009686761
13.141776735473965 36.3158129505645
72.09339512616239 62.261585680094456
13.52088211297544 16.992441477515353
95.61569183778269 97.56567160626615
19.297439752332004 95.14467189912487
65.88757783113563 18.831938531667713
24.67938212891516 94.25536299331742
94.58509290346424 33.5822754677509
89.96271361488202 65.20647686185603
46.66069289340784 85.82233453320032
64.12069416852108 81.56027484864121
53.00094121037364 65.3360812588547
73.64739784623649 14.259056841475925
67.21182644216314 44.604581652091426
70.10026973018083 19.29134693301826
56.15425216169918 33.457323352328494
91.52797081190442 50.96671875347727
97.87013055531382 21.365162350509447
16.154737958222597 53.124402471296214
66.50538215937894 49.03323106777642
23.874971812546807 99.38801067517431
87.94774623915704 17.20334814726707
3.073615997956658 17.425246908322723
81.54375966820673 5.038455049959323
83.60804345090331 6.424287899389558
8.420886618147417 24.603843463673126
6.503185554389446 22.99613410341095
85.52730883069275 42.9908759022708
79.08855793546277 36.912876713055255
43.66403416430658 87.83494551673144
83.59249470916592 29.571734032039988
80.69658712295333 2.7573950159077265
96.09661983651428 75.58234337054053
89.08723098875382 54.256842114768
80.61070115772 77.9451383682253
23.102176076125613 90.6557508936011
26.739858587034917 88.98788846367394
61.303798627750815 46.470754570795194
88.8133797844911 41.71355059500961
75.8861609473834 27.24368767941727
92.9594695251187 4.163827985953494
5.576913728042565 18.765447377655686
13.130411399543874 11.366195087491082
16.952349686408997 64.61735120282609
87.72775757056918 92.52944413095408
75.00306410660728 30.05784639744553
30.992345097116036 91.1121523599337
18.355349373673025 94.38271121469886
11.072397310879833 9.616350866145584
0.5465829359075025 63.10173106056389
84.60617390056903 47.64967577417634
97.41010837413033 48.80958529904456
11.771257145723691 59.3400573028446
52.49593464972657 66.23981707396813
8.75037004603576 17.68506024930552
23.485071174010773 90.74934396926406
4.39193943488414 52.22888709457463
95.4886710633896 99.96243010587966
82.32412596757719 74.0625728149505
90.34295437597137 8.015523399646574
50.99788938190548 14.237240028817943
82.75904910095532 58.88427659240747
75.77779662552527 30.232475586011542
60.406132192412045 75.64313453536053
75.18039104973731 83.84689519576621
12.870212073526854 24.20168287528286
71.77070304292627 53.889526613435756
19.28186413412365 73.4557236204985
83.7318477235317 43.94377200272193
79.65616474300799 80.44270403053248
17.094335468148426 59.74872925569454
6.6982718933541685 12.97048637234115
21.90829622648156 92.59384363467503
84.16149545022546 92.89349543893152
11.481273327027663 80.24969854275628
30.51577246932147 87.37149241403085
85.06753988012554 4.21951963662206
53.26700019283517 0.522275464209554
82.0024552815257 34.12460421994963
80.50999762330164 35.26375755670077
0.22243596355435713 6.145791179078786
6.609313037051345 23.27746747600685
56.370576563859444 78.50973152178572
16.164317988138087 79.35611703525716
18.25038294918848 91.1913151478291
69.77633605689088 43.023027786397265
20.70387479363842 12.638554897399711
68.3990608204176 37.120830023266315
67.30403915002373 48.90877365297899
75.73815425965671 17.660099860602905
83.96870732487953 59.822960635577594
78.14866137287278 54.60509569821854
60.05817242384231 7.608866422941851
95.86377314789809 35.625087787126915
96.03212494815543 66.93172494908379
22.510402915122405 22.05952097865942
20.917039936346924 73.57666159046978
17.11735495404316 31.729627747921118
90.77204819248261 42.00027100685515
54.742143374015505 47.8306646526411
62.679756269538785 54.0908273056671
32.949978159845685 79.56230739748682
77.28584590005327 3.603171820930795
88.3884602580183 11.70101969196966
33.114572556373204 62.1078423135569
86.25290698768025 80.53905720950507
62.12021163341672 42.60736734385422
76.37843471533743 97.55207221665376
61.71372382890365 85.4298033543885
79.64817191910963 30.543629326119493
65.44745732393919 58.86961676283957
66.50994642310606 0.5141259586514568
81.83405819597805 55.53230011172155
82.23690041908476 11.924759559831987
18.30846867084166 19.30987325843445
99.99297715963293 53.529419401492206
16.646392717968507 99.86374562064562
41.02991301961916 16.580563044349006
57.10375080580437 24.17069521973325
86.58499818877613 86.75858838013485
6.344925948487279 9.828565719298442
30.462452539657114 50.094789218938615
28.35430148932123 43.38387104609782
75.18078616080433 76.20898792239015
73.18948771311007 73.05801977144277
27.19575798636049 21.086864092830403
16.60405076037734 74.17176452988568
83.03988324230991 39.40795634471381
30.06040258704168 63.22643728147839
89.90054508838054 88.34469934772868
80.892710380018 39.473969652636676
68.22271751479177 71.89249526249257
78.14712034990822 95.2839514790789
20.14008072326159 86.35842417141839
63.4009233056138 52.60120936555435
97.16759917324269 70.75056179877546
12.706230641514482 44.0483254164032
42.714439602320574 97.59200458941622
1.9340840916126423 75.24962085718627
64.18923870321656 11.96701670722864
45.23968396607467 39.29057235708273
75.7856835474269 48.82241826122908
77.10980386638448 24.90621042539203
4.858332715351854 94.73547791874715
32.99406229916093 11.203797059185504
64.64391258438984 77.55363342781058
94.39137295702673 85.39031545818199
36.13361755996871 96.49153604751478
14.580011867767272 55.13972682681994
15.287629029784867 66.04216063412696
80.80958496838306 73.88900207459754
58.94763192686297 84.69499657543236
41.10384651707584 52.97044047851425
58.88108563729331 23.868377749491422
5.249501280075886 30.78110777180736
10.67106322814 63.71865979086313
15.480946500920822 45.91466540702815
24.70316274773929 11.585517524479716
64.83602392436494 81.23036205846923
28.715410084098636 92.1133776913009
94.6810111110904 50.82358124929418
39.55171346778985 30.982973064022644
93.86437045192366 30.34208142118253
34.29539746365424 6.628777206740133
97.08250429863985 76.3266126454091
56.53917137109732 92.24114406826958
1.9349295116932952 20.28699664943425
