130
1 3
73.16898482943914 16.816328430799608
89.5343742321762 53.868943195150386
15.34376303564331 96.21091514762325
24.250456742646943 46.99991513939488
82.52495801505881 95.09636164389002
24.767243031309793 49.23668678881703
45.93446970064252 82.33263831198812
96.71182517240142 88.47364763938347
62.547536832497144 67.42271544953653
99.69263432640345 48.71544233020704
43.25558174803561 40.85076485483745
31.60169550580847 97.93542534787376
68.83696616016861 70.91446317269725
32.29301923462942 67.2815484256291
27.022449666760263 93.14945591130859
11.225273792342993 82.91197391936231
8.282450434024513 81.2557126366628
10.845291399330726 77.35299243512029
49.46857079676084 11.079210026820219
0.17602732058126236 88.11300391487593
18.783588846647568 18.724667062008304
58.3024064877989 3.9989046945618556
39.95157510945053 16.591176426500898
2.1242141448328367 58.33141816914002
28.96898770830112 80.29221879932543
6.498848958904513 60.76549307902845
80.31804283446422 58.33477473843573
70.09575935269594 77.24219852305978
28.091101179726152 41.86262116278565
6.571483241615983 52.75964601916196
72.42128013040335 62.97418099320722
61.290211539627926 36.93733471287766
20.248853730450467 22.19494635086674
3.387302967835293 25.937610031719526
45.956899264145704 14.965368785659884
23.333813179011777 30.46196082882546
24.534546817636183 88.86290116947863
94.65128840324522 25.796938827511042
19.65229598118956 47.08761551067813
67.76071042847937 97.33057230565767
2.9246763077384497 28.099864200539205
29.12303932734801 96.22347556500183
67.79515054709391 82.75537881253081
63.94640723221199 10.531081772298512
63.37268700178471 89.92915351782827
51.74336886911699 81.85646416140095
95.35988338293404 29.647576194926152
45.03767760296884 62.81740752699516
54.39008020117397 26.315869579839422
72.49252962309723 25.956159595625607
20.098547825675528 30.647231962658662
10.46656748336796 8.40827140822531
22.27100895511418 30.529212610995394
82.91328759545974 79.1551071190262
7.379304772960715 11.969748100485656
82.24728491685724 64.18973233295446
39.076902783794345 28.381322521463126
36.525010178512844 31.487891292105274
97.82730788206626 60.66783644333111
22.825391498681835 81.75480589357123
53.37868562248842 1.6258571097125918
75.51293007628819 77.15979184814428
14.427042129384038 64.07170879407764
61.96470481835754 53.13150226411256
28.043113564877874 48.79666850469895
83.20848041808982 62.39726030542991
52.21294953216902 57.37178694985954
76.3850931928755 94.00203158224308
11.966874486304624 8.413154616120554
20.444539390635796 7.478450785246271
29.021733410489702 73.7286012032706
99.9226868740954 35.206196673912316
83.24259378098809 66.77847339610643
49.839459959908524 79.49802579891585
99.18396362077738 34.36169770810864
88.41724498535832 1.729403266519669
15.559431481542795 96.10664845706994
66.98697711473744 62.489603440002675
30.634813263000638 64.09488208262677
80.09126130281629 51.09394292910034
28.89874018864711 84.9462391219729
75.75365738941922 23.614930187127193
92.6904191958667 2.0130415738282004
84.46868407822423 22.017223497331905
62.41984930554207 50.840464386922335
34.10553739076683 58.10700829701698
76.84035907737463 37.50842286117704
54.381953573346095 88.15449506887332
53.72814105461039 32.806061855662726
77.41746494777829 98.83639799305399
47.129870162765684 49.58955848219517
77.36105425045203 65.96317674083623
13.86854235664352 75.8024315638315
26.759288137598492 39.67027702857091
57.390144909541505 83.28155591495407
54.94728167241163 86.96930396250502
45.44280369702729 49.39139445969361
62.66357548928709 39.6600667166475
0.2883723280018069 52.38324308268918
43.05606863184575 79.8227555838414
53.3061789635199 0.7159374564295051
92.17951726941132 3.537282467915359
61.64417531477531 24.71777234729162
32.903244456968686 21.985268261603853
18.15605964592293 55.6900902594404
0.3957164176919603 14.397842521797077
92.47665930546482 96.22884531493858
96.7037983089869 95.1512478840193
75.37771589117199 54.08589564011403
56.75940775533375 37.876710443814886
77.64743874710189 48.14520083317122
65.9897715038402 71.97050454789884
73.84125561290698 79.15758846993111
71.4963017732453 86.24078156708323
49.97791485799639 50.35019849295899
66.13139116464934 76.26490921400946
48.35547534781357 84.49352873442339
91.03152116799977 95.68872299596931
69.47049163986212 6.743106123772957
43.780775242717326 40.704269322308086
22.853611067949565 96.60656493748341
50.689070493460434 37.68948388096918
58.239756914261754 4.877094720590702
43.28054454589496 59.021164654668404
45.18451862438455 38.877461084799435
21.45635016927061 1.441038582221732
26.83057044784032 23.490969161626474
38.13151531880719 90.12566777875844
12.235549563941571 37.41784426569112
14.438088047552778 31.35534049783646
