300
1 3
73.57924406561926 87.01389154173664
95.24392455358498 35.495356667501696
52.89386860756699 85.760081054542
17.503382030248392 94.58908315407054
29.155823158834693 72.8375991166156
92.63532089774313 86.27442607909911
99.46008928707386 75.34188627280554
88.02619200212098 83.94607787998119
10.423884589910859 55.15530829834623
22.089990014934568 61.63659716050811
42.5566028153584 6.020322396414635
74.42148071279769 62.43936396612795
30.124572608716417 8.008821885396266
27.671345731268705 28.802755958236848
74.75701236686648 25.564816324094664
49.525227379672245 0.3959052224377757
21.252484692191963 98.63213285545524
54.17171682541231 66.15703200114763
86.8385199074274 64.14945263647367
18.177578415353857 97.16612864317445
45.59036131292898 56.5751518307636
25.5825372584513 42.48599911595798
86.46200116120109 52.81010358167379
63.95992961149626 51.305079441146376
46.97615098591719 21.95794206695554
61.924657943761765 30.909185977076724
44.00406885082469 89.35393324754719
25.077541290008387 83.53765036882817
99.78494696302596 47.29263296411717
64.33479895579113 70.45113687610454
16.701414019867045 53.63857986853968
82.61046445753712 36.307612976896394
14.265164233088878 26.277368278811775
35.19721509345422 67.12992607354033
15.143221886201408 98.94772383599404
98.42173563879733 78.89436065778163
43.60822157551656 20.921590605801565
15.227449636578916 96.45814276518674
39.56059215566723 96.9873760966838
11.405470191937383 61.00094163292926
41.62898293386128 80.44412547601974
16.158938157109382 4.923951580695518
49.41774221587363 4.337374883028122
58.8767700250471 14.224681376010029
46.20293954606287 5.222071202453238
67.05910169272454 26.115409273836576
86.28388395206849 99.73970091257922
23.080520890662882 23.258183150233315
88.62607657661499 49.0989103172115
60.62216057516812 42.08441083368633
54.450274540334135 12.713431845430012
42.19213609698285 14.347434146335502
7.9569974795467235 18.2975255994551
66.74564175867026 75.7465513676083
58.00553216106859 13.681190396141464
55.39342824779618 61.44312096191526
98.2284273416519 8.341911657085399
92.04314161469536 81.58557086811193
37.64535392433104 11.92134454625342
87.07231114044738 14.720228639395794
29.562781405227568 55.51753979104252
43.27569443876691 10.080801886865753
1.09941606293964 43.19098979421452
0.5280243188122702 63.21426520191602
63.44614544988174 55.62624006088763
52.820570538521494 50.420320874048976
60.48602199683981 79.8878878233688
11.738336932102843 25.994870441312035
42.36937225861974 94.02031252128083
27.312193615633905 8.59885210460385
72.74213322002991 67.88822925681559
35.89680952693794 57.43974844890314
91.34488618359416 92.19613208878334
48.60301737603896 59.14345176429556
71.08738676337505 31.085725051945644
94.68577974958583 94.71972498344088
71.68762741345485 41.372807956207744
98.50397429839862 96.61874458362094
20.893526677667907 11.798675909884594
91.37324613711341 87.17409178296276
9.107928535161003 45.53309115312383
86.38553681179147 64.28155384305666
81.15705658649182 75.93896341246023
46.40260904041165 58.144935157558564
40.527220735628156 66.16576654208953
88.17168095890244 80.05497815217193
53.972064911848406 29.74680488230348
10.851700723359903 75.88964285646291
17.258570838491117 45.809720952249265
3.414322884109122 18.439595915106377
99.99296432092441 3.570434222635188
54.20723323886121 82.03047915358374
32.40126527962423 86.64333878691947
2.4460941799801406 16.76144037120373
29.90333740762523 10.007680757374771
74.83965017828939 95.55120565192621
21.25439847688355 76.28064186373722
32.77490474115421 0.8213396428740305
11.526906953961147 86.77338371408429
78.4478814920862 2.2699436171758958
55.79925771833727 59.13884985803588
79.40084687854663 25.979987356905852
8.45697805525225 41.21296149228968
37.58849413093841 16.079001354539745
86.33158091203903 40.60721100222189
35.84896201226098 30.856141990853093
23.53563248282631 58.6250006466885
71.26772064785314 69.35437137223421
67.48963630735662 43.359565239551486
4.695683378774307 97.13097918062267
85.92566367725058 93.02780347690182
68.27498755740531 92.27283177359327
86.36518956343863 65.09291427605493
37.18774195090464 32.86028551802593
21.233537316140925 0.8405598493399946
86.11780154992074 93.19781693733586
73.62385512967649 69.05123496679452
57.44890671798964 50.58450618446615
22.62270029153428 63.46290655218561
39.48775539704705 46.8675558884013
6.168324384550128 53.12435247842882
31.087083031411964 1.3635383363393538
11.075874783980911 16.31676465780325
35.323041541641146 51.19512125184973
64.51453342917146 42.18768235181125
86.19221099912843 12.55083388567848
90.64813305378156 30.29598244543026
29.080814875436324 28.298379560470256
64.18634188129124 3.686159894210639
26.002444995745023 43.00477895722028
84.02090320521462 79.66838439082298
49.00172868620854 28.65005188798657
86.30434536180285 17.328833696878654
13.379662274656567 70.81318122036859
73.3220131681853 47.98786520685161
7.682101672579722 89.61263008324325
27.167625865206023 77.6188519110378
75.63448739317901 95.28830150794919
43.58158400430416 0.021493569847508276
78.82506582090802 64.7514680981329
86.3639439872937 99.90641080987493
32.54743710338928 94.13000411928058
92.91197006286723 34.33180216916107
78.18941530882472 89.29871871860962
90.13517162907705 59.47293386457546
21.439990061435708 53.95158695639075
81.01507545261566 12.150485618945073
95.74655401976477 43.88778473279715
72.98357718593387 73.75643355387429
72.31929595394051 17.000485495213113
42.042317788690276 78.17360550721655
80.54690946490122 67.24595787535557
67.34565021200547 18.307252945895215
41.619691819906436 81.133476440817
17.78566701672002 99.11577155861382
67.59596958501501 32.22828887478579
34.66217522472543 63.51654661427266
68.86427312640606 9.16573853974394
82.82177242765955 47.97473685342859
24.53723944558015 60.90371183129373
49.097225255040875 90.8601621736392
16.540849566085857 27.88410866345781
55.53738465949492 38.50937821864293
23.892469742824996 97.87427513174343
95.25514296581947 98.93532875139385
72.77760631721799 52.79699899524197
72.84076381264461 52.36270003119259
87.244841757072 74.98112773251692
73.23964414653521 54.71019606215548
13.63679913133038 36.89100384444932
47.67113206365372 83.57598238002679
77.29714007295424 23.144718361247428
81.15586545221227 45.45035961999668
97.8381964698277 53.90486037449433
10.854757160910289 47.43716081656171
19.386466442145455 13.930975070114048
24.88852125243919 91.42319685399276
17.950682178191045 78.86613794858441
28.709487612226468 68.35256777142622
15.714589532129008 83.59232020018351
15.070846649227466 79.50192070558704
86.25165637599788 35.57814197718028
23.18571247041543 40.62891261168804
89.69183165463248 24.927885975120702
32.340249268890545 62.65237595465125
64.23195049719838 94.58864695475904
76.61699319003887 83.9500824819241
57.161081702177555 83.99515922810757
52.215373779105946 46.198258213607744
79.06353812435547 10.064434629443308
29.137546052140053 31.73116936968534
94.71334272341036 7.4555576350061825
25.928372189158864 89.59242365759819
1.2559010658491854 42.9892438348114
16.695988389884864 16.480781414331027
82.50240995617506 52.12602201940295
63.69031823137896 34.68104551210811
23.154103856363363 62.524362686613586
32.1873550480047 88.95513109771223
97.6431766963172 2.997203474540089
47.38962525069195 74.67834439688905
85.80298505284138 99.15503007389756
72.9413797578508 39.55613983115367
16.2170430277055 27.444905195723756
3.1992210908528884 96.31000515054981
10.603989477467701 86.01762099483865
91.95035844284082 51.141842833350616
64.72438166489454 70.17972619148847
69.60742528031871 20.878520650901343
16.146345746460234 71.46897164227484
50.92353214183496 6.732200426776358
40.733937690659936 86.04129934660301
33.455065521583016 40.40197226401403
68.88786515833067 19.36702338782719
8.256903731534027 58.76477920359597
26.7554270321676 51.18313915405373
55.770640382196234 73.4469190513565
28.605134152399692 39.34071943778166
23.795064238304064 62.67732357704665
98.0521553118953 80.53091533802832
70.94704109678511 67.68779374928069
14.840073719044856 26.012819615927164
4.1624350165251345 14.061168852791873
50.87129997046156 78.30222758794241
71.62050272136793 83.17514857321355
1.2795347790199418 51.54345473786861
77.97953980880752 31.622222445223038
68.28651994637018 91.46320303768907
92.3767654996359 47.26000223660422
83.52286539667418 20.87664406738543
97.71757836462794 75.23729065324201
28.278279373910053 44.38287820180011
58.72265905554364 98.02543310469314
56.416528743235084 53.25281662990471
93.90625678680674 7.320710890139326
84.4535071030067 4.594955971577952
32.2015217247712 66.91367308398146
89.94887371940605 55.27523810900008
22.422686412542504 79.45004369935982
48.58054897388415 88.24096441980033
50.342221008472855 61.20359032000779
64.57071516255095 66.99343165184277
9.631496422795149 23.013330533030675
65.80199229095905 24.936827709175404
80.55889997541846 70.71645757726908
28.67008335335406 55.51708282359693
7.321284663904293 40.892813679573294
35.12513672509168 23.578288308038676
98.0537441365151 8.639968094042615
80.91293168575353 78.23511714507869
18.667441723110723 89.0355105031968
96.09399803764356 87.53604264202424
97.14563610425775 2.462281981329517
7.990816058303563 53.602753474319066
60.75113595796944 29.67728594069481
54.62269873683865 95.3112487879869
25.071249139242614 73.43619881854448
50.958677121697725 11.317090667368035
16.90472644697969 84.25202597784458
20.366510683346828 37.916742791397404
67.82949948842656 41.33204139172628
87.19571064670382 98.23999408856085
13.652661865128923 8.875622540737261
91.05425215719258 81.39885607478288
12.325619703188085 66.85088608203607
9.842155060737422 45.05648201015151
15.512383492897186 21.102141029145116
10.169687928452543 54.35755305502204
69.3091285884957 23.195606488133503
86.50669286167015 81.51651589994144
35.801713249018995 92.0263026548972
29.04037896428855 72.42516978609113
19.663613191553388 55.11784269443736
35.38633669879865 33.82929584273589
31.057289888302808 17.2848461114937
74.05890198388762 53.848995443037936
39.057995854160986 14.132960072771873
96.63184952778255 15.247267155762213
15.218115946639465 18.341009792804954
64.46584026560012 20.30685220374
15.092643315917575 64.18662744221133
59.88945119423188 54.11569720080918
65.80802613107271 71.92040047539925
35.62276804150901 77.70791240039668
25.767259103643102 34.38210952707219
77.12928082188265 71.89415355479123
1.8191924179405516 50.79666098190556
51.01248360028321 81.80766808169473
42.822753900649914 50.35367133501798
84.24242191583176 66.26405576201115
34.38082183993379 14.966191340790846
11.7257715409254 97.02011659865433
87.86145579241497 88.98447698350328
46.59028941795758 97.24894722657089
29.436220463091225 27.49741984517653
7.512003529949651 71.11936423381242
47.64454811100818 53.40080921431629
45.27432087608714 42.32139694910553
61.74007539869537 18.368415580439667
76.09898327349944 14.140065158120096
