110
1 3
56.127496727147076 33.762530370927315
48.70254806135665 21.95671656544722
57.238945482436776 99.34005883310381
65.15709269994917 90.3336704556644
8.579640684041712 66.44343646592232
80.94010534638365 52.41367235352526
55.33201323915959 26.67693047844477
42.9644332733806 63.94628951528356
37.48727507644769 30.063852197337937
63.891872199050816 65.26219632261618
89.63631043468854 12.857406721041187
86.32213457184676 66.76470082793256
34.76146709248991 87.5698424838719
64.73216756346105 91.74632476107432
72.7871311535257 46.93452826837159
81.18200915264617 96.8838032249164
52.22629238481979 57.93585420801784
27.488179389978118 89.69003916417853
48.332022890105144 95.00038646538927
42.90684804872327 54.33044654027235
45.732874242512025 96.39735513152242
32.12342304786995 50.514623754057794
38.603255394672644 41.416142800217145
34.71404613723878 80.28578026428445
41.4244982860906 93.90049620530209
76.57720101071845 86.24960250895913
70.32854247553068 85.94922806243923
10.175960512793015 7.162628471176435
59.82696457732253 20.59617712184092
65.57204127708054 43.23381372738937
2.99574076046365 50.908214350967974
92.47601333458707 37.430279539445536
84.38491868352477 39.17572947540633
85.64593364220632 90.89368620931427
83.6465771595659 56.43521466316288
77.2654769537074 20.289292602724117
1.6906075656539343 13.529115791096036
29.257350189458364 56.43451080070883
91.18431575911741 83.93968653987159
40.9280806246938 41.54596364188801
87.99512719410629 89.67887841157267
33.3682611816966 70.97223227227151
67.1270037457785 65.68422906493927
79.70397789868883 40.1422342297606
26.399147718390246 0.27923055046572554
77.09920474563565 92.93579100256551
4.3374004721428605 82.17334120042847
61.1068455926741 28.826047723553373
55.30861574668702 89.70775775700382
30.38932092831317 64.96629170062758
25.76580308415368 14.1052944140168
88.60403603056189 45.60457863635301
67.81313352201057 70.16966184558602
26.27076749257573 51.730277865582906
3.1788303006575536 69.36978495308963
89.07879569723534 5.499287749561477
3.24048680515725 5.38683438773242
77.23937749326663 48.38203136334993
80.18956173550968 16.14339125920492
49.08478726678245 15.79069914400324
32.86690401752279 4.101339483356692
81.7433529766844 95.81511523523747
72.84377670742319 79.86665067882623
34.80028229239747 43.92411655845183
67.17362258676482 96.96810380719802
35.402249076578855 4.952385440696427
15.626732906601436 49.64281979472012
87.90288411355485 1.5569040407650503
77.4648205571604 81.06768827202752
26.488077032498893 7.414392096112743
56.561109515520315 92.79673430350269
57.465550858662006 54.69441144706677
70.18590915308882 31.236231263636327
49.287285103335776 2.1029161170316835
31.126825932075807 57.62537494846989
43.48101507893887 9.811297764107474
61.76608622733237 66.66081541649771
29.06598216445002 11.982641428795858
62.21376308436641 24.295841340678393
57.01782825770854 19.576907170985102
16.00886003747235 87.29810274921192
94.68769541605289 23.516339544509446
99.6344117203312 45.94210043079288
67.33096324346786 71.16561583323748
87.4005663187522 89.65845573813938
78.45908363382755 42.751633952345756
99.95671929848531 58.79062801793344
47.371625221920155 99.81943406882321
72.63314656824957 99.90693672575802
69.10049994371377 73.75643485592549
75.21206419307269 52.81514006153005
90.19807574401995 78.07293404528195
89.6535923549607 60.56210987660224
68.57750946341814 83.43819059263757
71.08341995712306 45.514060016873124
36.92093291009253 57.50031769556843
57.21501892093617 97.06660218409678
93.93702162498587 69.94800785065311
37.41978639033208 7.9047415560352
44.96899344408436 63.00896478804911
65.61944705147758 56.391080408197226
26.58514470649893 81.38115317970671
12.728091471898306 74.0117634109761
80.68534931715261 35.450049289775706
62.85038749047569 51.874680719111325
1.1459352070726458 69.50633879498191
23.702608912536483 54.98656545758347
8.342327177214127 29.540818717729667
54.735890337037674 72.26279644479044
21.77061427614513 95.29772487963768
