500
1 3
9.496737569778224 91.3724142459424
20.643327014750756 0.28378315037767
20.775261207823227 55.34508646912359
0.3186702883040571 71.10726766010411
22.28370667456623 10.123593414603715
9.4787893071131 20.448364659939777
54.8000894967807 81.16715342379399
40.99712575063239 26.04125956011405
32.10735142811465 6.518019691761068
68.23135236675664 63.140020919935466
46.686751875925125 69.20622738124753
39.38059505405454 15.181578962646602
22.62230176230997 9.061359762534838
55.95625742907602 0.08499370401280348
54.71573317711651 50.57803750142471
84.3381837573219 80.55578985896558
61.994746471003026 72.94421329244234
6.888468804705106 76.73354748730077
56.97719872984992 19.405488898573118
94.1829877367772 74.65663435247146
60.11414321616784 96.67285863669264
52.70907970043057 1.0275560890089963
97.36501551946215 6.992320511042549
6.4620217700039895 8.495146700716582
70.9307841892197 46.53586722434806
6.8377395812180275 68.43254474491758
27.300786224395736 0.5725192884748598
44.023432262529894 58.638216206088444
1.1915147281831517 89.96670896875149
58.36519295503877 66.2160942995935
54.81425656480643 72.53069908058782
74.32469331370174 59.3107622686053
41.73348642902499 14.416814945900946
84.32129653895655 58.00183247325332
86.08423540837171 32.39518950499654
38.357230344858095 70.9407946074129
98.39139493785522 45.584847186044605
52.22736066429707 73.94377230979445
78.77627222758805 39.03759559655835
95.87833487183339 45.96214746325633
98.47540124646088 78.63394643016497
1.905041858683476 79.77423532318748
37.89900377770496 89.73805537268302
42.69284242403757 23.99885421337613
41.596193047732896 61.57111954045338
61.798380311004266 40.14473340226785
22.81835400448715 72.78571976056034
85.99062983149446 86.4055721075919
55.4106351465328 86.90438423739096
11.517192283754273 90.71739948813476
98.60671590343348 21.207494681038508
35.46816752975073 40.824332997266886
26.564597276279734 91.41581318753742
76.24440806883501 28.756406193222105
76.6984172094182 51.28828115175048
39.307287553213285 90.7750669886936
16.671590275897973 19.871646097862804
37.24020421006313 53.71624023401436
37.22660227542478 22.63157064892798
15.195099802360446 75.5671738627957
56.984564360017266 48.29898649238436
15.272436684090884 26.828128101424365
75.73244177684046 12.344391461210025
38.458464423217634 36.26571507590106
13.02534063177574 28.814191468979434
60.47834571450783 51.641083314072866
49.14744307024934 70.46908633156173
83.85560865484591 72.98896143090406
48.417344238852 22.080802578374747
38.91746239042484 49.82481001053212
66.49456662672834 59.23992253906234
89.91352725787584 94.85949894254648
47.490804033806235 98.20690717036244
92.15379967607066 28.866371995767047
77.30853531145243 3.8259289890077985
83.51064388119802 72.73051836877971
48.979422623928095 38.4067648087909
70.66312451710589 19.70511991262367
6.201213157741892 78.83985808223701
14.04849915984807 78.8606219167761
43.20061852537664 88.98438514781863
94.93038081943051 51.22753843699801
24.484250119151785 68.00031618766845
72.07906683847942 79.70421437434166
20.677424705684523 43.67500639841771
77.55145537778463 14.626696154754782
84.12301468675625 16.838940260598623
97.97591373677221 98.50669882126562
86.53211960399658 70.91812881356796
92.56942211187977 10.19554277931145
91.88310238165252 37.10354802390656
23.096940080653926 74.2211627366052
56.415655174354406 0.6721573502722622
84.8499226187457 36.154152672381
45.24636414833629 25.94137875327698
78.66157430618368 0.6014392029546345
37.51133082445648 66.78613104050282
33.09440355811133 30.572282432953713
63.052712154070775 63.43754480043309
80.82375332970884 18.14534619470367
4.800753106396938 45.07359153213735
30.11724598170762 91.8942735109769
53.83149939636327 58.141300943032334
21.29752747394491 13.825145974981323
11.295216301606326 56.4041306210314
33.38996723407861 31.703765340791712
63.516900375410934 5.266702672953993
82.79698283026242 66.55214074242414
66.24637911410602 7.551783577528126
0.2406923766296254 98.19728097831106
93.44713916688112 95.97392084378349
44.348653320670614 66.53587809532763
85.17043233588726 80.20860678594104
75.04477795974238 18.392666168713802
68.72965321382985 19.06332442042171
74.87698709016671 97.27787653542428
6.300967699054727 68.77207948311653
26.9998077119199 90.68566576680325
84.42334275760925 49.31684311039539
4.397143182428476 24.373099165017862
12.138897819325823 55.9046303865623
89.47871734466717 0.09647701638386685
75.4193281749789 14.830175953398484
92.49989229011474 28.590363925042105
90.658406907386 32.022981182411
84.47821392318542 28.322804480068143
41.61966659994889 12.10778858364776
38.99656728029732 4.531427773874008
97.57917269953393 47.849705675589036
74.98467185993844 46.91812710364178
59.71236662302524 97.36274061822768
62.47317853677436 37.50552480136309
10.547276763334668 23.10327661276692
34.660542749340514 67.62146919505092
94.68497316826148 55.2760065699289
78.27295568912376 35.41955384081661
36.742393806832176 3.5077555009005223
21.093112747850682 61.93806629747493
48.55262010252037 20.116742430876243
85.24387045586508 5.483222983337188
22.257120692759557 70.37118159707434
71.82715604423153 32.871551932913064
15.270884938968333 8.50305286180082
6.113498061042466 40.64209683398845
4.9979375177444885 4.810951377433126
13.517502825855466 26.59660232128449
46.16718558793931 72.36027030596372
62.65178322251563 54.38706786464722
23.526019125767128 41.31807923094437
49.080173165028484 20.43178167730599
52.14923868865762 33.26060401407924
6.699762271462473 17.147334651565593
57.4709916381829 35.97695236648404
3.59893689341384 21.184863263238164
70.68137909842692 5.7518879418330116
66.5990727298417 24.10428645446232
40.03238715521056 76.07741100614456
63.76709602836248 85.82851583609961
82.02609147234152 90.72502671682543
40.63231079046679 23.086244020603687
61.70785037078708 87.56116256268913
13.61701945139815 69.73294458009303
49.01500773831178 69.35303148646386
94.29568739851149 18.923845975068776
96.16348685432399 65.20231950095736
94.17556369989757 39.481610072415975
73.11640245240825 82.316411674877
95.64124195182863 97.45556169537288
68.22847049474979 84.5546911597769
7.304977709306937 28.639431279855977
74.8829480481788 4.950275410517335
7.195349355250191 45.35265424183636
0.7098859246083666 17.095036163148116
70.28118048388534 23.778370913677804
30.875715360087884 14.306820246734798
14.065685641950786 25.894278273772443
98.28807612620618 55.579392091088685
71.1254032258831 79.54578540473196
94.54114303174308 40.94055491016098
94.20318049548983 11.309537675263016
80.02902077143847 5.285083919558287
86.36640257968975 81.2710882984505
27.17604686466546 72.17329011567266
39.8300283400878 50.138785659849084
34.03855572759906 21.083121881069466
22.67903890038221 31.634972506489056
52.914331451884046 80.82705146178593
66.20404095941599 49.838532010931246
32.41971952067535 82.83667391602494
70.21024759180968 49.161117343529504
71.96957705441254 23.258505884630097
80.972721067081 43.87904363481869
59.246167733335 52.644347273607565
42.939186204240755 68.11923967321319
67.77016083677427 94.25862833105766
14.074993468944275 82.28249627850954
4.532971094183669 20.830794279363786
67.74886069843183 23.822228810532707
21.097428942350405 19.869542257333816
63.82355102036226 8.385748034621798
93.9174539321989 84.3159352298904
32.16793607976314 72.18361309957169
25.83942707189695 94.35824876257757
21.153056962993723 91.45447976279031
93.97547210184038 62.76570433876314
80.8165921030984 35.48753330726626
4.685832605350537 65.67307239198932
30.552887885411373 17.396787706768624
32.91274435739777 2.1735681504383875
44.34431659982651 13.586275680245663
13.98296013503777 77.38816140552296
50.33304302800292 72.3187507508358
0.7334043226350007 25.578195851994767
76.3511930730125 86.27173650591664
78.37500048841626 56.40835373101065
43.68116883051121 88.6395744927937
43.14250352844644 94.84746696813752
22.728110149924152 74.66597276422382
85.22149470553333 60.09473696620695
55.25331977378312 61.817051694494566
52.29341677473314 24.12335676595234
66.87828878312732 87.04252512700255
93.3517797844944 26.454694778630316
51.842152429048795 67.59511317437088
46.098990072985615 62.77738311077676
34.626832012737395 64.16256797901679
32.20722379126491 32.415334272978626
92.18261147824016 97.06088860114188
17.843350650884805 26.782328827082893
29.326493432293987 8.148650131124313
41.12628821028299 56.07417976880147
48.88543630626545 82.31575957800214
95.18495398344771 27.492864878605914
18.368717166418904 39.10580571839708
91.47991931831949 45.58925777707623
7.42105022348527 85.83656153109784
52.29524493186648 33.8932983033087
55.37445590047469 67.03214373430258
83.0367934852098 43.74010426918842
90.74560063988261 80.96254682506414
28.853841389597857 42.73281577788586
25.180447063680944 87.3853198456453
4.893056531070239 20.026917286226563
91.72880156971044 56.519488428882305
72.42521062526667 92.69202881161493
59.52390730054529 86.25906108256336
93.02281909758683 40.707796314003744
9.392819386893958 67.35975412817945
32.07426886165412 35.24534651603328
6.893083227199526 91.98921673247722
89.43609299821405 22.526600637994875
52.1157118337066 60.75372034122539
54.95437793173225 74.42836641017759
45.28266468194031 84.82131407285249
40.3108384117822 81.26638784281288
70.76935751549433 11.112372665539239
58.112482823520814 65.87917554401747
1.784393897209413 49.35164395292093
95.68300663566045 49.59640303815043
22.913200956030888 66.3418295887956
97.58170449001551 8.70060863019586
43.593654810448015 41.32292044829058
63.84422035952482 54.6459744976318
94.33958371889753 74.45906664811936
78.20885396799633 40.423250049476046
2.7142677414675243 85.4065339626526
80.66695122657661 4.9126472440385704
73.14051139880529 41.08722365420616
35.12524608945555 57.6163146445047
95.95354009842279 36.687642476767564
25.07020059300309 45.87823361480594
17.73937482199157 55.78671977874639
15.313519045540257 50.4750969881363
75.49165067404988 2.8863315333984785
2.5315373420138565 37.538748670842125
98.26743705370178 79.52806666449675
25.46550327032433 50.64015942131985
0.7605207988399254 79.92817552555682
85.65868406860024 10.441313420305098
34.46942283619978 21.238205068764458
2.0797064802685394 91.0835264544956
70.39928896101948 63.9605140346174
96.6557428309859 54.351129932045005
76.22980278437721 33.625638959396674
15.408465356370215 95.82377705341254
9.314172868525095 55.67779566161939
25.182186245271176 65.7033209334392
19.057886196744512 75.2958276788525
65.66069693750194 31.04415359980919
71.07490676768107 28.626292709112676
56.13869243178795 7.1431988323589435
60.714441945020866 61.56787837846627
99.00899315720442 91.29739599516249
30.199750026901917 93.1125769097922
54.18067594495057 14.017625352076447
78.28282976036553 12.332445939348013
86.72820920639252 5.384431965115022
99.44608245492408 60.11731669151392
14.874811670659827 87.73324294311618
60.152725114590446 0.29997729261315165
74.82574080679866 27.778510695933335
1.6908737049024847 32.30398323465471
79.35617831490063 51.231625527816924
79.98396410599548 97.38666169986618
87.42677835652972 29.276687931238364
15.544151582916621 88.35462532415757
70.69073243925605 88.3979415362389
71.42207959723528 49.69995311017612
18.003560486003046 44.71181712171442
64.52565105754813 22.175740355056096
46.73826286594747 55.05340170913469
60.39374680160519 72.82868992063665
14.10266180490385 1.9047671462452342
37.95312579796581 29.791501835476474
22.007397305313336 45.319440210586826
42.939634838946716 67.8285612423377
18.768358616628444 94.52529694140306
99.57461232082345 79.04966756774382
26.50619035565476 80.82278071407461
38.012825130836994 58.28731072815463
82.98985003865009 73.68862876059839
9.475592392231258 57.089766675984336
15.539691168463055 54.089528402066335
10.4561881808797 69.45632864973037
49.27428435519585 27.682814223001472
1.58337246141671 27.54730754825021
23.211981294358175 35.946847015962916
24.464829489030638 1.4830509402631087
38.31008221478038 72.49645556066942
73.40191253388004 5.18535968879148
13.628864525645067 29.016468156259666
25.794918821160916 57.051760519274744
91.97986363061605 20.017853420804332
37.22710020111955 45.92657198946482
25.22887351981087 95.93653884990054
27.59386222279694 75.74417681586903
88.35624516254545 75.26022273354505
33.352992148455286 74.44833896422767
92.20335979039413 93.66747372553135
35.23328952291634 87.41236293673525
17.889376518036993 56.915293229197374
84.39758053823849 37.5017155396437
61.89318176038001 43.296127231818545
23.228414227185645 61.34342791568586
1.2980044346484698 21.66172275070064
30.03301771227065 98.98008934707603
86.2013776361598 64.49309345368799
25.523724129641124 14.34227255035796
49.87032504109492 79.14398801705742
96.77785923455579 73.22809867794027
45.91176621347719 41.362729802281706
78.0205823175261 25.59103103610174
16.85708968090833 44.848220561716886
86.08220947906943 9.377085348843671
17.853977694090982 9.616046612594564
81.08589923622338 7.293819861470463
68.0885330733747 79.52075170048201
67.792034479113 62.45183296398926
78.66244346136575 13.013035534604157
45.279598855944144 98.8983685165761
19.08477889126803 74.90568256432817
21.80268899647695 41.54649668481702
95.65406923184399 44.08280449345882
82.26342752965239 92.55983692088799
45.44963873972188 88.02574519488387
72.1137559907844 14.095028231286232
19.09639734474995 50.521984982282845
26.237929593614993 51.101961003356976
65.90358510531927 28.962488372789675
47.67765710629106 86.06613251800272
53.72665941316388 58.99856741976568
36.53698920275665 44.55294994435444
36.473629229916504 85.6759984532383
66.17727753639286 56.74055880828506
84.92420541883303 79.57731158939225
13.43239744992555 94.81946490911861
63.0499490651971 76.46952761209502
66.89623572491097 35.19472175371738
32.98139650149703 82.19215005907688
0.19769948490548916 89.50922510757862
49.381697376976085 48.958028166136145
70.65683449983284 24.7964420322629
22.68081173371026 24.53652484638735
21.541008420085372 93.78555991991193
71.01618149699733 29.420070083413652
44.50424013894263 94.81716160624565
41.4953000791495 83.29003122449707
81.1574132800093 8.201775726760264
95.62818711760966 69.03906612823481
43.932044419735995 44.818618035040814
92.06155274540949 5.000633544930699
38.85538463783165 47.07211625523371
25.192524893800083 34.45876285891689
41.840291703510914 19.070440050369307
23.976790322641772 73.06256726765731
23.20925040047883 1.0967158227118246
53.4712837704989 19.811904277697522
77.57096464505999 0.11671066508409655
98.93868080245439 9.192345835796445
50.04562098147418 32.48379891393676
89.22052876220215 45.92032737049503
67.65843411577627 11.018188513361116
93.63092356728342 70.4533012406824
75.67885803546402 67.94503177233197
56.59428996646132 78.7929340538816
55.76722189492844 83.26456583912459
8.297675112049951 29.774214508343675
62.26471285312323 62.447402704568724
13.63425272758585 61.87612245991001
5.824464646787009 71.34761822772968
51.710108918593576 37.34288090714202
51.068754845123095 48.37816492373379
99.64108535977594 60.265682493508564
89.44937021167219 49.13897909350895
16.459534139918365 48.47284591548002
13.731893737397494 81.38304522937251
79.59575176104082 24.2923667530468
60.98065867076381 53.930457004061495
27.405729640993194 34.601204974336206
65.90687801986579 61.7384211158716
79.83659566351335 71.44305563877238
13.63145337644407 40.38885391074052
2.320221548124146 6.499320477198611
2.5284858437857327 29.36259773634571
6.840696484563802 41.36432221159014
95.75777304362079 47.15173191628998
91.52059058007038 22.73409927182861
13.137725624870257 96.44249246106469
63.20406652946629 8.103602691332746
55.320261522128476 80.38176801046586
13.789672501329164 78.78859858283549
33.59593003197317 35.5966209946557
81.39142733093246 36.894109091024106
35.41951149721629 16.350648241792953
53.651940432335586 31.397350211530075
57.57150605616148 37.87117787520495
5.015756062951748 60.317946725513224
27.853553513760843 89.87380059872866
0.9260054952651808 43.26825151196061
32.892473763296934 73.12868368450891
87.74553294277965 46.41472521579813
67.22063384797777 80.47993297171124
35.979724449701834 63.47036825224406
80.06870146445854 98.60702991442018
44.62237028873703 76.06252235522544
7.496127589858403 19.763598491388336
34.06837486407266 88.68048165452313
50.83550299029409 59.43875245970156
12.54030278702636 3.08083771528862
64.73216263415816 88.27533706944206
25.879801282485904 4.293441229541317
65.11123481253685 69.74513651789283
51.434891791667624 99.08449388955347
39.49935160460723 96.91013699103767
97.78747062287381 11.8393713350057
84.60793724945115 85.87113832130116
30.84075525917367 57.68729844350062
48.5044806700774 4.589203630126715
82.442911397094 92.04905843533953
79.62245934410244 34.89417542851348
17.981261765000166 61.512158139831776
92.77100239767941 33.663202658556024
62.03385484915831 86.90689990831576
52.221627700679505 56.70545949040018
58.30352472556319 76.90328641931315
9.011662589371827 77.21777568519754
37.50756017972496 61.49975650183104
43.99878353384978 21.065139543029687
72.07712143311859 50.63867740969901
92.03971419042813 7.3033032499505435
17.872116179194798 41.227793333278086
56.51021570265111 68.71789148590499
48.96786992773829 39.18242402224139
73.46491925602369 53.98118319659739
75.31946228619563 47.31177118386933
44.25276794283579 19.822031804893925
36.15332542322967 15.040977546700507
27.37401072506398 26.3733672597104
73.47643807428024 20.108148251382275
25.017635047607477 15.272839295095043
65.77351009425887 89.4389945622971
1.0658823689771335 83.92459237934821
47.806650188077086 48.8054362903793
65.5844785543251 43.29710423737796
50.22581175744962 66.50640754154338
35.980022311099134 18.680164656635178
17.186647540950407 21.52254920936796
35.74197165113322 98.14181440060518
62.402467801291635 27.867720895503933
26.116960236924758 99.92550413025639
21.41634142283482 65.4368520145662
22.500542979235362 33.72939988360788
17.189207607018943 25.723056956820443
54.97471479243061 49.79416550812685
62.46586201682809 86.96657002783957
79.66096235557598 93.08441227612062
2.4419610631320587 89.69593783105536
75.82100036814907 60.93210367168869
31.580489259480448 53.61475798776778
23.647117793793516 94.05659696921431
