250
1 3
15.878987563825508 58.94563490615816
64.59197117231561 44.528266339374454
70.67570583481427 87.97979242800038
59.79643505115173 41.96478339729137
56.05842795444169 94.78681265780018
31.48326306681566 12.653624953744558
84.85249810789111 94.86535306112745
0.9936244771427294 67.21396888019744
80.1895260936731 99.5650363147931
59.413201285003204 79.44177689799155
57.18334375921796 60.66636503314855
96.21723451925708 24.796815745824752
78.37555004170594 60.19106976533051
82.14573534424467 30.982973816270864
18.466250584145993 52.3328351748721
23.74546637999031 68.71031868832785
37.059386100589656 87.20181660120181
23.468679953993377 58.15464222477704
34.99573842559609 57.937169109555064
40.76794278365945 59.32073718392974
89.12890291513634 90.50593205165076
14.68686222078437 65.27386853882089
41.26908585885454 39.6173866149105
67.07824787309933 62.91196144443696
88.53309297543784 13.740496927508229
75.86786941122821 33.67377065644619
10.241621408945424 3.6130040695752097
2.8204776977102997 20.516597023268403
3.6141933574013185 98.33471981545297
76.68319996888766 97.07051033997622
14.259294717731596 92.9991328835587
68.91455780360842 37.238372791312834
99.53374215607904 58.074930730428974
61.80697105736033 64.71269115533289
22.22436153066234 77.99092916040631
18.671903877618256 4.6506634734504
5.1399127669985 20.873286669964287
86.30101656548615 94.97923449679486
51.150204502667606 24.830369187977187
80.38834658584997 43.127356161428395
18.314455329272626 81.40141658667004
29.879171491775214 25.223504774564187
1.0333500676364515 46.60390669251613
5.138268282723901 26.846236164093916
66.10653282299279 80.48330701478253
57.35061057962743 82.06528632530234
33.11935327686059 18.380491086519733
70.54853364786986 76.33130785521338
67.9808424523284 63.67302634873171
14.19664462673278 67.08684027519539
91.7338215558019 70.26262499658445
88.81250074259586 5.358525363994304
74.74170974801346 51.58439032111968
52.641770326264535 60.19017844131687
10.0642171142457 52.21806985160844
53.90477904069249 59.8087604421349
13.091858520769017 28.46775247780313
42.34736858770785 5.936119724470124
75.98585868998443 35.99232210502943
27.457401667809656 78.43020553362135
87.27609081151311 5.424049748073134
99.302416637839 47.60948263761355
14.231449936054341 51.564690902099585
82.98758839142405 55.003179487518295
10.937019583120744 82.23251865465451
38.48290107080834 90.49346932777318
56.85598690280731 56.51205398264438
63.91306774555989 3.3842644951306733
70.44662487722661 3.689327130249964
22.204668034737708 0.6647794394072815
73.41896613030528 27.51145188879103
84.65093641019597 52.26283121569084
39.75988687470322 56.482434126415804
41.27014903072925 23.695897500657725
55.698351777470734 1.4088379842340792
14.2065269615699 51.49458956495883
47.06225165156963 42.222992338875606
40.93084031184004 38.35757882595683
32.522992471771616 5.84661080345219
7.864923449616645 40.55016891509
38.22642100756157 30.180300754593816
19.10989453179961 11.161721854111661
65.16549731839775 17.719783415093502
70.92458844804742 58.70846199863284
10.653496426227417 8.010377126271507
35.792150226369635 55.11383831867096
32.829465723893115 98.23805541079376
95.49869209461137 85.07098901558446
98.29654205546345 38.00980556817037
84.83292849477404 87.54980868090931
71.13714240516875 70.77431838595152
49.031446552487324 43.22959502697037
9.606472387950538 58.73872792133661
77.16308184538549 64.01204283272688
93.19565188556179 77.07056626537796
11.88558777039379 62.98778536225606
37.04291968769917 59.274367620165066
93.28659649914279 6.966316043642529
46.928457393831295 18.430863868555193
56.834254436370934 95.2809194637545
63.60024097275063 20.319220581526665
0.9061643676244735 69.21275345858018
37.74205356909404 61.12837391805257
2.0406525600831227 74.83699230902094
76.99062943686104 20.69663751482258
29.593361035266774 37.51285322419686
85.06355944488794 11.428538920133846
65.84029057423604 83.11367060699261
98.14367537545623 38.802877914765375
39.85268820846919 71.08843935697737
43.97368991557977 84.1914669115284
46.07243742698377 65.79080480810269
68.74999070982028 76.48394044196615
64.04266976311408 92.01720712921357
93.19230171219155 50.66369709805265
61.04889524178032 66.43346834208646
53.54287875543344 39.621930344778676
46.336686653866565 82.20518545619828
48.77747100954129 99.32463723440873
25.89292331586128 44.05373014659586
98.16882331148197 33.39925337170191
22.231648961669336 59.32032691268034
33.499527997101474 6.843622642321701
46.11848296332468 70.59936063535876
44.38843025829513 4.792542459224358
1.4978377649911723 1.858481428779002
79.61790717713133 63.212531020401116
94.19806208341681 44.93613234297429
19.201813708055425 90.62335330502324
17.954799671488875 32.77467295887162
42.11983941069957 9.88206042710933
53.06706945751112 17.909333866936585
33.29563926963828 1.7098204677589157
44.70035421321696 77.31853745194081
43.61223495242723 72.48921048619117
32.83859522954573 2.2388216059375132
81.94949839058367 56.28196568278221
17.813015597485382 31.732124994116752
97.09698358169317 83.05844295407059
29.92026868956672 23.763747440671466
28.14635694462193 43.50652574036482
29.217611987419435 58.29972535636523
65.15322002467789 1.5938207630101564
12.090761714671006 63.92739513556842
59.352085942609456 40.17401612500093
35.86024878590612 95.48855811134244
35.763825615571946 97.2747544636303
91.85883277225597 90.3796229880061
23.96834008725883 41.809597772130935
30.696094784229587 84.83735074540442
97.70683984094049 51.98458969975279
28.580008967138816 48.912104273683845
6.401153455253428 13.041993719153954
44.3776883616104 81.26381400244114
82.5345366214635 18.682378821713396
44.13066133553374 12.060759251149866
63.554291283289885 12.896689519834382
5.240281421553328 78.85405053886419
16.898377234625418 87.06278348915961
18.71941635652479 30.95742302854909
20.755981385123533 14.303888657706555
18.988120431894483 98.56614439818927
31.977181414480917 67.29506336005733
2.9659952619994767 79.07161869487737
94.6023934280147 67.17446790051899
65.47313098441722 32.77762212318378
74.24287579217967 95.53544022628975
37.37201946000888 51.78401808234372
2.806452468128229 32.5083732701501
81.17583657112984 53.86756451137269
5.059618930729437 32.658166356323434
89.2519419200823 76.22280573825226
79.83078299923822 68.30078366906258
40.59350883168995 0.8491032949253796
14.591313669556838 9.830406460539631
36.96644820162012 95.7339213792187
91.17020011296148 94.58066100475718
19.3221281161819 75.84363900235917
28.102556927816536 24.744367138859925
39.96077996359462 37.08798456565632
95.97488162028453 92.07122061988977
62.75691701143611 48.83883120474422
97.18925970316626 28.317518041921353
12.496796542811438 30.81958525674917
65.79228043345434 66.8679023213417
19.184448854330462 29.839708273211365
81.43222775683276 42.18379643284476
12.325883090499934 2.4641188803792957
26.782490563496598 60.530845913085685
30.73952306666183 13.400712519629444
80.11397651304601 42.91556809081416
58.942305296622365 58.60981457878336
23.176896558774196 15.200015526441014
34.39111113255198 56.80692514488781
40.01664291658855 91.21896608295532
77.59312002350435 29.982730164043826
88.46770191747817 92.45686284075518
20.777748560039022 20.11530804890045
15.696682978279597 74.88433808941902
86.78549189305772 7.371502703092592
76.11330190759402 74.4858823956396
57.57151255761141 42.57054979627664
40.74007712750287 99.3778117445087
56.84281055959906 22.40954919556646
88.13510864024184 19.635908683185967
54.053130077888945 81.89092906704454
58.86582039511226 74.89856461634432
56.55860538169928 13.357200902850085
33.33603895382462 51.87320832998545
79.80206229804465 17.308546762866527
23.895817974500822 20.37821105346509
74.02880728527444 24.434325960676762
83.73967976114251 21.796321871350276
61.628530017668545 32.502462641309805
12.910324148733254 9.099650781670654
76.59256419534064 77.66585089827717
12.579133547090526 79.32183102861543
39.585626398763196 8.144033522519045
81.51834878912712 52.92465285051959
0.019946126384495777 76.11449115376348
72.96299300534612 35.80867286851592
47.40864539952783 53.07403360502833
42.99711434546365 33.801714577544104
29.330621509263487 27.549635828864027
19.095872175423946 53.981085900558476
54.234457734000664 9.96432940993679
61.846565479918226 57.19287535005293
95.0645657303173 32.92124249519664
19.007640828598138 60.28380092156702
66.41230062924114 74.15733775433033
16.050490826319972 47.16666639534752
15.952163568730882 69.85528401108769
7.1626752502041535 72.9544956293858
17.29386306611522 44.01003446316301
28.938945485793877 3.766623181229689
99.21283596964805 39.68649395708803
68.12009228155797 15.882213828546842
96.92102348291685 89.56251317799044
37.60424984766415 41.1415900778719
96.97847900041383 37.74824712464353
87.4828608001216 9.977464180185102
52.19010351049877 27.054019968253364
20.684966853297038 9.02565309548422
53.702403591519456 87.12329766542581
77.82370104559737 32.270129600857864
58.97910222384637 25.347711063857005
86.19339352506434 98.39041355101826
9.57168113036575 96.2577407565713
89.86188015203736 18.888971990539538
53.09686078794513 48.900031150574755
