970
1 3
22.08081650655158 72.33441340655737
75.49840699537569 50.46004957700616
49.27680897730453 58.02215897647909
42.094713013923645 43.85078699722973
55.247225772473875 65.16684574513698
41.00267219990348 29.71905387631999
95.80991267907638 3.806255267859515
86.2992916370207 89.63873706531751
54.409953444539426 76.97466593392015
76.61023466347258 50.0839665980898
74.09899170433414 48.44337501297768
45.1485673929803 73.00160210988867
62.71175892420897 93.19376835214453
65.57754166975273 56.80229384568975
45.164092569956 29.87830017044495
91.72417119157797 19.250192875175863
0.7449990265894879 70.95269651799327
48.4181565624968 2.0981562448640467
42.12740125979282 21.75072218767187
93.65948833127233 58.00750889529282
26.348929843981228 8.394711153722545
41.09913053733931 73.61787747853556
97.05933176075732 90.41593028931302
14.713522694078174 96.1633851913813
97.15817941521145 67.54168184778547
64.23280011648566 53.03277721923776
57.45641448138763 0.870177801598504
75.46299562343842 44.18998164050638
91.25894701011914 10.326422119593804
77.84546659305116 25.631085931608233
3.616120684821622 45.42367322454517
73.83887601191692 91.8696423855237
97.13271308386568 2.20036069952696
16.632961735158624 54.965729556146336
61.189008181826196 66.82225522492197
75.59958390331316 45.40230315192157
28.533704754971012 85.25225534670142
30.2546226561738 44.28616058917159
21.31031366309766 31.57272702092837
49.52383960478108 5.439510310082207
76.16547074986858 42.363863061154895
55.163991515006636 72.84684216057154
38.3403887882229 48.71971788165623
2.3242089991272197 51.66459987574008
50.327846902102436 38.13451940714656
17.964134760140183 94.34704761656553
0.8295339986199135 66.47963906344525
21.203823673205633 9.816042233562339
17.5827880197859 73.94896170792859
11.034184316357965 32.953265611051144
29.773365003077167 66.87033668517448
69.44825901553644 7.099870381170859
93.47367514525371 60.71349901077851
74.23602959237657 13.991108760837335
29.013383472108558 22.107448628943736
14.886572498612406 78.2002010956125
58.771954896749094 87.51086990138886
94.02097020584958 71.55099987320905
17.027615981667932 52.959011543513235
88.12781182258207 99.02862156082344
51.01225642452929 88.24374010317793
22.00013739375666 90.91187211803187
76.02972725699337 62.54473474008127
92.47718647591851 3.0511773965958167
72.34995283933425 54.804831964671294
92.9117719084658 45.26281228845623
75.22248352830773 99.35087638835243
25.95450635899359 36.991045221048594
10.274999678226028 22.372830782234644
79.43416325512959 23.566431276181454
25.722351486271045 33.634986158106116
86.04553242973832 88.95882775803821
35.28099141100655 29.783624593847733
83.9537332237019 4.426231247530876
74.55506174668771 54.267987442124685
10.742982296079727 11.216946187359822
37.60782215579563 31.608623356354613
48.462606365484895 53.01777200045912
6.171338805604787 34.773562537913016
68.78946540442503 60.37746245101805
17.112789429665053 79.0906641864042
94.46966724769688 5.882215891376963
77.79914780672834 70.66758638950208
77.33813015077371 94.10237332763896
65.05975657256332 30.98909788748585
80.10348860528471 15.214858958806833
54.48837820001804 13.601477737165247
64.2388922916942 8.966330332006489
22.733868835426406 11.603022926291118
71.55278111187779 24.712608108648126
95.03728766484849 3.358561515176106
1.7765666606965658 33.68692768907431
92.00389005412053 95.76895386513966
40.18782491925823 64.66158704613834
32.96914429014623 90.22848799306557
89.8982666714794 73.45360462716084
60.09433900062804 90.52040641379197
11.77863315985348 76.74639797160224
70.29681785396168 30.821412875042164
18.801751509467945 95.87740317518167
57.23055398000136 49.80828156069912
4.063024665247061 11.678530654181252
46.596790427494206 40.99688323907789
87.61661328544112 91.98901100569907
54.662890402482425 78.81866007950352
34.33209149361436 34.60203750493203
21.84535304961095 87.88156799127798
53.19917039499165 97.89961385076649
21.19284681553564 1.4658498077094961
12.992116450658342 81.2459879949811
1.141949773604467 19.02183948050411
57.91928652212843 71.19813317325753
99.95539531678833 14.653859845360252
97.80472244708247 68.38557240092287
74.08632960638133 64.56678325066491
71.9692176492114 31.157793917930256
54.98242342752915 34.79965868880031
50.79185211457007 16.903789346823082
96.89207437336566 2.212044914416178
55.94152337595146 0.9056347086600969
36.43088333528524 97.7381698771679
80.85549115889104 90.41560422329853
56.38851256187112 52.89163993273655
18.082200450825535 30.488801682109944
40.139673195580784 54.99749064312669
67.01564510576745 52.3036043148777
87.64561084078781 83.44887084810959
17.281540531671503 55.16343356317888
16.035498485003007 14.991784804016707
40.0931532699377 77.24247072400208
37.99512976574009 43.37302018991514
90.16960380588534 64.69943072857134
79.96926737394048 23.281435611722536
35.507348402282176 53.275551069068364
25.174902911046427 37.8829190313533
33.96604432083332 72.666852158535
85.63828880607043 91.92168495866788
44.62524560768371 98.04876825575664
4.814699387330368 1.7491840440629902
10.876531130111067 14.46526695645598
87.88758761721832 86.61686776470991
80.42681420803129 97.92964315745118
20.986110714338892 46.92189112145053
28.396894034261244 25.30558295004248
73.86996210434265 41.20767315352709
48.57932016525896 79.08360993185622
57.76374661368375 85.29094314036571
88.08895715728968 62.53883422317459
65.48686246006865 53.553646311451345
77.34628547932034 21.86027599622855
32.243247519017615 34.98461524167791
89.71636981189444 2.755109121902022
8.844393621287129 87.90747317940945
10.09014523379812 19.806227153255264
61.81153882213985 42.36393050950835
83.81763319493436 57.159941862159336
3.4536441836272136 35.52340034974895
89.6283860225195 24.719502784815273
70.44470129285068 87.34267305933636
67.37545828878721 5.55094877724045
61.209328467652256 74.1748049721416
27.25869147424198 42.01314568764858
85.2781387538671 17.714474657409205
33.34395302438029 83.5681169940363
25.58500433065913 8.525021498815066
6.86815114229844 93.97147620910008
92.19248330203507 33.75173240104774
69.17173401247176 34.73683460615919
59.615761838276484 6.937790582553904
71.9343315255595 18.53263786474337
94.6440230073328 64.68239078065028
34.53438243504034 65.30454095373355
56.05186296588116 39.91429728782756
74.50832287094823 12.912394935890648
31.78355130327535 16.2713091271089
69.73772611888376 63.56351289629754
2.3311426079313025 23.328936603320294
36.88664473063628 31.687008528157754
41.14588065313151 96.10019140969965
18.475970686119968 54.58202415028237
2.7635702367503567 83.4264151902644
47.552627508229996 45.300304899276675
55.58676141256258 99.55793902842058
86.34192819140625 16.801181907932474
65.72617996433728 52.429310868400215
7.484774137281147 59.17017559025479
44.824497797286455 6.242828227811348
11.793298696015375 69.98775351937707
72.44317982158388 3.887296151257291
32.50589513767359 80.35384044586702
94.134322183766 20.23991950091313
46.07293193119584 83.64637314031036
22.30969733089121 70.47029864580855
44.96014119566494 60.64090004833187
33.58395422948553 49.24880101953375
68.74283128145338 45.03535721780965
78.60388441681276 57.21806568009744
31.11359763069843 45.52850616720854
5.609832335609299 94.57052880358184
27.11393450686368 27.36130775983503
92.14253526085712 77.81169191730457
1.9524436777464071 2.207681935576944
53.67809500580807 26.041363744334856
41.55447637883647 35.27873511549446
82.41606889201951 11.457281686271358
29.692952201673716 4.875943797860982
45.98164578719515 78.29641002727917
66.68493108358835 15.089532466370015
52.758824782830935 49.37984957531334
17.933316435814596 54.028683894503374
17.403364941494083 83.32992100132333
11.981469798347376 81.2711698987875
6.749397526350442 75.13951445140408
76.65989223131773 44.723079033575665
84.93161419073594 72.07664587774623
59.47840533689961 29.324141126861992
35.10606993030274 49.335837558620725
48.00319242771989 47.17440052050588
20.50627249448562 82.2996810709941
15.477751447976008 21.451829957671144
5.671032936672948 76.99076979152312
96.70473911476432 49.723441843188645
27.26535568313 17.837217356546688
80.55080238933361 18.337839662742073
54.783440787206736 91.57756506724499
85.10393688859494 52.23165125102041
74.65451306416782 72.99541954667947
22.778131916838838 2.877932473280076
27.738268780275497 42.34525912667295
7.56133658987872 60.39281733931854
17.229849124722673 0.14232443440562736
19.465202528832638 25.90663315934105
83.94585123878446 12.38693274770264
2.6103808855827415 0.8325035854966245
28.116160249862965 62.623590138226426
67.23387076800103 71.72147990205724
24.150018910402427 45.59596776447328
35.38429918174979 27.162393083126666
10.784535277349793 75.81648094219008
6.6011434240512035 16.317548335892674
34.47654549765251 1.0071369506919892
11.59337722367335 35.96712117509364
45.052139434954185 38.23708070919669
20.562897361046417 6.728924155683358
56.45874342039867 97.94274025271133
71.86991410674108 17.049807843500986
64.43635267986478 84.1154650765227
43.56298611769247 10.242624939603196
81.6764216411366 60.105352473823245
95.57807647879015 82.78074248313425
0.5866347962208529 30.485914327594866
17.594604574865635 98.17522642965974
86.02431972683056 30.105781530390185
64.94406489109741 43.591721514773795
96.11204075019899 84.32300835836986
21.629385826639137 8.444251381078228
44.958603295266045 66.3722691974253
87.86412684707562 65.4992266966297
91.49005824584782 10.35827176940758
48.23454548486266 9.165296757176344
71.74505709653654 95.3920872904427
7.28973310958323 52.868158818875564
41.6569311697248 38.98066850005271
2.066683267893721 61.83914843327996
93.00490844269893 15.364394378527946
65.86197275649268 42.65893045305158
22.655416161403764 22.968165747386916
49.94063230714949 39.610991378826085
90.44076014308541 61.912209496040305
95.92115806407651 26.31330810955712
27.625645068495587 7.668037030987795
21.013839705036762 34.14071740662661
34.53240680642233 11.696435355219537
48.91811651313145 13.990380215718945
75.8495352762936 85.67409447641113
23.885258815825992 84.46938877727739
45.05869435840821 61.778219050927284
65.26977885920282 97.74958505970997
75.83753854580931 78.72842841601411
20.630973874960958 16.476253679313135
15.470915327742695 4.081441925648233
70.27578938866952 25.059130686499675
17.778773988317464 53.06593440119733
11.06821853557436 54.35255413795201
97.69298737749234 99.76393385307681
34.29435045354987 30.12837238299022
29.21513205203916 47.96011259324704
59.71101413752604 98.69420569083775
33.09412148355939 85.43885853038145
25.27965472955276 5.503722578196801
98.19907115339932 42.27900827652809
46.80023724793705 27.203924363517416
18.274203172371696 86.53193853486188
25.119558614798798 90.33972004851687
16.501093397160105 28.4031259765537
35.22534191572233 21.757977995185417
12.583317314896858 68.18934766737009
36.64555022075666 80.05915435112314
8.007693531099026 79.45358187653673
15.830073136448997 47.5793291452612
82.77632722511872 71.17319088755987
73.25672821120224 82.30164514829296
16.11980244729343 9.891062543354167
84.03214387157828 33.44959822357942
9.498894464790752 34.857879755587916
32.2535182722057 17.729321315825718
15.468569508689733 88.35185708411171
6.002148780810823 21.161368529720658
49.212984702427164 43.06080212787633
3.2849163209372145 14.709799131636325
19.2983580505514 17.20167189815043
23.75751233669796 91.48143580637844
7.11363207853144 34.60409467363701
83.63958638863886 72.06472160762077
99.8844881560297 53.205626365550444
50.39527377762691 38.41913517745495
77.23979613751344 68.08406378389016
45.89211691426425 64.27596291686216
62.405685750596284 52.27553175200954
41.70393765022533 88.98893930980111
47.52405278432788 39.15566181626493
72.435577126397 46.84585294430994
9.126340458340287 21.653858871897526
17.71732304045994 72.83542189383219
86.59686264353982 27.01152879814339
36.279969992655595 15.894113231296148
77.8019415815235 64.35993886702174
90.4085661336106 53.76915190226019
41.44288151321906 33.34246267315848
75.02730602173283 81.05282386212207
98.82281339854654 22.673760143615773
61.69218209578797 76.17149272558315
40.96025130514032 54.990416800637945
7.534162018099466 12.074571544673418
70.86493361146562 60.574855365215164
40.73191024843466 64.8422932952909
61.05009261313781 54.0541990178252
69.8990308282681 15.388751199521478
96.89502442160489 39.62358294259012
73.8119114700998 6.354736151466955
17.267518799741733 88.75655551387712
46.57619836908265 62.942192582572275
36.95308748189425 14.345753566731423
66.40521201589664 92.42145853233055
78.77706635141325 58.15829701563939
15.45246468303505 37.347242489534004
99.27008309378604 19.5735407537734
89.25265884659088 27.265898300126935
74.71108352877118 42.78731281303254
80.8985189476896 27.564756130006863
20.422770741982422 79.21906355151769
0.47536314571448024 33.87362470110571
86.43047357052245 83.90194444204144
54.225679028129846 78.96072593727848
85.32414722910673 85.63996720138363
14.505181085735973 66.68828399166311
93.93930127041905 34.8844290285395
61.6981349133523 34.55865686048236
22.740875363762967 8.182244679382755
60.12364427956327 84.77272736665122
47.49302412812908 47.166167085268796
21.179119529325252 12.385201571548144
55.61506899843523 61.91564872831439
59.032880134461884 79.14466537372789
88.48802046077412 31.794001735527956
80.681444167454 70.67817685327911
71.0342010180595 84.09169657343709
16.32593000601137 60.60329509018505
22.991407148002075 63.76490495408203
23.18611529339174 9.981990237485094
66.63569677895718 38.71673505431708
29.473178874981464 78.45473412164404
63.20297125902869 43.945200095182415
13.12916681491474 95.81452618700375
37.823494915409974 82.8746657407056
77.43258135766769 74.4104700512511
39.14009015764559 55.6581143429477
45.09754134995423 48.20519291967431
80.12586437272928 61.860432306018986
63.13094405706383 17.61400515343854
68.39626577593161 17.776322177734706
33.01576381891393 3.11024048865014
84.95131335922888 89.76393545355666
56.21921159524925 25.6192155088673
1.0216486076797038 77.74701305866549
44.51350348994101 17.584210285892475
28.966462139314796 64.96285045497756
95.6201799737424 3.2184666051547905
58.51410142859923 82.28101697322528
49.51763647108438 48.71502623247317
53.826111359740295 86.03097818927128
95.2104944095174 74.45300507036967
87.4376335070064 90.2726353165866
88.55738205579942 61.88358567673167
8.951580032685257 89.47598888460564
56.141004706755425 27.996261228460085
88.2941071568328 52.90099583239795
95.23933284278276 19.639611787002266
85.05408619913513 66.02144060520538
78.25711680582164 69.38237047289913
10.181756502832906 41.29538569191777
25.113491725236713 97.48284817808255
66.79015536731319 61.83429976582357
97.07895545873295 97.81059612110813
83.76734422141516 85.46232981869085
76.12531065195844 25.494413878103895
70.82621167227524 55.1419531475656
59.67987829643333 68.11492951323824
48.21492291482241 45.22713366088069
83.62148969501555 44.0925097164292
61.53009349766063 22.11032822366883
71.85188817297788 22.118155325768953
60.88338259909174 90.00635297290054
25.899335190533712 28.16019094440716
62.81226666605049 46.74320076840719
68.66950370051256 1.9197200376977808
29.680946555775446 18.03716225630605
23.466078571080917 44.09429270160192
48.71304421033691 95.64477007499484
86.42233368712331 92.41076998690146
12.40215722942397 28.987980312431528
72.52212310315484 78.22082006375626
54.77463605017103 79.9647439517563
5.291980476820823 88.49749755312955
50.50330516500752 59.10609274336134
28.967595300145767 48.74371728608957
75.82817970789823 51.7834894248264
50.43079824805075 23.147010505077947
0.584224673667677 74.63132092530262
31.79841424003056 52.99465426541363
93.19125227365525 18.172965427443245
7.996715300752988 71.95840538988864
94.22893027176104 20.259294653015726
98.97678004298108 82.24096011200372
93.97008190929074 62.626533229491855
30.91401118192627 30.07541924811219
63.99675032024801 77.46468310608785
52.280212330808084 55.91087291691548
34.5788508770551 1.6081598099860317
46.297799863425816 69.22212798547238
42.31509829565601 31.393766583962666
35.54383872353266 92.14600485496607
98.96516124908325 42.90258093705119
58.15669396046608 31.575943633251224
49.7334299881653 1.4081946169032689
19.711218486715154 28.282740213372428
30.45995151918659 74.85155452810339
4.999678821056919 95.44429321096608
19.240947227662186 5.714411299506272
58.02421730020995 83.2141825633989
33.143131171939984 61.40662878327823
48.42050392183403 65.83162018931927
18.948805620720876 18.11770880223298
49.94931973188055 0.9601057833141136
87.1437799391459 84.9635509382988
3.852391151384671 55.11043370903161
98.96617179477731 82.57985908942993
40.62166670807026 62.72473500239344
11.588873556238678 33.80636081322825
52.16046855940648 80.31999078835801
98.78130754250125 53.01742402066214
1.4877100976265822 14.359730115227109
52.95998686796983 50.49906132538759
1.3156905054237278 62.90815118642157
19.764748854794068 98.91257008073215
16.662163059758093 44.193907508585696
51.009015963325325 69.44908387936286
13.17196227729589 93.80962210386569
80.83761447232784 85.14774920597195
91.51723942402306 59.68632932275148
68.1616678753296 33.50569087158999
73.14576529783214 86.68947079608293
61.16156603927556 51.13477989575805
51.352533573402056 57.225906552769935
60.36967317138151 42.389879595460165
0.7550554796869058 92.69628391720957
8.552966167754118 74.34862001887153
66.55850378246195 14.404308115935581
42.093909515304915 60.415577302710524
1.8209144524597098 30.164655075906644
6.730143068500216 29.029765810049014
44.46591929106531 80.1922498925249
37.63038055186072 35.910997044102125
2.0983142690198964 93.06187062015346
33.39522764283485 28.845726218598244
17.906210118053465 94.64552874007386
35.18074280186616 14.669357008386342
58.261454932644895 98.07699527856568
70.50434595602424 61.54943192319004
34.294049014245246 62.96484808619929
17.651588560835975 78.76164917791593
9.131945553136656 31.98554417658379
21.663580727988197 24.905772258900207
74.64197638785453 40.12986126378879
66.24708339001313 44.73539842012293
31.05228199664647 81.31999833835451
70.04550590885388 6.207067688893497
39.67001270192851 51.9530116139937
70.69086816238301 37.34859794948564
61.99679481798488 28.690423008627853
97.59521086688672 64.90536235078
96.85166217049634 99.96805186658375
60.12432698348644 46.702233953316316
30.126875414021104 38.69569385285807
21.577693016883615 14.550781912063094
63.93949920992679 4.667009790445231
97.70472483418611 96.70683500167137
34.04833950476633 78.75032420429307
76.78744233598952 25.811997422346145
96.8010591317768 38.6872696562329
90.10910454311221 59.44807225722242
21.002106753041705 27.14451935365625
12.206641483430914 76.90710787379689
59.79506127134333 1.2420218670679661
93.10486433656327 70.5215675772283
91.70994303109583 35.76701780590614
54.05222669315155 45.34410164530347
27.078043187139535 81.51099828898043
4.001271000535445 54.74087845568527
66.08066259896242 83.48214367636054
79.48002000754322 82.26360501403494
83.97977547587155 62.66659759372877
91.7036247196573 96.86372646629506
4.208429441705319 91.55614235605695
9.211077615611574 59.13962047721482
39.05079466856682 69.12752050327558
87.26605045839268 19.15519772687364
93.6914774324876 67.35325661089773
64.55133665661343 15.458426270742475
31.768322061907828 7.514058593358164
77.58528823734738 59.146032638834754
76.09538200118999 38.90857748059884
25.777959374338355 95.36012690537025
62.10214006743784 50.988145449946146
67.57253630407978 69.96388790771763
88.46622187359921 73.65528905116652
11.419589913004158 75.05201496591656
95.45734949481137 55.68044580478235
20.150498362170133 30.133508616277815
88.29160416346082 74.8644157571941
87.56911548053172 83.87488387518502
63.405239193034824 88.14176220986714
41.59076084720359 71.2909432644959
72.41074529238914 90.75721271446375
5.992108695787124 58.26706346187231
54.81880295769032 17.362170013560707
14.421942920970011 88.93597597018666
44.507718993619896 55.70316666145834
45.793952653355106 54.70336922229302
25.686594322061353 98.95988583022903
95.36893486032827 75.91362359973542
42.629520303695934 50.79214207898679
69.06493875557452 7.745150082521879
56.373382255137614 17.217928934406324
73.77756683352119 66.49792376433905
67.07432830790594 82.39420052244549
3.9048817416171167 91.05560939568433
74.8372732240994 34.44489264839592
86.68030916342533 19.134519502652903
73.5884134830093 42.49359731699649
45.57451067764544 99.21101655279281
14.454933355522503 88.11445496747494
6.852659015770701 61.80663161288038
31.084382884240025 87.38312223592627
96.23889714494408 6.850637679132299
21.815307198505728 85.66188224971714
56.40910256004952 79.011127059322
37.51528744065467 6.597385918851506
56.79744505484467 97.62524034398395
42.72479495952079 85.69499937158191
62.98273015968421 19.596157793532942
66.65701438355521 86.43150601247112
96.51380114530865 51.494256176680594
8.49690655825015 12.95927381161006
73.58862382725387 99.37397713430084
4.095680685727099 12.7962769322435
29.861494719044334 59.116327619674
82.02364892913818 77.30502414371195
17.886781442392664 79.5773318513187
6.909507951477756 71.44553690212938
41.066789171660886 85.85364812951542
22.88759225082051 44.95612856824624
13.103690981295003 23.273149662974713
71.2814642015877 65.48754431721528
30.84840131495121 17.939559390217607
2.160599614805103 41.736416664993904
73.03684301535351 35.75428593668604
1.1771310369194765 84.63033448086448
68.27006373648675 1.9867514369952932
33.08556653184554 77.77052883406795
26.78870844562402 32.572501327849125
28.03595859412644 77.23395207827618
95.56429519228435 14.672827648577712
77.39695166021201 82.57817310661444
47.593965100063926 1.3014033112421775
19.723974076002214 21.341745947252555
7.030858579684107 4.905879005973013
18.794931292230245 69.7023325839201
26.916126565746 31.548149185765183
50.98871088801871 19.242090078264894
16.60710293529768 1.3673350084727032
20.56270435043095 11.044452247338544
1.528521188533949 31.577828132574794
32.449244768816165 76.45958610735977
57.50749967435511 63.0919595525816
16.95130909602691 57.52193524554807
10.247530193670261 63.769732109425405
75.25891219097167 11.004599115819346
68.6066769123514 76.07821315484651
12.53955466186316 11.038878504687077
67.4112166989179 73.16912186244564
33.75358481792339 13.263792952419639
29.43363522037672 82.27223139926197
54.04852701928804 50.24002323533783
90.8217644863504 15.212402375691836
85.59888149812822 33.098308538017626
19.564556504491513 80.49004304560093
94.81919148519357 40.72864648192156
33.40797799129716 79.34468792597865
63.23156627291586 0.8707615588844142
32.14896373266256 57.41896943286
69.4721246777302 39.05353513724912
94.79752345278456 1.5710223156516712
22.35193616210971 31.19876955788099
17.005585573851235 69.71000003465674
16.901739484889156 79.55221464440221
84.89665714408395 61.04802400748408
50.20416943902759 38.56725636042577
88.66171396361766 8.97606306859917
84.78940309193142 65.76343430351561
85.51257969192112 46.62597850987493
42.31426077924196 52.28837936814379
22.16124700876754 46.20173579739095
55.123507446626306 26.177114300701
67.47587691300862 20.07670734239133
0.4582368217981303 98.91832993329768
73.34817827915381 31.571944927968598
70.1551345383732 81.13066032737287
39.564020916645816 79.62643404018223
76.49332714368929 36.67023935719293
64.34500917854157 95.922850619565
9.99505028735108 62.66632862838095
29.383027213963132 86.76185438638248
44.52544042324105 41.09004916008463
51.97892027161295 48.8792067032737
27.290835244844857 24.101225379521285
11.385075523341225 68.69076478753912
10.383954594985312 49.28314457512608
45.615420760902104 21.952316493208237
48.514080348995094 7.670047976990824
93.81287033715897 49.280413530990444
52.92729114875814 15.192839041353178
57.32064976405893 10.751029507554154
56.42625268293675 18.997329182217126
87.61746895087776 77.0118917362365
73.54581221732006 49.78280296107223
26.40011720653359 50.8133521969959
72.8270757917811 88.96602548994782
42.85586490155717 15.481396755065258
19.22195259287307 88.42229311114886
74.23199519615982 18.107316442872
70.14463001928787 63.24204272725529
86.3218717105373 94.81737026041104
71.18614557212166 22.67209245798312
4.885848698216022 80.484957991701
88.35606051205114 76.80600472824845
71.29414038510052 25.31389706617846
43.110255728020185 96.30110209770935
11.275426126307408 39.36669083868842
21.420989138682224 92.94693593535169
50.641148137988054 99.58906042668494
22.2027382018271 60.70694388266467
65.01817416949255 0.5824846287368235
65.46107545698891 80.33362724865076
84.87498539972052 59.5434707365911
80.87662321848383 81.41214418667624
74.15310313259049 40.144119230097886
77.87618445275453 71.49117608105658
83.49657828102643 29.7284493957362
84.21324529680636 27.2593843424098
38.7369056756284 95.8435646207222
38.91826454750209 22.00742250925454
10.51644891556931 58.793765059274875
16.03582036411526 39.66578071280959
86.38994410430823 57.81199352487012
82.42405688685024 87.13656222005177
88.68283075346388 63.227579465731345
33.809299344226005 77.31189924328659
77.03578756312753 28.401497877494485
26.786835882280215 11.593697027036388
55.36064361401778 38.933028020111024
71.21741627871418 94.13159450640973
88.23552528726381 54.21656523960876
82.75458512426368 90.79025893933235
96.42209717226066 30.69329263582081
6.305031429156682 14.486339017710703
79.63764536181273 96.66690834009569
71.57729611877923 78.65925805879921
66.80690797300866 9.717516782916103
62.11211298761068 93.39140246655585
49.09554274265196 61.07826224978752
82.44301503205837 72.70457854671228
20.942814946938416 3.5702517744617523
12.040074585283623 78.74149537273169
40.627707144222704 39.760049398622186
89.10637861664985 59.548928445424544
62.215192041093516 95.7921269556609
90.01526472742351 74.52810656742615
0.9748679388366766 62.62747442910241
28.65160079914453 91.6814987827572
77.68807945160043 25.931570961002937
64.52585953364718 58.71604898296443
31.20694792716865 32.038879991576216
50.089690869731605 94.22959226506794
19.915490715701957 74.22524014137923
50.02770520126718 45.87568664981718
62.232290171384676 2.951656761278021
5.00476371888845 22.828768900808893
88.01554896610288 59.14604694075067
78.01039390348492 87.52051265420549
49.14341067725589 47.297313233365635
85.27681988108439 34.84561627360707
91.08884992138788 7.088564807222286
29.403325243766453 74.56549679899528
82.21205069052402 65.22167818836766
2.530300234573679 90.2753474603722
91.60929957127375 80.5668156653716
62.960114974782485 74.7087846505963
76.71825658257055 48.9825681151985
26.256005624351708 90.30804042655444
22.770623727845283 60.85163666504347
41.68151685073238 49.40845679451711
6.531461772075042 98.15162452392974
70.73306100467829 69.79420166003021
85.64076962960276 91.38206787463426
96.62465394331976 11.084289335508913
62.95143342626075 43.90617226550479
63.73851499105241 51.77614767149667
41.11017221968047 0.9684587844742687
57.94838466772853 57.681504463152166
1.2604253466600657 92.49560656561128
55.310796960309276 87.33025167136839
2.6835205432008458 56.63935920301577
33.282447939532744 2.4637820875694993
26.187988971314248 68.62542594838139
59.44451650502822 99.67759996460708
52.88171938114912 11.602507134581352
69.84662100020891 10.056776512730048
63.72450809353343 46.67859989923353
59.63449425826024 28.764338152397496
4.340374811313308 65.5116170674745
31.64140064271499 91.65575363652452
73.21243484409416 66.97577270796107
11.711422969788199 34.20811456493673
8.878483488529243 14.638022871371149
94.58176885961187 98.7461013106953
73.05486306773783 21.930249768423593
4.072797878434109 24.56604344461266
16.36022000496029 50.9868846301788
34.45228572029622 81.5034236261551
74.83719578497184 7.841565178079479
83.92761085626759 43.24656687982704
59.72084098220067 88.8861480515783
7.363792703749628 17.072956492109736
58.50301003255096 6.172806046793244
39.00923483629575 11.77934229832971
25.426230520203763 98.33543942023502
12.744410950258223 33.970412773795864
4.72708797110255 58.86421983864396
90.03107565276277 48.19139282190108
74.37860742332958 66.05353540500147
70.63185789837168 31.1754749538264
14.832610219884334 45.06442068004068
67.12704736788031 37.66186375487139
57.77103638839216 55.911449201628514
7.992108220775029 29.418511830434735
69.83020413963163 69.16704036015314
86.2836667444684 36.28257346977388
19.227042189852718 61.579143286848236
52.57317528461631 49.48962587266712
27.539759769587956 54.37698955301307
10.959006842420905 41.189909796184374
3.3010877299816777 79.01469242571918
26.16770688611767 24.385334892629086
87.19709945600033 59.539718048256375
46.77344841323708 26.27422675093691
56.72894404863793 34.90000073554733
19.68299975257657 13.59260096271171
71.60699219012805 38.346201003560566
96.37942255891612 16.966668944511554
2.4144996639962057 95.21047399531561
49.546970165002094 65.23928067041216
69.33244829229261 46.73081893629496
41.06660643271876 54.25398311487677
86.59496074948107 75.03367215108052
52.36067653319345 14.892813842589469
4.886412500540471 33.8891272165615
97.82725904496567 73.59171575333457
3.4194395087492335 62.85803629204945
21.141515240269193 98.6181007351917
41.597588936082474 49.959907308302284
6.200377585799721 6.02090125684831
13.890682738139004 39.37746553887875
49.960868619575784 78.2866008989274
47.73779353817575 73.7865892430666
33.708346783217436 91.40900543990702
66.45522553130527 69.65826048672898
93.5634095044894 99.18132890434583
79.27661965252307 73.62486174072596
21.408722594060748 15.610391786117006
46.19740899808065 6.1339939395022025
61.512758973391435 65.68355161039115
73.08154012131986 78.46274732967143
55.34307196018546 14.825309289637234
20.119460959948654 91.34607045319498
39.73760868136649 19.409992122818732
41.266080451929454 93.75043924241709
73.73724680249869 38.990032893977734
21.176034837358372 30.97988242237988
40.517791653925904 72.0012111644569
7.604707551151879 23.243952342841446
50.5586469877459 58.183212915868474
50.75655361278155 27.325232533981204
54.64699880886346 21.323086510155843
11.489120268976638 36.35657487015147
30.706186990151263 54.51461198537555
75.33450842625517 7.126275590770859
93.9485902532429 60.20267137299831
32.37921046357914 49.933894795768374
4.455976309048437 79.60556451907395
71.57539173732559 41.611826881701795
45.09969019860589 64.93407172972357
73.98871413771717 32.166018286826706
77.49994953857131 24.932935637350283
52.94090666848636 60.92014829283381
96.02207114667362 39.95052033560824
26.30281733247488 14.963089517048612
75.55447801603425 94.45037618116001
65.93727658689139 93.01235984569267
79.57713345237953 97.57173018625758
58.809240488171596 37.57907665190257
44.14823067081488 28.083594163017935
80.76439760714148 74.62893964373343
15.729056989770651 69.12967449845607
20.775275400876158 83.70295583900247
75.93753122300662 20.774531884623173
27.45696696868709 65.34129518739553
10.124891308213169 6.82969381141838
55.105890423033486 81.40245451570563
60.34835091673432 67.35391467000558
61.68598173741269 27.39397387504139
58.928890343330394 30.485408482991016
2.978712767559366 45.15510869082371
33.519034804724356 97.58910314201879
68.08164273064143 4.672431881728456
3.5145048377529076 13.83671988919739
12.667716714985522 3.8507086901468313
57.70794536877928 58.688713998266515
10.85025773537225 26.793935020553494
21.709849464537868 32.8695644821136
67.96081555394244 80.1988666107163
71.81028025892596 22.815236771511604
43.32892688054566 85.69413707162296
89.03285951397734 88.07637631951437
89.85395894342017 60.825302062917295
40.69178657687675 78.54306599399162
96.79982222557406 44.822640044007976
6.69288007031712 2.4133784131661784
90.54474207831704 80.87747042720082
36.41851305965504 95.80470562634453
71.65100664855915 55.567875245609535
15.801906579629943 23.80245931574503
97.17193070009722 21.489590532208492
24.9107988521728 72.37489595332963
73.5005724553075 30.353170543274686
89.79637471177828 9.516556335723237
45.23746271164115 4.635541853326264
94.53491148043815 46.15572714179778
68.51659896627835 83.57426056732447
82.79312540109274 35.61240147892235
86.15740819763911 27.63038918361309
51.522207804492325 65.64720707547018
66.93159138279779 85.76077660436835
47.02978928496402 66.51023641585276
24.723216444515582 12.846819112939167
10.996707811040874 9.536191320365628
54.38034284375737 81.01702094067424
32.310123171338965 13.926132839299154
75.38296198821075 64.30095720678466
77.06538925362563 18.542844434648597
16.877516370590495 32.251056530752486
41.21975941851272 76.40463225642297
8.202684855349318 68.99934326780578
69.24457816720913 87.957279915545
91.48093659553172 42.19625565848657
99.93358033640388 0.32691854414270693
30.3642290756714 89.86429850339887
85.00027365593783 52.676553155257125
53.70005762972519 8.113563501576193
78.65459003576241 23.00397039656088
34.145238304962255 45.99471064323812
78.75442232214907 52.93699909258622
52.67293505543553 47.33625985388004
18.49220892206189 70.2224446000953
97.98950406252335 27.77384138287402
22.042135868776057 35.035303616434675
90.92220209001059 92.49714560890799
73.91685933998006 16.68902354611368
21.343874094848413 31.31814702171929
25.3220962903973 24.690659118364255
64.42718388287365 36.06619434572658
69.00376204796434 23.495648681315416
51.0855553801639 19.818669885155128
72.28879782882123 75.32258638892773
46.07530897639891 39.63018809344556
7.868846010627006 94.77980840799505
15.352896396656913 2.847531169041484
74.58149206024459 92.8421609082573
15.502765132864171 69.64078393340694
95.03890978267523 62.93201622297096
82.67753215899147 20.1861668833049
32.035188001164805 6.897252002549115
18.71100544997011 85.88119008309589
58.84880825603629 10.128657415102161
65.18886281156908 64.03530964192856
70.92073406237756 68.37832704523883
18.38622035720947 33.0697360002542
27.683822583613484 63.49068955123784
82.98879673747773 92.7043887876986
11.729181137996814 27.001762563838504
93.10928324464192 59.88942381200202
77.07569152098752 57.767332901663984
77.2669211617221 97.13613165080355
67.64473916185732 77.34885854726
55.54894297700954 26.09676587432204
31.214016355211392 81.12913018959927
11.6791180983705 78.67066274502754
88.22979224820567 46.45859031776656
53.61380392045903 50.87649688772067
29.049577177841847 64.78763772570677
77.46974163904035 38.20793664859874
55.251003137848166 99.71929252894472
70.00499788620988 52.1290824332097
36.04599470962613 45.99679033809372
48.0140441633786 27.38805500128416
35.283220911797855 75.05578844751624
12.810916167298348 44.1878353650603
4.3954427428524845 80.3753064715546
18.991687999848693 34.53079381749215
20.471933132580865 61.03302326385596
26.129478436807418 24.95126500500269
98.85461124334654 15.023919626505645
1.0705377899097757 9.440940653648223
64.65304714083805 28.875964273501342
34.71270354346216 48.199869912701246
33.40102930812907 83.59561643332829
82.28197577917629 9.85100665677756
15.711988489131802 79.82528879177889
29.575553186951463 64.36341204761497
65.11386667694022 49.81662639152085
18.068356479284375 7.238253834124997
25.06986374435931 79.38922982672938
73.55215873717836 50.23192227476898
94.79977015060453 61.63378905621426
28.23230429713355 16.09477828638639
80.33346361948391 64.95915044751266
9.74306698450269 60.891907241562905
2.1368847259884083 32.21411205201448
6.91965888516155 96.62496451158107
41.30633626858851 8.54648459820664
