120
1 3
66.2300775089763 9.504020229022924
44.85214952342409 50.658327109257286
10.39197402198344 56.1697908440667
98.20253657046297 37.97451251423374
32.51257553344451 62.48970151281501
38.81010159907339 35.6982281637892
87.26488898730491 82.41562141635895
84.13339950326856 57.513087295366816
56.627427479574834 25.311400267863316
20.979998448423174 37.38472687872611
28.26056560765824 2.9757027405014735
85.8772562347842 1.3076815746111414
94.20390007503843 44.26800542985225
71.31084822411839 46.816899231222095
23.02109086305475 59.09623372139108
16.49513736716908 21.372738312893237
64.24790022388187 87.58901543582769
47.935168399019254 31.61573885018121
16.07370536585433 86.2982445487869
2.8664533037254802 57.765970034673316
65.94355178065491 50.17769167219146
94.70706592800562 25.79776439198136
74.1190290051525 37.25956292911843
1.950058814614275 0.5454531750274549
49.973980116550344 58.66047207395899
75.95698382248925 42.391497733299644
83.15921346095037 83.48696658534568
16.277529746900356 2.5577738226424396
9.685016542136315 19.219483046560427
74.38307879011697 6.6899416251051225
9.055043135354946 5.360125054838694
87.68417466412461 6.893334737834778
35.60647425166006 25.593472548383687
78.84530519826217 87.0873390000776
54.220016519207604 51.96881938024664
47.10804510961546 26.39987087457858
30.75054602938012 77.66581397258912
92.8827991739861 16.138045601141272
73.83151373981916 56.205857627281695
20.654438734051595 47.5193769642579
89.27876232609523 59.65364348506992
62.12552606281116 37.14417847465774
7.666809085581727 12.009818271744921
57.86876154803022 58.080219702160704
53.620810740857735 45.966545519352685
24.291055875152413 16.65946728548875
54.89105561661087 94.35870980105032
83.84717458783484 96.29180646404356
55.26407447716173 97.9635038347753
30.21907698421935 72.32783998713678
89.2907217555269 50.39944961307818
72.32263306239872 20.72821602985584
62.91497779937616 50.15924021258873
81.81384885053436 27.34953082007012
28.516374972259626 41.01095952386829
89.17252459471146 45.2457078056794
40.03086952621266 44.3294463942147
23.026546403230206 12.314279772958647
3.850544338270123 38.390068338334245
75.33699497076036 54.767037635688844
40.68407039668911 36.64426182808054
47.14590641493934 78.99236412854758
83.6784961243933 41.951762856998684
63.8207495365775 80.47090160563602
28.134247129605995 1.2895194508908192
87.73114163223484 49.83298180241478
10.412435435931155 27.803590489572947
99.26780332756357 53.55534473524948
50.109977768368694 75.50289719984158
51.268370768420546 35.98297913338724
21.271532418579064 89.7306909662009
8.396944769071668 3.4749295111629497
26.05676280681537 96.97908496019245
90.20270553319921 19.528498609780186
20.148801568304876 41.80741977489211
55.24585113659957 32.17490091351425
80.07484677164854 86.17956250064174
79.31622152425095 19.69335034699742
47.20357445991459 90.97536994507989
27.86999714478826 86.99900903642228
81.08833660516441 60.70945290895915
98.99085838887541 79.62562758831662
94.99641509006085 50.33754746351158
79.39693933723998 52.17001837422688
56.912189891074696 7.8609719052039395
47.10047318353527 63.010110371119964
36.01775108512242 14.86545339120986
32.190019953360505 51.557719942022516
38.60394494711645 43.34526668758885
74.37269978324159 84.91154507834192
64.2396521480991 36.400075892824546
67.40085141938204 82.96708720106322
21.366498229682595 67.71417125485716
17.97729762870781 3.1769825225127946
75.74253221555097 57.772811224632534
7.633831458808338 67.91526870457565
9.917315615592791 82.22541545900923
27.121203322206334 30.17162921822898
14.136917833432516 43.60439695172354
18.230257333271148 51.18830287789646
92.57366646162133 70.68405175043466
19.208260045991345 33.15155943351773
72.38174748539106 50.09472301813869
27.559349260905087 12.146696758272956
75.03253949462618 6.6227652173577845
91.61698353118193 51.05856447474051
92.45324364302763 17.67469760067484
78.7884225268285 88.43543884866945
38.52855666018557 50.69907399228417
95.61307466175097 7.515027797621321
67.13486894905922 41.06673010645216
99.87912980992601 97.4366746724455
75.05172799686308 45.566381419872414
56.02952064230515 67.26119686037131
93.28295107354259 27.94946769292208
61.244148623841824 80.71738891064749
75.67074514232476 18.13768696505256
93.37643253218533 95.82734610830848
58.309917112482545 70.78677177827686
1.7975534437780105 12.714654633964638
