710
1 3
18.975401202788646 85.35108302258037
21.378011198972267 55.227366219851895
12.222823672301363 90.86830615750989
21.12492835570976 47.109745556582496
26.415625031439973 92.80766628120061
20.086016572835085 51.6965416549054
34.71726236959674 57.46277275683396
66.52641136630928 74.86241172259768
49.95648671782702 30.147720202958638
46.70117308644619 26.63873414388935
6.060034184492635 66.44674867527789
56.15388215130706 46.1562079178703
55.84019219511023 84.22904400805733
49.093935031257274 20.886756602156286
8.318187705448166 88.65695730833589
71.2656083068153 81.26074859278603
48.88387325811428 22.92393153403833
0.89764569041757 77.1502884914854
94.02077933903004 74.60184832987242
31.594325719733284 2.955382127417172
27.024884928911174 98.09170084090945
1.0537882645804686 81.43813190351933
82.42497129922705 78.46672293732617
41.721535189260294 92.10183786294638
41.59093206078668 64.8297879317791
44.78262463286258 10.588460023312663
69.94057187125779 8.882771339145812
55.595447446573985 41.1192428722519
41.898763052774356 74.52412149817857
84.86154641270818 85.4848670020943
13.952795115026916 92.66858441618342
8.35579522258929 88.97595131566275
30.57370080155961 54.95062418348324
74.0463905216675 95.84279896708556
8.012666239371736 82.21506225427797
23.39422623244507 29.392713400812333
97.27158602842235 14.803662894724233
1.8756577329195556 42.06987777084701
37.739929640970615 87.49585324944607
73.51510527813507 45.000851805611155
93.64797447797324 81.76986276967955
61.57567976797036 44.777011316885094
25.7120401270583 9.64806026896612
97.4548097832679 38.979452746622556
32.48680500973285 77.941949384515
56.62267435055546 66.85928405655
25.965279013717925 58.54684345665429
40.7686444868649 8.706067830733645
0.6950027846410967 55.55906903216974
72.90899392320134 73.20473128553175
83.40847636860822 94.86952877837325
86.45579774473893 24.65000297795308
62.98310523366231 61.33176657085764
0.9393250604006198 36.9778331041672
81.45317014845823 56.02730379979819
26.807853743766774 95.0629057877469
67.09336204225916 32.49102498072642
69.91043270642359 54.83322684140348
31.686019840335966 83.63776069024529
4.354773668570999 3.504903627179501
47.5185482526338 94.30398952866845
98.98942932969597 63.89803131947394
19.743047380997346 8.329555991308958
96.6569667078624 78.87328888708605
98.51776647635255 41.262907586054645
70.36850134760186 91.2894022167956
11.225973676025802 76.49506585237586
74.85747183463796 71.52264028921051
93.62988515664105 15.173408769395325
56.3413256292278 84.27962423506055
82.37644878951474 25.792591191934022
7.629348547399029 65.11206124657798
58.20141273840527 39.455595054416136
74.85441577175007 7.29486125632286
92.28932964051326 71.39118991928501
48.544492628578965 38.73520227218348
30.936276449502852 67.01958348026373
77.86991119818371 51.49451994892884
7.695579877914938 27.80932644769647
82.04719601813426 8.081149659803021
74.80129887525142 57.69436047263818
98.21195116630324 79.7019426053019
37.7916589860005 30.316512164372988
88.54916070937138 49.21892472348257
78.43590730599045 49.078207883214134
77.86411791369613 7.5813027444562975
1.2209653519969832 12.914776673468452
23.77463786756384 12.266642495931324
75.13537041556467 10.942103135459224
18.871721439365707 99.2053988553105
21.461671563168714 0.18750001516065762
84.89680893291714 51.321969318928915
97.32991335440926 12.27385157397678
86.94952443507154 72.75455796284749
0.2875653717032911 37.4764016720746
99.31200004195047 25.5128459795122
52.08172052598419 18.687301130246126
72.5927308481923 98.24144101626703
82.89174150612637 1.317856355335989
90.29507074564467 89.00638038089514
27.29700347403774 40.10658488169805
9.799798969109407 44.800946631582875
27.253165506355238 0.9185142660341539
66.28762840543764 40.767515314787374
46.579953208209844 98.98951974911787
91.1895715080218 68.67213268481119
3.885442590343069 21.16247453342135
78.98437578142116 33.78674265293755
17.10215750062798 95.24887523126426
90.08943780373842 25.320697265872138
58.79258295212302 10.813475152480102
17.04913045361014 27.675825198715298
11.5566800310281 82.36451059988823
87.80058702987212 26.972604654263144
78.16935905050026 19.824347779416907
69.18910813357013 29.64762308216493
51.05043037238095 11.714600921410213
23.665184425733244 83.43231532917723
95.42482258045368 15.278457338053041
41.01185810508679 95.14115251840403
12.081213864851348 44.97199939960219
45.42276037238728 42.29989927905291
30.621241773894447 70.03058222835958
70.85795686148096 67.9054691953618
16.499549822085434 58.29955220707559
26.97841292031411 54.47716899750779
16.68274866540265 99.80760013687433
73.39541272862607 4.1151100280067965
77.30802373066419 1.1324955959995942
51.89438572229215 30.56628452601
95.79255059686456 10.914325877596864
82.62809429581077 95.69737000687637
83.57591142589686 33.56749095274429
83.85445613438675 95.62554147339503
30.47112900912259 79.99928516072885
6.7468770259874855 62.87418665051439
76.07175516037579 23.366854906732225
0.9365354166170903 6.2754865632639545
6.281628345012558 61.510188476924846
84.65832195071646 2.7440199866533677
94.56476207560769 50.27056771732408
10.133917737426046 34.58641820415276
99.1905810500135 87.24721440101877
49.872549355660055 92.59878834748815
27.336595162130493 53.54557283342329
87.68270613544522 90.47940158671923
14.840687383254792 18.163125500064737
86.60294275111013 89.89717869070681
70.66124212018951 51.25700225252729
63.506260715869445 29.971113169920184
86.80383294981982 39.154711672855115
63.418514947891104 89.24229669140655
74.51532557053902 15.513431431580882
49.642462483092096 19.908031455234276
65.19917447819019 17.506073670032563
60.85384991668305 47.697263042990734
85.42349694708568 76.2831036460031
83.2149879046699 3.5780017944612386
13.97052192569539 97.21570527636662
88.19500697759013 91.08838328498739
63.128527391660924 91.200364489908
84.39094409198479 86.70925201605652
28.98290426201782 40.62909698016208
88.24735189607588 19.645443992671318
12.593938235610324 48.240424810212446
28.33275099540311 12.118769863072387
95.14930750723516 41.41076838745723
42.28556433259385 8.511039723260794
52.55814580563685 60.829355683568934
90.49354111288514 23.53070508304258
88.05611130557325 2.0455547291398535
11.055201408204262 48.83951425554811
3.533297058137874 18.03094250855819
87.58801378604429 40.27531281421519
98.48908073112793 20.978711735814095
3.7214992365311117 26.869895192781247
54.98598425468546 66.91716896433523
34.86993196382713 72.92781740370256
5.2668698437216666 22.30219141825689
19.00977710417775 63.65440044089736
72.27433666369491 99.81804892722404
70.86129762207185 58.29938305345201
65.77830526825012 79.9624912332705
91.30627974328223 46.69692460893082
96.87669898902807 93.20121871981722
57.207558799324396 83.6572918256409
14.41249301118155 47.82491966946345
95.40512819775525 10.294153981336995
14.555451818850852 88.45259572441104
20.165439280741815 81.9462836832725
27.530308727108288 52.63475322418651
17.214143946305626 38.5268919416617
49.02673210200938 40.418713384070195
35.9344244102239 40.31246947451541
17.416750588802586 96.06640136544648
31.827607386376002 99.53011291098332
1.459166495954789 60.54237836580392
58.995914948691606 95.57193293074565
45.77991356720654 69.19220918445761
21.962419943618894 20.92268699994657
57.721124909565624 4.927348656881958
44.316541184139126 56.592217620998355
91.1624756706771 87.88614852051818
56.1590410805783 13.157828481412093
80.70093729064018 54.23360093194538
40.49748622226497 25.2188514753541
82.30739961258222 50.144867186873874
34.838376584044184 33.16780895601079
52.94669981343956 54.57143958362332
15.286506945844437 31.096695015431575
9.828511393221206 45.793281681135745
46.02822980680874 33.777917298223635
91.10150369443397 30.617954471596697
2.47153559255493 50.41788233180533
85.38898833960491 21.866875405565644
24.12084528103633 63.82113655886536
81.35178991083491 22.845113563298767
57.16228102004681 95.06684786093096
77.4424366276629 79.47854372962952
33.4712280530312 51.25565476751679
29.767557237720975 74.8583528968388
1.4916531840886815 55.618929444642326
55.43511556040666 98.69849218185468
83.04593676132417 86.93034432170248
65.2114314833526 36.267816480178716
94.9975972066853 19.342298648553392
56.50030494130953 20.209381567782202
62.268923116873395 51.02934426934098
72.41593379735092 73.43175530666424
76.25963566063076 62.50013086954085
90.10226648412191 21.18270423619435
24.421273682804333 98.51975687595214
61.04825306163784 34.881692361895574
87.9386204238507 61.11144533718937
92.63022653562538 57.45312629789221
17.468776939354402 81.2560797686299
69.22388138144653 48.581716573277546
30.659507588653078 35.555627762558785
44.973198181024785 31.252560317968303
23.7472369238493 34.3610116762346
4.0509771452794 9.801859359545361
21.145237334336265 43.19967656686352
94.6737022233869 14.029235306829712
47.25323848694658 75.77847576316243
51.40454920901214 99.04421476917395
24.552905553352122 12.330099878926436
79.340828308916 94.14355964683487
30.622214906466617 14.540987232016755
12.837006565975662 64.75163277730897
38.00983351680305 92.82502114546361
84.253480068773 43.10827147553618
82.76187140388875 7.406454521406358
50.35801774845052 48.62750728044607
18.219084841043532 98.96586306453055
18.854647898264233 49.353622495184936
22.883780356824168 0.8773923176369713
75.31187299327384 12.642974444467537
65.57434038634271 56.805301904452854
55.28546563743875 34.236845029299644
13.502444782965162 52.686764650655604
23.62725784412687 82.05967571072212
25.426822220309496 62.89828682993941
26.48343809164937 30.597668169744964
94.57618865625722 11.839237443787297
84.36604787223933 57.38472223379476
27.899486178308575 95.23398373973968
62.76585894465798 46.3744676935824
55.54828037793729 28.24124789033373
72.76332818404178 58.095775821761904
23.315238188436883 46.13830229869571
7.5677737717012805 27.046006338730443
16.52541094433051 86.73701395352458
70.91968947720098 76.79732199826212
37.94751278006812 49.70970204922469
67.81940560943089 23.344992086801497
81.15765524961273 22.287308199099453
75.77923566028187 57.50864294881723
27.616611883732766 33.53048205471718
29.6806113569704 66.50725081283333
53.97278893272694 43.71326922934209
44.25724937963507 79.86957524177849
4.0154912645691265 66.38065052225363
47.877034209867105 17.636526274458177
44.082872121729054 6.987607701782306
37.62977763874553 69.58055913308523
33.61160794306306 18.377808375365824
28.7199232489294 16.286187470591184
10.509447447302955 3.5639728723972475
62.44703943244805 28.14526812595821
99.5431875741089 66.12183167215542
61.95060261613816 74.98698137699891
75.5217365943015 60.280920985828736
40.58689414784122 77.09908369275911
30.89616534246811 91.58084714596875
89.05537284744041 26.745490147411033
98.39179822939246 72.73422955697603
44.36761062838856 39.15894909612734
21.46013356329575 69.16893342942846
8.289586516527159 41.99867491924083
2.7741396519651795 38.34930181877931
89.09604760544958 2.729361576229339
1.852756708281067 80.28176657306598
68.32634211332682 35.945192895624075
8.511277459787635 44.13604060190268
46.07480326229059 38.782038081563286
7.379611217787474 32.23276818077843
42.65845515249615 90.48628299621559
89.68517285236923 1.4143824142977657
81.38320207221312 51.908857645581904
94.76699322648183 71.56603994438768
24.756797854667777 69.11822404626939
67.3811835533072 19.16947880008266
18.488659949694064 36.61916943689303
89.46649629013181 16.038705372667007
42.394162409626524 0.5756843967406056
27.498278173047396 92.92555208049913
66.56392720505792 78.4749314183775
88.10986699700815 6.204210929752585
78.10113679960162 84.76588174840549
65.20605304686286 96.07308640590593
79.55553609239365 78.79497243835394
19.11233090220048 6.845835986642057
77.98027359535212 12.634476484126079
52.602771593030376 20.09202694416905
48.07405101168385 34.72927794589713
8.515992777341651 76.88885116088993
95.06990797403571 34.361642618595134
92.21285599992801 60.16073820732253
42.03534149155321 50.30155112174815
61.089080926344174 60.60578701788337
60.632096966840244 18.43844196795834
67.31143818404894 25.738634775089974
46.60681015372003 80.46742096220436
5.101767789662848 3.130458648137169
71.7958516594422 3.820599662713575
3.150759787937929 70.70190807410097
15.39842651869514 59.860749374138166
32.02690094779399 96.15723630191194
21.40069895331136 47.509010068130706
91.14925629460949 23.213951075231254
17.966486846847964 80.82096971101498
50.385233033127854 62.042842416257905
10.40277583867153 76.98355293278267
97.00959073799724 0.5639344359120502
24.443428965739123 71.06732004151061
81.00615346655873 6.8586746379851515
53.65191541942578 69.35851544011832
60.55694451107756 72.37426942191136
55.17517466237709 36.96746475822867
24.176915677339174 46.03039236427655
92.38355841878831 91.85206278178042
84.47930343395795 23.877377383892973
2.1933068922912025 4.38184297916091
61.629145765951 44.99304042787797
32.21203697431814 37.35909758129217
16.834576003563086 47.56558810139748
97.34219084226675 46.03349474208114
17.164273518591024 34.74447980979891
29.7937689594044 83.82864830861337
64.56832404568331 35.278425204667755
61.08643792101049 46.572989163437754
74.54738083157638 0.5553117230863602
95.32638640395068 21.44125904424643
35.43059467513379 76.16094291543052
64.05304360355015 77.70650358376146
5.772409908963372 10.481975003019283
66.98678723444816 21.73549866294284
54.10903126859743 4.402265664881466
94.75939694833961 40.01061825603826
68.44152138759686 66.94413165605073
88.30592135138879 83.47201226136814
65.86691702812473 42.04529405473538
86.72378068739602 82.46660828497699
31.063479358075984 46.3044314364232
0.5555728671470472 60.8268128287411
79.28502055896709 27.551331561690738
2.223917916284379 13.577661442669854
95.14533564052621 14.889453111715124
26.800627354412242 34.47558768954602
55.551930374001635 86.51264078732285
31.167413049072714 86.72123418354761
61.92982684925503 6.39024843984346
41.9160184397259 63.5715446637189
2.13544893300488 15.352559703162939
32.46296669785795 37.10129053552216
35.945502740571264 2.489003067730633
41.09895420983807 30.139042302696083
7.751491143937073 53.76310772890687
10.327899948585317 92.79577871655174
57.820267252833006 63.50254440262586
52.477024364097915 2.8677366511013602
35.49049847210013 66.57870619029997
28.196049166263748 11.478528340707816
52.859545799623305 20.667965596657687
75.30890071866301 27.216647281759386
48.086246595052764 44.81248669185016
32.94929155975854 38.48641347887178
78.64190228583607 8.333636687287171
88.29964529616825 23.828482632875915
60.64200572577361 38.65142690283858
87.60576501204407 8.066494905223575
54.19555504867552 28.329467902882
81.41635940191783 46.902892674158814
71.68491174723567 36.83286745677255
17.77129933747217 57.69212633643266
33.59290759415059 14.476126918913268
17.988715931063837 5.2062023544763525
44.301254348031534 38.75046266799929
30.754044585187867 93.48890811263712
95.0567234437504 84.6968372219847
57.46329012390288 42.702712655634436
80.85611276986064 56.160865087283526
33.2820568569302 76.54811080015584
17.93552113510133 91.22998129959853
8.834877451747293 97.1751776435885
19.47663986918 87.9708138249818
61.152757522516964 60.792473365643374
55.95280115665804 73.98154256678052
84.95340684863535 38.53657151532506
48.37274630254029 2.4676495834124568
61.61660839321288 93.17131192042218
97.55356362572505 2.0778317283351333
65.65295786319518 47.22655714377333
13.19406746149161 83.75064077622265
39.41090223199664 20.42923994524777
13.664595367331444 92.67629006400728
85.23143201735553 77.90617327861258
85.34823190997125 51.296638783526575
22.172468845647387 24.824574231604668
21.828264537419773 82.9873002709108
68.42657948624708 69.71600953528711
14.110263712267844 17.427191822919717
21.79193122292833 15.978005554831022
55.64705180278631 19.201952606114393
44.190102544816035 45.48661607076296
9.542429042751932 89.6721023567258
2.4577946232978265 41.71962889291259
98.01829538258524 7.70240537143243
1.18753133434637 12.243801850046786
38.85493533586797 56.580105030857176
91.90587252951484 1.0424208413554847
38.52683427199337 97.3042445295724
60.25401520788334 56.12981246709128
2.43134252577899 9.34762437331007
68.67675482055773 98.94466586198341
8.836661646178246 91.4112970676679
57.425641393522376 13.33984920981235
77.46282173512498 91.42017395361717
1.2938495647983883 89.40860909856542
51.43307376812134 82.8207465539435
16.31654435794976 70.08423412099674
78.2833113860463 37.019330312254816
12.602945343708495 46.41342663912009
46.0444021067071 49.870012025205554
82.80128869579808 56.45489628981433
77.3937220168329 28.512910880183284
41.98101522468241 11.010279408386591
96.0104263427836 50.38553006768309
18.60200406083681 89.0608498976517
70.62330304234241 71.41189025361501
29.553317971396154 39.48763281252046
26.957424219840508 46.344283885364554
60.135659137874754 34.94678234496516
6.120994228685461 57.63901918468757
79.50476569048635 81.42924129541287
8.78054462402844 7.9342672547955795
39.6570302106753 45.83710171200539
24.402493184227826 85.69963600229045
64.50373362886785 87.88819183385203
49.78193147627057 91.76126203456214
89.9445994306556 61.01937410479628
67.44499454048216 19.764137611815148
73.58933019837566 18.712772759755048
95.62205113343647 9.388931708113702
54.20471365496251 57.2456183258766
41.57777892348806 78.95081756862056
50.084822347208615 26.79848310630586
7.63201525648407 83.18517613458525
27.80139150856118 87.98576133265863
24.97211391040115 92.62923429434349
63.28716947233657 55.701047159956275
75.71412971788666 45.656515822114116
65.02448460516325 11.159631683976357
43.77259449637425 51.62592891172013
38.09131245406117 76.52618258978254
96.57124353054665 1.2042468459809053
91.76355488468329 32.572587416378695
13.164544830788639 6.915595427786636
19.060265441874957 19.592508574299593
54.67276760249759 5.752587125406028
24.760039621298734 60.305906505003804
13.626596908994637 71.54834844301412
97.0968599675277 60.62712818861398
80.1873468180296 56.18956290551957
49.625454442522575 15.022940910390137
33.702711666434794 98.83629864426938
78.02829004032968 88.04187841839308
74.71495741001755 85.0281272208595
49.8720185054018 58.123044961152544
23.85901565029458 22.464158452835512
40.31406544236469 86.86627549712804
30.03243976652099 95.30108508587402
2.5624741525502204 69.70343483327683
81.09497941285606 9.241301267644598
50.45428987685958 8.832603347634272
54.153524440490266 72.74306541085842
69.01424305806698 24.36113494339971
35.18406705592505 51.01771407893403
98.54547423894608 30.45272734874136
30.171001243717722 53.857192908792165
25.19192469001279 88.94424358153763
62.25864507460954 37.83053572296231
87.31638653972875 65.5921304733425
79.6084160750727 52.68309020463062
86.79689363715306 65.03450965956867
43.99538555844353 59.66170875722312
87.88093504992808 68.96857108645543
73.36760730711238 10.609725337121635
43.316218138148656 74.50937445355817
35.112066435008124 79.2010630424176
9.304256680356682 29.789895801560775
94.48156222350374 32.298547159650084
5.515074526056907 37.21512752168936
70.7009261115654 59.20554221668597
4.167226019419079 62.92099125060597
75.04164040904737 76.27693018100096
48.83332156507467 28.019758570048946
73.78569072455 30.158022828700616
74.77761943640814 22.11777683639278
93.07619637405027 92.51989885659538
68.82481946501267 82.57861472354331
24.01944953547812 30.005324624284626
23.41357809764668 43.92483475535873
47.56856422408251 58.35980696616125
57.574598836865306 98.63299727457454
48.78916057914316 57.43449052298515
84.68568855524965 25.683210258222623
5.0370739009584 43.952512980824835
59.439463126067935 12.739866713466718
48.65848672793878 76.79625022853638
46.57598486844397 96.03730439372453
54.516651739332914 67.26017171800302
31.671552133753345 65.90417641683324
56.19904740462529 9.590555370296961
63.90169887674215 32.70825118757914
56.87008726162664 91.86526959692716
30.549742371072554 35.81412580196959
90.58189160445231 70.63790343273016
54.51752148056839 80.90480194941856
67.40578792552986 94.7924774408747
9.907772281221483 54.58338087958838
23.44020069073187 98.879499169281
34.01394047526727 20.305434228053485
55.041920620210604 64.27621660821707
70.7441936790697 59.73376327754061
44.284668933729 38.435605927896034
55.93977474116629 91.72944219869352
82.48842394285485 57.470812886652126
71.4556899911589 81.84686813342256
88.6353800223196 85.14809969528028
66.53607940824182 5.73507068521617
43.74328126764393 47.29889478020497
13.476635956227101 1.9228984165190033
35.99810002222272 23.84559189688522
44.53642543041711 28.034289065999207
81.56971071594693 0.11611279779997208
40.76950808199917 71.52798783740148
2.438956371561951 50.630847645909085
10.90320915833689 9.683562869423866
36.60706021885633 10.242072559655412
65.4616064210536 28.348504250238406
69.3113559106014 85.37541636149002
93.48372034743142 41.05741733563533
20.074043207977965 64.68461030208144
85.85888370690047 75.41380108615532
96.33720309350183 83.35542775427815
16.916205087555667 42.02029457645513
29.7363696362545 73.58118059890771
57.70072206166073 37.09829367265609
43.74218081569341 0.7734774161933355
6.296950886132091 38.8054100520244
99.07001707014817 93.48143375243878
16.825197630760158 86.60070703811427
37.518814972461854 73.13943541159648
82.47886839424696 65.72259675353334
15.692738755033186 11.551580445837374
17.268144570105413 48.47120913779279
20.2108644784599 95.9220701891429
21.92066834498938 18.810260603674678
67.07766247109122 62.663403977192075
93.52723056481764 64.85637177918137
77.47764714304948 85.64644021962147
67.89017901933138 64.93255710219925
38.596483729055954 57.16287024239557
35.84263037284809 19.961602985029714
38.399909064325335 98.70630742309973
1.4366179998003936 77.03417568844371
8.043565193966451 75.57176075074825
20.71114681904249 82.82548189850785
65.61187478976727 93.72475287756944
72.42126716906346 19.352998108333487
24.206576814318346 28.76126284100795
95.88095051945473 39.866811860833316
30.826173499605638 79.32159199948433
21.11157924578615 0.5542173372345083
85.99501609730513 47.695134252762614
48.04993357541982 99.72523974861383
98.72743974883768 15.809565057170637
54.999542753197915 75.17548417588391
82.99657858415537 93.65027184277824
69.33263651527821 77.46397879599121
41.451211817375125 96.75538012555663
12.395155076465002 36.968136888329454
62.44135585316426 75.27162283718647
37.30326600814662 64.94257944650931
23.57342870849535 57.855194943007774
72.73511537715758 6.149673257343902
23.015532969781184 93.70526207126414
83.9965239168494 35.56799039992531
33.75093584261579 31.26159473266048
78.84722750256128 84.26610057445171
53.41532683474004 54.18064561324503
87.83552891096595 6.335466640603937
24.257791481908676 49.44910459430323
5.225686365690763 28.711761214731602
75.81428482792607 16.749003069761613
7.192165199351752 42.3411695233785
44.84615180795129 10.75304235005705
48.424632834007795 29.198390594414935
58.32192833393562 54.96763924058639
18.847964270187646 73.72896487616845
0.11032965483468438 38.05381711416263
92.83799304332896 28.623167779295542
23.63139804792247 24.177657759521676
38.5931995617089 63.65556332660691
17.485641315359036 93.01878118762457
59.362063604082316 14.111203395569971
18.80810528540784 80.15509936123544
60.287098731487944 78.59390451683157
75.1009665809389 11.447386829150386
77.48715271644609 41.15519629246946
41.85031874846943 92.34088045083155
92.11445169558243 45.914373403573386
80.38166779852311 29.592395407325967
90.3278023059929 58.456353553148666
17.78207157940088 16.57859438972482
46.15025232749286 37.63801680041079
83.97021051477678 71.88865248559819
25.99511680548168 85.05632468789787
5.858290762798557 84.9517995515512
42.0587980363359 99.99940110989041
65.4000140738124 25.031830060276317
5.029011873175482 4.972732970790883
54.23181599593141 25.30073310810721
79.14507937971113 26.612360943294288
11.473875589569582 3.2633222513364757
35.09422665757449 70.98502791883423
35.37252726065208 55.941495731622815
55.949563975555215 58.94408440497332
99.81533454117124 16.167078367093033
74.83335648563605 45.5900215563519
66.88308670594189 73.02359521152579
59.72661034759908 94.82672612952013
79.69557000575378 67.5410159845852
91.13118303922931 78.82761719321012
41.1974456731059 82.96818079818343
17.771129671084964 84.59400540288044
75.4506013974567 20.87615529318507
50.78565228887639 94.59889373746779
17.336272032867672 87.57327393032352
3.5330091358990012 47.97068341513329
7.423205807994315 72.84200507639503
80.19813715270818 93.5884664754719
4.060536017613781 46.98575458876873
21.851174113357217 76.01950854961889
8.874991729572024 9.856467113351886
20.91672930359678 63.66610302368792
70.08663119592404 23.92582120674389
49.48392983911021 11.005370000285474
48.09489380486307 20.17744373377819
83.221403513675 22.030044540214753
41.35759151160479 41.53611677065862
16.538257600871265 35.84167713432183
56.988447695551955 58.823159282254544
44.89664589908553 69.31646983518806
8.419504383893184 67.87504329319259
28.704664206129713 80.69312723470168
75.58333800312396 29.310151419215757
58.098508863736974 48.190585741447634
28.592886251019923 68.16723814736628
15.425200592115985 95.5007572054812
68.85432908104573 86.92238818415161
17.486337888120374 83.34749102665609
35.996004701794426 88.5591921796919
33.27346747488698 24.27633714503028
16.90764375199203 60.23698270726621
87.47354207369685 68.64981927621345
80.82911382627627 24.333449309895784
12.153719351925396 90.81021804623259
7.191896446785195 25.47956161068925
65.35102853580408 88.71841838271916
2.4856191178245 61.34290915939311
24.557209874581787 7.004014623675481
48.83430964295561 27.31631738382221
32.13668246902579 99.34105271484033
62.39864931654204 74.44279483900804
22.810051056115775 48.51810448462874
21.57802808184186 43.892606300529735
15.2122531446939 47.84181356872903
73.6184284473588 73.34594133256611
