960
1 3
9.98904903270006 0.7832835335405353
92.65153506781922 47.90906025086219
5.043122765453756 74.96403529249591
41.68641451474184 68.79125700675132
94.35720034106092 40.01510144105542
4.9138896332935555 21.077750714111907
70.07220362930222 36.31229458725027
27.3077683185732 5.049005911799709
7.689074443494515 5.037926621882138
24.459203925155503 90.64811680554219
51.79745371447686 66.90308189173754
79.87736746522813 35.724759575559894
63.31233972077326 4.4323562849529985
6.64589061285048 13.182486346987176
24.96579131382677 77.9444611138598
72.20200788140774 2.0087737293471353
9.69543447118335 38.51337268332473
80.09300401389375 21.175856206514144
3.9524050295523194 3.7041108685218704
6.448620856396059 28.105055463730032
96.58027718504474 83.3205474980112
11.23527844459069 17.199539322507196
27.414883528480537 98.1896720262006
35.59952846223118 90.31436221440335
27.98174666730744 4.24249532752643
38.49819810849291 77.43532478506839
9.30846473793816 60.35359318062976
61.98869892569265 39.18019024572364
86.74633229133678 81.09866985759733
66.39094769385258 82.5265358293134
65.5748813141124 39.34226231928304
24.12880440944638 46.66379074332407
79.8011841387548 53.82186292429117
46.211587381099186 14.278791029745165
67.62058839227952 79.83167084576883
3.9077662495994314 2.4536777711773317
78.47087428158497 79.80667934284492
32.813151197417014 27.659859951646816
41.54712113110095 91.21942914677403
24.377055954996507 24.369880075124684
42.74231367825099 68.88600411368087
78.18757369595055 79.66364260372319
45.38682090195425 82.83296078300214
44.566159242232864 52.79387690700887
46.12081929318903 53.39343939556274
93.0519021551517 90.59249993308576
58.326019918567475 73.12104373357312
64.23491391693435 16.62742942050055
46.86030667192589 66.17085207019772
89.58476481952495 3.6422224921867974
59.06519742771972 96.62865892304279
87.69273903479618 70.20016261232493
26.879303307689952 50.54878750928309
59.97857949662158 67.163083435273
3.7084065770502272 67.47701211551616
95.73966185594043 93.80008612825903
13.893427648873867 31.93890899760681
73.40831774308636 43.819435668726925
96.31637567702218 91.51637265194117
67.38355629403507 27.070333128586665
76.11638997590302 33.67803526212712
16.31459957900909 35.211675291879786
75.4594586366784 30.12941797143489
35.9328285174755 98.3710806841041
90.59899378408427 85.47821517467726
87.15372869315638 12.82292191303851
11.538853507930469 13.623889480224683
65.77490922185152 0.649153390333912
79.54912142664526 16.42586143647835
37.32275157666764 21.785168386245136
43.55968319624364 30.51016840108327
99.44275847039651 49.30228753114881
56.876520320586096 6.46335579024917
70.28060061536732 78.71625772480033
73.92758120256258 84.75900984511371
56.87708904793636 17.795490195145437
52.15397660047396 75.01043203612674
99.66491701885151 56.48803313103785
83.4368403654191 27.762319890734698
11.583272428477741 83.34204059616586
95.21214295560189 17.00974697967057
47.123883917719354 40.43456868889823
55.077374148132584 90.63920124723444
74.42325170402322 49.44673793420964
16.117272301528153 35.08414741590968
68.3545860750878 90.48599543779913
84.15525726130451 10.366792152308978
54.42922017493741 3.771821872451131
50.44073815797589 51.24929992294509
52.18223799696653 98.95698393333856
10.444973189285257 14.223018258784093
16.55924334174317 22.265104582550887
51.70707872983531 65.71941512140957
16.99889752286312 61.66914637492549
17.10423595589443 61.2687467352705
75.4381868875591 18.127025138186916
41.9740670508753 61.20337553925883
81.36796209481314 91.96100956625939
31.713429975882246 85.36886533065437
87.55369560085566 70.67587222459511
78.75168620642712 88.66865822608496
54.945112023706 82.32738778313653
40.931380053684016 96.5873059948909
94.2503162118034 1.9455041833990716
46.85360759060935 42.711757409342944
31.261434744345816 68.98659597913901
25.362622918165513 39.102907042082705
58.92495204474086 48.97317898539279
22.002166985476613 95.17834154972478
90.24307370926374 86.2859896099411
70.96381363203426 74.48311918739148
17.41370344856592 78.16295769573883
58.10420297845782 58.83212907974604
27.50721950339059 47.179090289473734
55.326215346385 40.29952465993594
82.23042050513867 99.40672246840352
91.0510607220726 12.959826637144944
96.61360469157987 37.52283940128574
47.0134784767084 88.82432642380462
98.49055048323183 73.33616077981718
30.17566567766452 96.05246033722761
18.713307376952116 70.58157913861882
87.5918432021601 68.14591318070553
79.80501215270786 27.224556427143742
17.592740960468124 12.86165904931844
5.62123370600609 60.387859771642674
72.41823978440193 84.93310563196322
32.135523246894905 20.609588273292843
37.63031200654048 46.7693444072119
0.5395226317059798 16.311460410925616
37.9925441583733 3.6726455476631115
94.31630735281303 59.4425723381135
79.8037530266454 39.06649999733649
78.2597154453718 70.71227941903382
18.978986597566095 23.079064714215303
43.335782547179825 88.93290610248098
17.17581598371407 3.6363319531845573
41.00187756330258 37.82475406116741
40.29389821437046 92.5643135295027
28.41584156728052 96.69476713618153
52.23156866685053 72.75176459924259
21.63316273692777 56.79199994200425
34.78186934358496 8.572934232359476
33.817251792955496 42.68865436057669
88.4778599725188 87.68074759991666
37.797513693368636 56.78470752267775
22.376660266796257 92.1613684652394
36.36267121626633 76.96846488517959
49.09143924271972 98.81224066186589
61.09923053572721 86.42383576705606
35.962916747691274 5.347445241941218
49.30242633813728 82.92843724961641
60.71778526968639 79.62759426120758
78.2788414602253 80.21494527720745
81.80862879068604 33.59335971920912
78.59582837751799 67.09136844848535
35.80468927659075 49.909493406194215
29.96597581722844 27.271059057993586
17.77346619552325 32.50843084506927
96.82383596881022 41.731366227691865
22.42916513042248 18.5380452983281
99.29213524290132 60.71857061290669
58.21010197968861 24.58977322591793
43.677000499231625 11.555260310532045
44.76891235369729 47.67364338633821
93.35531447214176 97.08213223636362
28.55056129147744 6.046613561594638
27.862403920788694 95.65396885541344
9.041015791748563 65.02232773792488
3.7981349222229177 81.38586890303326
66.48068583403412 6.6733231327017695
87.04153235806749 51.43214715141726
35.832131116170004 88.8251433496415
29.701542269325575 11.19641037835235
39.62265690471891 29.558833926506267
92.20598599353431 40.635755804014615
93.11249278602938 6.033292486967667
17.56882827521009 91.95137842621301
91.87241371888743 89.4698491157466
24.99087587869544 86.72465634044795
95.11360039573398 45.728237492368606
76.86994780873655 39.82539530535036
22.173481560672936 54.102652572644814
91.71111859907406 3.7658723501619695
89.76872318333497 97.96938429519521
6.286240492675654 95.70427337120329
79.43469814455557 22.95716130797669
54.13797536938236 1.38950129362716
26.60752646853586 46.19676959329717
53.299271878191036 42.82161983690174
52.08040847430053 6.09032494100914
27.375642180876337 95.11940615272148
44.77065674750573 12.147910071256106
97.83186354127547 35.267887128026665
80.2161947924505 41.68844809350194
10.970428139036304 57.55336653837206
80.1884211168568 61.31335688183999
52.67110594830942 80.9396477858036
62.32426783664338 67.20391877471694
18.17118570848697 40.34321693998202
35.3613006306448 95.65323831359476
30.821679075449172 13.593794252325386
71.21654452620349 39.57641958382992
80.07413757226938 79.17030593387662
76.62112319140843 90.58083819592949
57.081864646480085 43.724568447594315
25.210957001323386 56.31967461431604
27.987517740389922 87.96571136516881
38.62514997103936 2.454056146702843
57.3807670910915 82.5462814143436
85.8630762902067 29.566395007000356
22.687424668919643 37.482214180133596
4.60836839222849 29.832549265382436
51.38025222930482 66.9529980152929
62.4474016982185 70.6376808678836
87.68612898512222 96.37470834045516
38.04741097477788 81.3547827742735
31.190219153268206 20.764499723065487
11.647159004264651 97.78153316130998
97.8253678124853 0.43304510905914917
0.13475640142717182 76.87733394549079
42.170792554725935 67.59031059337093
87.00438973139435 80.11719462740494
33.31476584212616 37.373432556592356
73.92538502246013 56.524883905014825
49.68418968167227 1.955198020129334
35.12591453849478 32.43347533320156
65.99185271349842 48.25399600110239
24.394480064803403 30.70951482578468
80.1092887981256 36.39367609120205
11.352007012877907 89.90143243418555
79.55522115805375 69.1901953766167
98.75074641457803 26.263964659078898
43.67639717211338 4.416447589367456
38.40035684089899 0.42232198333675974
96.85688735836166 28.99304495432564
82.74914945031884 20.960263779542476
88.4251889607448 62.389659471420565
9.730318339983569 49.648643513656324
17.373846270864867 17.850133136992817
20.146253171184412 8.561864656310348
19.623367166002637 77.30086933180303
42.140181951696285 2.953450399920654
64.330842434406 16.207452899147423
82.42433111798691 21.73388164787575
8.874724652103438 14.078114695143684
77.08245755526644 38.16856730495597
27.82102744369961 74.10502474122947
33.73369103056228 83.76622731055912
41.048169734733555 12.95793244796597
28.64569198389337 88.43126867467895
48.60796374218601 63.65392622192581
48.25627165627111 63.409056948062045
88.53399504306314 32.798826096915136
15.588934698391421 25.349704829495057
22.43365396720145 63.39403415954461
54.95250419593552 30.575513374293873
7.0591871081125745 12.377632017298446
50.176681754710614 66.15917276859673
30.653266752510433 67.45934291486373
41.26777897611041 48.673133294871576
56.00243922679691 72.30120484472336
16.03332098725032 57.60402850089956
37.51499370827855 78.1453115736663
89.71954111102416 86.79455459327872
61.2500504300312 19.63810154029213
27.461368275807963 79.5780799512079
12.742501062561606 91.81076970512771
35.989326244802314 66.98370773122323
28.294192356881442 15.691479144002528
55.14201086094539 42.70638549810371
4.7096862520851435 34.63851921894454
97.80911408724795 14.246647534476399
89.22060025142599 57.68015666955739
58.078149332256366 56.55536066749338
49.53032833568693 91.75108865581396
72.26237701143864 61.365127435815104
30.748990953977607 72.8068946136739
25.332601126003617 34.98142868744334
80.63417965682017 79.08310347521947
45.72851432144134 47.28286891868476
50.74848137199199 10.425259776219953
7.816422826429403 56.93186399424992
53.11992511495889 72.4595352682445
5.890454166398307 59.49914938418315
78.94834568979255 49.27837722881407
68.10080369524749 16.540921447775723
11.631263301964644 16.020852328970104
89.37422007859635 6.458562120926903
43.67468615716197 92.0425502563532
23.045289577369353 75.8559896136277
95.67303711747775 33.85126288784917
65.44923148933113 24.678629485915792
20.217692040654022 9.317291325677669
41.76835720730618 70.45412707819128
27.750616495226012 27.808563022979516
27.3115692630985 58.549507774746765
95.87545484635218 53.15479568241286
39.675895839259766 78.57561199565164
16.565028441781227 70.06926130591269
7.968267732921119 50.42290657019581
44.74734413193442 22.779114924213673
63.151360429280025 51.02451699496522
60.439530530269806 22.363934343437442
60.12991607490701 16.637331862458705
23.944615854170294 86.14572227951538
19.537931054177847 6.412094059625795
84.96043581122457 29.384574545275722
74.7418659415576 91.5960124345081
54.49691667667595 5.697285886048742
16.312710090051308 0.6765078736857832
89.33282242709018 68.93376825993565
44.58178116800418 94.17352214656756
83.80177449841675 66.60501003442927
93.30678826358711 94.49355444701692
0.09851204641473377 84.26196084878923
65.59763247206871 19.43321791691335
81.93267175665315 51.453106220643676
62.74649840970938 49.712245230579995
34.8107495618043 44.18593957393715
85.31186180904515 67.4024752489978
70.61967711460704 86.68985343714336
48.951454187161026 22.02841183373976
65.67612116664061 35.71207933163984
11.969821981399665 5.506061582900967
50.74280525867665 77.839065335357
51.90844370698677 69.15562976674272
81.07902334058068 83.92066653017001
12.734603193809345 90.16859908900436
97.93860723339695 97.29380651573749
14.757384039484212 5.862136806502316
83.25944465229217 31.22726446111259
98.92684166516995 85.22467304014609
14.658064380429758 47.84959591017155
78.46909204138181 58.06303513697637
80.52503726252651 69.71612111996515
97.33917433165595 48.33808154064536
19.830716885151077 48.65249245241954
40.175071021565124 43.677738618471196
21.94018142836247 2.41721135592059
27.877863105361133 88.04079248336198
19.733955769779254 67.86269003199841
86.64919543171898 22.560010466395862
68.25971311238948 54.013656460200934
69.13765773257781 82.46215208644503
68.26849206083119 54.44293590899889
30.799216386097683 6.154878791046214
2.36210843331377 67.60985028830886
35.78878296702585 53.37071317537794
29.841127881904427 50.07478125822475
84.25742569778541 8.92868436314076
17.679177380638134 7.555244809428507
73.02956567052539 77.30146010690517
82.24578937148867 32.48820010093423
4.21370342111651 43.66200269805156
74.43294665296834 84.39494212297942
39.190526159896976 50.56659945631552
8.778127950693682 52.08478027810279
55.049813337356944 62.04704716905658
14.197201555486272 50.139900914044965
93.23936070883431 4.380894135334756
82.72637076683192 33.68392266150957
54.02926854285521 79.15749893910274
91.5157288517477 54.8801027113639
97.70988142030386 86.24218533584231
96.91422942009775 54.04245383816584
24.896871997943215 6.717830513922718
23.601581496178724 13.307817291559477
76.24541327156639 90.30698431163916
19.46033087417307 70.88115050210658
89.25584817339724 47.792639846398544
11.760265417338855 78.97619631689984
72.33150978584766 24.14213010230577
58.61958686296194 14.89299344584689
84.07243131262932 85.81936165614958
77.56937350737472 32.90009105461227
12.790113547780702 83.29334324912637
20.71666354379449 29.5992992851539
49.89567471374245 84.27541160535317
62.04503021921266 42.296734802455795
93.22843477100847 73.72619603413995
82.15337984151014 71.65964071083704
6.9028390533302675 12.22891527443901
43.450271202807954 75.48836338834614
90.83393787831938 63.26090840101657
82.4939027183794 61.77317060042231
2.5785391568937 5.833988633398701
49.341102845818256 67.67068160142477
87.60695751722203 82.85307265778357
97.48541247849441 86.18925634312664
2.830919748908234 20.165735721181722
97.16722560793984 28.753666766521512
91.00167699813753 41.25209478819221
85.00343183990566 34.17822605862546
18.8131230817945 85.6386382167747
0.16658769698654208 45.039080952056196
9.277343629367296 78.64322044367948
43.81245948440606 98.19787964759634
79.17825539871986 72.5228310291332
61.296634879557345 54.23863875990491
34.17219955990169 13.769731912200323
30.080111330233116 87.2130260547434
94.49429920831992 52.522586538557505
96.01803965071079 61.61538489496836
48.23584978538689 69.21493544262141
90.46496207326487 68.54464943334852
46.965368021591125 3.7229239120707414
21.20674740797672 10.077505528378472
15.01004953922247 17.58872969504115
4.463291638808919 48.180816692145086
43.827784603961774 73.7361373202153
31.577173210934852 70.28174309159236
8.8200837640513 66.55686835009051
27.873028009667202 23.430366162282425
75.04564207583826 36.08687311730991
40.916097623402514 89.7625224747976
51.040225509070545 80.02085821724678
91.89748293367781 76.56249894416504
12.575882997343978 74.03253585533056
25.79714135339306 1.3632182245577829
59.63144910620555 91.83228525011178
13.385768336942316 76.61530192311383
22.846262669334184 70.7227825558408
9.060630582564166 29.767965322761025
97.77464603802824 21.88347310255572
25.74523657874699 3.4628070881252526
39.634030184203326 16.65807893800446
85.07400453749145 12.654262674307514
60.1878323468634 72.2161254052462
92.27090948738801 77.83477259953291
64.86943027906335 10.44635454594902
47.29787383573025 48.67838199529102
54.45138360428465 35.61593581812104
33.153353458238534 78.41970801279467
32.158170063845844 85.92945264357195
23.15548708843027 35.490298124662914
97.90682857021945 82.21161671157118
32.43517805372791 93.85294674518121
87.76936968143096 47.55903061760425
79.54034975610156 73.05893765165177
46.17547289256305 13.348948307833087
82.17880191686943 49.0654425743176
53.309981116457706 11.302302053057423
7.698752063087855 61.03469907818449
65.09645831440957 3.9674890992724476
34.04260375757384 21.121803660652617
24.825252642890906 85.77814835003166
72.92226636762831 82.50724696731207
97.96203006150085 17.78750896367942
9.489396230596059 98.6339831839049
63.270631340763494 2.3716717422981537
48.29139560546996 1.4679342299876552
12.07495128805074 58.90069093820944
56.70368180652008 42.83188365479975
24.625072810969662 85.46529998345565
26.360064242060588 14.13390664976375
63.64456799366496 70.50771550477309
4.325676784785926 47.341219154451444
84.9871072597147 43.2920472302331
36.030386321060035 96.1172687764439
80.33450981218837 84.87401241342643
6.918841836936895 56.698651559123924
48.43131392016122 50.636154339772666
19.321277326841457 17.216286917138458
33.23660624153042 74.37451796497064
22.870868397997434 19.820488031366246
22.554986321750814 80.78904003603495
66.34803927240172 22.747917339608748
54.06024014322443 11.401376602102209
13.707140976114363 64.76682559195477
73.36518896567263 56.000753095404306
64.09532077246283 25.660814468647896
59.614395425571054 85.5257104616519
57.019963963517405 5.43766913073136
6.218819160542743 81.15542295306896
62.2486038540736 78.93263248863667
97.97134970646741 99.20010478803279
48.58237170364714 99.75053803647364
72.13175867571226 1.0323804593880936
67.62648240891602 48.31686423177324
98.34886920295656 55.19169820474899
46.19856577996357 44.39610230179702
0.9011832386203844 92.97780845588109
2.075806443637318 82.80428951745293
7.335852385020947 10.86953331050793
66.66706017575488 41.27191967696411
14.000286397304617 36.805620798536665
99.92697171712399 62.339422669262625
62.4284923730539 15.908747264170886
17.372383437973205 27.31229120317462
53.62911984926959 78.13259774274088
85.85614550644578 26.993122273267446
81.57336628243692 55.736993371301025
85.2031410736664 76.0123836064219
92.15674138493594 4.921856637279154
65.28890959190238 72.3500106294887
60.45601807084411 85.09871039185984
33.13656328494521 5.423719236354452
91.22980128905023 6.6368227042413075
89.80519964494525 21.130434466277226
49.78778472583525 22.36151410438998
14.943016397810215 92.59899370815812
18.939197372222605 33.38582549808373
63.63309904734822 43.68563020822869
6.099464283873202 49.06690531249858
0.20384421520305285 3.533858031816073
41.836538747481434 55.60273998482794
26.25067435383157 78.29629654059345
10.62287890375826 7.920919898767931
54.002947390306886 55.267591791682904
9.415538410516211 84.90818007914609
72.04871967008822 40.232832773095154
53.53454959335275 34.55808528319126
19.83979769912143 35.76295232442413
41.219498655502186 31.753294300909406
71.0467943366408 41.36897698425892
45.36223770482246 27.492943414899894
62.00958209602698 95.4213771456025
37.022616608107214 3.6062754346606107
12.586626554426905 70.91856218902979
40.07661012030219 3.5834851729148465
41.908978520429855 81.05492684415924
17.089649680460273 86.81013921002538
81.8244042072171 84.22432645551493
46.90613365118202 40.647479413186446
72.28797938124012 1.3268488763494624
60.50402176284726 61.90126191873997
49.66027340397628 79.16888323847056
92.95193513368451 50.67455850548852
82.74740931808302 50.783615934506045
54.07969782221964 28.67700057221412
42.34597777746085 38.69320936020717
13.410691195521807 33.25247504059161
34.36823681923793 97.73317764454082
44.866288972993765 75.93907544916246
60.59119698338431 5.824885317133566
48.53683578413075 21.996695820449585
75.93644508444032 73.26604195294057
52.41325272289914 84.46036755933422
85.17017911522389 40.99692457062527
6.69144298030373 59.470449222027575
94.35630389570287 56.46030142237941
29.666083921107678 51.834547177252176
29.67940882830975 20.300059255869172
4.117899971339201 92.95363928730747
52.03641536930221 54.75394626821484
54.64614625162738 29.045818633274934
26.955781765043028 68.60615365171998
28.95675869297971 11.13604377765014
28.27656349477099 30.954206225688008
99.32991221780976 77.12649191699168
56.420853832300196 96.60873655548234
22.577968466437536 98.56371329385789
29.51690822241211 74.39391609196322
65.87260969707461 8.203376341775392
77.38918161968722 99.51299200893327
17.201111341626607 67.9590337887661
42.75028562022385 79.57716508880198
75.68521455829627 9.692932515712972
85.15966558700569 24.3354264963042
26.24311571190361 86.56096504297777
19.5885662433557 12.477805068081672
34.424444555174524 29.319483793135916
72.10721851413959 3.9949059739879056
59.56672367406413 81.72164401762578
24.284038855319935 17.27788696754522
92.3012980209958 92.4179217716505
96.85301689871358 65.12718943568179
64.38146778733838 3.949786385793286
86.80797619959834 44.33306877663974
45.805883336585104 9.630323728522615
27.81465322417882 5.956094959518188
7.331082332272798 25.5334575440906
40.35593401032793 31.536709593374557
65.89109957646835 38.501164897004216
67.89299234229979 20.429067140376755
74.10784400149153 36.516472830617985
78.2309275412705 62.13217763429311
16.081251921192695 95.15037858617545
58.81099632197812 14.01558008892101
5.978554161375094 79.45927160007871
93.18247309269915 81.60366189796
85.35432940718599 13.071575571621196
57.44223901768424 33.96634439765176
49.60029702355617 37.48486670242484
94.66598444157192 90.48161454595736
45.339661456246574 27.51581716102416
12.07482276171068 25.06672354091435
51.773771310135075 92.37035917697352
17.63374567510634 48.16535419871797
90.50382866666801 8.644737097935828
81.45680768631856 22.56748810366853
75.83069641599802 20.216323920539914
78.46700753950967 96.25215815741109
7.312124608782766 3.354606158243789
29.355136192540797 58.477075620962495
30.640507132799044 74.11998874862698
93.08029771092707 22.49502781846504
71.65848610943621 76.3937088390293
0.663920175693189 53.732072627144504
35.71829220596712 95.38757176486018
91.1877996098943 28.816971902193835
89.329941601877 14.252946596064998
65.34706997020629 70.73565741892773
68.43338434594865 6.84523037455973
16.58741624316975 29.110580572383892
75.42815579444546 58.77466574985946
78.22186656393286 26.626386773924636
73.55308993748501 41.36768615046598
45.55397495646631 15.465112558697891
34.70266501448569 3.697993216363904
70.28860318195076 10.288585344289292
72.15002096560481 63.98396481700577
68.91674841322511 56.05887428656431
65.96979969465183 99.22682860286942
16.846427876034763 70.2529769409924
75.31862939308567 1.8212025243337981
41.3967581642084 33.01924449865399
40.973949066380655 72.28154376848354
75.3494437821954 6.961612638735004
50.42726998120539 11.215642903148137
62.03382015327266 93.4852550487213
2.516205459582932 40.59045750581702
93.52602787150299 79.16669294635865
45.61923988876406 11.9745690190592
3.6602921935802613 28.89298496353623
28.022449593183453 21.40886054060749
51.31095898521505 94.27034926831533
31.039022183180776 30.552327144819103
51.69166293529428 9.552406405070514
32.64874254394314 97.49136288441267
8.62872811391937 84.44812618339712
1.4777693380648715 63.588102565434276
52.07006856666527 63.5507018066253
19.33256104975223 49.31704921593105
44.31191209834535 93.85863012564337
48.92308453418555 94.15369725887788
86.92454176519524 26.603646888451472
13.368115022197614 7.897325615062956
67.15214524399995 54.209255545203064
42.03733857858658 14.778863909402506
35.315502217651115 29.684991482414567
62.73887277976089 25.272205050238526
58.89524049507517 19.360547994208478
63.06199545446414 3.5980071819408543
89.99891749039995 5.507461648664758
58.331551274795814 0.861263302050852
68.30418323309189 49.86496418158693
75.38846446290033 26.24575446628605
16.80338530217469 56.80089791350422
91.84603341892783 10.649185343413524
20.345491640610813 50.64206934498283
13.879217716573056 5.816133022417858
90.20040562764255 98.76882740234552
19.974518781629435 28.706540741891786
2.8085296676313654 62.9432147163697
52.88027918336311 89.41906642660715
86.77020547742826 1.9714765846639892
97.29964723995886 7.07427502279101
64.86167684582023 5.058917901102533
86.97546789935411 91.80338976531222
80.30304354321717 56.766701019701074
6.480704371897805 74.38200405620086
97.27129120063664 80.10948273075525
66.26263086342293 56.26124695927124
29.793587887046712 42.6645847525053
19.32517749689724 71.19686370162417
36.07338003924394 18.126185291786356
87.74818690396762 8.98933208319952
95.98788025166883 30.50571999157281
68.30124223931726 42.393676212614515
73.12879290128306 28.234648237622228
3.0284113861793527 37.8133176675572
8.433716190401075 76.26399856805594
1.8780481105633795 27.455641289603292
53.1162284880982 92.11129013032662
99.52877107700604 64.84694016092863
63.33764090312006 63.3412032448067
16.771296027061577 63.61579404114779
10.1700592030316 99.3881349638241
13.93505471293508 2.5637443026852225
92.70962947599043 81.09045680495441
84.91434467147461 72.40255315442681
50.46206621506493 76.66560497042376
16.767433827612255 69.07403139157624
86.03500593522786 81.5201608698747
39.877008201928966 37.48074903197889
72.99334772283486 81.69766890287397
88.85936514360044 73.86294860221783
26.391807557918412 68.93171480594935
45.1379692557139 66.34191885896476
11.770139252283807 21.237629749131592
71.7540864446385 43.76633396437393
6.209479350642533 14.667089487679984
17.853809082408123 24.089378094795855
96.85160420458018 16.884402439246426
18.86768041088862 27.672765242113506
15.714503238624777 40.27565057976683
19.883715231783516 93.42013484566533
66.44293174737228 22.55554094894203
39.114177047853225 63.55357830067989
74.50330071646209 85.73406115097771
41.480014178157745 80.26195537748093
56.53190573346119 96.54053122403809
85.34687304221913 57.74365349413073
24.137928006511867 19.930992380101344
58.70771424486221 53.72842889757994
99.21705919548643 28.638021026161997
40.678166280965144 10.332566063449566
72.646764523192 9.363889414873894
71.80827090453188 57.01056527792989
67.37532621054416 18.087928184077718
0.2976612679757462 21.411675089488426
14.652017244775916 76.94744850383309
59.14010007039181 7.294755047053925
18.406672167365244 75.32509268089038
43.76063914869892 69.00979217755705
87.13598152205306 87.81228437841999
55.987359914040645 30.913287372471522
49.3723812242576 19.377786766722306
92.77301857281086 95.19454130996678
70.92224150170006 89.89013495831499
77.77546834381039 41.00154543340675
35.489388389421215 79.89982264138465
23.657702712497407 46.472494661665074
13.847613831089411 87.37909234343024
35.177425822824546 39.07251277855597
98.872641421915 80.89484902498097
57.37856124275926 65.73848845611352
42.27081092531033 60.41576704770159
26.381203530088705 96.858793124123
59.78075427453551 78.59719371174216
14.89759429883839 66.71837313900339
63.7861316949806 68.37969063638492
9.916817185983117 11.9126513526715
43.30744501291852 36.655397592880966
43.306422239791395 25.883699067654973
43.210641721548825 45.20472496660302
8.664579463088074 34.83289295130134
8.604258191751546 53.730363525061975
23.103051177143797 84.21055740456325
28.766160838008624 47.870834778084955
33.42271726318451 86.0891005058402
84.33524307507885 77.97422342870458
3.925089640610091 14.22882703859285
66.18018662801953 14.736343021362487
78.62873180357985 95.77867292176833
34.63296844958204 68.251766743214
28.078637536532902 81.12128520532342
41.40746279339061 29.540883512888925
88.76652707687582 1.0054002081439029
6.940484533471647 67.16743326340413
24.23030871529326 47.860725122628224
23.833718643511915 40.03854602215156
75.69261033237764 68.73425186900641
44.252063104799475 0.542301843611015
85.54970983915074 39.78470693262315
57.966094040272374 87.416452593357
74.13847938546844 47.59527431027468
37.73559551339596 4.853466155529262
27.341404173592075 23.92333463503855
23.117924244851153 58.68498757471667
93.38302040430627 13.538770128659205
43.5970988679524 63.43917508672505
12.567283533112539 29.48176886539644
96.42973438026037 86.30546797011336
20.02653527262965 93.9664074837247
89.96996263973853 61.348591343501326
30.32234535296856 67.46497002304004
59.18777222586766 13.57661662785683
48.10345362608206 19.888094035047345
85.8951571830258 29.73045958831497
35.80332196786142 61.628304291820115
30.02452299102314 65.01215691741702
69.92756422493314 22.98222269431236
86.93177800664374 34.19267881548977
30.95547226919355 17.714133050669446
23.086835997785627 92.60683804913805
30.465660097054005 29.653115544734643
80.81286853190512 41.32197473641388
62.10897684491603 55.2371975347689
58.367506826229665 69.26635033306403
68.05010290988793 17.990285981526434
43.86904142026229 59.57364734779833
69.5744227697263 61.31143862140769
10.815163123502813 19.522918812735025
24.77385777750447 69.44426058976636
22.084300325612016 3.1162181576899206
33.311256793214625 26.255076132043452
8.985138396724079 42.048522320156145
75.55944169384132 59.79169306935095
16.56713850451299 1.9153946765610552
11.008434068090601 49.232719888752015
91.4842002869874 25.004748142482814
77.86609620087894 37.74041328581659
3.149816760695656 81.67991217020601
85.96053565391455 92.83907137098294
58.52065633191541 95.04691583461653
21.29778020802906 43.000282584180404
58.26593750806346 13.333596191098817
3.0030494267983876 63.94347862013237
61.993562268516136 79.4457426857272
72.70787905002926 30.97853464089266
55.852427843891086 45.91803061267807
67.25462070576778 9.665749120509904
5.508156023763355 86.25319170970558
71.86468711876263 92.6720064297915
98.74406769866995 33.7181973658371
33.78882599893396 52.550065270489114
66.72590128237603 69.26715937041008
6.808122940693062 18.17571057815346
25.911007922755292 63.02834360060932
94.85309332846916 45.50360309444687
47.703148230437286 47.5851619701765
14.597264413897904 19.218181192509842
13.035553184790682 83.75870593866883
68.68663649993411 89.97337660729326
62.85842205242873 48.44879427200483
79.60975529608602 12.085940931741423
71.05904780851155 66.31395421110436
13.855546553086429 4.470015274821271
26.890624339346793 82.13822500055858
62.95828847175986 60.22316358349104
65.62750119445435 5.745827789951963
7.311041039813881 81.21709045797552
53.92166976060076 80.30641457449863
92.53255951392467 13.385460561468033
91.41450976412841 22.153744419141596
34.6024108042337 71.9371400713105
27.976233636654356 13.350869657475117
25.42088574920065 24.91920481372063
3.306825550200454 38.61626111818002
73.2111006556345 80.65071690609487
52.43218744701594 56.48476275563388
94.82710199411703 33.11042317356969
58.63089945578548 61.22518893216882
48.03668442901545 91.16575117768213
62.53054753303368 74.12002218105135
68.4521826463123 81.53679902854023
32.61556899959315 78.39488907806123
23.85388033995661 92.41885458876722
5.180759427920556 29.078869678413554
39.7411476292574 57.554050543422974
77.29430311219241 73.44259122357788
90.12865800435344 3.7669238167989505
10.360639162780117 48.29595329669345
67.54101713787084 67.28981948640286
79.16631775526935 66.67372115175824
32.751183174408794 30.231335824326024
68.70042147583749 43.18441223772558
38.66592413084457 65.13054754132261
90.5139832941463 67.13505846088084
12.13344730080188 34.28893038138765
19.9289608584037 60.635146632352345
82.65130267710904 55.362581577811795
23.68918975159 18.579816918267113
22.1353264117524 14.839054632488068
36.271251594807 62.00825985937735
11.805278362193206 43.29385738631717
1.305713850163115 50.443294125019136
7.743666545542727 60.759396385502654
62.49228972880982 65.96262857696003
21.240315534051724 40.37952653307042
77.27643422310942 17.62804498562982
63.558865270194985 99.93639678866356
83.9709636605133 87.25399306023385
58.53899003482725 25.621956059587127
8.695787316641045 40.69576795030145
19.68570368365001 0.9651751333438652
98.77633417496176 20.110794314848633
85.4859851434036 44.339123294100126
32.15168875331147 71.40700317895816
7.830164118002325 33.433543593194926
6.608358934301939 77.36611450228645
23.60495836436367 68.60192805071044
6.166059189305906 86.1448151850119
84.87755405149693 45.67108413264685
73.29449096564147 82.17679693670432
71.6159219542347 17.493205652327994
82.02361559192921 11.01148351794552
63.30993645312959 11.850104615527313
3.6914690059835165 22.94209329777106
66.57425092979206 90.7764180302737
44.103331010156175 19.223529471299038
74.18812414047771 23.012373466310553
2.7135363071586927 76.84923429605736
44.808300870741505 75.94793540139963
71.33971345621937 88.09860724807773
23.276684860401065 66.97764255634931
41.428826377494346 56.25397839031934
84.04975612236876 65.92492626982198
21.13378279380298 68.74440940766897
29.1361490296423 4.471072772020701
46.076661740564106 24.51949859380158
53.00948802206611 69.15103990968967
26.794669662482562 75.42210115915768
74.74969384493464 59.39610690059989
18.980120658234533 52.53211778518456
52.41611237656978 67.38867804997423
10.279974172045447 63.181391006571516
82.15935803761447 57.35449183117771
63.515871600763376 42.395162525795584
95.54517917399579 44.16115587673477
89.2086054295682 66.04129419920135
77.19148226899624 94.34942032541007
65.88524216153961 50.73957600462795
50.99771810021536 33.26418101208149
61.86243630632722 52.74657214044716
83.32642172170685 50.64321212743339
95.78051100146743 43.09584223384433
26.573632793031642 1.6500320154341663
5.782078164835025 12.979181523229165
68.24680087545487 20.793763132640585
60.095530925999 96.28089951081635
49.70273836822787 47.130953998892
31.604478512392674 3.3906765096357594
47.420471548124475 88.28226323568423
96.15164987915313 32.018014861927526
67.06219518204968 98.05379611581108
70.12929061274092 3.0927142887666736
81.11488856942779 19.016189438884858
44.65053180469714 37.431205336958875
25.018751585609024 92.99456367935524
1.1732434582993667 92.91184325805845
33.816552744615905 88.72592632721765
55.446941278078874 52.66982857373541
97.93966260838785 43.982451354550655
63.177221310191925 22.571631316506725
98.6913920412876 37.71031310110651
67.66975164031686 1.6575116797133749
96.0068362687533 96.26947983154828
60.68043460156789 65.89040881424806
71.123564916484 24.120872462284517
42.40540914892019 15.165354234430284
70.15337713869334 62.20121971661601
94.56476310364663 73.15609202004975
68.81089943730878 94.18051680857815
38.29765558999221 59.823172328147045
22.66259811333322 37.533861382579815
80.28157679808463 23.591428533756154
61.440076594628465 87.15166644113101
91.07009354463844 34.86098182670534
91.0380096610826 21.519097677112597
80.84054827160638 2.512052043312818
34.175050250889846 48.27409527987074
29.992971685587055 19.258607754805258
22.18820919778308 37.04262044759032
57.187990147533775 70.98490637015871
26.08356576279336 16.45308636095255
78.579421402013 81.84282731423009
23.588116776816225 58.12925830342739
36.679771010134175 42.9262021485816
2.538259309366242 40.46430027430601
33.688098510637275 61.685255521714176
27.69912514553625 52.97042248533852
23.985830412123676 71.71729247626062
78.13312754477084 14.178471594601195
81.4723351442671 0.7926945736871582
55.63293545834114 57.46114148860304
20.885824957136844 58.046980351943844
