510
1 3
89.21514357458969 48.25870074907193
47.63041911875656 81.03235610958146
32.46531315851306 88.21045671118037
82.42510962764169 73.04924605385814
15.304589493630893 96.99132193421052
57.61613953534794 74.47406217466461
45.9825952839404 5.960882504637421
59.518398960265 79.98133048879619
38.08233429798764 63.3185896297092
83.20829927738723 55.88162956087008
53.96552064992917 77.77008550089089
95.72722661010167 14.61646152591063
13.90089057769135 61.39097177099468
79.82529239002811 29.92149027975348
97.70385075968962 80.70997622125216
34.24847506570925 56.867049289357084
68.95512059128832 0.22511980621133798
28.347521085041507 73.96142078902854
16.07641682015144 9.475581894593477
41.52611881686088 90.36141199920407
95.52976670180601 73.58328079614668
48.62466016098892 60.559177386040396
29.752088462438863 40.251611061762624
13.81743942976219 72.0592110633892
68.16736649064867 50.06514888826141
53.8743362326549 36.840708182403304
19.28578911619727 28.26456910307651
46.27896632214821 34.315002508858704
31.897199190982285 53.94663960221997
44.01371389359168 13.582774128303354
9.422753475281809 14.918129628723653
25.06921468276724 86.89276817820108
18.846039218510757 64.9258148399831
42.54504494685549 76.61462295056371
36.102093130900315 26.68898605739156
23.74299996272118 96.24316140104364
85.05876234172396 90.35752745165566
66.58625896314558 64.91285263084872
56.74700975614009 47.97584759585687
42.74865088471065 45.60056878987857
94.43983438652572 70.02725198578577
22.118348456177838 3.98544546184465
2.0698295842377146 45.12318034784575
65.75100081978998 98.27757555015116
11.527498611225973 53.4451454502268
57.59121343556111 39.46278525879894
80.89299997078929 43.26104669001383
95.9112322887871 42.65072808424642
12.147874370618105 28.070018711070666
13.601226365385433 18.60590490420162
56.40893090857473 94.33446582463804
55.13093628072985 82.441957178714
13.6422994513262 65.70852267583899
31.479576229604355 79.19717562270638
26.94913817762037 67.1362631364642
47.5113207254273 93.58942913217987
50.70246858214935 81.30258356603647
60.488867520292764 7.324168131552766
15.074583698614052 23.674313212055374
18.40070735601762 25.322691410458333
57.71551902631622 94.65244544227424
62.04074548756322 34.192432992692815
42.98267903908426 73.32887079821018
72.1741092313469 27.08092049423694
48.6774284763674 22.050361704649912
12.061991790823301 21.636993653431524
65.80765151119023 86.12200889016022
41.547760425288224 47.46099088232316
45.77270651286875 45.22999461361306
80.88033234765052 88.94815696695638
36.32877203887619 89.81089708655747
46.046464040155286 28.22720610058338
29.63629208264351 9.619513607537279
57.25074652945488 2.7554673038070243
17.043504030918456 56.2381051932743
75.50102432717061 31.93955375185624
37.36526448530921 20.01440741345377
24.45708485834841 1.2992373310168448
68.35636205621472 55.07388471075343
28.511937154798204 84.64593713794142
42.7041623953655 31.58991385439991
85.25978405235355 7.567184934698323
85.20939103763459 17.11996398936344
60.971173196217585 69.80808488040653
22.1791930905602 43.483437079693886
30.067656466695315 46.471096194749116
47.330748987722245 55.2583925663884
81.24508252731574 28.694601764363846
71.62859793420853 87.58034135974913
1.3801009848015688 54.415915925971746
96.9893765520089 33.784204739305125
81.86420066741023 33.95615967206247
49.4729155962536 34.935732024336886
74.32844281936212 92.33360136930632
5.284616471671888 61.92307112614262
29.797679155365554 98.73901191868764
48.149098416741 15.851476749515946
4.545259000836732 27.75278212789609
30.62861777962036 4.954923937215194
11.474232531391992 94.90510753309005
25.500090685706155 25.273497794817867
76.54695957868903 64.37860847188077
55.53710716274105 84.58916987244673
83.65269112394881 83.67821369456392
64.00579389549064 68.18109189756181
95.25436118152291 39.668816187070234
27.74511005580955 93.86330212240892
36.46879886840235 24.824074423730757
96.60740089311727 6.008089507112113
84.0172587504141 91.96017792958415
8.584322583793913 73.04136769134098
85.88357579904438 86.27022559680604
76.94170275467587 93.58866382949509
6.378929510397224 19.114877481965053
28.705531338910806 69.3606699807704
79.0957167848424 58.24002854605423
67.87454745594658 45.05144226708957
35.208229894069135 93.04520213350239
60.50883786050161 12.706388137690382
33.21673382093571 72.1255048410547
73.05250414170537 97.41359375255621
79.83801841359374 93.55159365595122
80.62787082570921 36.52797101382546
48.49349940792762 51.793485872768244
23.81389231391402 62.593414159104555
79.53534002393256 69.5947660477353
82.17180490743388 98.43609552719819
31.16580407190057 29.98328413724898
22.846790278282647 63.56829552491179
99.48268434115195 35.297917624240085
47.95507374112482 3.751943882686448
74.89321807311664 72.85682889494743
28.050683022158474 1.577784063315013
61.93628173321149 86.61738943422057
21.148155233587907 41.50498517914247
55.60872495715057 52.44199953975648
58.17223759090873 22.463531763099542
34.44856728019996 23.983860410308843
68.84756699424935 71.66272162061568
9.837161166103314 84.57460023836963
15.268274432143736 2.4469072667163694
82.30136966059321 49.588197803204935
35.20853276993354 98.89586147900368
8.139278910521309 48.61559759452725
76.42073893569562 57.95829291267744
37.631785466512156 65.46651471160676
17.434725670457407 31.30912551463163
80.9027726167531 61.98693073003439
53.017857943796834 77.85619463476563
1.3950010097152354 82.42071275183002
30.494253773498258 60.59493440923682
15.859798499973387 1.0982381903542615
39.63471270868582 78.35403908439314
5.635259179195429 41.97638724999613
77.48566340566913 83.5518314559829
99.41409310931675 29.63556563384806
58.69444820789522 3.6104570510203438
82.30635234873476 40.08662406449051
99.51744361948762 13.42987829448321
98.47878452519471 34.69224199132681
10.464869226593443 82.02901279435588
55.9889843398947 4.564017383804186
24.35868840431079 64.24454065854148
64.53770654429208 65.48019681243473
44.154857815944105 90.66030674498593
9.08647011623669 46.20562064384581
1.2154416481222619 37.64887908140295
38.34263657928156 49.28657718359681
19.84626835571035 84.72092243011369
52.27147116822657 11.509218629635342
83.29630855005252 2.40076298847971
90.50003148163988 58.1834512077791
80.89933491991317 37.066545663654615
61.14778693903538 48.28028859149314
75.87915054757329 14.71168735018924
29.870164082728824 15.017458103202674
38.62168786533297 96.19753897018543
41.47304649727832 1.6379625322643143
51.60450944771464 68.02314137779138
16.027128021400785 67.78179324485323
70.18778163976759 84.98557458311736
10.543887090801318 62.70943515280199
28.526207565764118 83.17056887465306
62.31816145493971 95.7659538043772
44.436707249336195 36.32488212275693
52.88410764531874 46.40312341681825
87.50197547172989 84.53063169712107
26.95540714915459 88.25484332805699
95.30159801376679 52.34096552001988
5.775270470050842 14.695030031434797
63.02750518054454 4.704053917266071
68.22360162234251 20.704687891026175
76.75315580935072 80.08418977151115
73.60436032072835 91.11465722699408
2.0036023679881554 7.905051492992832
95.34277600801042 57.61605519216519
79.53526589845438 18.892258525990236
16.45328694107291 27.686819325094405
77.74209264140015 78.10791634055194
37.392352577474 72.44466460991465
4.250610544128475 68.47794404897888
29.108363006311077 26.48887352351288
34.30418192451972 83.35164168418478
21.59576685850839 53.124749110191026
83.66134281629911 18.958936545445717
82.48238063643096 94.13995061853461
47.926540855716596 24.219300787984686
10.397190050013517 27.257368384524973
18.522524838298125 56.26694393548248
20.764450667701073 19.17514535193994
41.604316073763734 83.89168214269745
28.223544472973217 69.55287662390639
14.402024169024873 76.18451377115282
49.0376191265596 91.06829563532489
75.70629490759804 10.02324735185689
37.48491858452796 66.07645361872751
56.94365057800867 62.73535819071219
29.398197332143283 75.01201758541802
24.98128629741865 21.533023947040554
2.735317330156861 20.220703852518305
57.53556258584975 65.42884775039583
5.811618767463145 70.45952493304017
11.156948150697165 6.139629774290967
78.01116605328204 62.88780300969419
81.66301182356412 2.4221505119703446
47.166781948850826 24.895780286426582
55.96279713475318 4.1385959660345195
45.509691908213654 8.636412647800329
79.01632005351655 7.543178831697417
44.80138432235723 18.52148641670881
26.812317844016697 89.2144176520258
5.668436654716302 48.24917110624804
53.052762506668415 96.83359604063415
30.25819008645847 42.56158661642857
68.89789872901089 49.1503343746013
98.0819693822208 64.78745736623533
36.98722288351033 51.364033758941716
47.94055221137887 21.259303916942017
82.35285803477626 95.69268752031152
95.22766285525532 29.25761452155571
35.36650402029786 14.994232989145463
25.50143393091544 6.748672868576788
29.512737179276115 15.865714048237
72.86616732054102 29.268106796408254
55.47805135269748 47.89302271204754
43.55133694553388 27.211644195691044
25.777302429006156 87.76983044784824
75.75368411031951 15.155609381182988
92.40986776121936 22.13423994769217
60.14322724060796 83.24939878508289
13.210869189926221 33.791195678366506
90.57331870744217 57.20008734205493
62.589760657028215 34.1996068363124
68.56023561239788 69.58147301583304
82.22874714082292 24.265869961902187
21.542563919363555 78.84452453342301
1.507283925836722 81.75790255532766
21.99998889373782 45.314829413481064
90.58594215764562 16.658772568321154
42.27350408062816 73.53785682636686
97.77359370447442 27.966774558854635
87.20707328846046 55.56105292788263
18.954967774515087 60.89040152323339
73.23650438638619 23.009435659656763
9.906628164025477 70.82401628100665
65.16607985202951 22.769224608185045
90.66948885634002 99.78460214608154
28.86681852641719 44.77554876683316
45.06634074595397 56.33820379490584
92.78471855392164 15.722628105489655
92.67183441922143 42.668742827536185
7.954883596426221 81.24913989933566
21.376256336752085 61.158484621495404
82.52707552173885 85.75205228266987
65.58608565242872 24.490516982444888
69.01145380200322 46.30697499588792
61.61306296266091 5.145840956787184
31.996579255455938 20.851578719263266
98.18300604929871 51.35423068559126
94.41944041555399 16.20545921880168
29.553496643737233 0.9160580478046132
59.21201103523417 76.85457504406286
17.634582465230174 34.89443439446451
31.789789666922985 37.16783701312758
60.81640022219641 26.033294858134237
46.989387367246934 97.13348965007451
62.50209315119128 52.436244476574224
0.005808183627853403 31.228386307683053
13.80096733057281 63.19725650501804
7.606477133161915 14.210704776464533
69.41409548292106 90.04646044209488
28.924722175458296 44.846284799205606
57.653185847838806 10.095042231683093
31.71735568188312 96.85525080090176
92.7758243929884 97.59290498424822
34.913278173797835 57.2022157269114
88.99108099108975 59.80562835947103
19.381633735227787 38.92193416987306
18.66168045384855 11.650809883735302
98.25471544855785 79.15253762013363
77.53450686649623 82.06189347469804
4.946330113490061 60.07102550322203
44.05813251708375 84.92443790350895
86.7072149140534 95.3262186566459
66.69459234335567 2.634761651979911
82.48511590833157 50.1626913155395
46.911070939394214 84.59056646843761
42.47748067048516 72.9686661540718
3.385709862602715 11.40738352645072
39.507931548376774 80.07970314128588
42.17127599707264 7.725792667844966
45.14737157617987 50.461592467128554
50.260720606541476 64.71747566678488
88.17006470316211 27.54198905165839
7.052509610087032 37.96282055165114
98.66497467402982 37.16628778342124
89.69789523166216 63.499463928808474
79.04886577563535 49.84528876643748
49.80677987563122 3.6935962702272285
57.07088362790018 75.94457402627293
22.21069368687918 92.33071493914255
79.10653535803685 57.08083160631088
28.65371905156824 20.470138976466345
15.620360704420966 72.4798069225923
23.430968557077314 12.872254812477845
56.163250172060806 16.762310547244486
4.15553016113317 42.85320190626245
5.773948039247001 16.22367538310574
6.56128609035076 9.299661508397538
63.762071127698825 56.507603323342394
90.05113065505752 36.13522264687341
37.640436519102934 10.553369702537175
25.66895791351136 99.0619361544701
47.096910745417176 26.674118808445748
58.73229656162204 68.40776834168018
20.064950237104195 50.53647046540899
79.18315947681675 84.7735922046996
69.65860317614086 44.87797527647537
12.305005735961739 73.55687995651105
34.01706529777011 59.986452792841604
92.69346861147862 64.47107395964085
71.46941689430544 87.88957663010675
18.051008668751667 87.18297065168588
46.17688658122914 39.67617011393432
6.686581877398701 87.64339117596118
10.394018060059619 99.3148290919739
14.292355276321445 52.817695030260836
81.73037689827456 10.05760514674028
21.54156549916504 75.49223799943819
3.1782913714982985 69.91182168318724
25.001702788151057 94.03370740535222
23.520172227995474 54.07470160170256
16.808145308160793 2.6610571350335954
16.573259835124432 17.79673583369965
96.13531542493394 89.59643088722432
48.998051963527864 75.4786475339082
29.953728990471173 97.9561356035684
38.20994283317365 46.33208840980685
68.65569376561247 25.6151433855035
3.655810474051835 36.570689138765
24.39574097687325 45.869594376915266
59.47271478594143 81.06340803770462
66.38208872770257 68.84637479599354
28.554979517259248 3.0491733120050712
35.209181379401386 45.33404824588365
83.73509572771809 5.388222944641896
48.3209300006586 76.64236679979832
29.583585341417027 0.33734187758429623
35.80069371384687 88.19056708002128
39.76368677338036 30.592749380017104
10.666036000389356 58.02563342731386
79.26188244891375 59.461607456124966
26.364259304606907 64.76392677317031
96.59613733291938 66.60568224536061
75.4332822416347 95.2170832429464
45.94950991176277 11.524054516078008
58.85482979643817 32.17527009401246
79.15931275432371 18.159868168929073
7.72561137456016 96.16626214787276
61.927475162622336 84.62411654172382
63.1718985568652 44.61102127439987
76.1096262704958 93.83136979271083
60.56277583984937 21.5840864391174
30.85191893963819 49.97032278404039
43.258237297473066 36.73390626375739
80.1986019768134 48.47558861040619
61.857838174790224 7.817551597945127
82.87888408673145 52.33488836829674
84.7452965579865 20.02489015461897
88.7924867091411 12.498951810224511
41.08766985354999 41.6715925076627
69.95909842717063 37.72866235784769
26.346185528566245 66.83674019589483
12.022772191967391 53.279609713027384
90.86501960269162 38.53961551350247
83.81455827866715 12.882044755020129
11.07210520431645 95.19834855859833
2.1919170498509333 58.626181554640496
4.511156624745349 5.002210202165358
83.29907448506614 72.12422076785717
45.3617561231314 15.532726779946216
2.806663480523963 60.453138285473294
73.68116930776016 44.07627531151957
1.0945356314688848 36.60719773641357
18.35281284288537 31.951547575627327
44.64694231871682 0.6224165619273192
6.678835070534728 10.149692200891947
39.0799013770537 28.735601996624858
91.73140402574593 37.473035734455195
59.99553367618917 12.334198482314939
64.56028484653345 39.91270819073884
2.6059990332064853 32.9261776985083
30.51757108848858 27.451714502471347
19.3597388806249 51.24040764173587
4.327573920267502 74.72447568614642
82.6775522828668 41.088859421496096
79.4274354795578 97.92888417492311
16.270305473057235 58.132620513053254
8.69338720187236 69.93199499955018
31.329984628269237 27.270878777141803
25.114973824580346 63.20385434333493
84.09014026560193 41.1242125510201
73.82434148474171 96.93451356889562
70.62386134406786 64.9800649403407
25.732135091598774 23.663839160165633
70.40811185686297 26.419333862606198
69.40131128587758 36.50580208789218
52.15581975150396 86.30183118960724
10.493104311048175 88.42537831012056
81.32648630870953 30.957827997833153
84.00713363019274 80.54304330070248
73.29567632729619 44.24243489733621
43.77324284864397 49.027736651113216
66.57676461217916 91.99722706460636
30.19250251810448 56.08270445089576
49.32169028243094 13.528059228893774
74.66806527090935 1.9184568172380567
81.10220940187392 3.8625482142655043
74.41357712612486 22.177923177788706
25.073253371815916 13.990164457807763
41.1600058943858 97.60451468534282
77.00776912558803 53.98124964410125
9.971965313691044 13.17056646635728
31.135386277139542 6.50942949799953
24.507141198873583 57.167069762778326
17.76247222661882 67.29490076593947
60.5105846216057 35.35893909291625
94.45523094377579 18.16503770544189
28.10211655912216 28.0118965778819
9.965733899606 2.6975537887537593
17.21575724956834 38.74257547253477
13.345040694502973 41.04509846827553
70.73436632872952 48.153632187127535
65.90186643222968 80.76048318795233
68.7261035098469 90.2546676457944
4.264559313003091 73.45330981290313
1.834491436091601 31.357653317142066
69.9151105953441 21.521048751635718
58.590334329976315 29.674603665986442
4.859480606388189 69.63002072068085
84.84347342925109 50.0505180146533
25.02767639988126 32.77347063736731
37.791719043085116 98.09377093314819
67.1267283693179 96.02488961406648
70.09142709449374 39.902957441590004
75.9669447868373 92.60229295636499
79.11169384100747 42.53629795066078
79.38413600697788 65.74816661685657
75.29838114048731 44.8633611163481
63.536174764329175 54.99889700284224
88.5801287734405 31.998045602584526
91.57212428832162 21.610860885739136
82.6113168520062 23.379199073257695
58.749887829319405 95.20538167450229
22.378337818658522 28.30204428819645
32.31830101567048 87.44470954967241
88.19874083414628 76.10459971923282
41.627218427255364 34.87265139485669
56.213072027644785 93.89794890803707
3.5154292500841677 89.88545553966156
12.17777534106439 79.88165847125535
37.36925796887949 38.89858073776331
23.27049807694772 55.6549276268055
58.539495458036406 16.572990670468624
19.871741796038876 29.824574961671058
47.7330013021015 38.57952696481093
27.011686176423886 62.13849205660394
91.99801044835532 96.08206222845925
64.04094854669866 38.96237721567124
91.50878598566688 8.479769965603513
68.86111584436117 45.180083171979746
76.90118171239249 74.15063535349682
37.651517816753596 7.7923020467882465
83.00386990691328 63.72914633200693
14.478899335981609 74.32858354176122
31.47914834510752 17.05507234328789
15.515674467804374 66.21836885085708
9.402502559422764 27.489611217538123
67.80780051022523 78.19282807352921
87.01190774504882 53.64083900367906
22.960319639291793 47.636767141893976
69.12647271217536 68.96725349919319
32.33670346453745 39.72292523212475
5.425047564384311 67.84436666568678
51.699158519493515 77.34671888936259
47.89926639711894 37.368831677690075
34.33888314690605 40.493675700219846
52.97948438221442 1.3271791915215658
17.66120119616399 45.524892253953595
51.43229786508103 13.322903540712172
