740
1 3
80.84249306647865 56.856228713006665
71.68217486157693 55.34019921930427
77.86030819106573 73.11431298214247
15.977250816585208 30.48804922453836
54.49143536037406 9.912494876666834
15.757639107842557 68.41171039549283
76.42697946092156 79.95225269237669
0.08775392678843641 61.942381100840294
82.94685193178579 12.996828744361611
49.19459687255667 72.21583362497812
96.1639994081921 98.18933812767565
66.78227538209995 76.00457052741261
63.60466054718974 34.49702715260208
13.069656909124738 98.74480992226505
43.060853402977116 67.83934743737761
25.94994642843176 83.19700582139464
80.74929615493043 6.2201365679737775
63.68921800527105 2.3935647842326047
88.47351042895284 50.894508506480406
45.20870688913696 70.3591399094143
5.732879314546002 51.50216391412632
4.29043869694492 30.376719306825372
7.484010538408037 45.0879492122495
63.694277986173084 31.54507310574286
28.908905184767676 53.77125323643488
45.84537932404618 18.915721262821485
94.41836781683128 62.45195123927489
90.57617132780919 25.401997767151705
6.208744177584213 73.82434493154342
28.939077732143815 37.422248105954935
2.4765299290743004 67.51331294164189
91.47563449758127 5.03028316079861
31.808427051802113 99.40407284564974
80.33317600719032 31.129706608580854
19.316492465234415 42.11821243618941
70.04034646093874 74.51923990552231
80.36718465275774 87.29347932116318
47.2161279862942 22.78639555295683
50.76935627952777 71.11132720101267
60.93057798454507 63.585589798242225
89.20655931675219 14.76457904464139
97.1174050549566 99.8287465171832
15.358572922501047 97.59956939359876
84.2354488373789 34.801651256176
42.79483908886106 55.31573900627842
47.21230568249906 96.67419876505612
22.807016190160944 13.839000146244862
6.0010903405523175 23.81399676072917
59.22653748554849 3.408269548298626
82.87991315255047 16.847520123748126
68.80579878935838 52.18171350389493
65.51401684602243 16.082140045357818
78.19790111466362 12.403866777729045
65.17175531966078 47.60883619122003
28.472412590840655 88.86060264010763
80.70250937936525 72.67783772774834
43.88161533098061 49.23914623651156
5.244401805420473 78.26937652197819
82.01917711842984 61.109177006109164
65.8299823000291 49.085010388383864
37.613492479379104 27.90430180843537
57.54043365114316 21.51229060517319
11.302359896584878 78.15871597458641
50.090951031295525 60.62977737819975
54.239678030678576 16.72625071734877
1.4433374644883035 20.789679300483144
40.5550090480743 51.74426745286655
62.65444631987005 64.81336491170143
35.53358256013479 34.61867853032512
20.501773697178006 36.1190595266232
18.973121880791368 26.769765513792777
74.34592371260513 49.476781192803145
73.72687937930876 13.237885432961294
74.41299492330602 97.11869428948448
38.49313076038119 34.145120360213
46.06660655504902 0.9475328547137396
75.79894434375616 95.26869533628992
85.33879807734503 89.11842448226696
57.309331358916246 3.631222056030925
5.686325093033928 90.95037997885314
10.376634845390242 86.26524710863433
33.26140099596775 74.48094370631738
62.5459810577748 90.18007683293764
70.64278025129668 48.72266792435633
97.82200372000409 2.398378595801942
13.018926142557907 23.110734981639713
10.793337380995904 27.229442116029247
35.743389886935596 22.6707347500801
4.833192617320692 37.472060040372334
13.254147058809785 89.12079350196782
94.73874851604864 66.78130099124566
51.700366493652595 89.47448604452113
62.030827663710774 95.07259504044214
81.38164534893299 34.69894914717413
95.32756428441127 1.6925452235936778
63.56339520811911 23.64050694710169
73.57745798617698 39.664401722861896
14.529555738851109 59.26685785794466
81.3383018044163 55.83897375410285
96.74430055039377 60.05029996755871
76.19482827412708 34.54530704663436
13.57456939033339 34.276922764594616
62.335545568931174 78.01662272535354
83.42698691025647 46.667650575454964
7.170150127678654 1.4134337476824799
39.4673024730517 97.94017955544183
80.9936455720684 86.80407714322283
33.89810958789188 61.219886883261076
97.53876103598165 49.244382189347014
41.35410418459469 26.43049022769135
97.17522676558106 91.20867322170088
53.626542292479094 79.98695597137637
54.49814451507417 14.666739132388606
40.780501580727766 67.03029921052402
98.81340193483896 63.936658422449575
55.262168667019274 52.979496356619734
18.61638755358046 71.04566695772436
17.619574677762785 8.962932125048306
69.65103968789579 78.29739541553742
56.17128371696756 82.23284092103582
22.287864953229295 63.85280491950247
94.5662708784188 40.49192978496532
12.410153881292342 16.15631280213097
85.65467627652048 34.102008235648505
10.44178396418911 49.62400502753208
15.34246642643684 18.381216271974377
12.696236685357531 20.249830818252732
99.2164145336736 69.93788915594234
33.29363928730691 71.72967784553177
52.44351389158324 91.09923504475607
58.7791822781937 15.463786416107617
19.05508709944115 21.24327214993036
80.82602880395469 73.49004394745702
6.204368576180608 39.14146972685491
92.6790333488052 49.84385602869232
80.58396622757749 41.534388986653404
38.80647422952359 21.992806965035694
98.06134576916865 94.21524899245937
17.784127517137293 26.853172873738316
95.42647101723267 32.01519725092032
77.73379359294714 19.37984949270033
31.80627991918461 16.477931992145823
82.99889414372818 37.0738956726935
56.69393828612461 27.6645169273811
73.40733120804313 37.58419526968311
37.31287847846687 75.83753090811445
96.61329571575332 83.3092916411845
82.2383087082627 26.0705958344438
64.08601340643558 57.03788005223072
28.626499137095895 45.21825187671558
72.24337041017831 57.942803973434835
17.99848857471016 19.060732463944575
97.4246514155021 98.59587022641145
98.12074064855463 38.63011041388287
32.09346614162627 1.8427976262942014
24.01090323034982 88.71005200682053
77.5722516831657 79.99549423989758
80.01282908289068 86.09374679515318
43.94943262045974 29.02784915932697
44.9300731920292 64.16141824571588
91.21981856813991 99.68336756478679
24.0183443004915 56.035206282630725
44.52217125631157 39.99981553476415
14.52995632950309 44.24422104129147
38.06689810061803 44.877541770051636
59.15186901306524 98.06461645682813
6.020765612509127 91.97012419303532
65.68698996243872 48.26705517372276
36.72877068151757 6.007736721904289
28.182492534730507 60.05899122741507
79.6458192144813 75.10780599204135
47.23416526648565 20.829105293666817
36.941798931065776 34.380431530465216
80.0646847877772 25.060167414223898
77.47898558957205 50.52321277231855
2.155504193177782 20.975382942296548
14.185317668778353 73.76680066306305
69.33690446805161 14.18540451828334
61.88787547855592 53.049081436984146
12.355191110213038 43.73841655197992
96.15243951949867 39.59392454576178
95.79116254009261 14.533667213337598
40.22316897165253 81.46286506034788
99.56220682746269 22.1811106523071
98.26431815842427 30.926921363450745
94.11545545730932 11.571046207213387
91.18191572516463 20.533484883087148
27.5755286950496 16.34934388050877
49.783877758836105 80.84154258398361
91.33388494348655 15.090290435415321
4.354380658685986 2.161395347531969
54.36637091205796 17.327631701071834
99.06999587539687 38.09704916941266
5.2074613333385145 94.92867024830247
70.39268870632247 57.485394778974474
73.9104656116635 11.463007654358549
89.46297607358969 77.12165853094004
90.67871615601891 80.4043940717339
36.21332731427969 56.38510558593695
66.60213052738497 77.5643795353809
31.784715982608592 21.608905038204895
92.26348873130542 70.5367678980853
25.465569802288623 90.2662017914167
18.27650275997408 99.77163050941927
17.94841507548761 93.41176349955988
9.723881400150614 66.03764686577966
99.74556185382906 75.34876149210115
97.89239125239729 45.5864764934726
93.0843537984684 44.07528262409291
81.77099905280558 6.215068657907619
77.4415236496439 36.735661395296844
18.01583107594893 59.72395946407243
46.698472324647675 82.8780135100946
67.99981366054494 93.28569708769845
37.723871371268245 20.481012079952166
69.89902922744666 71.28804107965901
62.98399401179855 40.2717107238753
88.7934842711865 20.34325866276989
7.060317752369349 46.10598541729119
20.35103678536443 10.590911066456577
71.92292218644934 71.7562302470078
94.31553894644453 91.217855889378
20.65982521305012 71.35381856522585
69.12345570551352 10.904246584629629
28.52010791723323 22.652808796772806
85.89759724969701 72.85865403190215
12.590001234290638 50.379414708003935
19.914132867011936 8.596804573054317
12.173830305054745 10.671351930647678
0.962891526444376 49.99088223471904
7.894916272215702 12.486520941903922
81.35302280074563 53.78624084986505
5.380633236366483 48.82971160939509
27.069621016982538 37.497046372386755
99.65335707685095 0.008938293533633512
56.135440507865454 86.54765846368184
3.1413439934845133 31.58992606915867
82.17685783117454 0.13296688152697467
85.99567263457222 82.41605641152492
41.26320755777451 57.69265492166949
63.90595399881411 51.664022301644685
53.90252915420475 83.51329725598617
95.98573518398948 7.9486899819586565
56.291978299765866 54.2908055177272
4.296501773156836 17.070697686196535
2.3496081249247958 12.451846061424977
67.33074929750416 31.392485175920726
5.824695628772636 46.78663321235916
78.43316406418744 62.45621636370067
58.94219218481111 8.338025160082596
46.49471513805641 71.12611661944707
62.21824027516356 24.745035664682156
2.323246040346638 46.02248639237207
33.90707724909143 74.98347851274254
36.786440582527355 13.880560765499638
92.05254438596364 54.85984147659955
29.019732341888304 82.00008549613318
50.844786677023215 18.143535388648523
40.83099699506367 42.344426558024374
23.713206721374757 85.43934441096921
73.04882479211304 1.2497962524497863
65.64336147586305 19.418608827400654
84.20121649460526 64.78116079739387
2.1622871010701816 46.33235632903765
3.58977109295342 25.154516900036896
95.76981977653271 66.8532831909429
80.03448638047908 17.677712413413516
48.86925571846881 88.44938247966117
30.795336364999827 75.42639785152305
8.626756095797749 15.892499398468662
20.868048516424963 98.32347977159164
69.41306068274187 10.957754299645849
77.85838219380167 57.70038279877596
71.58409044617686 74.62860999369295
57.75092808300401 59.77871198550935
81.58202995291886 49.82375677616848
44.280408334437695 29.95186670492902
37.90753940535914 55.61865419955927
97.1165305730463 60.79921055551036
18.406589748797543 51.35238547412362
35.26054362485951 91.15461551606552
60.22495546657582 36.63807155342684
16.309435956856213 89.20687158893854
99.31074012981746 8.557114253351973
91.45212638663082 35.89747171327857
42.04280504965703 14.745202344244701
43.26619148746105 87.66912028029563
24.31777435892255 20.740353264106947
90.06097504991968 18.032461432933488
24.09745949178923 56.7819215523977
68.8695853665917 31.91028272607259
17.12428263700234 51.1011244104149
17.79849326983307 47.607744172079535
35.77355287458423 3.3452064022376105
93.60778507701559 79.6026467981414
38.201094268505685 15.701889656949653
33.704329668208885 18.836027646737396
35.62317403758784 98.78123405143218
2.4925393572567955 86.58315859707895
18.205429239753435 41.02328347457049
37.33778539866186 31.959978698960413
95.43759975174382 98.0688757172911
23.24085365924542 50.32410391892148
15.30357040896253 86.66894747075189
0.08029732983820814 37.99701374750042
11.922087321724195 99.38890275934544
1.378337754029424 42.21998484653593
99.83019473944692 25.509806097229436
53.800972336339846 29.14968158586857
77.81231748127126 9.028238712342018
48.67659120327173 91.69930802858492
96.64417838430394 12.63188748654791
13.961468408658796 64.6149618222256
15.29686858349908 78.11538738629933
88.23287093366115 60.30822377770046
90.90038170012295 85.81214245657847
24.958951816695986 58.363751010565615
77.02941425154197 60.40041210041325
85.15106403088488 77.20887952587299
13.836987916223386 49.5840649978853
92.16856384953458 56.03230368265453
94.06985447049567 38.24007547580936
69.39732916448456 9.604523601062676
82.59684673216195 19.090588171226642
30.580669030221962 58.61954983988542
24.324597414699547 7.43912994538527
61.26112060471787 57.82547826220219
35.334704845919674 32.27757748774418
64.41860618931554 92.74345112875714
79.16134155738432 80.32485796365829
59.59795760098103 84.63447675969189
75.94895621017777 21.42704838174392
52.26613303397634 62.47310478151966
12.534419986384382 9.715617777596597
12.202526196027307 2.362470765835867
42.0228741792686 29.198994918155208
71.198869039297 80.46980930927883
16.200914126222443 14.17369469754175
19.905241541217222 66.19974396092272
0.09733503877409344 41.138440380093755
53.535227050165915 33.85608673446945
86.79501499793865 0.4150894289452145
18.472806920545004 58.12849758255037
19.86862587291163 38.646615916918606
27.819706995078143 19.696949225530958
55.28197100388121 84.0325152931797
87.06646393098758 21.66908493313937
28.512333871146357 27.84966428629452
3.05503684453976 87.80529739066831
57.07447608813199 27.35069303985256
87.0007317095932 87.68328929289606
34.48630270163091 64.98843747526186
89.02816881436797 8.193618001942294
83.41518363086 63.76730857830397
12.11368193374398 9.087939789675836
87.41915302017334 92.887400962064
90.80432384230022 4.9002720789496745
86.3240567454602 36.96818613477431
87.43974016700791 49.20240043125437
16.481134800850295 5.574005432353157
11.200841290749164 97.65482488879744
89.97196661932536 12.373187569374466
38.08573765014582 78.45484404901228
24.625433201039648 70.89047871175667
0.2158259697822018 56.97275555036243
93.42272230194801 14.627916368270322
21.451400562494772 49.22904635719063
79.24529704312626 1.399537130264461
13.546873501924273 54.84149014924562
88.33729645671507 99.72642137568381
86.23731404606308 85.18397801051489
60.80890405459394 53.625808028494546
4.001652237144904 50.36370748696892
51.14391228549866 66.27954626138941
41.08898995573193 89.7383097640716
67.97291414492402 55.47166637852585
6.602248895654039 83.3304360053896
23.50349125274733 52.79073936101961
9.606916597338433 77.3040753346975
4.850788130178096 81.26381084702071
22.040515645081538 9.1747176293566
23.32843266443416 99.54205962955682
10.398421330060925 39.731839241450785
30.370115115129792 9.263604270143922
59.3964185405039 3.502467159612932
19.632641899411563 40.02738337637568
89.86035459160615 35.33807042520789
95.03002569228556 51.357266234615985
23.126546770437596 66.67257722566899
13.792862079445767 15.051881280433864
83.89210822831026 6.424927279584369
71.87036116333638 11.019902138172899
48.5405910656848 15.570113523392969
87.18904139100059 34.35131314497448
8.68695743781991 60.35978614165123
56.95215854669098 8.813185565053839
23.994367622367797 16.502870881347032
82.18359389295269 45.57740137358523
76.30194502690821 36.707203065793045
85.33135219214769 82.1862692030642
75.07971881711673 24.382577382682456
85.8114892573316 42.676940957069355
26.049879937202093 14.04009413154894
26.75877084655085 41.50637796984316
14.733251731507702 38.094681686737665
47.46477459367604 97.53833659013746
97.71917234169382 28.729511928918903
64.38195611139727 2.372155018830857
58.0341862218195 26.17570993664369
99.21996444581134 96.15365354373635
49.00326014744274 98.83559664606845
90.31461198518267 13.627271849263845
34.4710774436584 50.50251848709129
51.56515829189598 20.388621566200893
47.86798863471245 64.09827772726848
53.63500341763468 48.235958489323025
21.827169774008336 34.02582066762323
41.73224700347562 10.65368864176528
79.31638783138912 13.37024712477426
59.70055879714469 58.17250713444828
80.30820292500516 12.624756998974473
28.802462792138762 25.799425494146398
56.37179316898167 92.69003274512868
63.03833090390025 53.96882409051269
90.44691245245846 41.09891084656123
58.88438991647939 50.17770539865518
50.22430909254145 25.15259145164901
49.30765399684216 99.9846235334633
37.84016656009286 59.3803059517239
70.95304756550054 21.88442372037571
83.9339951571348 3.0025044196721584
27.052908691898025 35.324511103114034
7.992373315919488 86.3506334172844
88.26798433148242 97.71904394667976
24.363271085569636 2.0208449764190117
59.47702060507214 18.630560322123735
3.221931767555719 3.2107037149721185
16.54144267281459 78.08630277221783
77.69730732421773 88.00729699706291
8.945496383928454 17.235547475328584
82.48795506860903 35.37912363788636
80.16747667770845 52.62215192428732
20.660084172580206 72.83924112591038
11.005080521889642 48.739017787559206
97.84687355758179 19.826704766609172
59.24276765830532 84.42169332365293
59.20657960065656 81.8009768814694
60.92501498399243 27.763606392921968
3.6507780453378658 43.870139448218296
23.412173078425823 21.47174399902756
42.837511563440266 78.00807460566068
70.15241928717192 24.94530117367475
36.85391728325727 17.441357373756496
85.67214709771986 52.04388606530848
93.38967649365189 4.837843676587972
34.99587711419663 27.550429333063377
59.49374157728069 68.57192891765662
12.460308284687871 51.69298572329579
0.41768882758648207 76.1865969239202
78.94787869911306 99.1038815245997
26.24455545951896 99.85627056034632
62.22440629745589 35.826853061409956
13.387914181317107 23.483835469834858
22.49831495588266 69.72864223464205
27.691735130079365 14.439648086034062
29.736404013396434 90.2027133069831
9.427578466100384 46.66403310062775
89.14575042882547 44.05659472635723
55.431157453169334 22.862620143145975
3.8307969880460924 82.29102651878569
10.899650413909345 53.117741501321134
89.94012936443873 9.754337859199346
80.14630434717216 89.05890415246196
4.149114850168889 19.881886565982775
14.522834623031189 41.6685447771109
67.04769800347809 64.93440917636349
32.54486631824429 50.38799345738181
2.7714296045344478 99.45991309396427
8.918633644835072 44.12579652986261
99.68442158852066 42.179343748385875
22.965626006713634 19.163317592576856
17.891432987407985 38.2323646715355
31.539603331639142 48.51487744091023
44.47895368936838 49.27770261626412
3.8520788398105577 59.0942305770068
10.553500457794884 85.6482670777466
98.46444003779276 24.9901984474012
76.40313976271682 45.44556629739491
56.131479942175844 27.79331603572741
3.3969575142934083 64.95487639668123
22.629970425301813 82.72126562590849
70.87079221393378 89.50897326021077
27.032482872013585 82.84726365719123
48.33611063287479 71.76789568313117
71.71822764283071 90.41757990742228
80.09382502505957 86.88749458375693
34.36094908809875 94.96300675678542
39.95440605936344 9.86442419065703
94.14530917406157 15.161442228364175
55.705629443839186 85.72287296056373
29.838590787204033 48.52041956904838
76.2423597221611 79.86763236104805
48.07985358302196 92.12274960920399
83.09313748202104 16.070852998898832
14.276640975885702 73.03032262401965
99.2600646605199 6.795684094046384
68.10558479606672 90.77081731733676
56.169932685957136 53.4715635311656
84.44035453632502 7.505787915475648
89.74554996962101 45.5347258255097
63.09875818647863 93.30987497801163
80.55515892269555 88.08418017802519
31.722251201907035 7.126680318068357
15.57478436352715 34.1594766541373
87.57698174818644 67.53584235929509
83.79329353059235 12.588398008128499
70.09360297540464 73.31552317085294
27.952191305702122 38.133245437888476
20.230904245811065 25.993829570732665
24.205613612568055 23.300423947592996
38.602538599227934 30.844876666007927
33.74919788605764 15.277623322544809
96.22252986564041 68.77252523934689
75.36369757459352 38.24964430352762
16.36742410077734 5.415412495956429
18.403930566024428 36.513931154898785
0.5877607643213878 31.012731484264112
77.46897344206015 70.6851705849127
64.53085728659529 46.573934385961714
14.918527918597713 16.41724612446871
70.27051687432255 99.39676302489542
38.04295928836234 69.13209542515628
24.47570412741664 31.020276620525067
34.55519180673174 53.64380050121571
79.10601595478298 54.65283466437199
62.933367945389485 84.13934151133466
12.111755498459642 94.27321412813747
26.83919297077846 99.14327278344923
51.11591317681166 55.922457076950074
35.72958783478437 9.374752815736521
66.92085862287682 30.957801353962044
31.317229543685276 19.815154385506474
78.3177185441723 77.85329522762193
79.75210169503295 44.76183938635003
91.12462771651506 74.31472329608124
89.4191060188808 70.75386363695873
92.37404084477842 17.372091339856755
10.527041901426081 13.72518760716639
11.470419009944543 12.436499683243053
65.32401742646448 64.69002519168905
61.67662967395171 26.35274614046672
9.9903218900957 19.50853776172645
90.5570831593322 1.893213034421093
0.8107227930521654 61.01048997190461
92.10571452794414 7.123417360785256
80.32241378470756 69.6286495403523
78.46198278604317 5.621081420281238
46.58227196197202 33.41958301628114
84.4856626536229 78.94098102662652
40.2298659062873 33.763532284912955
54.51812117376002 61.757040853519584
61.33138721044311 95.71814531028984
2.619953787153717 11.642816043364856
39.04729348984104 83.93629696080664
97.47904883063005 59.71494192135811
54.33492054095477 90.03398856463573
67.07947492806005 49.72444897609489
22.295585416220632 35.123276861076256
96.38132511313763 52.14075485974601
60.41952807975106 61.69728320069083
61.200818358218534 11.953302212688776
18.608823639142603 91.61893142283421
20.739596812344253 21.5640429456464
46.656157967700466 91.90146738475636
7.3549112816202245 36.34279692917719
32.32821376226409 26.060589971974245
79.74633791956704 49.19481065124182
49.631758832278706 72.22679857789286
73.71086016443469 75.22933729232162
76.42465947742814 96.02529274527743
8.276038687061217 36.926974173530105
61.08913556884781 98.77589438071335
54.313730473730445 43.059407669826854
30.641481531712024 81.45008784270547
66.70863599566816 92.45603706844201
44.924216538490725 95.35799483279621
64.32137415954442 69.91078825085437
14.459995072900988 25.082404972999296
27.508755302729114 28.373142521457062
97.54749447047291 38.866972484649764
81.00890696778784 33.9632568062268
99.9030754006158 27.720333270959863
18.815055402676183 61.17483089407072
30.79059033586948 79.94449295389711
47.673715594465094 8.696694086728108
3.4845603493356636 35.16603384907264
58.195238095418645 55.05048092342464
17.763984238224005 37.370335468135416
19.56944850068645 31.778747466590218
73.02060755102117 14.529957740105438
40.309227458396094 58.703011345628056
59.7062232648061 30.929888125180426
94.0619807520494 58.51834437191397
41.42929282030894 57.95197318089657
42.17926194720989 64.7254420338823
17.13029819239591 13.767489850542503
11.335187589429463 93.24820284162325
23.327779885145915 24.22019376465645
29.004833781484596 57.090418837844496
59.936095692768276 80.43242752449571
52.471995016836836 42.24269787135479
61.522138087301116 53.648514404185235
87.29070436800264 72.59221610068516
18.7135793797953 53.67581406005717
57.02811591580546 48.70457845609009
55.27568623441914 3.4104846072318784
18.418896077575276 53.904057726541495
99.72486191482032 71.69083761502128
63.95576599652688 95.8007959311031
56.70379075761238 13.068720300488334
98.04470804528087 38.68022827915001
68.5343597519965 48.944677794403944
76.69746142777845 53.02261710009497
67.51509946067958 0.9498273618477215
73.8640173744629 6.083487811281252
85.0995601257465 81.18568495685867
28.760296731560175 16.571594738353124
36.05226267384434 65.3734863086364
74.67005708821472 98.59110196208756
74.49947384864907 72.95193637203403
54.917250265545256 95.87842814880008
43.64706935495981 89.63114754722217
52.749484864946126 65.79658515047898
35.90389370479774 10.42768146227564
39.64337467820636 47.205353902474286
25.257273831214455 71.05983040699324
97.51374679595102 64.94091532746693
61.6805727380237 93.33565579463836
88.12760022519169 81.57533233409602
78.35540877550493 62.6592160300637
65.58542838919399 36.708135456107314
36.46107265265874 75.37385040953988
59.486701807113995 44.24427753753169
2.9459110631614216 52.00117198640679
11.027732879003228 78.07730010047476
7.619292024829005 84.20923342182593
51.90429095461455 4.919990861316914
29.91072069193621 39.00814749277297
55.61575145892903 55.013138761189964
12.161252112298548 30.699268799550804
16.08535633447865 17.620828411346334
60.71686173272126 84.41449989653727
75.24051804748649 99.76242255570484
36.69223821935108 96.49438691613474
84.68550760403642 44.149487182967384
77.5407710298786 25.69178651137729
70.83326247378221 52.41280897960097
32.84385661294573 36.911762630469646
76.23876133496219 11.937982863636943
23.105230518733922 79.92254390566487
7.999501007967846 91.09036454865804
59.25469594299979 2.608516749975154
90.40981621231971 49.23501220419864
5.403686680316344 98.35837964287376
45.775682819953104 41.47130868601692
65.1320235605131 15.71814850730442
65.3959818978839 93.41815625624082
42.40415677434199 66.12554202500473
90.30873075834688 51.866910738250915
54.52653155090521 53.94215768254964
62.129435847815074 57.665573758345175
3.758298582952624 60.23414848898297
60.225788469258504 10.438642181521729
83.80830931165113 79.23132559482741
1.15724216691393 96.05964896971176
86.07447446046193 64.32113003467835
15.728743013283687 38.68458667618828
30.768463164745686 70.5448863213294
34.025351217993595 85.72299187652135
33.16589537325822 3.742268867344145
53.98796426101023 24.302489788892288
79.82770435159814 11.849598653134086
29.180306866720308 76.84489795246267
22.153026148641363 63.52361441116934
15.042883693817455 75.39853562722227
94.66191860668542 72.53967086200635
27.127872507701166 69.3662053730852
52.46142884052307 81.86742140035064
55.33674130718058 37.208686745016564
47.30195473461312 72.51675945796885
39.12777337514579 93.34392766378154
1.7801799572786159 91.76030966682075
21.994957701435847 28.25849343667759
83.44064015342218 32.38669667824774
38.589040264223385 9.65533449858922
18.874961488424912 59.29478335590812
81.29849951258447 0.6383320897260347
9.212149701720328 40.17640852195028
38.01380655217452 48.29792198146963
36.23685144009239 90.29670024207839
12.18592812511401 71.28583614862289
70.95569124971514 11.001009956533036
9.544465427265369 80.125037609962
77.98334403824552 53.77297111646959
85.64307713098836 27.282990614475032
21.478599879577565 57.51759009553032
58.50386591118255 25.428249130576596
77.67353893390138 61.46205018872995
42.52592653675185 32.90633609514515
0.391851192911008 0.4852357449447231
96.52474088797578 74.21377617724374
26.307162139343056 76.23407933252473
82.26750130553442 84.40139827496309
74.81586956624868 63.058540718376335
95.68603384411433 71.72307956707687
89.04425882527669 83.0620215013247
41.71945681661056 33.70593204349848
33.18093271617985 91.65846784306588
13.726878686607025 85.43308880476704
76.58534495300049 20.81737475731402
72.2064507151935 71.51668966996358
51.279393078472665 12.970246706365929
52.556469039155914 4.91698223082504
90.90225421879535 91.9086016976938
46.27500692244233 53.551126245149064
51.50458066715555 47.417913520086906
56.75346642407468 15.720336673342473
30.23626176307235 44.04037211719929
10.682347114293457 98.70762542570746
20.91086613217903 27.083580249991137
29.194385247002597 70.56154495411195
75.31450851062522 34.51119315176714
64.90919632184564 58.735693202914895
82.60176712124678 10.26026232917796
46.87065878774539 65.97627487536984
69.3165419644447 26.521944216743986
74.39592719206898 44.40113676061923
96.58902296830773 53.259129695049666
91.0219125965099 12.693930892253547
63.11355675989989 13.101926078490212
