750
1 3
57.268754880451446 37.22303312452277
12.183849025262884 8.056577055412873
10.507529851172027 70.11018024531093
21.70484301702309 24.705501918757356
88.52856310252723 98.1639307888718
11.715060609683349 86.91285775302147
95.12025197832395 3.8359725956993884
22.010634906451788 6.958301197965255
19.492491828955472 11.124098616822419
40.44470629810839 34.81873441872845
97.79721360911815 6.321426065872204
94.50554573132605 24.05576380907606
38.116236840182395 31.991932311046224
71.76085177551028 33.23907965977018
57.99955681152229 48.007164315990195
6.0148705731264185 5.800677164159462
84.37279098352965 76.15464229528494
76.53495074140244 14.544460490435874
99.25763523128599 31.11977599271194
63.88805741233276 15.69990959946832
73.16635793337002 10.479555576719445
44.518390927761686 41.49354743090148
25.632191511987124 30.91127778304461
73.72614358111382 45.156448582011976
63.17218344554241 52.29935247469388
22.384100203504186 43.78169322021257
29.063281330797164 57.673374056339696
63.821783604287184 28.796347570662295
84.16987989006401 23.542668455351734
59.58494165127306 94.62814981536876
70.29663935363959 17.715744803147015
98.56839579019925 73.89789921945606
9.908194536673998 67.53930362665217
33.99271633714997 66.80624140377047
98.6002468782825 15.548238422841699
94.3678686134863 63.69014449869974
36.374935896134275 43.565328701964944
18.00630419835194 31.15067361392887
39.23547583995395 98.05800754501482
64.9696971475505 40.24600931576872
84.16315257726161 49.767973379715656
83.51611652849104 61.77596681851936
64.45070415078406 81.39243557527685
43.130973653580476 68.803591644322
17.49723573254993 16.45055191293432
90.20041180949352 48.81140813072735
78.50236333958702 88.10563176440071
66.39927325778731 29.685462192418342
81.71109959849335 99.26809031017414
30.495125313510172 29.754906025547754
29.291608296036475 35.659868640139834
9.456016378036992 28.624543461908857
4.612895526060701 97.82750213652295
99.30365430931305 63.0919966530453
0.13184088274686978 95.72627962877117
33.39382901093424 34.00566566157046
83.14248901845538 3.3196965015042323
87.5967754941997 79.95703561209508
83.33766515068662 2.0884446413903968
63.884676384077736 75.1512324416501
12.478655560427843 72.07961760102353
38.486282311254236 54.27054113456584
66.50621945052148 48.28223981183917
97.36943443386488 34.85762477750958
83.48218581220168 34.64549770054188
2.611940777013344 56.88780208421622
97.26533692766071 81.02515861540793
40.408976634818885 43.222916189338804
59.76968863289216 70.91158540446685
51.50232993172694 92.49027265584931
82.1487411578766 35.37496641793063
62.15588036805566 45.867957229690944
88.5004229006225 52.57672966443862
89.294486598403 19.029027579641287
80.69874901563314 79.00589667684324
78.80538341862326 3.6228782603458187
77.23468815949536 63.11902409944401
42.21118090920726 59.113766186556504
27.743118237729725 41.97629158057934
70.77819027089716 1.3903908990180902
82.44859789810792 95.86381640087194
84.26618879263921 67.88469537243003
60.69159991758393 78.95812463319447
22.611808300712653 55.7412676986083
17.15427785059127 54.26426646504836
95.16759416934832 46.216657048193866
78.81871329208093 33.672870391324935
22.24768901593135 57.267532848678556
48.5086676299763 67.10044258572204
47.18324360653319 39.734979386659155
31.656459649503855 75.67978980249954
44.50770342692005 72.11098376347576
67.55261800552952 26.701473723238365
51.60900250004521 8.110603653897064
30.07251070014625 84.13279879889606
57.99972163789584 41.55718134605155
78.72408502580919 70.62619927923073
70.79087774243138 86.87950611097403
3.048146505118776 98.55162167347746
31.916811320460337 41.698362933211456
42.90153114072908 79.89221555437442
35.693206276779385 65.41883539822591
62.140708560280956 79.84911769683669
42.32635449335858 59.661845631819666
62.977751940648986 33.624492524437755
17.573872856395624 24.624802517269018
11.900222728615152 29.328465369682768
30.656040709918763 68.60943997903762
83.07678132306167 91.11432357580682
63.68954726974925 89.56199605305693
72.34495309593329 80.13086428352017
28.40456065781045 98.42675939251512
4.326840937672971 4.033141955361796
4.370825141080625 44.97447663185872
49.92711162050838 56.442722114045864
24.034394913585388 81.6396660615626
8.881988466765778 40.320532014987506
4.72903858053324 34.59651841830731
3.2460706004385553 28.959804263893286
93.24972007751722 32.74405850367703
10.790396381558075 21.70367018049417
30.4572586641503 29.422603646072787
82.39763932617568 84.91678364590906
8.920634985146858 62.54832887636663
30.84810892861927 69.92083449459514
39.73423105659868 76.09271731550685
35.522061098463745 66.91699440326329
37.07734883231435 47.09088617095931
23.98988568942424 64.07670810437128
84.5321665746307 79.08598574857506
56.251009224633265 60.462694477850334
59.789388454315805 10.644837061267465
90.70439444464715 56.35866074594884
3.8723950712206356 23.16052118085865
41.55472017732003 47.38248392980886
83.43987741651024 4.908850144231303
86.35381086831909 1.5781501854706281
90.64327787135531 48.764111440219395
20.125431822366103 39.167113680885194
79.23384332630184 68.11897662406786
63.47264321962926 74.05823024963955
45.35532086524145 26.506500181506798
15.665686445667927 43.53633720929169
1.2679886799630058 44.54899300398687
77.26683696735796 33.44029135208457
42.848999213624865 11.87793220683815
89.40169349408949 82.39903164273794
48.12771889495606 67.20250074379102
75.32293203216007 91.78814356038293
90.91546328284188 8.560873192964124
61.08690446890777 78.43349994100706
78.45542590396187 56.78707912851375
84.88546247764826 48.749072124395234
12.190677253819327 16.3208733970206
57.71979851972511 26.919775456706407
60.311632753462604 0.70936115930742
69.96250353161275 30.083554964355663
89.88646564126819 89.3724663651968
79.8705240372547 31.86854007480928
60.751523081047324 39.07771847375044
68.44730599152908 62.60621106635173
22.93974628591795 76.66375897510642
38.397051093833376 51.55975233807703
43.3068056406847 79.3706917820574
48.21604176175216 5.28435352292953
6.986102827732599 0.42421871385751597
64.1889364959793 62.9565373086564
73.05473154997988 0.373679518714809
55.284736455192515 79.35139601977315
13.737540989423769 82.49884846864953
48.735182995453606 98.09743999555478
75.18353981069413 42.60814228691683
91.11163852399274 61.016411277776015
64.89760526192497 97.75518679480295
60.58296267658461 14.522968911751931
99.42363798169322 66.07192372739475
32.016461784893636 65.37785678479517
76.68565814937354 80.62165354613417
48.58009076473042 71.87048254251908
36.00862189498311 43.218593007281214
55.99702949996526 77.35257495777934
17.464804027120362 72.15203296995602
79.2792691400231 67.65611211653611
5.2095231479104775 46.855838784246174
13.114390055375601 27.2591888953404
76.4610386231146 75.55629746969778
67.03644669749103 42.95011252969469
82.07637601318012 16.135786803686415
82.84612199792329 19.814719213348496
61.957493894927 94.98427229249432
11.228030438743408 49.100737335193045
23.32590994154753 32.677886628676674
73.20624992772105 5.794737191368005
78.79625934091527 12.868619181896479
14.142357587450483 76.32229020643211
58.765634694138626 89.5938169296538
0.8157167150874667 6.763148978307587
39.07849730009056 21.05592230739164
79.06486726606876 39.212500206046144
84.07250203189163 90.47757078375905
22.68359721779005 15.097893106492432
43.1080207750125 26.004834085960237
42.79747256858448 76.2363801107116
10.62802600208368 80.86947710414358
46.032368674939676 77.30036792764481
89.84975725953477 86.96944681364698
21.741343204010644 72.0991302357953
70.30429020879971 29.4126411456779
37.47692893115045 44.58770978510742
47.62497344695584 56.62074674668946
87.69005271911155 2.892470054664731
35.951650497028375 95.36704001140961
23.819759176771726 29.717559311418995
78.61793680804978 98.56507438908434
35.09646316776522 90.70467213150812
1.8171346116090392 25.35952261563599
95.08117095300238 43.0517867652086
2.964567490730441 69.95395181444863
45.113548609252675 31.081128743947374
37.51049622144489 5.874227715306279
33.33386330075345 7.512631789190172
99.50191856804483 57.83448878009445
73.75124533453375 12.918035205516887
67.93659512010129 37.51273705794649
31.72837679790952 31.894697208357712
27.410448221138918 33.48425496850962
80.34927772024147 34.17556786689764
67.12542576428535 22.361621540122066
74.24245510145052 60.77288854793541
47.32900523655055 78.30987548117001
30.628269114329964 77.48398043816927
87.71630821293681 57.11083979715088
82.25921844875346 38.00282466325926
88.39425258028122 97.1241552453368
1.0078555009707335 29.497717470948317
17.940638950673836 42.197452609104545
32.39643653127035 8.493464257510697
73.58967709014883 59.0783459392197
90.37018791006717 57.61221590104655
82.26113680376686 34.975949005778226
34.87451828936668 36.38132267394707
69.25571440325398 58.16516736704529
83.38312168771019 90.31143955372438
66.97711352632984 85.30824743829588
81.31876357107419 61.07303140058056
36.662545622022805 96.54864635172783
97.41255405202361 49.41615601142475
26.930614076885927 41.54041099230143
45.42710182666498 93.780876574673
26.437503041673736 38.73299324003943
95.85192975756729 44.482269816460175
31.59203499480583 70.81326610224397
11.814604509817839 98.8949343436351
79.62378540510771 45.74112288508321
51.578918974310994 68.28344520621941
95.12543696450903 2.849075071672047
45.65147171875004 42.0855275527078
60.240897355612375 25.48184083060572
42.78381338136927 53.590072647891816
49.41496902223423 79.29411236483726
10.042503899140986 85.29978404576089
78.92232917801434 67.0116117851999
89.27148755921239 36.53331822886183
52.19798194452547 44.18517734926224
36.220504714258084 8.883206630001862
46.99240926254171 55.240665768743405
4.038568345109117 15.22061102412926
76.63048992743317 98.05051975308561
57.940771341908004 10.769816068890226
12.842319793981293 76.0876730669439
65.77962600343238 30.31687186623664
43.61369640046118 64.52086702102517
94.25349842579283 12.460502794581508
15.406449650837907 47.49004680607551
53.47491073345005 7.2923794927176155
71.36133469917081 58.8251450168201
42.65896187694553 10.95835188158254
3.335163895459492 96.03137194607669
85.54779874981632 49.54228615271787
55.38634868105654 62.91795156334423
38.42452387515165 64.99683319257869
3.4784763072375657 40.193803375619844
96.52332870682339 29.475977178351553
76.47598012418587 80.17065823782936
31.878205755619394 91.6278829030149
26.25819262281537 42.650490356623074
21.54656570525193 48.34286131954533
83.97807845844238 79.80637430580984
19.354861724401683 59.408035895773594
2.047722465487656 36.204410760307404
1.6057882491289588 32.964831018622576
1.8816107282008332 28.49083349389403
17.66546370601103 88.14141716220777
45.27139011655385 22.260783921292937
99.01575386365748 83.4170658226429
34.820970256200766 60.41188148749732
38.2964745417616 47.93186540448018
16.382671544411664 77.05898440102057
62.63278581218172 29.964782980632855
96.8705713081752 85.97149225555604
79.9300405534945 64.57631392775114
48.3575895673149 61.28279248439097
54.85263818127146 85.0128408744291
87.89791852264126 62.834633358699385
11.863406093688988 51.549743021902074
21.47802160459371 86.11188598010064
64.40881517714165 27.95242926596666
46.65236230156653 26.889644379425693
75.89215557421589 28.493996056999805
91.21506539708652 60.072664302827185
76.08177904265554 87.05970092741487
91.0358359196398 5.459910085770625
7.205261668663465 69.28082914880996
45.85982564240319 18.672229466781598
16.74681640429587 28.47789232688065
4.037396828250239 46.710666651508845
25.813961822875918 3.5695191294154327
70.21732679176158 2.6590814567857723
95.58667321647971 62.33486238061443
36.28038859724061 48.675749472771734
70.2463407117409 30.181408875797054
99.61613009250641 75.8320835210325
1.3750032921053368 19.93884149877667
57.64296222110139 49.46785519518136
86.62224312504019 73.57329350015318
41.595770800764576 31.98229811290567
24.342242849441618 89.04340421047272
51.52975418011503 89.63762111702924
22.26022256492577 99.46996189757338
83.9565671566888 69.6638913037899
36.42895593611244 62.3124787491159
98.69903106950979 88.33681098367548
16.664700808708144 66.23687887052203
97.33524669873523 45.61713977994355
79.36635638897673 17.323909667679693
99.13921911836796 57.273304871190064
23.218239719714397 9.643568857845587
61.52224075104109 56.55431954835275
17.87467465641552 52.49912918748192
64.59619084999149 2.726864376773297
59.81925027702062 4.544485911910923
4.534443474203642 10.146140096358147
37.40124476389224 61.10231506593249
84.43490609446691 3.914027210851767
0.4219406729431663 55.45684698973143
6.6113720415842625 32.456833667734905
98.55745273525291 42.21358171867173
25.16952350895645 19.98944915662282
38.779689625362934 81.37857566757502
19.06187727914801 90.98265811648297
8.806942560489684 14.503324176412669
10.83118025266323 46.070874576958445
54.66821928319796 54.882236547227436
67.77029062064967 23.837569809512125
14.082365264497021 36.6896116096358
11.19967688239658 1.882385119788954
5.813124312707241 57.33566089774098
51.47596062941593 96.96395643222316
8.362310418220865 95.74659918490545
9.066272870330149 21.63374847291186
0.5929156859352469 30.886327895656706
81.55902334893304 54.493532056208885
24.48094651184485 66.13133384740293
49.85214758614405 91.17264719692093
33.06609787683281 36.81571546740725
16.300749654203806 83.80139617003992
56.239580872532024 50.46095654746541
22.989810139248057 38.274302754052684
37.476529535129586 66.43171860612375
76.13188028476112 71.04655999365022
50.099063991771445 15.091225561696886
32.93691512393737 34.369493213737655
24.578550865628902 75.53908812899999
97.72572970169091 95.18560020414701
18.826314995183367 98.3431504165941
76.39344352127848 77.26798040535749
65.24449263909524 48.807410911918026
20.57754609882554 1.2961169783841209
32.15457555725882 50.40904071499854
58.188451289918966 39.216568873170885
28.803436835336417 9.760840841343633
31.693085410022626 62.12405842183726
37.94145052663607 92.15619186231787
17.251267229240753 10.322018799137656
36.61441760065094 73.15743857758767
71.56422340777304 38.8692103763215
20.701502777670665 15.586564122050639
40.20119436485734 73.09025964695168
63.509216148279776 67.1193404809123
29.356964594601553 24.571542816061154
33.43330896718355 80.72430172869882
63.54161654081199 7.440936350763505
63.24691889352725 35.36481250065997
52.04245842267523 17.70875064333124
10.587243656844624 82.89711226982013
44.299337714892005 12.65729976087333
69.65028449194071 76.84661080339683
69.08190019305587 5.056832543414469
36.80329293197595 44.576100126248306
6.735787356794631 42.63821965346233
50.368640922330464 79.3246991091732
65.9506872560808 97.88095951586455
61.157972904923994 83.58279869396353
12.787624267883913 25.451718935340573
75.09819327974434 20.160594533828213
31.105050507205824 42.15288632347611
75.7108968810535 90.46727782160615
92.7686685552154 63.3813526613729
30.575075720779175 44.75915213112926
91.98055087335109 32.85445058102854
35.768894937590346 9.359222866982563
89.39621620677349 0.2953956651175593
6.918900444033915 82.0293593873215
41.129591176158065 8.71403429633595
9.45517307301882 91.91020373214613
47.31139028605036 61.58357839916027
81.9024547325368 81.3848516280226
16.82199025870046 6.281959091930345
26.231962050534573 83.47349927785974
88.21849064239618 0.1765200364255648
71.73400638381557 65.61098747925764
8.618741546357223 95.39929688426356
46.66776165469501 33.1282813170098
3.8644618279233045 95.49908853780718
6.952830939926691 1.599299373222296
16.4688322648437 90.48663051698391
90.58289267346468 7.9023866834665
87.60456452879548 47.62091576811998
86.43114570323456 50.213134859208196
19.199554607227974 22.900359207144017
25.960474244479094 80.41972258463642
26.589039870345466 27.546376678200566
77.07290541504008 22.465309235040554
71.65444742280738 87.86640528219489
67.77418919357136 32.157587240846965
64.00607517324504 67.14092390477249
59.09825946994205 76.70078192165606
54.52241522224956 95.66590814799241
86.0352446705738 18.983162615583904
10.879986461417879 40.0081930332139
20.607529165085413 54.73388536763451
99.92951536764218 31.303940667761786
96.8620728614126 29.332410636816686
66.16035660416684 17.837094257655405
8.389301869691312 11.771065198016606
64.92642719163433 12.4478150170249
54.79244502414813 76.3741085196255
15.889900760790908 61.35352322295666
34.28682114883366 37.2629425729031
4.678299206653391 66.13335444174635
94.91408431274732 17.144545563533708
39.67264230095881 7.5364307899959515
4.025767187772211 39.935557003898325
0.4599786913730197 27.949106346712394
80.27711597461283 26.365517552500005
64.53822763962374 52.64011406283133
60.921777550433 64.31021915079435
90.39417906004815 17.619254508562342
79.34696261484207 36.980322494842156
54.71648449299522 85.98127005117453
98.29590919228914 39.58562908390453
5.7420274540195715 56.84369412436301
53.14079135973972 55.75371455622049
44.48827685062928 26.19641472361924
1.7928044930914044 17.19074606213229
93.24895638643476 16.966860555717524
85.96813518337711 67.56548538106347
12.888162370889722 6.336081695075224
5.337784537240053 55.891204773176554
56.54583722097173 93.3426180781318
13.540954024463602 70.52563792813535
7.447551992120971 60.06213425350448
3.168574698570481 43.33595476999859
71.9480170927399 40.47961164332827
63.16035946234304 20.519097855007338
26.42315740778056 78.52938160413136
20.468453030195466 54.10960889314036
18.886251911883377 22.18521378266278
29.304516654252755 64.50912998977884
56.37637096510786 90.10500114350715
26.829870295721815 7.2418001683648425
5.500256389902702 66.18820597822676
36.72212538310193 46.852893444978626
9.288792340628271 45.35186026757651
8.43058952478355 8.588704873824081
59.36935685325666 52.51823828865771
67.68525581337421 98.51363589911408
30.05624171233119 80.9664340039436
56.04331194793317 32.87955656090329
28.30676738328952 74.93399320487455
59.767509053745435 56.80857053059414
1.7238662838641172 63.96704892257039
44.047964417297926 22.465297397818617
37.55135582313041 38.49922749346939
49.19976971102318 4.0952081913922855
46.27892751618192 4.8452671539708
99.95111668868184 93.34738170900756
94.17715451863664 4.197834209275153
15.018362031250732 25.14619384824499
21.435318071895736 47.077689627425045
22.54434121394382 29.894207183085708
19.26293340574663 55.997358550847196
41.3504594285643 96.44555845245438
55.62291948258531 35.567756453193276
47.08038123374578 87.57292308488897
43.5174304568289 89.12165153878651
70.86161937602064 31.860208669594712
28.068887967494515 21.578411032673216
71.68553964070048 64.26063742024273
38.94713170763438 64.68605395456464
34.32747723535536 74.19728080093608
95.56747450466348 46.4724620829631
37.49740506163841 98.5490195799277
41.062679018757706 14.870109145896283
57.035160733707556 60.60057064537343
59.91303997104962 37.93204926940494
34.197096488441005 6.587874104074798
89.50531231772317 87.28107898539133
48.62360979863212 46.48876415095975
34.89136395691037 86.30740823719907
56.01286169110378 20.622016141130285
53.247022067157566 18.85298356520726
77.99266700805791 52.43427479567573
83.96099787955949 34.37340860704698
77.43368609823267 83.12555646916671
51.25485376208414 19.310013218601597
31.603547378437824 79.54440090660297
80.69111951645986 78.46435631211372
54.239790305405045 64.11812063412358
53.24677361829144 62.69954937959743
88.30397045453375 66.23196604981206
93.96439436008879 58.843983517457346
76.87740517207413 75.24949626617952
27.889898427203285 18.904759316293628
37.850788561595564 14.693499450335645
16.967074647046722 57.15736629868387
38.638739365559886 89.58658217537258
88.07730992235925 93.97040893696132
48.93516970326779 11.551991969397468
69.20500505754192 30.471167050207427
48.706904806536436 66.61372412962143
38.89267535089611 85.88145196596848
94.38278585107602 18.973641131150032
72.7849382407377 36.30130700749123
14.364010161499618 93.50477464710201
84.72445762301668 42.78728110206953
96.33230972489125 13.127754114466693
40.284049719780235 14.481023312417163
94.77610998183378 43.120895276699954
75.71408054590434 7.058220938802995
0.40985594120268587 35.071235893494034
10.591023822353218 57.2939505707363
78.82326849955163 41.906565876623134
64.9758799501043 3.0166443509562546
0.08384665845890815 1.057912490363
53.60767695881956 8.282243802059863
4.620077885966123 16.53481435887272
77.42655338565692 2.6995196504039143
59.78748744595741 56.721070585879964
66.38892484950193 62.217901775619296
47.77882398914992 33.72453463193836
87.81033922412662 29.47731614164182
94.66011360726945 75.02948315147837
60.16507558395499 52.33192169781926
87.58235012721318 33.30605662413342
75.78624566690593 68.58271598490408
25.558920403938746 79.7764355943785
31.86309410193362 21.67672889606449
40.49788847325271 61.37330631752349
49.35928504475633 52.09065774171102
33.696217053468814 15.980647402687232
4.289807862757056 14.776518469761402
13.500692696482574 40.64378824837171
96.00189172672347 98.24879129103503
18.590584318625368 80.91259697795137
65.6707972624752 24.463606725258025
70.17884166705264 7.407582200011409
86.9299735587958 51.37088598295642
38.99322688302371 30.582299001863422
56.753660163778804 91.23779834907484
76.63012122523813 34.13206037912846
4.57104700310389 66.9940784067658
69.66729201233586 14.058051911052182
15.786946923007662 76.68965587389775
30.65295090904616 53.99686321453141
87.34028267921583 62.01182584018805
39.68619769324302 69.4045500201425
57.256054640118094 80.73545802273065
62.56282661763544 21.29189700125613
61.86825542686849 9.289215821663355
1.5257899115360019 71.63880535817822
47.38674655579067 92.50920295455296
21.94912587549713 88.87273926396544
93.11368238513262 38.01713990751183
43.26833979159761 20.3114129666075
3.338642652843471 80.56167108763897
56.31185826508764 94.32014615586924
13.772648894180683 65.0150058433897
58.72192413997237 97.93383803111647
83.31465734464447 93.20226858713094
34.64725989986916 3.7525867882155284
58.94464117522005 29.038590014466404
63.425689221757644 80.93037276976406
0.16099484291991484 0.31280696858670964
80.81802578656266 56.05760269921183
57.02656493472142 98.7738749133463
26.178860091925937 25.35129032796806
25.526354839801833 53.52277058300834
2.853804190391429 83.70321261148221
14.655763198387328 64.22359282125392
37.79830444601298 90.96114936121857
58.48480825441777 37.79087722348977
70.3148281408652 21.478261850951252
40.98633789600843 52.122491296390194
75.25310540216516 69.1033499769893
30.730828254532128 56.62045048219293
91.30428756587396 90.52451353182589
46.137781904952476 17.089484213930817
82.26037744850868 6.267997509246825
69.84985511913406 30.29426035946441
75.06912266983741 58.71891909198137
48.06846007562682 53.02553895066951
10.27387498451262 32.18778353696132
2.0927977139256315 38.713826381304784
53.61452494061763 24.802710276935656
85.13397863516484 38.29238417368905
0.19749367396009188 8.933454851826795
14.970773580863316 74.40762819466886
46.98977969736915 65.09022414913
14.704878825089507 60.09176991581639
53.651634123751045 71.85634564708478
4.339592225276312 73.04519711039501
66.69110737997516 87.19842881158375
11.090489244292968 46.52022283556845
77.36988570936462 54.720106149847545
41.37464359518794 3.3077867857408183
85.01560025535002 99.06145926064308
80.63815799085181 82.06086784187431
49.471445158353134 92.84842583296147
65.57634293366677 24.08988922420008
94.34958183132099 2.3834153953829817
63.002219577937346 40.24121260386908
26.921658785057325 66.27991516984227
54.264244156183985 52.121745415472965
85.45603727339677 59.36931094894864
13.837225751424898 86.53241014294967
8.201659529394778 52.98960292282047
47.41234458007029 98.63856427523166
15.795811750023914 89.8551670345774
12.949107344132639 74.36477133725666
60.468528371905236 64.31134668834385
31.466927760183495 30.101791506795507
82.13745895068045 80.50373242872402
48.72538405931339 96.92356954941157
26.579992912425343 51.95367511719618
62.03643340233882 16.577348395396218
31.626503136245198 13.558054720880053
77.71907744236421 68.16560320627183
42.25089010105503 8.3205789292496
91.56636170911798 73.5673692719651
9.621174126899446 50.19892257517695
81.96288390587385 66.60611333007978
92.68625418396334 53.662501888328286
14.603061864046406 46.84706854440177
15.779114514991344 79.45915431698826
46.548214861815175 78.98024529488268
80.61208559883136 31.275263900657535
37.91461350352745 57.412835499894996
99.54754487752133 99.03391004363051
30.948786970586163 11.550675804976462
74.28508939849152 62.805194440659285
51.20465502105071 79.3381426125049
34.40567962001704 91.87411601869195
65.87075720832047 77.4575357615022
66.59501400829413 19.84242123169695
73.26668448132958 27.99243559216937
87.14700257497647 22.158364559666822
78.58911703475806 29.324812386629805
59.38158951791577 18.094126938722543
6.90301425351294 26.19596434384097
68.58293885678557 65.61350047622183
61.441838971872876 21.25840377493098
42.1037997219877 73.51700870609248
27.470244274618306 78.20209103947971
93.54646957420137 84.9678036132679
36.064823312872974 80.88147532058333
38.783204653405704 49.88138150785972
33.69293794160664 75.33304925425355
5.713273714040401 1.827938864656553
21.148415570990675 83.89917737620975
50.21548015869632 53.88826528830231
79.57205768814049 2.343104270627294
44.1035377168256 16.70120161680955
42.56474720337615 86.38795709440794
50.36967688770058 24.87458157942031
66.73571167525158 66.6189874167767
42.51741941695879 38.75052056106361
52.15932639988732 66.90576312879534
86.69527128570994 50.77558461949137
89.8429963696954 11.771007475115525
14.220948076790618 13.691922123206801
12.302889384756721 19.88694508108102
62.678309616232156 35.995767320688564
54.09794669332677 95.52897981400154
90.77233741376457 88.99682118428751
73.96512443997858 0.5816337362211543
70.92999407451424 74.02511662062683
40.63265928127411 11.543192721087525
79.7116132419004 6.976025836088651
16.515370823107567 13.594380440842935
57.74297147151584 32.68661152794061
63.017206436874204 12.064418902956952
86.55621224294237 32.47999551679672
15.944542575467935 59.73757370218142
49.81157882259299 38.9555583896781
73.88591371453133 89.23686955339092
82.06732743554694 40.43557289458217
18.507342038313833 62.84525615321446
66.61806395880842 60.86234323320268
81.44432910803812 53.38004887730086
75.36756416746249 77.06600212312753
62.18074985691939 18.834152327965015
85.71665149299015 23.065637928581406
59.30888587702867 48.153702640451
33.31137376119173 83.95142456903632
90.92214343165459 41.627404984737005
45.473356676473145 70.8378205738745
82.34036613423935 69.53488630587643
62.145437368063014 9.589441705120038
68.60227553711016 76.0195175195606
15.570654350245716 63.216917618658485
30.567994541442012 79.72817680548887
33.12340910074045 95.91637072583765
36.8023178389202 57.13922208062216
53.65636631988468 93.92589970273401
10.447250773200455 96.41439547494319
12.833558333929872 33.480046575171386
34.240143147339786 36.22346991926504
84.5984575459878 49.41493006773303
98.12609467742566 47.92685126846627
33.104476434789596 4.019351210891964
55.60125557250437 86.08298014813352
71.47532167212543 92.1837637267929
11.44273676816383 5.659631262080511
75.62604104637123 90.31826329367996
52.57193900992523 21.988556972027883
85.29764251465421 25.4407188821109
81.3606507056637 18.78607625650668
85.06553527622611 87.79400364616883
51.81744176047389 66.48623648642563
