600
1 3
23.909361797589334 3.0744950310719554
94.45542337493063 87.3472726056056
53.318027408773276 11.566821099278602
42.72242010536304 38.09095373141862
66.37525938592499 55.24959522382065
39.890271292113646 58.63474423562718
62.07151906954365 5.3037272729554275
2.976351293422197 25.36698525511234
40.85321720214854 10.415896038364568
19.77780572365426 93.71779979944854
68.52619898100822 31.164783340068823
29.177864867524693 55.933949456877045
81.14083699908039 72.57829054078509
99.51906916374757 17.30034388042858
62.46450390649305 8.803306614445972
31.734612954809705 4.0407109560316234
96.59303733562439 95.60876124452209
74.27767929034962 98.52202726657535
95.3410133390446 17.031691682033312
84.18268411265963 79.1532615339771
76.91765773755228 53.58001462961744
8.519773112408924 70.06336924546362
75.63530441149906 87.89544758717423
45.8742096595854 1.6978269176528338
39.16962741772565 68.21673870884695
99.4691031480207 14.230497599863057
3.704406811722105 9.256687517396234
95.254930414851 51.94137970496837
1.0691231025393044 15.080503708623505
40.26778740701151 20.910866548770855
99.28963516585424 55.65275646421939
76.92084902400202 85.83509620434042
56.29793465151627 53.327524525070814
81.07554352553122 11.186770584553752
58.47405196425508 31.663520715404214
50.27226271948037 16.899349368264826
42.28042263006628 5.8400774271696765
2.0483932580360076 73.16252704514163
45.11886131922416 37.695984133663174
70.40996988490957 11.187939027464932
83.62031261066807 7.978995912119435
78.8356645590617 29.683739484397755
72.40592954730445 37.12994625950965
21.07875012847962 44.80921486694034
35.15593618500863 71.14530902182518
67.7826731589991 47.591703358974044
53.09962475079442 83.85152406005918
72.48949030808423 41.6129997774604
28.605122533023696 9.538997254305315
42.60915085757348 8.364464770355418
4.917243149019979 15.79234164161203
27.892485086036324 74.66702995698824
29.954312135941198 90.41296490181179
54.72964203613431 4.227976130714417
45.01268148581039 66.6506981535465
95.78970478470887 96.3776911006669
85.78029274739016 37.17831518649586
26.304252466801394 62.63100573855236
30.822085105912087 84.82118831974113
23.06641284553144 98.04512928011415
69.69640480179946 54.83364199173231
21.742135858490407 14.190419155430089
92.31886852629327 48.12005831151402
97.68570230207678 6.466921185165475
19.689431761491647 83.27940831370175
88.33916816907089 34.08415634875907
2.1287196453267265 66.66152140395218
98.80345696523494 57.30681020125756
36.39808531144475 67.79976185390872
50.693525887664826 65.61175990678547
32.108889013277754 58.55157380772917
33.08763188550215 69.08896542126281
49.516852504828 79.43909901464966
24.895210090403943 43.954160907489715
70.05912499886394 85.83499616453716
69.01654633848642 33.217897123831364
82.36005557157944 90.58747292114275
2.4754265952345644 11.533014630781002
86.8082783857141 18.97040004508772
52.46980380020956 58.80485316772352
70.12750361153203 24.265102548405928
75.87172584344657 25.753888090649202
7.066659944163245 18.416471005424317
42.64248490995206 90.55317342767368
69.78652274041484 51.78437700415888
55.81047281305829 73.24815737599313
65.10533324869279 8.234121740028888
7.010631203176332 68.75826412894858
94.18837178383099 75.44869158802526
16.31495214105465 59.426832510044036
90.27978497951013 58.655482301377226
91.25405532467789 41.879454511897876
19.68494032519508 96.39387049621175
37.935639231648906 29.0257558781748
65.59529639672228 4.708145539869157
80.3942231184698 22.392994510340536
7.247052520906849 63.62343420462315
10.203427264212905 89.4708386955104
96.7421049407644 35.04168782940846
39.08643263285035 58.523421082238734
62.00486564618648 94.10286844067737
53.404500382579556 96.15557325244934
93.19366806511218 20.622903117629775
7.645021080873837 63.799046083204836
87.51655930369407 64.84481738374252
57.58180570048425 48.403594286016286
69.80186610132037 37.87747510204109
43.617944109899696 60.07607149917593
68.30159276544836 62.498850521315276
56.27832181324371 38.77408140030418
68.44209402124086 74.31762348475328
25.274179812233033 12.070610934795578
52.064137066399255 9.92269913453061
70.01402640891816 35.11461287807875
0.48207088430169964 76.18979511123423
8.621656426822266 83.3580386099148
56.7239849839714 81.29050180749063
81.98127690845749 35.54202336117598
36.52230707598183 82.5133535332576
1.280794216323411 24.128998132420975
65.67354788742215 21.7321908982369
57.24705643769672 26.421650790316708
70.64847909411202 99.42970352253153
41.9498840494323 26.57845719074956
65.16869150504586 34.30394112807731
25.985568570240126 35.464790639132346
57.32474800292222 22.661336506849516
17.238089340926543 68.13156725799033
39.49574025767091 13.339624454320242
49.19366831956946 16.73035003293164
81.26364924131693 20.527373808035154
26.925925224959734 50.919336939377224
50.26359273381402 68.65441003174027
38.731661356655934 3.969439451885859
91.56710728569821 80.21100984976938
44.89142577472334 65.22091719354954
13.323607151319239 29.252925310484002
25.269981601764503 47.47653388872992
46.70516255245851 4.653137122571516
79.09689653861997 24.528625713057185
16.533282933311245 33.763426684607836
27.049691178271317 62.428208764505186
47.842921639311456 69.46017431010532
89.05768799346386 93.65648862908516
9.093127079366203 5.273676437068642
13.93230920201216 53.89925313726231
66.25838551914735 87.50638695898014
35.20003033765677 3.0036215465964133
39.42819725803248 83.7481736307403
74.66869264958397 51.37723949345969
49.17510219891179 77.54677289648329
79.04798118253491 45.35718906096242
93.98194324563029 3.7995569063438817
61.3300060247274 87.46925699606074
65.33494465448197 17.13767505220547
32.656048094520514 94.53425363959967
65.49743014761933 25.347703340944694
12.994417312476347 8.579589891918694
16.79514300888181 88.30105648172433
22.539680998412436 80.90198376275227
77.01662587057274 27.3219592438535
82.98778924565242 83.44778298381618
14.187705218388192 19.586185198933403
21.16272089756852 72.79448558044317
91.04317605245862 83.26092371178859
11.417397387864781 89.43100114322804
61.26473633749052 73.00556623812943
95.43653293477747 90.29139106426653
21.48005108396798 50.22988605749694
51.00574223713539 60.70244363248325
91.62927839175454 30.494144877204054
82.93880975822341 40.41423888486029
38.17322883633183 16.370438099670693
58.61402305048351 38.63158621128069
80.20306414487892 67.10795808929078
53.43032692048144 23.90752881350917
23.911090301039906 21.616514913884433
59.97808504019082 51.567835692532405
45.887527351863014 21.89270882027412
90.79329641695897 4.603990188401341
29.526559085028392 63.475040970353234
92.42109194219029 4.259418974022711
80.90873602022369 87.03036549614592
64.99757427759492 97.25446431650954
20.450346803356002 74.0886198131887
65.26964919843637 0.26134986999926113
86.4817445100312 13.621119913630286
62.20904838840955 35.59461437090439
90.44544273657802 60.83964621545037
22.952810469878425 74.34919068677408
66.04432814679875 33.681895997310775
62.01817547000268 13.995354815917938
25.230996633519066 35.478917786933465
41.07570070923041 22.209726466884682
93.07666334203945 87.85052177440336
53.33144300533637 61.03269248626546
60.87005675140904 39.537117760235496
91.17910024898539 74.38110139348252
56.30098948800399 5.579886552401381
90.98842216881296 11.970719723712975
75.8728986435052 29.988741374450136
81.2906774009649 95.62705214007754
66.72641426874138 54.159468509685496
49.79018978546612 9.325963912290458
89.06194814371209 54.123972235781935
83.29076195878696 43.615149201532155
45.66030005730568 61.07139674357636
94.78196926319164 74.89770992893511
48.306880200708505 63.751944447003495
16.11414208055222 54.16759491176497
44.119215339684416 6.349461511698529
55.91827797864968 32.65308589639495
14.833193191475535 97.33567650549044
71.3709660233427 44.1203014609485
55.94281358580193 99.92511121941654
79.96260475098312 65.04668732628235
94.48971718351345 79.72814970802938
59.589018325298724 39.378459051490154
1.458215671099894 64.99742592092188
90.8531856134888 56.464750658988635
80.98580972817595 89.51457757074377
79.7006828747848 99.55744202544703
13.653735859755622 43.02273158852741
53.973836100225704 0.010896028448681427
90.12062890546501 17.430049948109748
43.73821572043774 61.93074926851023
79.40103536202076 46.50286142566029
48.236782689473756 98.84450400881282
95.68652295083989 90.06285689226436
75.1428112960931 52.23995831684667
94.99120597075854 74.49965521552922
13.687812876214789 78.38329467394685
14.817173727878053 75.98119003655808
87.61058316381359 35.850255955589326
1.1069424465370403 83.61918981223877
48.25786941219856 38.20379629312667
68.91900287909196 71.86032652001859
72.4969040466548 59.11605515368048
18.075759782398237 3.0428410146735363
93.7421455969005 79.48746957658568
76.96590967408747 95.58992005576783
49.053746617184245 38.15318731849262
48.60174652347884 38.694367757091584
96.93290197847178 63.07779162626055
52.276927004613796 15.298155563639693
13.509865103010466 64.9372131538239
78.8460493062217 12.81835187952305
17.444965537668544 46.32670380361501
28.296355151577757 54.68707228748588
21.62230782300878 33.69351453303613
22.184558895622363 78.50569577583101
33.664485491084136 41.93117089835574
10.79162572595953 17.51192262522632
48.48689908334312 34.55131612851028
15.96583000764429 76.75535840986302
83.87074592917583 40.62939012013278
69.24113410492103 31.138089843974704
1.640671470892241 12.945992446827614
62.85956695694293 48.06614558903644
25.543582932292285 58.55915475830902
34.43138770669625 50.11750594847699
85.93439023261801 48.57483199423207
33.51243428111772 89.27914747277892
58.86935683598475 72.96856279431452
21.756980994139386 31.440841624124573
35.064350705192226 37.745319337827524
86.75743250235122 0.45847759812900346
97.54884726913791 56.658456408104385
40.68793873628478 14.920447831161376
59.350781770403806 79.9606872568048
64.27339861513646 33.7247102791981
3.9225091900793263 27.913471160656144
58.87341816897455 45.48411534567644
56.72630708490934 25.79421766328325
79.90869755121257 7.664751052209007
83.52021744734867 18.473788282792736
59.700788734369596 86.57393488179943
37.847969549461034 73.48345287338196
42.111602290459075 96.30116294875042
45.0062779186037 20.64431410757759
52.67516663577558 91.88176876356214
10.915701368343012 42.10957104451549
57.259359082303064 72.69453316989656
8.751558271178883 32.55135696079412
83.68722398629829 35.77977244509765
24.446402871502748 97.0588100546139
46.60186447583081 4.424085068409944
83.56008402582837 77.19286405729062
59.6437691882469 65.42143480042317
13.602097196440234 91.76809235792713
77.6201028277622 28.912047082277326
96.71103396343052 53.010646978406825
17.596089262358916 43.24915357719546
87.93771644017771 63.06195101922831
4.066210503214629 80.01362319053136
97.07537287875654 50.431313632449125
22.52483948561208 82.55121386009272
19.027738089838042 0.10350996564072457
1.9948730124678127 87.9990673978339
53.05633230250584 96.21632553883191
85.73997806190641 39.12032489311448
9.093601278181884 98.2520468650002
10.510930017536179 44.77635274236502
41.00104764090426 7.7906789389478925
65.26217304709334 35.49605515041223
74.663331880415 66.58155476587588
17.2234436955369 14.87770471484211
28.89931468791216 94.52023694003661
32.72208726862931 80.03530599325914
30.939537063804924 26.007731045600014
38.606334069594794 88.52791753586604
16.817657088900752 79.60597237393392
81.53621762326362 16.215891218141508
46.19383014214395 95.89471398693479
37.19968717071338 28.91488234194739
32.477187576584 1.31435594171192
55.39088486466128 54.41639557370106
2.2441057479529736 17.227759221609084
14.68802401185707 91.17810436842171
81.18965431018164 73.97035866248802
57.27589645765616 32.341648927669084
55.21661100562545 91.63683684251626
87.83272569955767 21.72578864676926
42.88234514732356 52.39978376906256
33.40943455403327 75.47044757557988
94.8201646134341 16.38544158139115
95.42114697047215 27.373763595682888
5.4359665452918815 67.77196407503851
0.20777129750653156 11.972555727449418
75.03333714895565 72.41678183366925
52.65388914861984 0.7127691897076405
73.50191486933579 60.24789944746378
60.227991678532675 79.1940585232703
94.81715453385225 80.93887035738014
48.350737164996495 92.08311600897159
39.844689258288454 71.33285019473566
74.97673088772021 9.346459478025926
61.89446983966178 91.44194009175972
67.51373809661025 32.07114475178412
86.85863072151952 52.071788769996964
80.6217988723994 31.651035440210794
21.302856041987894 89.20983750833224
97.74831999303748 2.3919099586356074
98.71299584085808 36.78623219852908
70.58360250923738 36.42542985619419
61.27115731019339 1.3012433870184692
41.98367157136636 60.05386113705023
88.00961206069893 80.58363169095107
57.1269120625236 84.56088271232902
74.03590294976519 56.24049240186719
29.83980503086552 71.06634384467321
53.25426690561357 23.091401044213523
26.42188247311097 71.64506337013898
96.92986683023479 86.32605126255662
62.9941391976075 78.00253313042546
99.32877464268175 54.06309913750336
85.30404551186328 76.12393648882754
55.532674307242445 94.89949974610965
16.040573226063557 27.373493677423923
66.53618879761905 58.40890700649282
57.063267490032075 34.93763631042288
50.809201653792854 4.327070986893
90.8383328088893 35.69286583188964
29.72609277636531 65.45954279627007
63.12376511239102 89.99489169271071
62.96859025725252 47.2693248395639
56.39110629950079 62.2633226150685
53.417420199333534 75.78341958870216
9.688524399311405 91.35008635248141
85.15422978911987 6.003383766659898
33.908267773871856 2.4334019807461083
54.962177043893234 19.248121639429794
58.60566047131148 35.40225539306838
49.595117258622956 93.5397661719824
47.89615142894117 64.14163969089637
98.26786128777962 57.299471377976616
64.89311247190899 96.55017566404224
75.54133282951638 79.29907426047242
26.258181509495326 69.37411673608321
63.290518141510745 7.614272160960511
98.58110900846688 53.20982616350229
21.76641580622336 39.16915920887032
28.488778558434902 41.23703334726736
10.590259483156794 89.63906147360217
72.01062109493752 90.59741004029549
9.166450605299348 39.281949954869376
8.8552655363483 54.81379601224741
40.61064636126777 23.3594066442365
70.7716453815876 62.50690428451162
10.395677710794637 23.293257395023037
38.85643584879679 75.55678164421661
48.15674853291454 21.28337164983547
65.65770862956015 40.58779390607204
82.71239498181097 13.487797741955587
61.777272323131236 91.56261497516174
56.14694551187971 12.631765968079446
75.16795671578384 78.86545339435128
31.917464407193364 70.69522342570752
28.305530072058428 61.308941863349716
14.810000998817173 19.573046466526733
0.36090943178368473 67.42554881933418
21.604999363432032 62.834846329361696
56.91541034769676 42.842253942843065
64.06733186281397 83.95840164776023
90.74852553789769 18.020015609561526
42.3677670242677 11.870157734840369
72.0565506226854 67.30071892442145
79.78894635901561 89.6798778920713
80.00741571934522 69.65931419508817
35.29321664406619 22.009105680726606
94.20307499301599 67.08325304332692
3.8076838538750435 16.859713063198246
83.53676387655639 24.520713409991334
31.681624335607793 28.998784980842117
67.9435416311635 59.57647045878303
16.77058272591787 22.992878472341992
15.648170947442864 51.53810559603635
43.92101828885699 91.55986484411567
22.360978647227547 17.70825204416433
27.754020487551756 54.988110047503035
45.096930306260475 1.55181112507905
94.92257578371499 51.02480252129287
26.58556841613864 64.73558379681627
68.03367099619165 5.489224348838828
84.83585695569997 89.70422896337604
40.05293784876738 51.99446112506951
45.77035695337568 27.20376533944304
30.388487585599535 83.82624111390469
64.85307360438932 28.24935756612197
95.45792903558605 74.95868565052739
21.18587598138104 40.57051432375012
85.53001509201177 15.682144584180024
13.961580525527273 74.34849812719555
46.50334534474418 60.765674546548865
49.18697489047583 36.60387446459554
82.82864533659078 60.10641681664119
49.10591502598214 2.715474137243734
4.02157232201521 90.64159408194952
57.283184474541684 35.2238451922279
32.09242989373911 11.971454430633898
10.287085839734523 5.496071651819379
88.89098400919828 60.958949189118925
32.967009679728164 8.005476200876105
88.44051165291577 61.35319987208281
13.470035409151881 45.811940680947494
48.59372518336333 23.297309719257942
37.316196474930386 86.12119575619505
48.43052597762747 14.320089331265251
20.225230688181806 29.173600849728043
62.364957894891674 86.57435699493598
26.016862132160014 73.57662178838345
15.705577830133844 42.58055815558275
3.7948091585168653 12.713710198417495
54.25642394615859 60.210206167184396
81.25879161244853 0.3123603893385063
29.288215276265216 13.998240977945686
7.2717233583285745 69.40748101735173
68.90556625073374 73.72895613944218
55.297162351445465 95.5819266289022
94.66898703678186 20.244920531324873
53.27065917270295 88.89620710641762
13.323346401079196 75.92887631997512
16.888692421264338 73.55884981798799
64.15689467419074 34.619709712869074
38.52723487208949 26.48108320758782
84.31230210332943 75.82336728556078
65.94939341327776 64.26740780575646
65.20773468695515 23.326635173050136
40.584516385818105 33.75050223224834
6.747341458493228 50.742287392856376
52.46269531916419 78.37304293195066
30.55216097015434 63.820540293261985
29.239641799671425 74.3634463622787
16.211282477514686 15.898239607828124
49.85322730675568 38.18519070012889
87.64586558247507 45.74202643079377
15.535435531132613 7.669521528879475
89.93947254884166 51.09299831690868
86.19873808675752 29.88099901148975
14.468128092138222 56.18421188541796
73.18303130564156 30.196718014044578
53.61307149421193 6.804292447549809
96.5474363797685 22.352456255974417
84.12164409099647 83.19899668625288
67.30956516448981 6.82861177087164
8.470514150717445 44.11533523779154
87.33766153711653 50.46892246360572
51.590288327437776 59.3211761884906
89.11445616456344 77.86366977410238
57.78544339467753 67.60288464675523
11.072623374331435 9.892928613189401
7.4118335911739885 92.76755149080849
31.290164562350586 2.5143328576141766
62.355936577080165 65.15044772283305
53.56770231231034 58.06724919183522
83.82522430503101 74.88414292560223
41.16513301049176 65.74382052427285
37.80219237578859 37.59920407415653
93.01180306708162 83.10910554127719
31.82691901174366 23.912285700248283
48.650861782062435 22.75753074684168
66.16635039546073 79.34665597990917
50.512375361824624 86.86412703998532
87.92122946884322 25.89313848130377
77.59636043415314 83.04642633733728
69.73110405886209 79.16046464663005
18.16363151557301 41.80052850227052
57.52120623405532 40.06280937380002
43.95029806923565 69.79525896675614
37.41739445757559 25.539101487953108
66.31597357735448 84.1775801739993
6.920419479192996 94.73402787767589
1.6828702455955025 4.985307142372175
46.73392323113015 38.362658960700394
9.164304612276464 45.17603123528207
67.34032898694066 67.81214106922926
78.67876049886094 75.78081110375177
68.78542202572487 80.07764358909755
10.516773315039995 67.31375557885816
89.6677624387404 79.32570001557492
88.46256838826956 12.305957330619766
49.83174154364638 85.45717517003118
21.1292709010062 13.326093518974558
80.24201999462119 0.8471079294456008
43.64764343192331 82.99405663757871
18.638443489300904 1.845913535192767
7.750083612122949 69.13473459756976
48.93930457731375 26.145908426087907
13.145038265500952 50.096517737200344
20.922074685150815 26.249038082934394
41.24011575949575 37.115048221446536
8.251239252424835 28.144602031254063
8.371453298206077 4.089159445991064
87.95546410845596 24.743976190909645
80.19331609412257 80.75119072602901
13.15803776789859 50.58553186520507
78.22028517761174 59.59766911162987
48.43190560723522 38.486409945013335
90.59002368619132 84.05895055569141
29.00512436121112 1.484640475035981
74.148121381015 97.51436194185
10.894160876986092 1.1670171227253334
45.56059435883719 24.600613371400428
86.60472813867732 1.8251626020414857
12.605409171464665 10.042452709916795
17.11941737183127 49.12116906363537
14.574329661736684 88.38217846852561
42.25788400744004 94.14779794432792
29.94763375028624 60.78107300714963
60.72751832861185 38.748319658057206
68.74105312332051 36.62288041794668
12.64118342766114 78.11886506970787
82.43864100834011 7.5644840640367805
28.124095109196023 86.65748266839573
60.40162356018763 96.89638545604262
97.77602573947446 64.72754827449891
94.8954411226139 84.79826154803737
17.8877237777209 21.79117838729092
33.81971281521723 59.9379717112043
31.503028941517776 18.399719123584156
63.685638194974615 22.061734897587737
46.413156607089775 59.63640245978936
48.47516939270848 16.713309388100694
8.555389808322955 44.82972958130096
57.33585588691772 24.473556189296964
53.06281719793926 8.62787003455454
94.65817243286368 66.77074873847475
37.738155351663764 20.954265763997746
86.09027507253815 8.871381199603556
2.271239964104854 30.163455070974486
75.24112635304412 48.27512090456572
75.106337556926 82.55636965374651
81.65097338649585 15.546226036947264
25.4375147514915 75.404011075885
23.590738025037417 91.91872677939404
69.48849551672434 93.46010503333638
89.8771154906368 5.4700793096682965
77.11417127643404 64.66956258289265
69.3848322050938 51.44604536901629
40.53519204788167 10.609942725071253
8.898079322092123 33.71369379791289
98.56176731506415 21.398211192100234
85.81577919985537 24.5761788677356
93.44187404433444 22.866549126712954
42.047770964830235 39.96472050974391
1.2657442139684116 30.52766775122846
46.40289373353945 26.89997352958389
91.72240035628867 30.297902234241757
22.170962873106582 48.558521096819504
43.634071357276795 50.033203401512274
78.32118181757531 85.67771725834454
72.19003693665383 58.59705897451419
37.92119935426446 65.47037167765326
44.677585341995815 95.95746124953209
71.40095525983115 59.06560302176098
36.378889995324656 50.771871776751844
54.04594857518998 39.17082344670455
14.602508361281718 50.594889592966055
44.54041025899211 31.05273927129324
29.58518875349707 11.674564708266466
