110
1 3
15.835014052040064 4.693425863550127
17.5419643862464 99.6507868772303
11.315191323324857 95.13743167413134
61.34663139511631 32.413653421219244
63.204484146851044 46.24654638997696
95.01112594178711 20.453578618732205
49.02052264451999 66.82132434413326
71.9654316711084 27.783519991405626
48.97476319250269 23.46622120853581
24.55699450654343 84.33240279265335
88.14200527227949 14.035434045112938
93.23959257164442 58.074335181919736
98.62367475666665 35.13328053877902
90.32543252511786 33.08672392695882
72.29537577566747 31.54461809039355
45.493933047735965 95.04181544525765
10.943879901343223 79.39890818406458
96.80229751542126 68.14867202353088
88.68812095107859 35.18986053070694
75.22727100772724 15.852325183246375
50.176229676427944 27.13736528292172
83.08054626269698 53.88560340152697
64.8530083380859 96.52778401004898
78.43223136125212 62.34456999911095
50.53821118003749 2.507894433612834
45.10927587842559 23.58867048415112
10.065463198252079 69.15629755477606
56.29511923156265 96.09801372920286
77.50937138974186 15.906889201865848
86.63858318687161 36.01386428107887
32.813150006383495 66.99426255996647
21.21014031685695 39.417040709482286
63.1400235022012 2.746560540352272
65.92250806118652 19.841013686254925
58.17385167990277 97.97191582877412
78.13820486288374 34.83268207697125
33.92475816059783 61.86281290486582
54.911334504637345 85.02685058559804
99.70289822689438 76.08993166972631
63.05636335504381 16.025328563722407
70.83007685305971 60.48550831141708
56.38683694209916 42.13566644206357
80.04220225257903 56.01815950230768
62.453112764127084 44.78933973238923
49.657654787742665 6.766431575531584
70.73519425961912 16.13835506340635
26.574852694643035 83.24132397587248
78.47738417559458 42.34626224430069
43.40002568628283 17.237062823901674
53.97436941525451 14.29965420360233
25.993265891170815 21.345575148054998
26.30134369104795 77.56636696534147
31.483190751073952 99.84154766840064
89.27110103144061 86.19039123462375
24.115402145290666 34.79416125010468
0.1159908933010545 92.4969726946502
32.192695018958496 8.332696287899722
25.574496261930292 67.68283093577887
74.77572135100263 85.94528758456741
53.45746665249258 96.77139769248618
61.99688676227477 60.26748831628386
86.84782199176104 95.41880059673935
18.16835877454597 55.02342131873672
52.542340429488554 89.67070307935307
37.38519226672856 73.1861514302252
89.57304198506878 21.624131940541268
16.097574555640513 89.60140391313767
23.74605565481962 16.269955685204685
91.38216135459014 56.82457348759571
70.61925287667503 38.89869381725033
40.560860000747255 19.12243867778407
85.96948141809139 42.13318592562418
43.14289455068503 86.33004426510517
5.725434035587762 91.24356106038383
8.273896327575425 46.204362000439936
54.628158928280435 97.27425359931838
65.20792208494821 87.5319106050625
35.21994290868293 35.122742707319745
17.031530520633464 42.041850031686366
28.68272560415153 11.406631879979855
21.100436616410768 13.038495374661462
3.696866021294931 39.38816013194031
71.95588934164674 56.55546507871245
15.508156045836841 43.51033685759482
74.4450564126633 70.30818629300694
28.78348006296987 83.25648259222396
55.883067135926304 45.94982223242401
55.964349881869865 81.56185695517159
92.8228979362957 24.810337993138987
67.88652207511635 76.88440295830054
60.018816558657086 61.22766946585288
76.21364684573142 72.45263009374582
12.130809956484878 12.205711437859001
56.773854195975645 43.263319271519805
43.85912373475691 51.73637415699659
94.03479688148049 30.934001113475684
0.4158574536982096 17.606413086237115
89.53972872889221 31.769543277366807
95.11182884348453 88.70729524102418
7.958969036223373 44.78233362621759
76.92269798240223 23.873113184459307
86.41520062093807 14.124290670272988
83.9732650150796 87.71387980872085
2.0091543244938004 69.09919337951584
19.930394462506772 84.86540602617187
76.1447087517387 98.59958057751375
20.799444238781064 31.477748462197507
38.54291416359457 14.315913226608723
51.6580237537976 93.09213116768822
99.7345152051808 39.88241129134791
