660
1 3
92.3141876433714 22.508864795789975
4.446009602322221 66.27657692181879
19.130611070389914 25.325788168563502
82.01042668121217 6.841428761138224
86.75856824891632 57.090938689031326
55.38349349065024 71.1340543939515
96.22755017400688 19.906350479012723
55.93483336692859 82.33453648384426
51.165498420952346 33.383814753369734
12.055981126643012 49.886277985555424
43.30317362700511 79.82040598554157
33.92300814813336 85.56454695908937
74.09531771886246 97.1780943801043
20.403022590053887 51.399636757570754
24.174845305361757 95.82836797720505
34.836307054625706 92.5639965616926
25.269956731113787 18.345607223238748
19.255633333356535 47.19975472807016
53.07185596438002 2.848983147503459
14.67236564830172 71.37925714228082
37.596675223777765 99.92603522382224
80.25148243312827 1.5751032415405986
33.8518393237033 46.047564340407064
51.9768912229799 20.07223378259406
96.28327023120332 1.232894166636167
3.784133126237177 25.902694091358413
86.3797044171635 60.107356787890474
1.5787059822212735 93.75635360918648
38.76065150866261 68.5438638407175
61.12395825420507 31.07834704444581
54.75031132945654 75.22195946826255
40.63977525647462 29.079762365361162
50.92119048545418 10.909464930795544
53.91006016775444 50.09877522424886
54.14958199528479 3.6665874847377378
22.16336815465365 76.45351578003037
17.667004107081553 46.278104895144565
99.68932227431739 97.19727208671091
28.739411891998557 58.91099966843454
62.963531889190435 21.347908525781033
27.83977376404525 47.722714825726875
80.53226135660785 66.17761465939644
93.45258088236731 54.16452030714296
12.551882771183909 29.2303689591108
39.07613550387226 30.038868270215445
85.21041629292306 6.937336199645805
64.56676266894839 15.508310611085996
15.105185253191532 2.3070950941042723
95.94316930646013 59.91149475030817
40.404150316919726 21.05455394705129
52.16455351767071 96.0775331914935
44.84961393572722 26.447278113825412
61.86766995644519 68.84882364911785
49.63770338509066 81.19014920709166
20.293198909000164 11.630323525520204
98.20051011893914 1.9525363588200007
3.445944123388567 41.60373022261814
82.26752737165309 89.74628679040211
8.982324740617642 9.867723369474636
81.27193043991403 82.09422379194487
1.119483962934531 40.265073764645564
24.72925210858041 9.566045341836782
60.22571039151086 36.0583047720628
79.30058582897492 92.40855193472446
94.01480415957751 38.434504512677094
42.35624617818132 20.63674028450688
16.44108504585673 59.020118428292065
19.934644007027625 37.479866173987865
69.99585788818277 81.32711059678554
58.10887240542462 96.86787651930442
65.60555426805298 84.10820393401737
7.425316259716119 79.922682418849
12.561872329462066 26.206219090845153
76.20426060847659 33.661328465092154
45.60825667670962 14.405467894061918
0.31857753460389215 57.46423919303967
3.216961294122078 76.12135790552725
56.50819678627599 71.34208331810828
38.51225669920535 24.83640186406881
74.60648532073763 6.3646212492117105
82.0864107505201 90.80112238149522
49.10571056423096 43.246486158434074
35.65609339185853 73.87108590404488
24.566324895561166 79.77917407033519
83.78188431351263 87.19049904978127
84.73185497493458 78.92367323157114
65.17109116389554 89.20414398427548
40.16013550250459 13.497412893747551
53.12320351796846 91.59518647762657
11.683004903290684 37.324298720175285
29.24362456200067 96.64650344282153
14.510644751641077 5.14589704217201
30.240224187990727 10.378305727595016
63.81283562768261 28.870896865565054
14.921246799557352 97.2554710393288
84.0033028867072 7.344028810392644
50.3093192368288 54.98872832939527
11.93543828554624 45.80815015559578
38.74308108573415 85.2321997577823
57.19051943353708 0.6101843644053639
48.181532592289145 95.48734132047501
26.398019423418305 85.59600593793209
90.97888576903557 50.74211572134188
59.95562527734353 26.16457288486853
83.05454863593825 22.979115076155885
71.49639764385454 38.89361656685617
75.45540340892765 88.56802527020619
15.820513794880808 70.18672636578025
56.6654972880978 17.780542999338643
32.67020633124884 53.63342627189978
23.461326910206324 35.164765744218855
9.336802519621546 9.164781827608849
93.31096992653174 30.03057074284252
56.44195638873528 24.90521919037043
23.475427842575613 17.49318616775435
15.286868308065182 55.83407209185973
13.877140515775487 17.336245559383933
98.84121572178744 75.79233149121676
5.064723769002111 20.04509181216827
34.57119016760573 84.40111699856936
32.54611837768309 61.89863419827002
72.68147908902418 5.295674798550465
82.91605346947418 98.17740218141515
68.21615767641815 37.34378528408413
7.457659311490539 55.17555391112579
45.53394701964144 59.579167236306716
53.13084128254306 86.87183911978215
32.5728859389705 65.34491916946037
5.085661654356177 23.660106457624018
39.42921834445272 41.79044090066968
20.802193042733762 26.691053829440193
36.579608942696474 49.12582407682624
18.480417102666724 3.695958065852545
33.87428632742129 35.2337041992693
5.102911031359758 6.14175106479713
43.402971104526976 21.04480734452323
71.11778497926558 65.37880231324155
63.99626943938268 86.61276932593975
64.55717159124279 13.440071952671339
93.31359127277639 45.69033585197635
23.71393379800495 81.1098200887736
44.67950403074396 80.70192794090391
52.493717000338094 74.70633708417726
1.8681439134042632 87.68653026342115
79.01609813228836 54.057388287816565
71.68785637799158 92.90947348404524
42.56644399448361 52.16591229766525
73.3180647327799 75.93644369670704
91.83490027497747 73.80943723914201
90.34901015540908 9.327746821150296
38.865758080767066 43.602133617401776
15.051016724476174 76.48791188024695
11.022091633206156 59.53016525249666
68.98374694864198 21.052020612821277
42.54631129124322 83.25640467432227
22.77605813991139 80.83359038729509
62.07650724225224 8.126316699544333
58.39934059705223 97.6179106294081
55.03948467489963 84.60345304694852
70.56854218551707 23.9260946455645
70.89160106576944 67.45443967399451
95.93056033393468 3.987964009983558
90.99710789856475 75.10446564881603
38.999616497297374 22.635085968648294
1.24234845444664 16.928842134044174
12.769888549175135 12.023347446603072
97.51890395265185 59.81564281247294
58.68323812967247 31.806662486463956
2.406453202657355 89.09719387702022
24.201110402622493 52.16876545664944
98.07041207519084 50.611376368056014
33.84686929156049 95.60303981605665
63.153429745398256 53.636785630907255
18.30303078891966 52.598956615893954
51.66855710791181 19.706755791435747
77.82487738257598 77.32606324336236
52.127484822131805 21.83847755460686
37.010677795727574 20.03040138927299
77.61653505880064 75.80006209353365
4.640411887895768 48.64430629404648
48.25453505907602 55.86113355493381
71.12435482979105 25.10713988272788
88.6062258260083 59.12296845211469
18.5076919631304 75.62320846456971
7.238212843247549 13.76308477113466
28.470837693656904 74.53915438525274
29.765105121021705 30.594212532813536
9.025296198263288 7.413627787130506
81.37974121502802 57.7252126824427
89.62064439022646 41.418703940311644
43.675346752887556 45.30308045674858
13.074157960489963 43.3187196417268
29.524541111022206 17.04429274725241
45.156752958625404 72.76844202421377
63.93735492224641 77.47292525791782
30.527973509766394 81.77217884505885
76.55097095694626 58.07051711802911
81.01288534292088 13.283999909050426
32.388948305682796 66.5155595920357
45.44471735335689 5.07875573121277
54.52290357429879 58.471174426744255
76.9176916798527 44.25732686683486
7.687215814489257 93.45892273539162
47.77988856214586 14.107469188892852
80.79628761763607 22.389155566095443
14.256968832009086 56.43979968852233
47.164015469447996 28.5223662977266
56.92769821220052 14.358214157820104
61.13226421365707 25.056761458417242
53.68050959733228 25.584945829831884
60.695785561517134 8.724710702966942
78.06387326578697 0.8702825430738192
55.28490819394709 94.29176089519598
49.16862615824298 59.21147025083315
29.92609263963768 30.38694762243177
23.647641312853708 86.62619604904071
52.10388085554962 3.2827869115958253
98.32542828561843 52.287914558205
48.952339793988365 58.5101366430218
50.77562345694624 89.13429130928479
72.08139430909317 91.61222706943724
95.44499580880506 85.70831094250076
0.8306037561846669 88.70224792923133
62.44427982300409 3.070427783771068
20.760483358486482 65.15090271795853
27.33696117733766 96.22905149462643
98.64284130659071 95.61620969866149
16.812862650568384 83.23290860048651
95.25385571221292 6.971682395364631
79.01383647496034 0.22014076517316017
58.37241144037506 95.29169805931701
14.317860103308377 57.105670359046016
31.48935145068341 18.52982860121375
97.5578223924999 69.25264864274948
76.39196233296326 72.84729459500774
48.58521711352586 81.29944850134798
98.95909489929957 28.854890435678882
60.509012491258616 3.3559362677499482
34.302438607510496 14.85752433384584
15.494527212087196 63.68113654589709
64.8456723139144 2.8890850293543657
58.48142587644474 4.7098017007071835
9.170987761918404 70.80166393506752
98.09873530226567 77.89426106546821
90.35996451131085 75.38266643632929
94.60118792503489 77.43311194315466
64.91776322140494 31.997871866114092
46.17561376368422 45.442886056998375
59.999786010883696 78.45848963713465
42.60015531235064 3.5852008034876093
32.20475224714674 33.340195500652015
70.5982874636293 93.5797433336939
60.60600356812318 45.74247754469798
79.61490362873968 34.37057264510981
21.626817470056857 40.372226570176714
87.26480751533694 20.413906464794728
17.217615149703057 73.29604841306976
2.808713720350964 48.040899332889374
85.59586196256474 63.733969299608376
82.71274294820479 65.64946469184075
89.30066090843114 22.319371167148596
94.90073403448298 65.82243979238538
92.28089732271505 46.98943793280459
48.902239244935245 12.425493537543941
21.618748075681182 52.45506793976291
2.233749876623925 79.34003479346947
43.09895557761039 18.83290712538028
72.58210373193424 9.621418911659863
94.95431924243802 42.92793391865652
75.23235588589456 25.328723019923505
15.550044697362807 5.259655410367103
53.2185108038417 82.99576005092868
24.179105514686515 76.46004370464348
24.563437944106028 36.36307998008361
44.36917673569998 57.81408133271877
32.378456941681996 1.5344223826008863
16.152898467637833 88.54482086925822
77.36747178079966 70.29424855598843
66.61971119888126 40.44369754648651
41.52189132066739 59.71544856322453
52.57578004365164 46.293011992863356
9.7985731238452 90.8587372021949
91.35408334787311 53.272864465116186
95.37161019099811 76.99933065222405
39.12727944298937 44.771168372285764
34.944369141005005 27.2183203405276
80.88829517096363 19.735460684692697
86.17902738817149 38.3142664966102
28.28890105845552 36.66992378646097
3.639117484137322 21.432888722983012
82.97562193175642 22.17855022853805
0.9431001633341651 31.77790246135672
78.09100145523465 43.17710951915505
90.58222170326478 88.86859940697214
81.63473863652699 45.288345173053536
27.456982539298224 32.319421308206955
30.507069076024074 68.32658238198827
26.81266424876767 34.24731257158682
22.181946475206573 72.11941881297044
97.81801955368643 32.76762336135954
36.598516428108205 70.94292336846956
18.028908523070463 3.6937545032486696
75.59636343938965 74.93828708805555
12.278423537833682 70.39139800880498
22.834766925178982 52.72387866054502
4.921984386956946 85.80240777958284
44.053914448581 41.41850878478566
91.7295772779639 5.449216208697916
10.688240376833424 25.102457497342744
14.620376475653618 99.15685053684491
27.980226218816085 90.5287360975515
91.17560624677301 46.676172811248875
90.4476475795153 6.202367197519432
32.80559195591255 5.6047222656513185
81.46836864282676 21.22063847035116
85.11658769308808 93.31357620353143
14.142312016912717 64.9263988964466
78.33751959825945 62.65367349273554
0.07980205131850049 49.63243803499282
26.18066965766177 89.43521615610108
63.733415180975925 25.061632478387153
72.54337292453157 53.27329582724447
5.9062493529402404 15.977766887442169
30.776660049866123 76.92869368740509
5.894519198103598 45.64523809302072
92.5166067924766 12.909956279066993
17.007525525673795 11.495110349540717
39.16968103542169 8.701168749054844
72.45747869212144 9.33225902038448
83.45173453506327 95.02985377480397
27.554646190372466 31.776860064600054
56.068272732766374 81.64756150027355
19.572282751836532 92.8463916028238
24.9029356694761 54.822039406530635
51.25014976338844 5.828011899881491
48.29107097226135 16.001934886495594
93.7615774820627 0.05367976825134679
85.59673343429306 29.77506065918949
68.07024227785965 18.783692889696233
1.1678589564467767 27.054243418109113
63.76985123464649 53.43594042501864
52.80778869818023 8.219832940601911
91.13137768103398 24.003486542527597
53.32309315511474 58.47474686604362
79.77478916955893 1.5515755290579358
83.93010708210585 31.12098904677838
66.64031857554045 64.54539172977927
84.46477157243571 95.82334938303548
45.36943783896545 48.44645638668137
22.603108798909012 27.917134020599164
97.88026669381115 51.06008525188239
64.60719916506635 38.56432746644831
72.3547210392726 25.214253368346263
8.961037825514584 49.96721741200214
98.49075511350658 95.28604654588588
1.3487149802769771 11.99495990813968
8.622974480965162 74.46913422930706
74.15421027821701 76.95529561866732
87.8758923034646 3.4498980853111094
52.703278684660205 9.216930771553589
36.461252008988396 73.76397917426121
67.65130231180325 23.196774633115268
66.17089947452861 72.24008604110917
74.29559311615657 18.910487778104155
86.19376238412606 74.16812667909475
73.8092585090218 35.286741371818174
41.61314944143544 32.73494141285911
60.90450463337973 46.889361354539446
89.7381031085863 73.64646829382184
33.780324143228555 75.90983938158058
1.828121835526697 57.72040630548072
3.913603364204543 32.86020054559826
56.47806488038136 33.268483611105836
27.366139308590864 61.86657107975358
5.938082628456254 90.09476439276591
10.42484308603322 32.253891098008225
34.057703862052776 85.76087812825807
72.88516894232384 33.710406840784216
55.33598250356273 18.839350532146227
10.833926109543345 68.65459123207512
10.68814590038123 96.37127355956858
63.259561752427665 86.80534343228408
55.498915779427804 8.445680715036685
56.77777381029927 92.09953921432104
72.4075876941872 98.68270380020246
54.52938622162824 18.507164230330208
17.225011623109076 78.77828632073141
32.07676542418994 62.71736330875291
1.7393617449992904 54.68337352740043
15.402109624374338 36.43683506993891
55.68350290492863 15.587094733737828
97.71667739558303 60.51735212243039
44.56347684209159 95.88612654472963
63.82789975989165 33.875339736486154
11.042857042232557 79.83180995296608
25.942858031641624 79.74575006403637
88.19907983420805 21.05433244740862
56.0998873967882 58.0551290462161
81.1064223458554 28.068588596192747
97.39985353399028 97.67952056918261
58.75374162016313 96.00870498797835
89.30506866941981 75.89152019225898
69.85483565741939 6.717305341935842
53.01845398835228 3.1239254395733163
69.45222399237541 72.54788277650212
16.681696734758656 91.54609283596467
23.27117457194854 83.09841668184286
3.3495631442512774 12.96327829402324
25.06528492986162 18.897752668297052
62.01003347333194 13.167068585785092
18.75987841950724 51.78613440150674
93.52545407697768 0.13024491742834599
34.638707253892356 10.421044855192418
99.92524388476727 78.93121782992816
38.62803691641008 37.366274615280325
22.895231202477852 55.74375200375123
63.106518211439735 27.462586369811447
77.14134453849148 96.59293204872196
16.358845712612325 18.7141290491895
98.73858448768902 23.90254345993783
76.81392745413808 72.96299016359494
13.54923804934658 21.731997424502246
60.69032420568343 71.60192205430678
82.65808030118214 86.72372122833035
48.18279357999682 7.581030462370997
17.025926309565143 73.42475540181128
75.5168184408288 81.4685812744858
69.29617584018773 90.86494783058502
92.48099444003995 66.88717519335378
35.92544837064362 63.66600448640616
2.8810856652716543 71.23006268223602
50.593595931024794 8.323326881485649
23.89131367503832 4.0216623401310825
14.041092317265358 81.38778920485585
92.61011211505551 67.28455561362492
73.41417236661142 85.75726889378339
72.80006707104705 41.38575935712963
66.26989880529743 50.27585861230468
32.1461514089173 14.562644715487206
42.36184455189116 73.89199201299685
70.35714092345786 61.92064335467107
59.12135374888396 74.75612403340175
66.88122731863389 29.58848672229497
52.60846962489833 19.138880782104817
24.85143147121429 21.005753955147988
29.557072137969943 76.13836583207537
19.599368825215848 67.53013036799335
18.9043555213237 35.14735407595681
94.8942110154047 54.58481946744691
51.185813012870064 52.07449932770436
4.0805280714181436 10.357977306430154
29.746404832189643 11.659159750491654
46.914569603362665 65.21258533032879
5.572942479249887 75.52419020778144
20.357629446146742 94.51332607638645
62.121916815086365 51.79222246611359
21.232914919636837 35.90856715352524
48.27256753514586 21.428848350490348
88.13889082148805 6.916942923505398
73.57102007112498 31.302402086774528
57.50087839050959 31.500996531860604
62.33992518191893 7.442101642276655
94.96308176967563 23.045690856116764
66.18409067662536 57.44523833662116
13.585269370197262 40.82998237278546
82.49600584322103 52.05557567876393
87.16410891355568 75.07190579246472
91.67445188889774 20.64386398128861
99.4390474118815 8.524704642266535
88.25371829376675 32.2040507348893
54.780223798321394 52.21212643709578
73.63132399457504 12.132082392069265
6.47838881464724 97.1889806761625
6.803167158815082 50.26460199154998
36.628863265847066 3.9955406925293646
21.50048987562341 40.76094652024573
66.1140336996892 60.000332563262404
56.99857931041614 99.68650929390634
79.91437481336749 51.850422732472
31.64762389414184 15.071014752813205
33.66743821597722 31.182032615248545
73.47921045195986 21.600388546752257
3.7538730017218747 57.31752099475123
71.23108171800965 2.757495949321176
86.15991475881147 0.22596164855819278
7.879303456066511 92.79568770186589
74.81735648938361 98.2156650726923
5.650552112711749 27.830436757871134
74.44086356357215 92.62847425203331
85.95908271098548 42.709032299243454
53.09300926405487 71.04821873205098
92.10432195776535 74.53916231538904
51.9430920012385 41.98527709629558
23.397710183217146 23.800656290800127
80.99057008257759 25.658676395581082
71.25774260121483 51.7049284952722
33.834046767974215 12.501016434065026
18.1987256659075 90.74442639003291
64.21961675208831 75.66169779648035
62.6418032472617 5.96432103267559
83.14805192366094 14.49317942175572
89.03140610735554 82.61953049835475
44.30044230478967 76.93909288287087
7.767060544381077 89.61284322654932
37.684385010549384 99.46360299748935
77.0199164234866 33.329181376132276
41.78857936468469 29.28177242247174
7.582776133105029 80.13982584815169
57.83414389093436 73.93647129641184
58.189066733015984 75.72509297218137
95.93536383412142 83.39591076997885
32.800543781927715 59.50587603812767
61.954660666129136 12.82522038788918
46.4188072559089 16.09491921931361
12.320084400541642 5.542097501376353
1.1455078943698904 24.261975778295806
90.70939136105403 21.199673341364523
99.30344882318948 62.38122282069378
50.13045418523534 99.2299860458432
70.52853471866503 5.429801581172811
21.188539691913455 4.354657589227573
96.49766067536183 64.60468661628582
17.724352918942166 71.8478604356525
49.98741189011162 98.32554120895321
94.19842446886986 32.42276439752623
54.818397766651984 24.316842343992185
14.612785533268546 79.20542540861317
74.4089366562096 8.26323127284667
34.89481597487403 19.368303635162953
21.07358525228591 28.653716753530524
89.27484081671868 17.510887893979053
68.61447354268158 25.53394025607314
84.17929617897431 87.5012303945838
38.27783029746763 24.196965191799013
97.88099414900093 9.795630091987961
58.95040031414824 88.74693180636851
61.070505503168974 6.557610231817201
97.80094498604879 35.12238239745402
33.057551438762275 77.38560213677668
58.6374916377602 73.18345302801212
77.57226741246315 70.83511435554904
39.46183714200635 87.30873855547128
24.125104963300224 16.667302720555256
58.93920983290511 41.393050571843084
44.217017391407886 28.47434575671248
16.49355086213351 67.22319420456138
83.87240757937144 43.31932369089151
87.25893425958819 34.712431970524094
88.1243835670207 74.52964589708557
2.8195597205201706 36.16259479734354
43.28626777704445 36.44051805353998
88.24325833818554 39.82999814944199
33.59609612216325 14.695760748586629
45.40318969170178 49.18807333584421
62.589685205526926 37.86186491775692
67.03711460194151 27.59857424030625
75.88763401342521 22.48993651944491
2.9442320677810496 15.238181223894397
19.49529703942492 23.911437048050654
39.26372193928329 37.510240381256146
19.806268404218752 92.86355476108356
23.060067545707618 78.38180925330222
8.54233167152234 93.05961441564507
51.768706431054866 20.94440333315186
45.17162372130355 89.93646830308715
8.883411982855382 63.13341393756762
99.27264123540829 50.533347526576364
12.796992056622415 23.22387071762573
25.007343597433973 50.24470445231886
69.44486845212555 29.813562902209778
17.125096290765175 18.09442647716102
27.969029838233173 13.122433386138454
22.183057779515302 70.37731369592939
11.129371215207783 39.27323878809439
67.73533750857258 41.69407548459259
54.62900031400313 54.185807770795044
86.31500458532724 39.27308589199476
92.03232967728358 28.859992015957083
15.35236661239463 16.232561628860886
19.522675084517104 98.99239433511349
79.90630258539578 29.623532524778938
87.51814416396766 36.09319624657572
78.41615154242136 72.28473870676318
50.75666063651716 64.00609172940395
40.76083797101011 0.9502669189892066
12.185863642301854 85.33032307572562
97.59300936450576 4.615164404107097
24.828886343775025 99.51330296407177
44.966910577238025 82.98604813827957
66.00211762075891 5.770502326692228
32.70166451944614 22.75966519824406
14.581962674091443 34.31083211815733
97.01317139181968 19.28880126507584
15.424995834659839 68.00822837825345
95.30506286971065 22.72961037833392
59.75427291879214 13.316910118284063
67.13980901283556 37.55483972083029
10.264720053757404 82.92873845290605
9.148647790259723 14.390414937207673
84.83850382507427 63.783013389772705
27.792505568587632 51.061784805644514
47.57869788739399 60.05082639921757
99.55140309077537 23.441864681168912
54.0887377975795 5.010977036423769
81.75778221811518 25.108933150196577
90.30817332588524 43.23460050394603
72.64706562154797 58.539419536195346
34.80493167049039 89.91201379349283
44.285215837083044 13.735831182293733
53.091485376401536 36.17268186378509
15.292063658914845 11.112922394657044
3.8113819538531324 76.80754413870987
94.76316410662342 75.94799847192466
71.96045456423437 77.69360541828098
45.66528924986524 66.9058572620761
83.52572821693465 63.24109121369015
86.00822302333258 36.616068491689504
36.48210433078258 31.476749826137464
76.80494036750349 19.08485290937154
57.51048346154823 0.9068642339293609
18.592796640971688 95.30250081031035
90.07071990908109 3.092786874828657
60.88107462912844 30.165762444166177
1.617792314420985 52.57198403097274
65.43625830118197 78.57399294372371
29.713038497905565 95.50254554450754
80.74976904592326 9.371751246391868
92.56288446459371 60.629913971599805
18.349910520341183 9.904655253482652
67.37778949251737 73.05741068136979
30.648617662194155 37.52817740915613
61.97744365120648 48.6646426768097
92.69005120241762 78.74704709874965
67.66764790126115 58.14637375415701
93.02604241932586 42.20547350260557
25.38186065338779 47.205567380934355
23.394859790685075 36.62200410153438
25.876948722808812 52.9081502970091
71.16266925900689 72.81478570696606
52.983013479677446 90.86575213677013
97.64643225539334 30.499333220256176
14.422039863624537 94.35695628494287
50.998799413439144 47.32826097327856
16.897892081379307 0.08858929294697226
14.221065741726724 13.511869470554316
81.98155421714408 26.705812448052015
86.22795233225449 74.78708299012477
57.64181965368218 80.31847791718585
1.2538944799419083 84.20173421714061
93.17435009228578 53.29145510108879
46.4769259992249 78.40994141894828
33.93103186170925 23.44024085375502
45.10346157629284 90.23892066592951
11.159462761797334 71.83825939369892
82.21660035620626 32.110169885941396
37.934814485165624 38.7363444207453
44.575625424518584 91.15464575939076
2.1217374941588707 20.777602974108113
78.4600188490393 98.4487409246346
81.89819279474419 45.188919223755605
