730
1 3
72.4239623690195 68.32719764745157
5.785595279316325 74.75609640720134
76.45359849267466 20.982639010372207
88.45090239453097 23.445392962475765
45.86939034752766 0.3979727790203835
8.594839402287047 66.29902364609946
41.7118611129913 8.80461391156624
22.255451766511047 43.25533606580123
0.43413287026778935 93.88163991716061
48.7223781092536 98.97210097104916
81.50772160149525 21.37957480515391
89.62316548266209 94.14722068696955
98.0962101505326 16.908699646313874
79.72728692836586 60.513448480640754
94.96474504557406 72.13696137407159
18.577381934708527 39.7102679175676
34.50968285814226 5.010547036185797
83.87203510442825 97.2054643732585
96.61937545093642 98.6118574628391
4.74945761961969 31.345044205380468
74.93649742220117 30.705793530349258
64.70495822712299 33.71271433389897
32.08800318298195 25.713462872690762
47.020652371462134 30.851014445689383
90.56270196940746 4.4302932939277895
38.23987563166813 6.800296496666336
8.886554529123213 75.21716939880858
6.154285149619154 6.726812653558789
85.5065242246925 34.04670339023508
21.611305247825907 84.53341841434265
6.702881874515199 99.98783407028955
61.06693738029367 85.54400628733787
84.12733407836066 79.58490193833691
46.228532838192834 98.43762494020535
74.24119178499615 68.27027588457521
92.66741842500585 41.60198848580299
83.71064857244939 58.439125468852595
6.147313155499101 82.21754203414287
46.03685497215659 86.85240256933646
29.08136876149452 0.5336839601826515
92.0819262085339 58.63642494218202
81.55784099476891 76.33391831690206
59.34938092267732 32.42193395610642
5.856825497478901 23.293142858766714
21.417605052953114 59.65466555696235
17.85271431284969 96.93955137717234
5.195541750906663 6.234821505098975
23.594183134419346 84.38129776236127
46.756919944355005 72.01830895989225
38.823624768635014 45.183482698766994
6.5132622063962975 71.38132514467507
29.495899772085444 94.42255049532248
14.926593349962491 96.12156690288609
69.60936470367949 84.12963273657886
58.22929863469124 9.403191108690102
8.986909484956662 49.674516009250105
45.02380090993097 13.201880799497733
20.622408560286786 2.597013218097466
68.89519909004382 98.67914881995539
55.69282645042306 92.99077700323713
29.374999039747273 37.38136680835753
84.34204588879288 53.64724956554645
97.46518172715011 22.420187341809196
90.47220380794168 2.426502567439348
73.24623673842332 50.97473558122088
57.51988383101092 92.08172008171998
19.0289245491337 21.3451992007456
39.500260267908025 39.7835386390448
88.74461282482096 31.216613584938123
7.0894788270169595 94.76339337752866
49.86333048510212 24.094589498025453
46.00230861758361 44.16837598078198
10.263193260948423 45.618567926711776
8.529867698287031 40.22063834141471
14.09789972692257 12.552813019933895
10.482172867395324 14.827636281158485
7.668381334384411 87.8740590391142
91.79723095260455 78.7844764003153
97.44767837549908 71.67369066246482
79.6743186100885 8.272662671979457
86.07019993233658 58.69892376274446
9.962152387475932 98.80500172394574
47.209166523948774 19.228764722288005
86.46094805903192 77.1403749427422
58.9057760403898 83.45840717405719
79.45278154934479 48.39516796818306
32.161398827635914 45.15794578662915
58.00701659572205 67.86551900407392
90.08521365399167 90.46191644156534
52.565669214613564 21.824578567728437
48.08348472574493 58.14117352707115
30.453327482477377 35.90911424219971
22.529707407615128 46.67417398863161
74.8092073448353 9.893275014694037
11.910771927081987 26.716498070995588
62.9539218815649 53.70549133550395
98.54727109663361 23.81925179536204
18.75122263104401 19.0073378676497
62.04758159427679 32.33776844188774
30.696504260123227 35.80044813880918
50.70018412638415 62.337461783194655
96.40694490223194 4.369982268010042
65.63463716393068 39.350557070412194
12.659786039822386 5.971408418443325
35.39915623555181 31.280200828934102
12.380187889301752 12.05030839086123
3.6652476272049483 42.53007940406608
51.92579327375477 21.971525671728575
36.9650138487728 62.037393770540405
26.390971454744694 30.750996032191825
29.838826468738013 7.746755670869909
11.43446229065528 59.75969961712673
12.479738450533318 98.57884981153424
77.46779699167475 8.608959389140768
66.9301730672809 7.398597916963756
19.693680423216176 33.52256140690897
65.46003324123546 87.13388325704783
59.50888630093789 30.842813341980047
39.050582130651556 29.38253478095316
82.6113018405201 19.84007364773175
64.37923132991973 30.61152278688537
84.289464498712 48.65014411164672
13.559713107221082 93.73801270167192
51.413833876927264 13.561097438352565
79.42354019378199 6.746432783418221
67.75632673171539 68.74497882058668
69.83388764257022 77.67106607130859
69.35915851655501 63.522285827213864
31.096804849937243 27.620207700506928
4.810329294133164 52.15291019228203
9.357276209163334 39.97639234722412
48.13414027523517 86.50031434780267
63.4730450796046 82.55939631023735
92.62145555532825 64.71909431460257
5.2045152779238935 54.94750626934095
62.275191720820985 98.37984446951167
71.46455798355925 9.690762858282987
64.55796213929182 97.77719201375162
93.66946933846975 62.597840696966166
1.717441495589389 80.44723972069119
77.64590631160809 39.913990978424586
42.15699236721979 46.45807931359376
54.51283041853448 44.8750280549656
81.44515806711748 16.073537552837756
73.60708514449964 94.23281664192649
4.837256394905043 39.28388520723474
96.97692229306321 44.54506067438935
68.72855763960308 25.4237415916744
39.78780670272371 71.4997101657397
70.65464909600092 80.90560574969783
47.162839841334225 45.74146925962148
96.85562802303187 14.950188584741042
58.24905475708244 86.93008591477735
97.77350840858756 86.12346642472255
99.29285490537694 93.33247185878034
51.01083813839886 18.937649290063053
64.63494139126 67.41203858809699
57.31007191145825 50.3306344872307
40.750994668322214 88.82861626444671
21.89305888837079 21.63113363517064
83.34293990199792 2.304565471521114
14.874483032537555 18.951021693440453
32.53187168498142 73.8074195520229
61.92439075018119 16.465836850986882
27.755013493531177 96.83782366105152
95.8569518701029 84.76985036267037
92.9121798756424 52.539460091714794
60.739427532513645 68.5896886004578
40.23540584143246 91.24468223739402
60.62166122155828 75.11589544452224
54.747912242080176 47.82558121367266
62.30231998410025 57.92119598241439
1.9521676338082994 34.24312988506275
67.24820308940747 68.47263591692186
41.542562725861366 18.76797673136199
8.185141204145573 11.416893063644128
33.981931875878814 64.96681805926119
21.12185346079798 95.39653520997764
80.1619897857507 90.103265133071
83.248985135323 98.4121699619235
51.5695027065795 81.92505366769602
97.53725315033228 27.337721187080266
25.013343564674106 9.89083907996513
85.04813549241798 57.653684683969544
0.21602931297521888 46.17442272440124
87.61045972376857 95.61692247117112
38.392828344946174 18.53037358435914
38.045808881428364 34.76938263863711
43.21025591140224 30.875946210429795
7.271033393794979 76.6924710420613
93.16249652196514 53.90655880129371
86.63473518019327 67.06353550737984
39.821822332290594 52.14929440337095
45.81344541755461 38.11366807834813
59.824109892274265 7.976588048265532
14.412628272829608 39.780999726460855
17.352030471698576 95.5825717576754
97.91364957832742 30.23366517365109
51.69605108217241 47.73318765041354
84.36307049399983 84.40888077228375
86.34845301722629 12.84804211665087
2.5111692626411886 42.47005126334997
37.32090930927428 44.73876730697184
24.551440291408056 1.6045995598263696
99.6623111691294 67.00841125677763
97.73702610199987 78.15205276342611
50.465674807299685 18.84172591858768
58.098850373634136 42.389967166055634
38.93462621568589 88.15578653861135
30.422482621544013 82.28392929025902
71.80093950636231 17.11943285417499
80.9009185285914 53.24288412098943
59.88825880766417 63.42786447607007
59.24334133569733 57.744357070453574
27.70089659217223 54.593908068686694
42.59884144242277 48.31186206087838
24.547413965637933 32.79230297334117
79.06174953978334 72.59438615898097
51.66135043846587 22.616102959986573
57.67409091069244 14.239476846634936
46.482004744421054 70.1032499043757
3.0523689979758295 64.15902687869985
62.77798044535723 53.79082081491089
67.23121623014912 88.53845306653871
76.16740809400619 44.20060935348329
31.497780563710755 1.559269233266214
42.463267413411884 55.84419157842757
89.87525615847738 71.85046375858282
50.04823086820858 80.29140160574815
65.60891588983763 85.74458769827325
8.725535904017523 64.54889637554466
28.70259463543423 41.66727054616184
7.149212001187943 64.36903079696296
27.112459940624987 77.7803342522714
40.16527300239798 37.875773232111534
97.05785283816138 94.89433002989018
64.06904738855299 1.6430226228014932
53.645535613403126 59.31529541878078
78.04211126121108 28.081934643261786
47.62455455707282 55.192487342467246
4.482967662875548 63.082125632875915
89.19626860488397 17.85047752832949
73.1577272726571 61.55682046972733
86.26848963338662 82.50212394468124
56.21856827890599 89.37641015411144
15.028450720920317 33.58839510557612
47.6747153791605 52.90380928552483
5.720772638021576 2.6083979985294548
1.3844384964631473 6.6526714541504495
63.26879156911516 59.78929154900763
19.957652527313986 8.214336406345101
16.78009461292691 7.469380776588652
6.210553360411919 77.11955997249986
29.259886903015754 10.9446599656009
81.22088356129156 31.391315306699695
65.52401484266117 32.68466837911954
28.977631733882546 54.457380548097674
64.65053561590513 51.89123489154657
18.69096183789527 87.33970698414728
66.09461158308416 92.83648477915993
45.68640947733584 59.14981262329715
1.0233241287013195 31.9203505981702
36.550640850415526 33.913715511311146
78.72555360712224 75.50778254227298
52.725540360710134 26.01263978285393
60.740171144756275 40.7661560218463
35.41902475613805 38.96499239827244
75.04067542681159 65.48882545915546
70.61252097677857 51.02172743819033
58.91593264017088 2.0665177860939465
84.96971431837837 17.304991098781898
66.02172438749363 28.393613082160595
57.19150411783516 2.251882361643398
63.28673758805543 65.54516976844435
69.83894141777131 17.126157052538105
66.23270903886234 4.12775484359178
72.70570929820592 81.4588020310562
38.61914778032154 83.43205305197576
4.293398030663309 62.35270434331754
56.589167638105486 26.608205557654664
43.342300159927305 65.9030003763338
11.331949799637652 11.361328199174903
48.162252707253096 2.1800312389707477
42.85233164908806 7.151346687308147
65.62825087639033 3.1943491609742303
58.49682371056974 42.77076522625367
15.168303090671543 69.40233823719836
89.79369232308912 81.93341088383337
71.71497028116151 46.55468080919864
20.204631706466802 4.577367278914801
45.307186324397186 93.7273480179607
74.90873140852612 64.76561593994599
25.914012884047022 20.837650459142743
72.23050005205866 94.58414916668696
68.53489498431861 70.67266837879009
81.57548301917141 37.1123335653369
62.03266020969935 79.81395074568442
2.934729387426316 1.8818676145947233
35.39583869838576 96.38434790759626
31.45066674762429 12.730701781253773
65.36833629501413 50.294767599692605
94.34604554275947 88.4045781835634
89.5790971734981 55.13654667907326
52.742517895843434 37.08141089739689
65.47892501535028 56.60322275966499
76.53452497836979 36.82055567412574
5.085230253558137 49.7943606340014
51.337872064167556 5.84148577907857
58.62244268102472 46.519863230214156
47.5590404192237 57.154016877079464
3.8406378072915137 41.00340616289693
42.71099553683353 36.16841747043578
15.308375738733115 54.87684562700408
25.58684071633408 19.340916778186322
10.961314943823929 41.05269277947989
10.615187357697398 70.10769721474102
44.709389044505365 58.79593143852277
77.43351267057919 99.96667979018258
49.159916783520345 6.8901648466553
95.92975920659774 62.47493704614651
49.04349752730821 90.1788555341549
67.86319831600093 52.466725871072484
81.41291055940529 76.75889426490603
82.04890603976558 93.34673987557763
9.234109048664308 97.69369754730666
48.432848393087994 25.954918686444106
65.37367100480758 30.882936730014787
85.62516795091683 91.52546045597576
33.94569598013702 60.662726970394345
77.70688688246543 48.51092208128014
66.91736099758675 51.18408800218512
11.836102208195708 16.007921194331033
17.67726415369093 94.35101916097301
28.00421254949026 68.73014163664037
77.33060651734223 66.73323707582117
22.017738103929464 77.77208220984213
82.34507797880318 40.7573077175351
68.67315693961693 75.48026508634926
61.16006441820876 62.078636594674386
92.92665401338466 34.54812274078316
66.43709930265776 95.69831315334127
88.9412506622227 85.31700477342787
87.94115103648718 15.09703425952813
96.07758931867549 94.513639980712
17.663830249044565 1.0290591958348694
37.53729999918269 23.37314017126908
57.28742712907378 32.26161177903284
24.727597645184396 85.74968354097754
24.37367264867245 98.28871459811843
16.104495474256343 32.31236910620219
52.677188333984006 10.496456235014096
34.18529654469786 68.45930470734527
52.73201941664609 80.34905123458064
48.894423509833864 4.126543415110362
49.7140383201494 20.197668813232085
81.92821335946012 59.63578053998364
1.3232699365910872 20.873169931120273
83.43557874998848 24.255357326883818
42.56978354472114 93.8811621466276
77.7204940110509 93.33363374326278
4.970410732531172 58.910026083575005
14.1123452399321 85.15100680496705
67.60236535853647 83.05164401120966
85.81971897274741 64.92791126962396
81.63375860415184 1.2748976749093144
17.108616362157747 80.19206042666691
5.602823464327322 62.32552508423965
49.32799244561126 82.71512275424959
91.28472828851 13.827326721241008
52.98377825856766 0.3146715955174795
76.05352574698752 71.80766626821848
51.19875163085823 59.24212020385931
61.24072649073771 38.55269514163049
58.54538270531728 44.2766924429602
13.597590339531674 50.50223493617803
35.1910028331413 14.608738792788746
30.176534863419356 68.64401225902587
28.318079130514164 0.7307487557475456
88.56264856593583 16.567228382498513
28.970511132034193 86.75252798826321
39.24128151784585 69.31491034648359
33.430188836526 76.66895798114581
33.68219380987589 38.18313992306255
74.69201982207106 83.08453375206093
89.77669502243167 37.12100237748297
51.52468761392861 46.7124775489341
75.92043743182046 63.396663806345856
20.147755260723432 20.408535755445477
99.13866581717153 45.091060381866235
62.14363613562281 54.82611863791094
1.7197905462743357 1.6292877765547553
43.01678629156478 21.501175537788654
54.84959395737328 80.2805554865813
76.94806309273147 54.144795056820726
85.26983533047061 69.60050917295374
39.70668633447352 14.516183091680968
2.514574743404796 67.4236157422341
94.20729027416326 88.347062368575
61.6146451446133 49.005326040178645
29.4435892991052 9.694991633707195
19.044848753066113 83.64578661277275
6.360950466102877 53.24990462294965
47.36444269598186 22.019556579007403
15.240052776121527 19.523281215114196
91.72228333034968 20.664918105071383
64.76833328085587 44.141159421576546
96.86564289802786 92.97126598967824
11.441597367155465 79.7769092864589
88.64650207979827 72.50926568214724
80.42321459670782 69.26029212931675
3.8714630364789615 77.83985493302885
20.590208065869597 69.36768737225505
79.247603906234 84.82349940210278
22.44899323372207 43.843701079655915
56.05066625612884 61.46074295504847
43.536378215917225 33.99619868835677
4.43249309537006 5.6547415295223225
44.42750576866439 64.09160519900578
58.22627633266786 15.676944163726759
26.057665581284173 22.807834306482167
65.70737990185268 21.246314540842004
8.174752094245541 67.60875445593035
22.177504674644233 1.9519900372271026
34.448459443694944 86.50289342477997
86.18531924345729 82.18360804849871
63.54143226070397 29.54919276349348
71.69657547923649 18.535269142755382
39.65794842711197 71.48334253472892
23.753276345311882 53.89253883410612
3.929805633607497 72.59917100407287
78.97955263787178 68.90098406792373
2.902426666815461 34.6226364502316
78.37670097622419 94.45454011314641
62.01825342497011 78.96367984990775
94.31997559208259 62.799928282018925
21.358368316200217 40.90117240246271
61.580055762471275 32.99152813219799
95.37058676624493 68.74042621548624
25.385904523527113 54.53654440271567
9.450165937813427 74.14967598508093
90.26883865168023 43.85596501221798
99.23634033712104 35.69202741502097
74.54358010006847 70.12497320608868
55.33583696629123 60.133826572788784
39.953426857105526 5.788386011805047
74.89557843330894 25.060898511503993
8.549238540071746 70.82482192279431
75.4152053737478 17.64447085302745
39.20591825957875 96.36415092561548
78.63961677357052 65.65652462403824
69.16502684411279 1.8010928427593331
87.99877689293707 56.94616682013653
16.576907401713026 64.38135858674494
68.59975484620686 41.412386999136274
23.944539623616336 6.57089025900357
88.24306056530607 82.38220811359449
61.02886353922925 42.710678484182665
42.37318263798182 74.19512156220927
0.3353892684756943 36.12434454486901
91.46972601227496 42.58014112831579
33.82788413625093 61.81356921890835
33.647582982285385 43.6744562835548
25.77104426190413 57.50347866185557
91.29100812603963 36.979904458045795
9.338508893891785 79.7080245015537
99.80150968973929 35.92430716175548
8.808793243463331 18.750786568483434
94.821770760026 10.696743754395776
10.146936110622317 63.30666337112811
59.02906116047046 63.39798597837585
12.061655165457452 80.83189695957245
96.10522624464319 24.789582759421936
9.469439123117507 2.3767256149191285
65.87365706498807 85.82970380335964
6.626758489395912 18.138617880096497
72.62260878988928 24.55769708901321
78.00081689130903 23.553854911193373
40.16945243311723 76.07708096595907
55.43778726743582 91.33745598953367
27.848088107991597 82.29347724927261
3.709615444355241 69.68042588966239
13.299934571956662 92.3157448982908
10.52019790145966 50.136097348482544
63.794599525306 83.29170646861242
6.344675341869799 3.6829081739235825
19.988246754428385 10.940746613172037
46.07476285801828 44.67508894673793
14.450134305899564 6.92701751971041
10.456857685419884 85.7699786646465
37.92356139948869 98.95698414764749
31.319549339835582 48.3436506216679
12.421219114886185 35.96151989496838
83.23861497126757 20.751620030914573
76.85480976685494 86.82449533164522
84.71195357159135 2.5188816960147076
9.441685459918281 57.51299589820928
20.117697689508173 10.31133120794745
41.053277248313826 47.78863739122501
53.3671986858477 23.879929289552383
65.73418498403653 25.21363362481597
77.37681500797962 7.6141601349619
78.13215315680189 37.921338087863134
12.272762666718528 45.399463447918606
88.73656857937658 25.305118482968524
77.78760205653481 93.90980175114589
58.35310184538302 65.18838434336094
72.66787871360825 52.38806280348713
31.062384749906926 23.570507056007518
74.87877633264989 20.9284151086911
11.319431828535453 62.61343275811782
10.275253043467814 17.858472214716635
71.63558754277513 19.646860164459312
36.40687977892145 48.39373335773902
60.40019493891118 88.88354956929132
54.06670257009327 48.63856630465768
47.68938613480507 54.991990428555184
45.13526452935863 87.52561612361225
12.354665003625499 59.486567919454544
5.570818247770726 29.611308434783744
35.122719389775 35.59775979967008
14.075064966855088 87.92431511833989
82.25193790191794 48.86593301189173
30.24836460261511 2.8348198700660854
23.758612641397512 3.059094125035755
22.59174141660465 35.80413840623604
28.111166607606574 77.07934902010338
30.26963698482772 51.757746244279026
85.53919070488088 27.655066613265845
74.09442511361361 54.83636054436531
79.74907302427619 71.69910314066531
39.84914380156983 13.673451071453613
65.38440019321605 91.44158030205163
56.32166295330738 83.4506214632255
40.51727316725109 14.996708059062547
57.191431076362086 48.330383176890244
10.773858010347382 89.83541873809682
75.41312050703432 53.539687319830165
74.75197779987839 83.29736454341739
50.748035171994154 81.45990908199501
37.46993521230966 69.73704166985584
48.54915260988155 96.02654669892704
27.102415984816332 13.300928058580563
24.256211004821072 89.8005576893502
35.46009828218908 63.632564540466795
26.90722488949493 39.59291660666941
64.05709395379343 5.617374019125587
1.5796452822807838 51.549901821876155
42.90090424569924 34.571348094587925
87.55668438252118 75.22126309116813
69.96926486859027 29.668839445881368
48.54581763077106 94.73686000508974
39.73590508328346 99.94088517214685
20.15904330824243 10.827173985966155
30.966034798304975 23.45307223835964
82.02033655364507 1.3145952015451767
54.05909074739721 22.564668769560825
18.50660632811927 9.707225133850583
67.98091957529284 39.672686313738396
87.38748830588514 27.387250301666576
38.88614165012287 46.45012477947608
9.055116379790817 32.87666179645221
43.756993645612184 80.64696252510954
0.7103887414166454 46.50898217741701
40.7436447365523 25.08123234553892
32.4949122259562 77.14261303023255
42.49710567457494 10.659510758044055
20.832178914810374 9.465287964437486
4.707956597538643 48.74914794967864
44.407129327305796 69.87062004072715
86.88099105375426 49.29833262766567
87.34479310243968 73.05025849123479
65.30082262617749 58.093023244623645
75.14804044798807 65.8112104434929
87.92843339476524 3.8501220659489244
30.92612163705435 10.128480280501574
39.846321498757355 35.79758228157155
80.57236590416662 74.94695893712763
68.55723597182579 69.35187825473407
5.095791957417006 75.33250193471399
81.69911698085018 0.5154350048709233
9.14011538295927 13.085591636554872
55.14607995481522 16.04676217706036
51.443055558048044 24.15824273863556
68.5952133405963 54.28970448693542
64.21975952386416 57.6527932989124
25.88285917817221 8.276146297273069
64.69377049900457 36.54724515538747
12.75450701098424 81.1543791541039
92.96174050054798 50.308826635585376
74.31591100264964 54.71015308142664
72.97188841140128 79.09522097311343
44.26900919319592 7.653206052124117
18.01996764389122 56.53983319623137
19.039747067302137 63.54313699323883
64.59520872730191 35.88467731874718
35.446226935640965 58.10351823963191
70.89625284367864 65.31825255870191
58.22581756568886 79.82186405460041
11.999749098184086 71.8071393489748
70.28687805162299 73.83196843511637
98.10304109518144 9.90805472280536
46.62505296505031 12.999026374727563
71.25333479333405 38.18882182313745
76.10687770401078 60.54840933600312
57.0643326807057 96.66971813000235
9.398149587706284 33.36421587811258
93.4182366278186 12.270670371466652
81.50406131186986 60.94149548026127
3.7067028880424013 90.44190970667798
59.12852358649463 28.641700634561328
61.65986779090804 55.895001680778655
0.1775241422029339 73.77862184705207
71.03343410882206 31.43098502571846
19.633124921063217 20.120474320019266
12.513398085629369 71.29554588132154
77.31181415402027 27.32494712760609
87.51914103812497 20.93796122283922
72.2879984925159 40.96484542377106
2.429386956155022 2.1027456361564223
89.127380727656 16.3397322888853
62.09696192959739 62.43821232448321
31.483046839044903 10.989252715046272
20.952717668341837 45.85128572157675
12.643599403085947 91.24798469521733
39.32116841223943 96.18047338669714
42.51387700201923 92.46146759485639
96.38720235439338 87.13289020290678
95.21447515218826 46.492917878647845
25.418430931099234 63.58957913202951
37.2025776894523 95.82528069163598
56.47389043704698 72.72471518174434
69.46491491982691 97.49316079176921
17.173251556299117 9.727138031746518
86.96620422436104 82.58560702629356
73.00201571567922 96.68707372732351
69.5251486198763 51.93239266924377
85.65640512593977 80.96022991365392
41.85564807423307 67.58620816497304
59.64155816370522 61.98600757529451
75.72297018111244 81.27851686013614
16.485712854603563 30.003757527088325
4.737955151855244 38.147643948918386
15.088604704285725 43.575031972187595
23.898896990973164 15.440585930954853
9.211614905580777 54.10803525714425
92.48324168083045 83.64052533199735
88.32621909628395 27.284624688647963
40.743390537154745 72.04187347418664
4.97611574114698 52.569245410790444
83.4839632317409 73.89709724760564
38.27215403419124 68.70958822195065
59.28654539615168 90.10494388043368
46.64290448848361 73.80320668234282
93.57086218385248 70.85534161126321
80.20576660697432 64.48382595877166
11.111467601062209 19.821250149906323
94.7880323626118 3.8319625813263647
38.474837214831425 94.87630253001795
40.052253026342434 82.18621304037184
3.41610301041273 83.96390425037865
43.16317307792828 53.64168913613556
5.1321385651056595 75.51948539889264
40.57841958908186 71.6262205124756
99.43008158741166 24.045549278515168
8.907622668014303 78.07939594814395
12.974004787069205 26.076734617502062
9.946318608691907 50.13153519016205
97.81782250536308 93.35764315828247
4.69284521841935 60.9692657734183
68.17583334987145 40.54262554604251
79.84295581070432 15.965268132308786
89.60315114385627 60.66065761498412
95.93316728520871 89.45317387879518
15.539547718531788 6.043163350647496
15.44333766832291 12.602179304592532
89.36961900261235 81.62897359518688
12.554304946713323 2.495080466660249
52.69712053529374 30.604544496256114
29.350246254451417 10.829251420967267
13.617898858411959 54.1851217833363
24.97214843270168 46.925934756748575
37.87669830204305 6.687924764927988
26.10557034733876 91.9490090493011
67.26573627380603 91.10525245693972
70.29926009892662 82.65681906864482
7.343587464408374 97.7322733747734
54.896086946176695 61.58061386725009
38.935314520074904 59.45874570203882
84.01996154425771 54.90646140434021
75.46929768949336 98.98089294264003
63.450768703461605 7.56622611150799
9.090131733153894 37.19149091976266
4.770791079768633 54.12345343985861
62.25875695511063 57.03553007324944
82.73852738431644 96.77010826741568
89.09967103764534 49.654943064537946
29.21971730695716 24.257423991347515
12.875057025584136 16.311273780435087
72.53722750585811 42.37009735596469
32.365349672784085 58.0763309470129
30.381891416911433 36.005665433012624
72.14753506431684 5.831295172612316
33.3605020641252 52.428984796180345
11.450074294857249 89.24726830898769
14.749443780918249 75.22662961048638
72.73143167200556 19.54077590029415
45.47342470395242 94.04478256240574
20.61884423888869 3.536668590782144
72.77244243618968 23.159986652706287
10.32178575432594 82.6281095093941
38.255659085350466 67.58170110002624
8.702458059624508 55.72406259232559
75.21124293365963 77.14807324255545
82.24034995381689 4.007973361096839
47.15315134828273 3.205534903932361
91.73209662315931 51.429655680931674
7.890381687426817 42.797510630542604
1.954559564206515 34.3180956402199
95.53389537336247 66.52171405940788
28.706312778107957 78.41959958244718
55.605245830656 73.48536965313035
43.622110434884995 43.369422442593965
41.54220997258635 37.70426550591293
7.544868955755679 72.53440927510995
40.38148657042737 18.912275722585935
85.5423718588604 5.137562090527625
69.28423570854727 61.68940612831195
18.339227917058775 35.63544459035371
38.101780181089765 4.981894707683154
78.0112883990753 47.25051387658685
