540
1 3
45.671664137637876 10.948808762289586
97.94708974538263 20.50487093136637
1.6118947653071647 6.534448223333
66.97026900914874 25.29534752109852
18.077387071222528 17.419709800610626
89.0050492460382 22.959264986193606
89.50339746082834 85.56586394886527
88.1568635411891 2.000912149764167
11.718168230475445 13.443066045238329
72.71707657004862 3.0228081489184655
44.33315678461667 22.033115443344762
84.29274871630517 91.82866572895385
68.53329918037463 76.70106237733168
99.6158451241536 39.90607417164709
37.91993511139997 72.7409903728907
41.394755870765174 33.32983001612513
97.72389593717486 18.510561590604645
64.97037502959707 65.31351590146765
21.64050345366384 92.10458005994668
39.63576502895903 67.06862785667329
27.38480235563674 22.101336165797125
86.43396737105469 26.88516487956967
28.331314797644946 98.02420776369702
96.90603730126503 84.78204849159134
50.616351164789485 63.469339034961415
42.07161763561529 56.307933649540296
19.88218512227753 37.077874832208124
45.136438379789354 93.54953499865914
47.9289912341035 67.06400768366191
93.83107836580803 11.147855640420756
48.780752815340136 31.076549607676096
50.07727979172181 12.978874132959373
51.273317584524825 23.923023982660617
80.55202091846157 17.985703226585436
1.7309729629647164 94.85323897684592
43.91841229335327 85.84230031895683
20.969392700574275 90.34818642585638
10.22771855208251 16.97898231230233
67.78003074142846 49.923187198071204
44.79194874642345 90.03154676328069
98.45710405841783 60.54606108931322
97.19295160222066 51.35144466814323
72.14252648892894 68.17038847385307
27.28448932242673 83.57751742893352
52.14992211761873 99.84462855055216
78.37359961136244 20.310374701974787
22.238098719671328 62.049118224921095
0.821861732098883 19.98172541961385
49.391634191168855 85.97773041800778
9.855372793180429 90.07923756961848
68.9076430297965 41.41842210783757
69.8282941187589 82.39635839392754
7.219894530280624 90.09936924243989
93.53375176119741 15.03400851551977
10.450561269059389 84.08341125331813
35.04407358476116 2.7893314779356526
53.4032798472893 74.55253799951733
16.046176352819487 45.84179437967346
94.20964655635082 74.35577222944687
27.811924146403634 85.97944121466061
87.7298443599368 88.86857637749219
36.96830199387353 10.213447075772786
16.567428921277404 27.577207364653145
58.815844073419484 24.657876047595728
93.59922868664043 18.466148589518983
18.024782009687492 15.986210121005229
69.13045048914854 91.96185900472244
13.15375918748889 16.01320416646057
28.646291009733172 76.58729519585317
46.08620748143382 29.639716201432687
98.80695472936836 58.424358812557074
89.33480405769545 30.411438110192112
25.650732972481904 49.27586775750825
20.092391581254354 28.018825128646373
27.94440517582908 65.4636786682286
99.9569650293771 37.65397931155008
14.593848161395506 72.72967766469178
91.68366129172291 5.298874587679281
70.85834664242124 9.49311646999005
50.191720877327924 2.771336026431581
38.55995583661691 72.59832266995502
63.300906016690405 45.98188206625786
77.85757562259776 28.59181193496778
17.119521154890883 96.52738223733772
85.11937907732737 3.8714147068930727
69.54175746367201 59.716300544213354
33.19297829104153 97.19320312607952
24.48010865462118 40.6353695822991
9.12399950466487 29.42898108441552
91.94833088064414 91.96234390376239
50.11973094871922 60.57073519530354
77.88395582856731 21.01747871629758
36.43835182160975 45.63503343370241
27.654978147739094 58.2064025401027
79.70407929978754 66.94070886869316
21.637086328944164 89.61987006540038
46.83799228267831 79.75466232586406
52.17330352298086 42.99210005661425
32.95313218918241 44.21747883321358
61.7958171823527 9.153929976948326
55.964058601811196 71.50979523751921
86.95727780468275 50.87416262417206
3.2010597051141065 34.167362774741925
39.70766049541672 66.14826512220844
28.337753534602548 25.008247792777063
3.8440125046463214 9.189220180836521
81.2646723085125 85.83270573928007
96.80310099299021 64.6063344825246
59.606317548506226 46.903392741209316
82.29895099829459 49.592038735880095
63.378212520581826 65.04510042728529
71.18825380891099 23.07771854577414
52.772076025616485 59.05090985628731
55.164909591699576 53.01767711520839
81.09919807077748 10.11575580767039
27.208578590265443 77.18585968776428
85.90711811042043 73.6665152610213
68.24640662659915 12.613403625857188
74.56167354054382 10.997827439611552
61.09403248438967 81.91719205619296
18.951414419814117 32.18561042375576
71.15583052135455 71.4456139750064
53.42885502535726 34.069938799233746
56.23530894602686 42.94758057716059
76.45276182372538 26.122524854208585
97.6290189326949 70.2637762217198
98.32366115318219 87.92745951674479
4.107056571462331 66.56918646186551
0.27354483899950655 11.129941180195878
71.98202510054988 35.43711501234039
16.83403120403446 15.552675103316659
38.46669000221085 70.67259682609328
41.85284318918634 21.906910184126495
17.837464783240485 1.0264219052781076
85.54185463922074 57.328374284794606
16.608627005506516 79.35933270056843
94.94993443087591 59.55557921389734
27.488772544936534 82.42790347423579
20.275960648545134 50.59542630947169
17.105500936959906 82.98099657321083
23.027452028299834 97.8080699677778
31.59393515163189 85.46081584484115
37.903824253350614 9.148103248475259
18.61839396656 76.69999662055031
52.453754293094356 36.845564339352
44.07553740708374 38.52359601650528
83.30088736729024 53.76257431322882
31.354307500641877 60.59855436147499
57.22382974268232 65.38782446016607
0.05701763948964267 43.00931407870061
20.15817587275752 14.593744962920653
5.049963647983957 83.84509573519048
21.29677694077865 41.605104914277916
83.84278098819647 74.10517977237487
0.9731400966006554 35.79638919182848
88.21079847978697 36.96741846840579
79.30006675138428 17.279216628988525
65.23065257437248 33.010925701976504
39.752250033020495 89.69616795700992
87.35393890581307 45.497086763341855
94.8674907442497 65.74119071326379
27.609968012478102 28.3188175743043
74.66717378716359 49.960029218460214
22.88627402317016 40.35076275638274
52.63687396965943 13.056911306807638
18.608459392955503 55.462079725288625
62.327230178343164 91.78718512198003
41.48819709439411 97.91240647731783
84.49654039429477 46.846089232672085
88.69225484917163 5.600489003822462
19.581625527258637 30.98624884028016
71.46547198524713 10.621785746148028
84.86904149316324 44.73308621892023
13.434339472414948 69.95346004712022
15.126287227328806 80.10324948635194
36.89447856727308 3.4834935737863004
14.931902142717801 94.46475399619318
67.46279689683993 89.30029471842114
37.11000102229689 83.24490678207405
8.987606904572342 49.18607031822753
27.461974914792474 16.33702353852964
43.64517129953134 78.12202898408277
98.70547410173577 79.45655993800555
24.340329271549766 95.07431162057776
77.4704277500648 89.25640094574337
8.845832651084207 7.073016929723952
42.02593796910077 1.6453332118878228
28.186606354089918 89.01910810633449
53.472863638146585 40.97646807760415
23.333478435546162 97.99857066520335
12.827297545670401 10.081174949301165
28.273166673291804 25.771965009557384
8.083790407094726 82.12511592373055
75.05309264433302 25.621639590441102
72.2196604264983 51.7858047166454
10.290921726808078 99.5741716938713
5.618483610719505 66.95418944185431
92.3964019658271 97.96824760059842
67.83423841436826 63.092580299889356
14.948198834202021 86.03189870528173
47.588671001454344 29.145961176530545
22.416600676631848 20.252888020077275
21.933376245498803 18.192513600504114
57.06492140003103 12.414170390146918
67.2953066077937 61.10910658829836
98.50118262062189 34.82162366078232
53.978313609744454 74.95791124202434
54.61062304238609 58.064576407313126
70.84747128731605 32.026609918279505
27.121338084438705 93.89946528750322
60.874028956525315 87.94274114706897
62.616911283784596 79.18684056761565
78.59503012602052 47.92676802398388
14.595507085270732 28.1265376627708
68.43553868941052 40.69394838025681
39.88472163943009 15.32916972264533
25.646189544973996 37.55907842643082
23.632265664922848 93.99787822759387
77.01310899840766 91.85544129497674
59.47458352257371 29.131715286478933
7.250408544516906 26.574687266037976
37.65117679568593 16.199896678930624
28.507318580282394 30.79136630743875
84.05295126603913 25.869346066745646
28.427861239710197 20.98434923361141
74.11443761303744 81.85902423309687
35.565779325870174 24.389262568069192
70.47609280820201 0.8386965783931721
34.29198323866558 1.7039275507538365
92.2602720283064 6.1543373102235455
85.00563601250226 6.4099804079257305
53.41444372949455 67.88682418835425
7.108740629942534 95.92172396230012
0.5665071284522316 93.10811119395966
37.47669506227778 55.13013829350306
40.5362584932194 92.99354679403781
34.099876235002746 80.6641090003958
42.84201073158413 97.77214354239163
51.276967527449166 91.47101392559746
25.605669244971672 73.80471942077233
18.906279133462412 35.407849496986586
7.666001991333915 54.69199813865029
81.9580168879688 21.8055647176
37.56838983698725 63.289728592603886
99.21547781085374 15.817652721871989
84.67151385563724 22.646476471713918
13.99885422508762 9.644217511556331
50.050057300469476 20.07070929467394
77.25815940254132 92.92045334777808
54.710274337514655 53.820399446242085
84.61936581477379 90.5476928795397
57.05368115050764 10.40490537405896
98.2606030856231 50.66740642525176
85.96430815072497 31.67506086870908
26.915589112669956 33.30657081158526
93.86095209035491 51.232451254322655
45.35860181397018 97.93241556010264
35.02643523690334 76.86598797395006
85.66816732780774 70.9426373648819
41.44892222506922 61.68420406597084
10.723066405977 52.85697491962134
85.5452343207589 43.709735946485864
27.608097251689045 88.64191930149457
68.52586079589662 89.3166234783572
55.01900877724102 79.94875033900124
54.87190135381701 82.19883827065107
37.39292990522296 49.99803581009195
38.643458686220434 26.266626198498845
10.868326249326788 48.763783143689835
76.72786868833279 98.60742104386743
40.08439919250699 1.6944979924613746
83.83809346958493 23.52699372344713
1.041360830305016 87.0927671918561
98.92228046369351 15.286421014225905
52.63107725264309 35.539679688724625
12.88732466770095 94.11487960805533
28.163007613142653 62.866821432402766
21.70927862254497 31.6068014537638
5.594779040974696 71.67716936346838
21.463833818323796 69.14814827392412
77.85896712424534 45.028729831967375
64.0912959403991 84.62228833200047
49.448241169353935 55.02719855485796
11.48524036795675 82.45090009462392
94.18945250051513 74.54994068105285
73.55829629383317 93.41830931769111
20.090330976976635 99.9290959662859
25.615902753400867 5.532201319082342
16.783833838974704 14.161342855222149
9.115183839968388 96.78311517480208
23.03728227828934 39.86661739597543
85.75914715140418 29.875925802058223
3.3913855284883443 39.35150745144236
70.77645119209635 60.93762597069017
58.97991663502893 62.00436654158836
62.89989547632844 54.69400309799903
97.4021495412598 3.5185825738251353
13.658371938934554 37.60581403372125
0.2608401420981288 45.47167029301544
97.14172303281107 65.11873382470907
14.056119878310703 9.288289458673106
87.95479317602906 94.90214758152638
11.221401368603523 62.369718036795206
86.12228537432757 65.55345323844297
29.44896600142941 96.88721870258506
24.515424427439214 84.96266003256092
6.468636952143458 15.537833305867244
38.590029118851454 16.608562519112024
14.128912547089211 83.07857543758877
61.17798257607539 96.58839525866776
45.22277253540601 92.2318812625737
8.300946232664753 31.352251644230922
99.94355809631601 31.996923998329073
76.95323966268212 45.797054894797554
1.4173642523577668 74.09923404171252
87.46453309836868 80.62901538018372
19.185934495531654 86.14734846811392
86.36035408614198 49.17372650890221
99.06499972542993 74.59068299506077
78.0872789963051 72.1519207344318
20.297066746028 80.66998988488709
45.94272187545694 84.05093281260218
89.93499304044607 35.94102264617316
43.69723116822786 1.925862169610837
25.336756563573104 40.45331340294518
98.47254496685454 72.83209562096415
75.1386703077491 42.38514532763509
29.027247126924415 38.34369760994123
39.66364758424663 77.31794108658845
71.39526663322317 52.0872192124622
94.7796465753625 28.77736929196033
82.95386414620623 42.008514567831455
37.2223735983433 56.596104042979015
53.74846914995204 97.20010820329385
52.010106946497594 23.20584458316315
20.113732021283614 90.85562638052988
23.38946531927717 37.35835884823759
28.112441946094656 23.548106753765886
89.59264929086692 3.474111759144316
12.489543782442913 87.27031380406072
17.225867095379122 59.64453415498075
51.102104517453114 49.105621415117696
47.50072987150568 63.31611065052021
39.18147657258446 3.608086387906484
97.7155842844028 59.57781446241612
26.399544595636893 77.48377803204775
98.11032127830228 10.897864608016338
40.49322820952159 16.051050547643996
86.49834613145968 24.42614241504557
9.83033440470209 24.962650128220897
4.7689496069223125 50.040851391682594
49.069644093869805 94.79160684799086
1.6947801205452473 80.81441170709589
45.53725452025004 4.429565217983611
82.23774439815696 61.45100662736019
35.53041698267345 93.33424538242075
61.805892455100995 93.74057380739669
27.946563410389125 55.392797459361965
61.59006054349119 67.11467198552252
6.753653830825912 21.701740898195876
82.23310311521375 16.44121926225455
31.858447760023132 42.01525617238331
1.5431578698204662 0.8949695442873384
57.58033194558985 67.23032429114353
25.207207520834253 54.14948483838175
13.356929440407917 3.2273353089654178
84.26060861828506 10.661370078183374
63.58967072024788 3.2413932580602767
66.64184952210222 6.435943159329405
29.305922720785116 14.951766900898944
37.61095430102257 75.6364932072268
58.9435510397124 36.36672471239131
87.79033840896209 20.26228953101752
53.629150013270866 98.45374771046241
80.31396894533617 40.34633982579259
12.518523061526455 18.07279299099964
68.67994755756155 77.27879480979777
53.93304037089308 13.404167595006955
98.34659846366804 38.57406816128688
87.06229853221097 20.838436870163825
96.47654186095973 28.638664892404964
62.66253735720346 39.915454847819774
6.88532612286239 86.83244961848379
52.89252614603788 24.572215418071398
26.946372834230736 20.329874918454884
97.94376033800735 39.500267066956084
6.4141589725768 93.26254001839416
4.10124164199277 14.75671750647145
63.447599400522314 2.556070054099968
75.72977464982995 1.6499554614901157
41.8412984328693 13.323760603465873
82.34777824581386 17.23561400347218
64.05403396171405 58.71189033423347
43.174626567701566 28.767948446135705
90.01387463229393 92.00232906364462
96.45711663853065 20.985061026596696
16.972458307516103 96.2928406219292
92.5373175021874 23.347870107264978
76.7517342656021 17.622833285814288
13.9520453971969 60.89302785698625
40.456030404062446 3.437374487390099
73.16399205997169 98.1543053004668
82.17314186246092 42.87074739244279
27.681732053711382 63.36045029855406
71.95375897275092 67.51257819735785
32.298325477023894 71.11548056262902
34.48586925317849 0.723496068403251
37.640829783654304 62.61530422591146
15.6370533872642 73.22231499864445
97.22589209896253 21.615032018805834
48.12393845327825 55.19515447899159
18.990738850920017 2.5845250653409035
77.47757096156786 52.022271937855045
82.72607466860775 81.37209207068878
37.41900283341977 63.93645619939614
40.048595784359264 85.46882969158862
90.48500385701297 75.40216142378553
34.397677831216654 67.19047989210327
16.58257098252891 41.759888438376834
90.89787434476071 72.8135129571663
49.44933185455429 14.549705310721839
58.894947068207195 11.91128083442845
86.32401184513357 86.63641179689898
56.11514760743908 96.35192172131859
76.89959965228377 22.919633609422906
0.7860323581036166 33.48604655947756
19.67212088264776 16.485797469569597
79.22863046622528 61.170198594280876
4.30967984622137 19.618786020081693
16.254560244766147 53.64527898126208
17.970811960479203 42.73988890956397
33.11377078699653 84.72040748262191
21.083208852419656 89.87969882891431
56.173197405031146 48.28511625508065
17.789812799510372 65.16608958066159
37.71761174191302 68.26671110702851
31.133467157272076 58.1445860400813
48.677315206644955 5.646042339008428
3.0984378035557647 11.989882073475734
89.06069555271223 8.473592721679024
38.08836420600896 91.82236903159972
31.549825565321687 89.50163897010978
41.28431901371692 89.67575753716997
0.9357999421647056 95.57758549764142
35.29487946198368 71.34515423582981
7.460891798260771 55.06861659090958
90.89456593219998 84.07900835221551
56.870926923745046 85.81130152128382
10.211757012215594 25.879053887699023
49.61085661639013 69.76326149042063
44.18530736178434 30.311194363056693
94.76184569646074 23.23115990255673
4.736376401576781 85.36670519006397
64.9420373825963 27.44694039632021
93.87091639269016 39.8176625423299
12.819491489204648 55.16134050612587
36.84183526163156 78.564569545893
15.976376161749162 37.221666388019756
19.04814716770009 35.408935975533225
80.0917248326883 12.544012177419628
68.6589743657228 62.81058162733486
48.99453871790955 92.0422156295853
61.37528576724285 94.99154518555495
54.419158533583946 93.21758495677915
1.407598958163181 67.10629401467614
5.925992687838755 76.58366953103841
33.14139911164769 26.849377870579815
86.25756601724106 10.676457776817072
99.99388667241718 7.4295000375778075
63.259840110623514 32.5775976776159
16.50523220467064 86.16352501473561
89.56439708028118 28.63054346682816
84.59849478829126 57.75831792985724
54.20436202848173 57.026416825992875
61.36273975212987 79.07071044324412
21.870849690169393 56.73248140928364
72.17787285324353 45.087563473181305
73.43182845688862 40.13602980904039
38.96262429749577 16.365532458576038
25.906413218113443 36.66332640242811
78.33914728729432 26.833803323442893
25.098953610183283 4.3746156785757995
65.21131035146306 62.057775146252546
88.6864144127246 56.85160849724642
3.2397801789882275 83.73492878466222
87.69242500465799 31.372360382735142
84.1069597644089 52.73000794098663
0.533718199459754 50.071665649393935
80.19179703595367 37.8386856871642
60.34310088536019 7.172779129926687
5.412162450659963 6.292396668520706
93.00496483580444 25.021379903107153
93.5749621782227 79.10677484246689
25.22484117312558 86.62066926364649
14.73764337995014 51.53334604447084
68.25833561518017 91.29409788758429
45.93488190005801 30.5153124983768
65.97094887627186 25.479495141341268
71.52191842514462 31.73127121112187
16.424446634732238 8.97040190153746
46.41897801972601 69.68562964146201
5.527333186667294 2.005275047338251
93.86027436429107 39.04768606683664
9.176737278460866 3.823615179874129
9.801047219218372 55.7610376461098
83.78821080297236 89.367419411178
4.700270491269443 61.354552140331606
87.59605622017685 66.20189387776252
99.59329995065525 85.23372766084951
63.08005003983328 0.30968354672755716
50.91081231819916 91.51643502374212
34.92457968056692 65.07847675796343
11.492065423093045 83.78317411171999
66.0977232066906 93.9677685285798
98.7434133745126 15.89977690346116
97.17744804392134 16.247164859086638
10.30554104692536 38.0268999381947
52.53973963120973 64.80393169814491
30.41031854279592 33.39511433118787
13.857664022900984 17.52349625050702
92.4533736048919 17.614455443219533
28.21082690810175 60.32228586989801
60.49771308919054 27.239281224879598
64.82403713875622 13.828655219647313
6.5870211540082435 71.36582431877294
7.960520015595796 69.46374056058518
6.387299123859713 83.98101985544413
90.41542072002639 70.90409109915252
42.897261113463394 98.70032740354088
64.84145117859295 57.51465208607138
6.061536084328045 63.99840315328331
96.07190780668145 9.28436379080637
23.85561125980282 87.9221926435884
34.15751945813557 23.00872369887774
95.54392122187227 27.471075443006796
95.08615463951979 43.836531305404236
80.77497449117936 84.18090657094994
57.57878389320585 9.702407068247698
67.31567209671742 81.02196823196198
1.6206127547357285 75.3224958984424
