770
1 3
12.00669699528014 27.168032040165535
62.238829769812185 91.3429013532814
96.30175157894799 46.809257889856795
82.31858247672986 4.468543991528762
18.714549710723595 61.483243741151774
23.325125696769522 76.1743019355049
66.0559407339933 70.67119745253152
98.310039342892 49.86503143447316
84.87971396258116 88.28313693320999
10.550108645573285 25.224333875588112
67.59280555431783 52.23761038777744
9.16193576309221 1.3580815892487053
67.19516204507698 11.241187484971693
61.413994501797006 58.10326844380713
14.68784357078472 57.84653774666839
26.148270236926273 9.31863785621172
10.848774392083227 99.22314159561859
66.0677803624169 92.35783757827546
30.53624931457737 4.5503885235588015
28.1849236919145 39.35784565883746
91.6131049436697 44.044803129425716
99.43015263403167 4.1296959679328005
42.9532360226434 89.00168050418434
80.36293931337948 14.392723312349599
55.65960491549551 73.016507535277
42.682251499989256 42.16399796851462
48.993000049885296 13.222477228654505
89.6728130936026 25.629232891063623
56.467119939936275 8.680834679926264
35.50252575926305 30.48189498351195
77.04104703146271 19.365399532265858
34.622472721599216 78.36081333443732
11.197738755804032 53.37335438972539
69.68949588165233 72.22560009666523
72.5124414610172 15.635082890719488
35.07424101770722 74.24144922125748
14.68529417971325 90.95928058491654
33.65943956722808 19.820724763540177
91.47751248309561 31.899684060677693
78.29440142014028 76.2296345708579
7.415042592422827 93.4283156005334
35.74023300056475 40.449558539732486
12.418693132366677 1.6141728600819638
51.15458419532188 77.01348663656029
51.93332827675925 29.501845001777394
41.600803441886924 77.4961416090372
59.981332651256295 63.63969486245151
59.13205050603234 0.8763255992659591
23.08613025309596 12.672268302723477
39.19661410062931 76.09433631863646
88.42836326737455 92.07975529513467
57.77917981708411 81.14544946875995
41.50714696728068 81.78670705380465
88.92381288165868 52.72762978303707
30.50787015163594 91.84826252284427
6.136386550786366 96.34634141261435
16.34618818902829 56.45742644003915
67.2359910086438 84.11229391740495
9.81268048877224 41.21378298919103
41.96642462661475 34.48162227843219
83.39318077762863 78.92015756653163
6.5980355553061365 65.89151555847599
50.993028372669905 99.87166691340539
17.570298020424 82.64949784495501
67.01694469258126 12.072397865159413
71.03860193831612 4.544650853762966
32.761968888275646 10.137349573363764
41.33885150110257 17.346480946989672
84.41449779623736 2.3338786208488393
95.47270182962426 73.49616156391905
40.63565257535593 83.2630007897563
39.90969452753686 99.76053637007807
57.55150194261489 72.11858007134478
82.07771518797588 86.56665410463924
53.56101216824938 26.122939950969148
16.24324462360356 22.17475666539821
66.35564575072715 54.21158669804858
60.089178710069405 17.830377372617747
27.514989689612168 13.364515279051892
94.20647286930813 22.236533855381268
37.80173160847438 70.2277920009313
80.5772256239376 49.17963286196196
61.41782628711281 88.01867366456324
59.33482970396542 19.497645078122062
53.900358908175704 98.03410065416907
10.979517480162858 28.747191693906338
90.45215464051337 87.27531869971561
78.67438349919118 0.35717566805590906
64.48825840057692 22.57882155353508
7.43547499480377 60.14514627999053
94.52012521604438 3.3837606722206592
86.14609769477195 59.87083941394151
67.49937204783554 71.57541255710986
45.5637903993041 74.20503795382413
13.08754798419065 47.58444235248056
11.519115729403584 93.13237347716073
13.840515958337708 35.26498268468292
17.3690263824424 75.43872801687273
76.50024728440815 46.035491529441394
2.615131348861377 8.269783276722652
38.152284765783605 31.2296896879692
14.41917865797382 71.14892863323323
67.74826991451117 44.42487979121188
52.65625003020047 22.414154401936194
78.85067917651365 11.874647494297697
93.38982231950558 31.79582337829445
58.71708807920493 19.391245422974812
58.074315300159455 80.18769318608344
16.38104479264708 44.52313299534338
64.64793924296404 54.78146218112041
3.0991065325317813 67.81536531341854
15.48274307445796 2.3383949206025934
11.260678541676405 67.80287534108062
35.70581928688126 84.96664224234374
10.992793228260478 52.31065374808437
50.97971414291089 9.962960545155175
4.691591667941042 55.1633238115075
5.813627937908117 13.336181119298729
51.55850676042921 99.58667322648328
0.5077790561101025 90.37735430125898
3.7768641789574398 99.57950148641824
58.82340147589629 67.80094488445185
48.94483414065469 34.70160955711232
66.90591130436563 71.47540086246849
52.00025494201426 70.70670897420842
64.73639917497165 43.53326440915257
1.5767080310938208 0.16239962622599524
82.60898945268869 23.60129268583899
64.46855346665839 63.4295975087602
54.02073694338485 59.20314291165578
46.61654366079488 13.67087494928243
82.39924842267176 37.986205316368824
83.27905242016551 24.146378298366855
38.12416705851624 44.31231826295987
53.845922488906005 61.41751708363727
94.78411337579624 41.22966191815387
26.607766821778768 99.8911586971681
46.96135789575233 95.24980280740978
92.7303679249463 19.907051230753893
31.303853798668978 57.39333996389489
56.98926744322406 9.08206480235474
99.93970478612184 74.35198247427424
72.41638214393286 38.22328768002692
89.2843603922519 10.294344148625578
66.18006713159792 90.14709951232007
53.284878435273896 95.66426429675741
18.607615320303616 21.570398511672884
56.716076349139534 95.85593448275593
7.015391204380306 0.4488581971278993
19.902371434589593 12.760829989282563
41.61317745045356 64.26885731943261
50.999008773301256 71.54332187932366
16.38879364566659 5.307650473020953
83.92412182782245 79.18434183336656
80.85732418652351 70.00120136028434
89.3616145850526 3.024719417004418
94.46273303646326 81.5399910987203
96.11189672188576 31.774026272060674
90.65647264605705 51.354634482854664
49.71276364831181 94.2948550984777
39.442312372920355 16.391521354626605
87.79430555996169 83.72191151846819
83.72718012103554 82.99688409339745
31.551966566298418 93.89054689044957
80.5642869418398 37.43957759937082
43.71129786895662 83.1526199715974
53.113104022780576 69.09697345173085
88.62245640477728 40.76309228571464
99.3867487424877 66.50220598140831
54.54889484936673 8.23470085639153
9.40923774267981 19.157648841410623
73.28998359720929 65.9702004368759
42.028436936527584 36.22411324996686
31.082321833220593 46.806202499327654
23.657761453666872 25.7129293240018
70.34988402452807 7.141210120135066
87.84303544843412 15.101159530900187
99.11572084168598 25.744112585390845
77.14840276005927 63.868368304223644
20.044518087484107 28.956873055770103
51.48422477814025 21.31160657144793
74.17549654842641 32.919485955626705
99.58833796971317 47.09274222343949
31.158574895768187 20.624477771243477
83.80434493185864 63.06372703725414
63.47050879584475 69.23324800225627
55.262744390049235 86.46768568320304
3.421570175781552 59.00606728153104
34.62155708639647 53.704181277917165
38.44681367744802 26.430332003771095
2.822285434382188 64.28697042547316
70.70237893575606 53.75978021857468
70.29075391229252 57.58542632649919
19.466318227241118 70.5485009580259
18.85776485282895 16.46651892250153
59.53933002844949 24.529631947851648
72.42454257273201 79.84090354131092
77.4409059634237 47.02793448294435
98.34944031193969 4.40833425441467
65.23945355824247 7.342395275313773
30.787402188891534 85.52114108444641
92.08431369052761 58.878244426895264
29.721274464160196 63.05992627049692
24.916342018510495 38.02381144451081
22.13605643841554 97.38432308218063
88.97622490252392 8.829365336468165
61.52330138642188 39.45509869169772
71.51237303911383 39.69078559897883
21.742749533489338 75.7306840093011
53.9790120984744 86.81165436928175
65.4039811000495 60.63784777832355
73.47760179732161 23.94450233378864
31.571333466281093 95.5175207746676
89.84463735229491 20.57214876139608
15.857746986308019 94.11589199751793
89.39182486912493 90.95212853218588
86.95698853074518 36.185504757495956
99.43126476712145 82.02923917065374
25.193368102109392 43.38310389767097
69.93414724418254 17.003726543385554
2.61062928304161 11.913624484301
50.6939807884756 21.003519867584263
85.63922808768518 45.59999817779021
26.52884620606024 30.27056806621491
30.621585765017056 54.735525092955875
84.29830521733035 73.54368716892424
2.3247941806576744 92.01870953129776
49.97866693335957 13.453324411009394
1.6905817340529872 85.17148491641238
84.78088172028255 44.32248488710053
52.01206621437766 12.299284464091652
97.35767131431427 10.962493349179603
37.510263196762985 49.684307037181405
3.306364142430529 13.58839704997159
69.86856589952215 0.8110133075180048
66.03680794355576 79.16387525098965
39.63825529831362 67.72992349556127
8.53516505282894 15.335420357351381
78.34040363117938 73.09248609373384
88.33760911026015 93.25600002331595
87.22654965403582 25.30468006943096
67.17899843201121 65.63666207153345
3.1904474691575313 54.27055578709839
91.94101910844527 87.17361021396319
58.92911129667993 72.3566383979899
13.388317603806076 11.083572483406279
24.66309919338663 62.6347953518684
97.07456314033583 7.035150267530055
80.99119466958433 91.14233251317255
82.616239343465 16.94419093729007
99.512737112208 26.59902610126117
55.56720535313835 4.452928794438082
5.199550359599137 39.46811355973998
63.07668587290729 28.63419910903966
16.248830796147473 4.172868558670539
95.67168051243907 25.25760452392447
73.45054386446914 29.312112160299897
0.4048342239687308 48.65530584441507
59.55221507430855 75.4225467223189
47.88013840516933 71.42152957859243
76.45254893873566 39.66640030584898
85.67480613534732 83.46498034467696
77.19879613971501 69.23466600709871
30.338453318440028 48.33798937207408
73.84980707592696 95.91728899729269
33.171284977328305 35.24964866623503
87.60150392618242 9.590670811332735
65.48944269553414 72.56996685159788
29.072546173452206 49.209926312449696
29.145553159822168 99.69033679545782
67.07538992347853 12.03579353354909
76.85251486753961 38.0975809239354
64.42581749117235 1.0523439138409696
64.74394498355696 75.99899889146408
84.77383119367086 17.75768651704126
65.6738961791688 59.15996066985394
27.42059836099189 37.6228218767805
49.68788300373643 76.05956045443702
74.26651841051905 31.948718898186847
85.60977657544846 97.50633507996116
27.342530792403185 99.66175927386567
73.82227365566926 60.29331508637223
47.941658471658876 88.80825491333641
38.596947105877135 77.45722843198166
52.55946474153279 97.08846531274808
32.8937614819234 96.96149577128818
22.08264011670975 11.332723526701894
95.79869954173685 15.125274298863967
77.70899067396971 99.56709684323297
34.1358893180302 48.921602153179265
28.250762469294454 78.84658619125989
74.43310252540198 9.382830057661629
30.310472924047914 23.471898038756535
78.64881871742686 2.744790254380902
47.872103238485096 89.47226960196843
8.003540513290508 39.733291858112295
28.49697809975751 84.56015975720874
8.09521806902489 72.46484900709798
55.200608163069646 11.798868676829045
85.08831482749962 21.285342783209813
49.652570620102644 99.37812624369762
40.00088863184943 41.90924397659597
12.89056758162086 12.56974634533703
68.16469897284641 3.211665514079831
6.242771704655636 19.07280655060728
67.1756739905754 11.79997197869631
60.93393278704562 82.65012467684923
37.81018274074859 94.74636064382682
62.38759050013003 47.01812101050158
15.652711406958208 57.726493863307525
79.09650014160114 20.22362973288501
68.20586250360114 78.82776539250767
65.63921956661648 90.35424831991028
29.363875408075724 78.8525452299532
54.31344337501067 71.40715222442793
52.956109270189124 73.72131777961334
71.57525006067193 21.675794985155996
29.04662391659436 66.42281925442566
34.77494937557613 71.56892092300097
97.69156275717472 9.75715092269802
97.04030954211815 94.30003434784182
63.89950835020333 69.73420938147905
67.51205548284427 2.5420399706922225
58.28035625103585 42.98841055558626
22.452422899782466 73.48486468623425
59.012610310339554 14.602902854888168
22.766445509338862 65.11847235970036
88.87766824004544 32.73111850690531
36.962029129898035 5.904749644227292
26.274864894329685 0.4326904799639708
14.600850662799058 39.71088039641768
85.9766427697257 20.55838018469427
68.79776934207553 17.436738695129563
59.6223592031899 80.9384534377642
8.56809193636392 53.84495862907539
69.89607577551125 77.982803988834
77.09947957540084 18.827946732295953
60.26789634493457 28.785147216159146
95.70479531516666 21.12456433799572
97.23966083057638 0.22030936844090743
92.56343228534175 32.417146478527755
39.115809853862025 1.0261983616654202
3.759334264879022 93.81805155811958
52.549221531146564 47.01801740188949
64.10639973971573 91.67237041992651
36.97247073334018 6.940862589305041
60.604544647473006 39.95636440002666
26.17970238485501 95.7315450825727
84.44236632511051 79.78675371551036
54.2496540800004 85.55513636461833
33.83603604012835 71.4954217004873
25.60445043870756 39.93344524665277
86.88203818748212 89.37039142553911
94.75927594845442 33.89757584036586
23.889190008614314 14.923174576493302
80.79771899162603 25.835763071263184
61.482346744547776 62.706805317510984
66.93399062787988 27.45792832853646
29.27891156592071 28.538915873641322
48.1960101923083 47.56234655233777
77.52882050377559 50.46583267705369
61.826685670958305 42.23266591422099
37.05399201642447 86.59178953550854
34.94243035360376 65.48174074364485
88.92364546631859 28.845411614061266
71.94666695817116 87.9081410515069
45.904820023796454 72.24464368661975
28.70190063762321 20.626951996400766
63.01607665405553 77.49109625705346
49.013436688554776 82.31005926144361
26.45709018787763 31.757547549685604
65.43874015748676 69.03060218664943
73.4543389812407 75.24282387303055
52.263871423054 45.57297296146956
99.17279039948717 41.37494440688314
47.11904223988264 36.30107137133227
23.986898931586964 73.28621410563518
40.72950802169149 97.33038263359236
33.130079474935755 57.51748781562078
17.136918090515252 12.364292641788
65.46836353172274 78.78042620411725
34.07092732672567 85.21996940420505
57.56182733936952 27.317872924293262
33.414067506908964 4.749604437005761
63.65269330595162 67.57480907860077
71.96658931830315 18.739804475216815
7.786956394933897 0.7871529091596718
93.61093661372524 18.81748007521933
97.96239269507842 86.45875186963585
1.1665873414291594 3.7652632952574594
16.899972097414494 79.25775167181621
29.889020875645713 85.92142500079625
96.17013131339046 17.04580269943299
13.27805049383981 24.25463871986362
42.222668749332605 19.88589093958044
44.83052738594513 77.63096986011723
3.2548017949939556 31.86725839537219
44.84861147775314 55.903621169274054
54.42943405900469 46.686669893627354
86.90713794457344 45.13429551463955
98.97414669697335 38.393395742774494
29.21722898584138 91.79764068509266
62.71471512135063 71.36565630983813
98.16484608905631 27.670419460653427
63.658147129982034 55.236388043678765
13.223403690895097 85.49337871319136
52.836046581424846 53.179928274823936
62.513592279379935 97.58830531616283
46.8046736087399 88.51780512887328
97.5243824947138 72.31214438480491
19.7154529843067 88.21099171099698
39.96434040605066 82.5456785688208
28.755146177458712 36.13810584295712
85.57532762778155 62.01099778629806
83.02693740757294 54.990186448336
99.04339293796238 48.59315400158803
18.234760390863602 48.52104152717407
56.325256115503585 3.8116956967200633
25.362496854378524 67.12070309562002
9.759626667266552 70.58772095267946
94.49116816415486 93.60607374629102
48.03848343758983 62.60098093934434
3.415988992211094 17.36221792378181
54.18848411821058 79.35793324526163
38.70745101858128 47.50091178254523
34.36699095678617 61.91189536937263
81.74417253620578 31.293025361905347
27.627557319496 2.598062676429236
77.46876369175281 6.81202783278918
98.09264560307136 91.71769231632663
90.4514287504574 77.51864484709093
85.91739552619208 99.40074859394458
37.025130508685876 51.80395453253976
39.85615178268613 43.87563977653173
93.20180828542199 82.86001874635136
10.8031835644409 16.38588763908333
28.286889463642417 3.1096201031919346
75.49191340553843 71.3869203080139
88.31117293784085 47.894732446139045
65.720116816456 16.274258337466918
95.22033900258961 85.19851116207498
86.55959153191404 46.06532399957182
78.6425288190976 87.56513224942502
90.18788787576403 16.16150185459617
81.47629606516213 40.02219567130367
29.33926529714519 32.171328563709835
59.06231252047227 71.21871530238029
75.53965493149877 93.5446592269215
2.6107736839205753 89.28423042413618
56.89456536048911 8.101285429898475
61.343894611308535 78.36347492178682
71.84410558189951 14.983655231139426
11.347822133287178 45.621533018487014
11.801839456996799 2.39309219964845
21.658069771663335 6.128491313859619
9.32248476149371 50.23065535553641
55.51002018696436 17.42683272444743
19.656511741187742 66.28150360700462
14.307211466872193 84.13760807638101
31.173666388394583 30.648401337379738
14.64203914101876 22.998671879128942
44.76176746268372 68.20256601596442
69.73707732876203 3.7333492189912887
4.109404092726154 99.33724760040612
29.094583373662843 42.156414569167744
10.393708166922732 97.54280509315953
30.52627543301729 37.65222119848188
44.024591865584895 83.86754210521717
5.761028518351385 60.43782723613131
15.065655618388153 82.63372021374984
98.452151558287 47.6989170906968
61.526655414133714 75.54207641211559
83.107255295505 31.94630823243816
33.18704758919107 13.65901054797578
30.210801735006232 72.09461527306948
18.50113576497867 33.931387033684345
41.0236677302223 96.34548827329834
92.6932005258305 29.290071640558324
35.39994763328742 12.472117562945439
89.84119593051494 84.30258935951993
95.02839282634679 68.76796589340417
26.080510682450498 45.73807253214404
42.59988436395585 33.98652309849011
25.55086209781885 64.1847697824135
59.30692187159914 41.52877303521991
60.458869361829606 92.30918516717492
12.526927925590847 63.947597206558186
36.85870504463482 53.562371642767204
75.88301053395121 58.029085643071454
90.51722179474169 46.57798757123528
8.540539699576755 67.50913897687332
35.02835558193005 10.855017784910359
4.986832736163449 16.99197021106691
39.01945931586197 81.73680828136898
89.30808747426052 95.04796387464718
6.165924711228454 33.73457619922191
29.540778783114362 1.0855909253905338
21.29007966166183 21.441385460481
77.69685053555735 63.47390166041049
40.7757591986007 41.11398244376441
20.62802374193311 95.22298503399998
16.505908820209658 63.83321761796037
46.8511765382948 38.475506036617936
61.69556526355831 55.53031543093476
4.714499033816089 16.594099551349917
79.93337128043578 0.5940143626415928
71.8924910860301 1.3135788382053981
88.93194833056104 36.866182568174956
8.165863165596864 77.71657456674548
8.25334578490844 81.36691748120933
37.147787985366506 40.59192061666259
84.85082843099863 46.98932380403824
2.0743051728718154 9.488543129514039
82.61331484534207 95.75589105908433
1.9656919741364742 97.47643624914595
8.625220347997931 24.479842194043844
75.1097525785084 61.280249150775745
77.46971755259202 74.32547129042
97.15710028266086 52.06955340718156
18.84956295326954 69.57166578259107
84.60786350858281 83.991991739951
24.906338845052 80.65099926463905
4.673697505148744 25.23737953465175
27.910328157751962 59.45109699820827
41.63655206958363 19.859548249188762
20.956424560621745 62.803740065510574
15.662573583200935 88.50342306510922
14.311006838032725 9.640881346329566
78.42710559747947 99.59859973433088
23.140693538799507 56.97937244312452
60.0097710596547 65.45767493498668
1.2776930648489282 55.87102489387874
98.46822268845041 45.689116342133616
89.14708564162459 98.72760557031705
34.56682673961702 11.454516781011215
83.35714889191857 73.3497616548499
30.920473287058712 40.01355715699262
72.22461253866487 9.71403247478495
37.89658933376829 39.72317043669889
35.47792373330743 98.14029530556402
42.080560863425376 32.327507083302386
81.22142754444128 82.90776421030539
47.01491579351449 82.77871564528911
4.09617400758433 41.99715374142507
88.13572775480016 87.39508774859142
51.80588039428218 42.11087753943568
2.179953496406717 51.36281267289231
97.71147496783523 59.62141861789556
28.147650150196355 28.42657414434433
18.899565648443996 31.558442853080404
14.766877973105741 19.93135226158178
24.34159475515001 4.578862801810613
20.047172995003738 11.096971858055626
70.13336075169332 57.65338188114342
94.98988158930311 22.18024350395462
73.87262854273906 24.78196429397559
20.123195847133445 44.88204752875238
26.139532978376458 26.756517870775
65.79497330780137 33.06782969041657
79.71540030601452 92.76138488593797
78.33593319228711 32.03074132374783
54.58885535106142 53.20450798430449
34.32689638601456 96.06471384828342
97.24488886264515 93.85817447546528
21.88592521249939 0.09913683607296608
7.646765830288937 8.576963159486773
29.96897166922736 72.86721695449525
90.54098884242607 3.339324686734435
62.00875798925281 4.229173502689831
50.294497585028 24.21090184409782
63.63874859668661 6.654031333126076
13.751166988170738 4.837672609861521
48.4698092767045 36.60450704643847
28.9140861828487 30.703889328527033
26.772719204214912 2.452821133777383
26.73614954241397 43.25289820267979
98.93084743363288 53.466174223306595
86.97417422563156 91.43659795610174
97.07755693527285 53.540945593935206
99.89700943299633 73.56669601537502
82.5452959565167 26.52346387964506
83.63886528573856 29.18353800401441
65.07080535131873 22.485137865058412
41.37042110755538 67.86992545273749
5.28194257014436 89.05299375730517
90.80880406891963 92.38634300104789
91.85197884259509 54.18044277978511
68.89629044312453 72.75083537494822
13.265283151171303 15.767076615241816
98.68423495068839 57.16201782090371
6.083401688928314 93.36860157713357
75.87116726006502 67.82333989965761
20.16212518142155 10.396464731319032
91.57622771034164 95.71123554875275
2.8604546315060153 34.89697032585468
58.500626926425255 30.980504368385397
22.87054524582497 26.903555842814097
56.69407398288327 55.46487565544729
22.521790527942255 64.55881354789452
19.288803630514153 34.71347393887054
5.6273110345166355 78.44795764509023
27.316210667208818 87.17741881409884
63.2829009946122 91.41756493551247
3.888526346039889 36.94603289709348
34.38027818977272 53.003553265832856
87.20313310674265 14.49224016921631
97.55023631866521 57.81812784198061
89.52785904180152 86.56504630664612
89.87087181713082 39.13802439967577
2.8429597944550133 68.34816034805569
48.2514475999299 45.83780648233082
16.1339313466506 62.508951177464
32.93510460199782 7.274408679122812
57.56076489498714 48.14273698168012
46.139718924031015 69.21991474108744
51.97988701137169 59.457474549524704
55.508192676825004 6.940178079136716
11.201339629649954 74.44662749397266
5.369426250764597 99.74125306151953
62.430258609320724 63.96567171798342
49.75521601653181 82.7882272114011
7.393194877169318 20.13588986201127
21.027430145552415 1.1682880271675078
7.753914854121069 82.1019383635431
94.00419895302178 38.23588301438856
16.014840883924066 66.38607321340669
87.46409686949748 58.7496331784904
49.40845156098588 25.039417370967087
6.827682681845149 35.47630883470394
77.36769461224313 77.87126474294061
2.2835333581840533 42.57581764581258
64.91804363759614 96.91572081004023
82.24102042534898 13.414366200933747
54.69902060749065 67.97988054264847
94.70427487680044 92.92453174951076
96.62187201547864 57.260754651864374
76.97772243083357 98.05133719578937
24.15017566923019 52.70854310505078
12.41244889047779 90.67811524074216
18.6631999814584 67.50043690693239
11.531713102385543 67.5625466230815
33.90091192481426 99.63669130981955
69.41571382368312 17.924755586635953
96.91451268720364 94.24130362198446
71.89624655280859 10.096522712752275
59.0561760012313 41.55827873133735
43.80663163014644 76.27179676926441
50.14163733286505 53.6957179830732
29.97906921455109 59.16587559134805
17.55934128175378 92.62733167678017
3.8583786849646584 16.14710891065552
82.88488989494549 17.74742009479915
31.629161426345753 28.678153854098042
79.43271362810962 17.682432026384088
7.743344433705213 20.160598615161373
29.322673913485133 19.54302869561504
11.830697295625692 21.13760522620001
52.602936018464575 93.93831794351016
10.499232252430858 8.121620623591031
90.45150156747769 7.3224506516665455
32.42847686787249 84.61531687074209
37.71578713615824 92.52183552426109
96.75624172091288 13.974908775772498
51.769380245757816 17.766342278032
24.53003551945305 41.55525814379364
2.0115738567060504 19.054978214462004
76.91395810561534 4.250561587312762
67.14197586499915 46.71575309672657
7.8215972132331 93.2048479975804
70.93542255950258 18.369444177959448
12.601452496512366 54.56932000445778
13.190742933569677 18.93589635726918
91.75741613602636 54.60112926197698
31.216521642308503 19.22649716838649
94.71764695835336 60.95738621682616
56.174135235455516 41.03927236017677
26.824992438697137 43.45803926319369
89.28335964681105 46.255446258709675
59.028420780292336 66.05660324391489
87.1195140877808 99.39941108700872
56.623855211387884 65.85014240136825
14.074335129879278 20.13559125931581
18.186613457611124 12.622059558872989
55.90628424479023 4.133389770390283
22.519270711197326 89.1490091972755
27.47818395788959 19.734559618955807
12.056814039197427 21.089328978997777
94.52143366053652 50.522822954687975
96.75817739573822 54.84704022002245
79.82794498316107 68.32403803763572
79.51773378398963 82.82017850270861
1.8739566093266324 94.97406100438384
34.87860326245911 20.660448225925098
28.487005692857714 40.41870730046702
37.478676984003265 70.15206996381049
13.500769095088238 55.38735561552717
87.89579250654542 36.38226187952576
16.79952937343807 5.360213267575342
45.92173789417937 86.17383761256559
84.62350661527856 71.5420550822149
51.728187027622965 9.675361484743927
35.107271271067056 57.46205585967552
81.18628260455306 93.0233302304197
10.58098253938593 27.166956913710138
38.069125085128405 93.79332831124847
36.295491734875654 25.39479348941216
73.13409790909415 7.877319453525966
65.27515037039282 80.99284096225952
4.925284396811502 25.200499511581988
49.578372945742544 85.08614346911445
60.51546599401914 59.227338397344774
40.12779919269065 23.485056418494676
24.578104044797012 77.84171288634947
18.51534353339821 65.19405950138055
28.682969921660995 21.99971195908028
68.0078075584466 62.30183438486729
81.44879977820763 40.05028931609878
88.73030696597357 53.129788947940625
96.01547776913347 35.26871039696744
42.99150665773259 45.87328123891612
71.12216395688236 11.325605914018656
62.533508293529664 79.90020592981185
22.861785702188687 89.46187789414275
2.760012355593 15.239935182985388
19.73231269164937 16.509354422772304
71.52960628876453 44.71396211088046
99.88768272361503 39.70261954393979
55.941767993360614 48.20044277738307
84.15321960575655 58.90212028053199
3.1465023617005317 79.3183606022187
98.15925273491106 93.19349770942212
27.669531066069773 57.233662578273226
20.134338101582692 64.63041039318442
96.57623755444244 5.925152931153965
89.57386933899892 49.16290339308205
98.05407513344377 96.96353103747477
65.24155719433959 62.22975606334964
51.98566335996064 54.751384464248076
95.09369223276722 23.012871196589344
16.470260336153174 51.011016241560924
60.99102565781338 67.11694871337646
83.58249057535315 59.56907600259343
67.55107701561998 60.161212615636536
2.353961117722103 79.36669646541318
43.17066306747756 92.87506105162076
48.46794320768515 88.22830237149026
58.496231465514946 98.4278276818833
6.29588502711198 45.131268648017354
57.9588280423349 55.43819799462839
23.70257690026296 84.35295734590731
61.381642599422314 9.94747242785019
9.249974406784812 82.2430161994572
66.45193600078545 83.53367090966127
44.02919480075147 35.28472709564101
80.05920595954082 50.71164486038862
4.6189228354588385 15.52442328500332
88.98375987544583 45.78842768659046
14.77731165026206 14.05579678343134
15.142671770449766 53.00466796394778
39.86196458124227 41.97874770257584
55.7584188605003 8.231880829114058
16.589845431941484 27.96988820072095
84.55919893650308 83.39716197148151
36.3333991649186 99.75863320131026
96.11570544720765 31.328738170726677
25.1787026005875 4.165415229672242
60.56387277660611 66.85511321381045
40.80552015823275 99.90369544345315
87.25404295778864 37.321347087216125
45.34116095252132 99.58426477432528
