700
1 3
93.3760341182752 68.64036128537265
67.95984203418203 38.47674618432622
62.3934550493938 97.03863287497596
12.510582807033499 59.69210500751117
73.65169224965085 87.96081660027302
93.94248886182734 71.89459781535076
89.53638530257304 53.89505020829812
11.409270162299023 11.504857568941485
68.57093475101391 36.28192007470823
15.795783759597137 81.76573469504567
45.533078353329955 61.9133885545478
31.41746701912669 72.33146987135571
46.189173002939654 70.16799540861223
75.10589563240882 77.33399686628273
10.882084001176429 26.421369504809157
20.245765300918194 72.75991759343192
14.367926382981677 57.00639031628758
3.131663635510873 2.377667062598565
40.383257903529234 1.3668041660704455
99.17748081497488 90.10978259913654
82.89174180879708 20.945156630038287
88.48553177859691 30.183129985580905
33.7693075147355 69.90189615419573
62.28669769490915 17.808262403609444
46.43468097886145 98.22399785528606
28.70424911034053 10.97203612283353
23.608262462877082 15.885751792963386
75.68454610149551 62.550982663214796
69.82278100067518 97.52247954905309
8.815153631571127 14.742182411650283
93.45113645737601 40.875561218982725
21.422141467320266 91.82461347356828
20.91770250477545 45.45633887078018
42.595828515071844 38.03260972635294
13.09769299790544 94.466384941732
60.71892835804196 45.41777654961108
48.9998684200311 37.057307828948005
58.17315886556307 77.8604758517449
43.36874170992142 25.161024659165587
67.54177963845997 45.766270195678985
45.84738818777219 25.149635176669506
87.10291020938456 81.86525572411425
80.508175817848 66.85037818736849
1.4276666971693386 44.738882807938296
68.77840098409733 88.6002919267875
26.14304648286394 6.370836468178576
2.9275343975252444 78.92944712345896
78.4878891342222 50.01729372396036
5.023451974780602 14.710845061528332
75.17206906367558 4.5420060137509655
13.666298310830571 29.305866840686235
14.078812998847901 94.09000804780034
18.12912316757316 78.978853520886
43.21373333855012 35.71236283638064
42.820781434109875 65.67197370096713
41.18220388851497 70.77547908191406
55.203922423014106 82.3873603898839
32.94234844355235 81.93544861063502
89.47148945695413 0.8587083130734419
59.10931561880022 15.855642727188846
85.20229413726092 12.36109445643574
98.88790015092871 54.41404800443974
16.41555472330538 58.8093490125811
4.03852119543231 11.45554376101634
18.325666897933534 32.58154191223996
30.652589150471556 13.322074466276934
28.26076445808605 81.27101980444358
41.65915488909544 79.30892056465528
41.09227790583163 37.626295495866756
94.16579054105014 99.58518088157327
18.57309864263348 22.688463385167058
79.5079312295775 16.02736275831036
18.29163410032033 7.557647675229928
2.035596914785409 54.361766299103294
2.6424376129766447 98.88821189160402
11.646020617107045 89.63037177559468
43.218291548642625 40.97455969056178
11.877023173270418 6.262798149939219
42.704881574420405 19.635830902193142
69.45234087210991 92.98182711357738
34.302799726207155 70.28154096530076
90.8520817312099 66.59953394360083
31.401450762448047 63.02853552341403
1.4376296319847048 59.04546424229722
90.8422246404748 71.3282769662597
84.5692230204347 42.2994145286087
49.807372302205735 3.5685321013765314
95.93850107607227 15.907974307765604
19.5610816989904 84.88659198030595
81.71791527708756 0.4187015163739316
26.278030163913925 13.524718794473255
74.12982715178693 54.085165187513425
66.6650371578994 19.001311526813126
45.88619165098577 33.78277530053233
30.382122286901357 53.8242198692477
83.84033688573136 9.744398107593511
38.74657705980855 91.1727852013432
11.849088043615396 45.8694450770559
60.56916882861907 12.892927892676953
59.32757343960391 5.388830941969358
70.82503607705087 16.114873962963806
79.09964444823771 1.0214343540557724
86.99434569164988 3.726414676959866
21.642013075085266 69.48067540410877
51.08738187398978 91.23856435125684
47.264873865976 96.00692234412365
68.78981057548896 91.4152239897917
29.35475231485798 63.55839874341909
66.06546707332149 97.54278315957852
63.05373678788315 91.30645668673836
52.718209717963575 71.60712167301438
44.021413888431816 46.55315449556807
78.97972946454348 75.44329516253465
25.801719608365747 28.533734806191656
47.178648220873654 35.99275733496113
66.74484683105315 52.127320842723044
87.88784269309879 82.749875204325
46.53669519258512 17.506728056282196
89.55716530330815 24.33845495753677
14.78973250159803 45.04176634705019
64.12089163872692 98.21033960150925
1.1502976949395949 53.0105202701151
80.08874470117999 89.78007787995857
73.50852015475301 78.4962141168112
62.23354518038195 15.284423250028345
65.97652977276114 0.3562207505355852
23.464333337051222 46.316135096990486
86.46795641386362 7.105351463319187
38.86314553724537 10.852762891093892
12.41461852956589 89.8753172176377
40.10339221454233 90.07868163521131
0.7609273915810677 97.92339779175501
68.06310894934559 54.471617162254105
4.06733005118034 36.38343853531298
10.265995836179155 64.86557076236737
81.10463944224102 39.122320776834016
24.05009763019066 74.03510459012834
6.043391734438508 86.67519450869176
95.56066922235075 96.16062329011017
73.2487284772755 72.9106483763355
43.636297128022996 1.2711123478213127
51.25270828156114 35.774511006740674
14.169612412251054 26.28375119278101
47.157028087530946 40.51741592298228
27.232245589706782 33.71016541124969
35.60789207684347 93.0811781892033
31.585015449313403 99.9984748746972
83.69290614223475 87.98489473130533
31.369175799950888 9.058690452214657
40.565650330090804 22.297603662534904
85.18968438888193 23.960545528527955
12.226945172764726 47.541920883824986
40.04356338211548 71.78657133169166
34.20214823033378 53.27954823182197
62.01106302976225 99.86991893450272
19.12534831409247 40.766767234111725
2.206110247085613 86.18763604111346
74.74374589186897 36.590961325249395
49.076550337490474 54.87706063627298
91.16590722349589 29.77486215637184
8.496288164265264 65.8545304524872
68.3026793221699 29.309532790874005
27.301596985096932 58.428762658878355
73.81729838584326 47.58544912229856
11.595372103799551 63.60900430757452
99.9506685670377 29.68603524009721
7.977805628779366 86.42656585999696
1.403717508113389 17.56512865609292
25.028335028143502 88.02782967975003
17.75149466144481 99.29418500371357
58.710290699252354 34.15160849244692
6.270855927822372 33.928309959084956
90.20256150485149 35.90943808558107
51.212730199195214 31.615883085912056
64.04759994499247 82.96675003847562
31.13355902703978 50.277108914371425
76.46495155828524 81.32553974271384
68.95329915362703 57.673308617943064
7.0141624839228145 28.892800256744454
30.705152538934556 11.66447478822592
64.37527559150102 81.52586898512556
21.343785692521735 97.47440191407112
8.223186469612909 89.23863781019534
84.61008520329385 27.91218583562076
68.2539256596652 45.725388367565564
82.75881060115873 84.8275937644263
49.59847077630424 24.331027741977262
44.229834922773236 11.008430833977933
39.278742616364525 43.76992102273063
80.697529040153 50.7054927464903
9.630515250140824 35.09783554847221
19.013022279436665 40.03221781168265
81.87642344170507 59.89837030716696
82.98023942390691 33.54240951492815
65.38810196313082 88.19478324095698
73.40674913164196 11.173709346694082
78.72392766348206 54.54567484571828
15.869779899487613 16.075473264892004
7.829576713691133 30.90190234194452
40.27450081335273 72.59877841253319
58.914777092942614 30.54830316210777
42.97408814050976 76.19602371589052
65.7786395292423 49.64751731345596
87.79508788151095 87.69562029556933
86.73474196099562 96.9496398783904
97.07190222357272 99.80683679454323
22.83260761235997 28.743165333494968
19.414310498663 8.125538565670265
94.64201415689453 67.36604190579065
48.891651711367956 74.00296845610039
18.808172571249315 54.4804640738507
40.20391038669231 99.6949676641612
9.63073303257238 71.15142676684316
91.05102047532554 52.35057109912471
10.300527210949495 55.5387490057677
62.24196877035342 25.390069363878997
28.447974919562856 39.038148477629406
71.8806595733219 75.01548826378277
45.23273262178036 68.49572731084588
50.678527783318714 28.975276825492525
49.32244339744179 1.888242985762778
41.35705333265738 37.024862288079994
52.10527521062775 53.38087471679229
57.55198280555216 66.6910987582479
60.74255147635847 69.13349596427423
82.62113679924654 19.65002224130079
3.994414937786961 98.43189876487163
79.39002593347277 78.18673248618533
72.00991129228986 8.611785006620076
36.61348904032249 66.58270322217376
92.50538063254876 2.609232055808497
16.271336038642147 22.447907124834153
34.77212772592999 85.47204764301601
11.82269320570577 38.77618583585816
75.20872816330946 45.11400570038335
13.441601501883383 66.88424165722896
33.20045413248045 43.81636503537327
34.207297056423954 58.46572774255034
17.69089123367802 16.973355789674027
32.59644172627654 80.50749058152103
95.75138450527079 71.71602297984008
76.99585939464258 4.407194111698254
38.047315519247114 61.743096537840955
91.95936785496974 76.26647878831551
82.26425048483716 76.7075172289415
90.48131759908328 32.7751940535967
22.478371154425613 73.68186613256495
73.67620365816666 79.35089895404086
64.64759569743126 26.33696266410166
11.637437948927776 29.420215591353926
27.623065043771255 13.956468821789425
92.03673762292235 63.352933199147856
83.21180615968883 62.23147355303522
1.2573822742932395 47.26346821123737
70.8566844095309 95.68481829310858
58.829250108834394 76.03050469793975
35.70639504561552 37.202969912450115
50.194514612569385 20.203343390834583
46.23264607114741 78.38024785487225
11.779983726919042 10.71764210410937
50.31526149811549 9.170193081816858
11.966583227065385 3.4949384303103015
23.624129134223224 92.33137543937357
88.19661248707722 59.820034747424614
55.624021211297034 70.0660152427095
78.15247107933247 28.9183094192202
50.38988863046645 14.821544270607777
87.81802268017134 13.379747921367958
41.79361282360274 18.520783448737753
17.865451035879133 92.93325747642069
98.60867539712905 98.86890621602215
41.66726890127688 43.646167198628724
43.82088668888298 6.479011347029684
81.22124179514752 54.53711205830023
10.408920997011318 4.965620806865956
34.128343766514945 64.87667419787752
75.73857082934651 98.97107435870754
75.2192829618612 51.76190166517862
53.20607837159521 20.706656021937285
12.03793179145376 49.946132108053234
88.52905212213852 95.42809969741226
81.27100303187508 22.397821204698044
0.18290729307868236 93.61834354225545
99.29973841265848 82.80318507614925
53.34010768403663 79.80110967139223
65.97735467429442 14.522515756188659
92.49014166862817 33.799938902926584
50.68610393383959 69.96371248593141
55.9964947901479 9.02712582381724
38.62908948113623 68.82932053966707
3.7340161566683516 10.377926532938675
87.72050451102393 32.755495851726344
94.43064776698759 86.26597459226026
7.898052214734963 18.678678867084987
95.89853127272998 77.3316789650999
84.80306628316868 86.93185158855292
44.83139576822468 39.116625774851734
37.00209589697394 93.32101094340635
75.62175566816853 84.0542741638954
48.19424316297687 6.474774791319304
45.3473861760584 87.97720225007608
6.539969673961332 29.364514152585784
12.201348176724803 57.84732567649129
51.257623737372235 51.23449726171516
5.512601710625642 77.27924302410902
92.01670421549125 62.77269477716763
63.461047022699304 69.32279133734005
69.84706344536389 70.38960705397712
52.499337160621366 25.74340425009005
8.175128725694991 59.24699193897076
28.56708756464943 14.246387789015081
74.72102002476413 67.57158510134107
33.93847104769843 2.6549116205720313
57.146281287437105 36.30482143130358
64.22352239947415 62.37141433312081
29.784518594844833 90.80436081316495
87.06643661270357 0.8304774175252883
84.41449027372828 72.92026930516636
63.71662388209269 16.97262486558726
47.392507811461094 55.93874945814248
50.489806408723695 67.18449976582184
45.81965866521656 23.44412933081439
87.51307787897046 69.90792242993382
31.449939651665648 38.53597785573968
70.25146531099902 46.40696258012369
5.179310953347782 80.5485302858513
27.341646261322893 16.492571930999578
71.40980784997993 60.90129240828226
48.667983475802124 84.27637757663418
73.60770463864812 99.19111823691111
16.12696499789241 18.15717310015854
26.195028113109853 30.988006811807644
50.586228294482716 39.92825365974184
51.00412804302699 78.16585040167145
78.2675805173544 49.006490787338095
7.36846412902743 58.41620903681708
4.077722501923731 93.66372388465656
42.01049555618859 21.982528593319994
42.832824983028786 21.61774485131691
86.5983085557682 26.045493377058882
11.079525808723844 99.21201632832167
74.02123691975466 84.1410253375162
45.254349927045 97.24994712391579
49.049491060087604 99.18533041278576
76.61605353074148 71.7391302998829
78.30185053024172 86.9686086099361
25.106693598854378 27.273718058896492
21.623795627877595 17.55528318537667
10.498883420181837 26.258508648035004
42.72809413885512 46.70072990892682
11.86189419015562 88.40639980442555
55.58195114632485 25.369984360264407
35.9611399357243 65.98305714348274
45.80578759022269 30.510997452499964
86.71214375446677 94.33497327524876
15.827939177156502 20.00622649107018
33.35016739361769 78.66297288427022
45.581801869641225 17.84072254136657
50.498208817181144 94.97080458567864
1.8987225318602974 16.85358499113252
74.79979840827265 3.5020531599269322
66.17403818410055 98.81440575758826
96.3848641892044 52.049054504595674
90.50457094297128 50.92668771499933
57.23858233097565 93.26199693611785
84.26494233755722 50.99029153434862
2.369343003244273 2.728482728200232
49.03417218470256 52.77178377333034
99.04585731291901 88.1733566817086
99.2305591144877 65.54114250024897
57.52599723574521 52.35925356440247
53.71028464155345 25.042567079587783
70.31537743258194 93.16695869802827
70.70895843712945 48.24895719667133
94.70827775373627 65.14481648833306
7.560023010133965 52.347165125873005
99.77389467622832 53.445059791188186
16.838302303466833 64.20761858653847
45.06016151082824 10.509813463046115
84.77165343452914 93.92652689936065
36.88697438579824 83.40859980176978
50.669734785843026 17.64242842293171
39.37768351259008 32.52976628890594
15.011401900263843 27.505743226662837
97.1349414184192 81.0880036836544
72.18241388620777 71.09238407749585
28.402146897549365 15.948868260027815
32.13539386815967 54.13991795592894
94.18935927364114 55.331366860829064
71.91003089663108 36.844525629680106
62.625480707074274 5.799534308982257
91.5015059706389 11.086387491724036
15.571409699589434 64.72188347479381
32.89381113513456 77.3499706532192
39.229387614664304 53.29979983761102
35.293570591311905 78.74604839627071
29.886936368755947 95.52159258467366
86.62825844383765 88.63758158571807
97.08820687894028 52.16061229431293
39.87431026489572 39.708914459441246
64.07478871423106 55.23536522027115
80.07253997503557 13.268623982409778
96.34842607070682 63.902821861449375
47.986087911850305 13.429321784076942
0.6623617945519245 22.709713727790714
50.60494196514556 45.599008263033866
88.74867909443897 90.03257418228748
31.84490727094529 56.93825663733867
86.63652361789038 14.818324688448282
1.1947883423463646 36.09599243172366
66.10070181398417 83.19548095225899
31.217568482570847 53.13720159353794
7.687711354597471 71.11493426517028
91.32321610067591 39.40518531913841
48.76437873320738 73.50167704969527
47.191168616467685 72.11250028684353
25.256732234424838 38.265151020875244
62.29386980303555 97.03311375426489
86.82081348916091 72.28597969109796
39.84315450969322 15.270951794293142
77.5159358047672 95.73388647719602
36.62033376623002 58.084212166831925
23.370469228682733 59.299371138517955
41.22675406947236 46.01736106896679
32.05902563084027 44.097522916610885
9.163326106207492 6.428853811972246
27.089666349874577 54.65319904014982
98.1311497373392 15.480345445981648
72.90380903994178 20.0107748256563
68.57919229515173 48.44521602420082
49.85534985657429 1.5415035071293826
95.42963363198685 52.42491873402702
70.98258481697796 84.49940949669707
17.8759709065752 81.52055528221476
71.04888646399789 36.27797023914088
90.2471202339766 32.01793791203815
4.854935118381265 29.787728500151722
95.23675280635678 19.91760052746505
95.95197177197099 72.48637540063704
99.90408762439984 70.68422873145114
67.74044778693403 49.05556160393172
34.75210413904397 19.61783529442691
32.79736424586588 0.413961314679101
2.0217303194124403 93.90601028786763
75.94621237556574 99.73887600999329
0.05439316314863607 59.23318307986083
84.0895747687175 46.57636880691551
26.86373550582204 18.79988169788154
43.03772383157705 48.97965287774901
37.04372165261789 39.7075920748198
59.08458545436497 69.92211497492067
99.03795702901252 74.58622455767623
14.661413892191844 89.99757485727974
46.162898421682556 62.05313848338434
20.52104101389731 99.37493208258542
58.96548921225806 61.2122540528033
51.38334615740001 20.947878378142846
33.50370618911542 89.81209406253608
98.65714325897929 45.92068165746659
5.449750002280895 6.3090716051045215
27.39679202081775 23.665851589554254
27.02892879538126 24.544131363648305
6.101967573799638 96.17043687791396
71.44747345499837 31.523471413097347
29.516808224196023 32.68109610913159
11.857547072733365 87.38431147276987
41.45022712668733 97.30403407074309
35.24226787219354 59.51026079415587
60.58242044250852 92.54268434971567
52.00267950571433 62.37762444484773
98.00098472425695 57.19758938491098
52.09099586232022 23.181468586040488
80.55977034077277 33.9555742119743
64.40375396465292 35.60916093777411
78.89829686191743 94.78835931716966
0.8811676523647005 84.16561774263054
33.76404482178368 19.746649868837384
3.379296878952398 93.47804069439272
43.95487128299713 10.205451014593091
81.43380400862151 97.1365381773706
3.3182874078437674 52.20038816566755
47.90724864120344 76.68172447434576
46.855319822239295 79.21651195405417
7.764667231045719 61.31022566531266
41.1631828931444 96.57380554878756
37.68327597814991 86.29414000965339
61.34554837538493 52.413141509401505
11.619996088064921 44.09585463702117
70.48660879208599 56.34117484397683
23.723706425841407 55.576926249031146
34.44317530358105 53.47670778951166
2.813262788608517 78.56707381038379
99.99677280018552 65.13434445177776
43.121280447080146 41.14698911386843
95.3859217510425 50.945550733470135
2.700141373733511 25.05298614839806
85.78678293408517 71.33312885353007
12.307897515477606 95.99369121281323
81.64606848490652 93.16884055462423
15.520693730067814 86.58881398362254
11.144615477796194 31.400308801757703
39.96096695631732 24.961081445873145
48.43015268688122 78.7122300908206
45.898108633865256 25.828269955189388
85.32485710595678 77.68463161471028
83.24749878747775 2.907048242300947
69.48935464335035 65.60088958270225
18.011596369647442 13.87594993145198
93.4759515007002 41.08567443526607
7.71170655456257 31.52134005165841
36.335882761531145 88.65773965811357
46.41278060815131 5.965874767940971
3.8586541515921002 12.726375521470557
93.18803446138442 70.61804972828824
29.382185972960695 54.366298449948225
16.292551568297654 98.00173549987238
65.69079391901906 21.115785113933192
53.19414591337346 74.11942990151374
89.6973586883508 76.89696155300403
22.742710023252233 5.5186475581794125
4.212067055098401 20.10506706547208
4.282263443955681 92.66182164913633
1.6342638459859726 79.7075874908721
75.37141766442753 22.23099212076003
13.894383651314923 83.3497619291223
11.953531207155255 62.690625206670234
4.9376241421648315 13.644844008552948
85.02157113613636 57.373603004768434
44.143338358392725 18.106210848194394
15.691639195150664 87.37121959020999
53.12972660967992 12.975459441486393
82.62732413892351 38.75884361244428
31.877511041236527 22.058222261230508
79.84020518211416 32.66563379381946
45.31847153215778 0.22406305062900866
49.44954649430504 48.41042947039818
80.84828596834694 93.18528681009828
38.29836549921415 80.99150464305238
39.360166410040435 20.031196440293808
41.43271665168844 63.87953549972747
22.627203944005835 47.76163342250308
58.23907881800192 35.508097576626966
67.74726034713936 73.77696603391458
83.0910916026006 82.58239381857398
47.98890119100072 16.946140151945933
2.5679764870872868 79.65664679032858
90.56232206851264 37.256994408329724
59.952594059340946 52.39145704699348
12.552627129323435 71.46767830793391
49.99231807477382 77.7436802221526
9.862983370968914 96.6662480481128
58.864660049921234 51.436655068472525
43.660030556872286 62.88791804428699
2.264061967081643 54.40656287119203
16.148031095943693 62.85707027311484
5.917852233958443 89.94072429954842
67.42584351647412 8.1148058657595
20.327279311526446 69.38903828182941
76.49005886103117 39.40991316363631
47.01744532551964 48.96620475010201
5.744127755104822 14.874750522340975
94.45467933087481 60.75829079609323
96.31880303670022 97.75394834319957
65.44958678850949 57.38252052802289
97.05863325358897 33.67188906668621
67.29905364000115 36.72428010490316
32.003055609208154 50.9242833022469
94.57432723030237 27.394435375178293
17.78517298850968 36.996871350431725
48.55559196906203 87.68074376958535
40.308747922035515 85.8788828249569
10.829080933140279 48.5043964091292
56.186671463448 59.4846163391584
27.115976508553707 67.98779305375571
14.778843887860639 57.08275029749419
84.10258023371536 33.35306949932739
53.08827052090022 63.741118032120994
69.67293552593152 24.165628625748646
77.64285104232368 70.39241062333565
73.7966167612167 21.75133440185657
80.52280108142445 92.88481211434616
95.19943603691013 95.79915870388977
77.77140427894835 45.64660608372322
3.753612755726632 63.248103955001596
98.58648408211201 86.51202478654949
2.6585464753965837 77.58558073568148
49.198024449165146 85.21386750607287
54.67479325073978 14.84508474064896
33.9780029396912 50.28200187195455
1.824286546423859 0.6152066870173778
30.934563064989362 59.964154206294
44.03754378470657 46.789217121432245
55.2931451476409 18.35525281207744
68.89784570294975 55.63664862394626
10.014797657652853 16.141715698184143
6.311143323602009 92.7201147976332
81.12434439889309 31.198157132112
48.578667473671146 69.43826657154364
6.436103542798199 53.03127282546078
38.120670996458415 3.7053136449714197
30.11076876865726 6.881623488154287
32.52042699896791 34.290954879114906
18.040937037187188 8.02901306281598
32.0658736122571 4.918184187026586
19.610580294852255 5.130275642279614
71.79574895233611 59.6334594237566
44.51362059044934 2.4923312545009457
30.875529203710215 38.42060545098338
40.262206951081694 28.902750679278945
30.41717325528557 53.919450294123926
47.06182189307173 42.464248828809346
2.5300339401561844 12.36352898432298
10.300152845463174 1.0653249276442622
17.805487843593436 26.915868100096276
94.2080733976391 85.84127631680403
54.69659276339625 51.55780457046952
54.829527919388575 40.80674041802699
1.400048807336285 45.85029098958666
1.3756654802448365 25.614679919753236
62.47458642285937 37.43742211622643
92.65001617700676 54.519531391140475
74.21843644937074 82.51767247353932
1.7523858820875926 14.24693920096125
98.0300854874827 92.59639868848537
73.1503093601425 43.358955254489054
83.62905765617312 19.96232576544743
47.139680578094854 52.19380848534148
94.07502223988577 25.522031712967518
60.47912321971409 24.37424612102408
68.19147598870462 3.9036587636198217
26.996630479758288 17.764127562533538
20.02949037216135 62.69126765886208
1.7831750040906424 9.052051886920086
90.28205653366305 67.62278412061131
22.016744622793105 13.404514917824617
89.55476308370704 23.90970500486924
64.19250198219359 60.56669530461445
62.879971329926555 1.8966420083285085
40.43261497001822 23.52732564944875
67.37027416921144 28.400622002733634
40.9401479695572 38.20606665212285
75.44672132950845 0.9867364724485128
65.05284812843959 23.33971303576803
77.31026483108016 28.852462479476458
1.803045502378664 0.2609520461265502
83.30547235293353 90.13225768128224
1.7823691843491085 93.71642434359002
26.646881036240643 35.19692464553281
56.97927227977186 32.01674651963107
71.84639325759956 40.930718790029005
98.3073444698136 79.6179266773823
90.7293993798125 53.40801265095551
69.00624951695175 47.935655724739256
21.237338127073556 13.921659153237664
31.935819018797716 68.80592439710351
67.14993568444063 47.49949199151722
3.266410802851727 84.4138660911035
44.8926994621977 91.31263261786474
33.54356471935578 45.7238109327345
25.78083872251169 69.06408601996638
27.518294222912232 18.129972051390574
39.46904284028354 24.77077719184171
82.21436388888846 13.505999048569862
5.900816257568553 78.39184526799376
76.3914977393448 29.71105509765244
57.6098151121734 91.01951226137683
96.50317247110489 30.570566031872136
60.65817372134872 82.99026409999479
29.65307756893669 19.002119012557795
15.339832610710523 19.685575177671932
75.26015045079836 58.20864984973832
27.925640306055666 26.017607367515417
91.00436678000663 92.56571186779318
71.57812105901252 61.28887047732003
77.00712209632401 69.23586610726258
93.8754836505268 29.058830361141897
9.351081178935816 81.80080730732628
49.14373145878965 29.649242392692486
76.86839483994137 1.2530213509872157
75.04203838037687 73.78123351511623
43.955356045954396 68.25805114485387
85.9134096400997 18.758697012994464
60.63015867748647 52.89908716755012
22.61695079460946 81.22905456180152
96.8025293827505 0.5517612194877675
38.870420767042276 61.88511637327405
70.46613483525962 31.995705495335258
0.43662646993796184 57.925085618257064
96.31972893051591 93.92231478371266
32.10498162796787 17.03876349570841
50.41369272346956 21.45655833720714
4.6578036319252725 85.45149838305824
62.329737488679186 98.5528843760515
18.60582035313709 55.19792717294367
0.5238122445085258 37.54195292636866
52.57404332815809 62.80438816102549
76.50453452653592 76.7307414877999
71.69348337771673 42.51970761352701
85.36795070545293 5.186146945073
26.858382531241 19.198036323750323
