420
1 3
34.99719091319269 34.906253191491565
77.59456145216042 98.887243654348
93.6250006870739 64.23457822985704
20.184320257306165 41.79747442710002
63.960300204276365 42.8901478042929
97.84482554807829 26.658987868351925
69.16125158835446 5.108813236162835
72.35506863862078 41.652918245548356
28.181663160147274 69.42974851185038
16.717209572132674 93.47963538656468
30.59840209204583 83.86642425800397
0.27190680894664254 46.71534533994854
74.78988907823859 77.64974187998475
71.2825976714739 85.27179267989702
15.477889148527346 19.66617016301859
36.22967602630525 40.23088749419039
39.89799468020567 0.036175965095996965
8.728325932877778 15.22996092981954
1.4089850317782204 91.45372066962287
81.71647717114634 69.00935635821685
13.538333912799217 6.777606487797971
48.476643920137086 1.996901931714401
6.908138374159556 46.91209047490932
81.55541365747827 88.69885070737998
69.28820064121291 21.30256333413698
33.223616877945815 30.641333592339002
59.43085725379129 34.914272326252835
41.06059013223475 85.13194459615094
94.44380934031096 91.4450453635698
87.7360123194255 47.32120732892551
52.797034236171946 29.332699332867307
31.806948080959163 97.03911326135521
36.753754165053884 71.55393312459589
48.731736026317066 26.107745440438656
27.53798259788123 96.67388688533262
2.112644626182525 54.353637262748535
46.37046272294349 77.79914554011891
87.13005612914687 28.307887668506805
64.01997095543095 88.67244189142103
31.519511263838538 91.84040112656233
95.61793321400837 33.06005754895776
51.80303646341986 29.759794683519658
88.05785841962297 80.22255436296868
15.222762974140757 72.7323965231377
57.48401476706386 18.385072961203818
63.54675607510494 77.7959090867132
89.14232796860422 50.78472004799386
23.385372924117398 22.09267902013361
26.603919861292134 23.18550943444777
39.12068894204124 34.299217686582615
72.28787084465216 48.87151821760969
21.16860471297104 51.450666435632606
24.496031411731067 36.99884409962204
17.325791418901602 56.89628160455828
86.3124596119182 18.01123328880754
16.414406850636155 49.04650077516237
84.31212516657479 69.21099345823282
52.974405794480404 92.87311342258629
62.49012800924121 21.286271906625352
28.825583761398278 7.7447126916926345
46.4183465426905 6.637495499618362
20.361620865603292 95.20524777140213
54.595437660039 66.08668713561978
42.41589457701607 4.220094194624946
0.6704275234564516 93.2242659256564
58.116514749899515 36.904623047707204
97.42954882154493 85.48262386196
98.24643445016497 81.01622667080537
28.010675579830256 50.641151833839395
10.468433737471837 29.418111480565678
2.788211886321168 80.35939107491834
82.0662441179218 2.2144256362874426
97.0131221985983 13.46236117286339
10.43071990347988 84.98094229690622
7.553187413832774 42.01296339345293
38.62439550474943 37.76549387233432
16.81729562840466 12.806607889037913
68.51951762721053 99.83162654733077
55.8670708113318 98.57209168318487
36.91546093919751 9.84379942595972
5.171838133666373 43.76921359715873
89.13588124135204 38.528299519922804
2.0364613786582275 40.83048353751415
45.264677760223584 86.4642582577118
0.4978731711201778 59.861034953513425
78.92319256666059 74.196017650928
79.77785464670495 36.45075896933019
13.380471684052452 79.76491796151252
6.557001336976853 95.91086048990599
83.00567889254333 71.7074159117967
65.93839372116727 91.79911697216956
59.62518010036861 63.810255488955534
91.07429661942004 10.720740449117393
82.00084660313998 38.64018392785433
95.4408664571744 28.394542163389435
35.06166992182334 47.62191372579685
31.14115512358424 54.44308683621546
79.02480998796327 65.91376947208161
92.93758374459145 76.15430923025457
44.3043850944334 75.24876024312262
38.819499871566634 52.917128111261924
0.025805981689797086 26.133319628696405
97.73806551097456 98.95325929611624
52.460908716579866 69.21092279442608
79.50881915173476 78.51514711286572
42.54002643985568 10.88316069634445
96.21535955602181 77.30983417036319
72.59505360288708 28.458915326556756
57.46536716101864 9.695500872218933
24.32181001269571 81.64905924972807
87.68633124119111 39.411751575032696
64.18173782038636 16.105275437137202
64.60280248045471 50.53307349283873
42.03801290094085 2.0603278250803214
76.28622050198986 10.459905754198617
54.40507322561172 61.54793129052614
51.321475520999904 59.11727595735377
11.545926099745895 30.587382857544675
16.46137413310551 70.090974000214
0.3764276932356925 61.13146453395346
31.064415466001893 60.73714682622493
77.261183404907 14.576708399642445
98.78561389281523 22.474612669753903
95.9630359170169 51.66725988369591
78.35057983858478 78.02295482218595
63.13250219510464 55.76018081502985
70.93009921248643 91.85301730379555
66.8608754746965 41.54647627340253
44.40317436436347 61.69591705231547
10.820030217322007 0.901548180595424
33.06472454047873 47.88403990934113
34.609723315189235 11.110843302439545
3.7707231581762812 53.44644204526921
45.4918675052359 1.5094941380953575
49.246083226890704 92.90005140010888
51.142461570064235 34.203887782739685
82.98400177226239 75.75789116102136
24.314348856785095 70.35141608454478
50.093178076786124 43.24404045573944
16.17497760788975 78.79533479088818
78.20575533875397 67.89586324574822
37.820691176876984 23.44727324267406
28.56025671193092 97.92903943535862
9.93592905828784 41.59897789609961
57.204701399221605 55.991104364169296
53.446632068403524 23.626418018610696
77.28596072700698 9.774366879996288
58.486837165534 77.66612478081692
93.54143453339778 78.79108749979768
77.28307707394737 28.90848421436518
19.69158222169538 73.9638316327459
24.336892453233272 29.34936343324923
83.61567288752971 10.309313935661258
95.88334918004892 38.425132202342674
31.743299600627275 68.6529068023552
62.63952381229683 70.42711329077838
90.72625787731687 36.81551585962124
13.652734028324165 83.68648846581324
25.627568497979514 19.858644719326925
93.20418100355555 49.20903755094474
63.070986712483965 38.46971683819809
57.41766245287436 55.056177691239114
36.10885973159541 42.46197921325727
32.94301643867485 98.86721939912309
7.817841606103282 61.84475526360001
68.02375332356516 42.94954727318965
91.98511635154173 24.257025306173286
10.258544581699747 63.74765649813969
10.475623944341717 52.72925632921832
9.336554718229939 7.032944086269577
28.614581793886252 94.90504209862895
55.21926275713363 1.484474530078117
63.938039390310934 62.01082323870553
61.32701297392378 39.905630055231136
44.086099528639735 52.70446645395219
59.48500120949638 52.85477930336781
14.988131812642735 18.64573796445539
80.97772500831289 73.35685799085306
46.46057527652656 61.73338823923884
97.01618465912627 56.34693164669948
48.34348812449332 80.49864314895005
74.6316855046319 53.66632508597533
68.00069214329139 27.322327975366335
39.83805859111751 78.31857192157756
56.16343438126348 19.449428721881333
80.13841668261887 30.589610049846748
85.33307588192953 27.549778699317784
15.206996498712822 37.852991812089584
75.32726224181603 25.785489844818834
48.80137470628285 42.552222614080115
90.52941656601573 10.14788709479797
54.55324754379658 12.408753879695134
70.42319740297076 77.2485699608496
31.13475072800229 53.823891356530254
12.032028554042661 49.11980608078845
31.02317806564905 98.96301200194475
50.42216680695568 66.13339523736835
21.612163406498652 55.02131155819527
90.59605351255551 99.91294917599218
23.024013619613235 85.70284721088429
57.21157928771099 11.050525301943704
8.001787511881187 25.233148769104496
57.108426811088876 64.66233417542966
38.960087440488714 58.83845764423563
24.147660005253748 82.72844183204151
20.948341022447625 12.526625473657793
18.494455996563875 89.76292246546431
43.19196208669611 98.40849899528146
88.04792359230483 3.2309971104638624
41.889630447401885 22.35058873839384
14.929341341539804 68.58073998654042
68.00775929635819 78.9859214981051
8.799361485652746 12.896806912372206
25.659807005834146 46.125663768363445
82.1019899212753 40.26593330202426
60.124787709561176 46.481733954529545
21.170686866797706 4.229707213784617
51.54858003096765 85.88832347902155
65.79610754405594 16.07846577292351
64.57677424659747 20.688536422431536
14.78225387834813 33.00106255551201
39.267205694055576 67.04896813150816
47.18173604961473 47.59555229152348
78.2259627342496 6.856058102747942
78.48515839574968 46.18380448987669
37.084551272143116 99.43200224512749
81.086106768426 16.411044737964975
69.33332963791104 6.881189674741028
82.10831635318432 88.01337334949729
1.0234826510420625 0.6425471436330099
31.10056133560144 38.544152983953396
54.93755419562707 62.10676743065486
52.08091559234711 8.208845594323332
10.234954426806176 31.141189721771312
93.63644289218598 5.973816950910904
22.630363612214445 73.91989802887073
52.4689157769681 17.800743376617657
42.4482488079075 27.907949008827448
24.330377936833592 74.44387754694264
66.65585226052838 31.899441639931435
82.86496831885646 8.396999984470476
98.26613151585038 79.59673714894242
26.75496026261408 17.450825762143385
86.33713768593614 43.908371163688244
22.53913569300763 95.77165383548434
58.62643895648165 26.67287196799222
52.61305985140454 72.42538145435799
7.238266732730958 54.16297682840106
37.73899691800515 63.48903302251412
56.72843655691911 53.0428660829803
10.602501209325066 92.28047687005562
12.50654884796183 42.38809338290006
49.694694887582735 51.67055012060662
52.24726802620718 34.474259800975496
69.18847360260709 70.09720232166849
15.23911907162978 12.07321630831013
72.76223213780797 16.0725419105783
20.91118024404477 34.961350497200726
26.89631440110116 11.76933839918648
2.530075378235508 11.150289768569642
15.63275177838339 69.06937733805876
39.70235319532214 87.17681751367267
71.59165150731776 53.13942215265455
92.25613319989957 80.26866767481606
5.406962049989672 90.47578371376362
35.466485139478806 21.636241781398002
96.4886667646057 80.15545134087856
67.95171425784596 65.09322838864114
74.20212662372705 45.39483237487156
19.837820312382036 67.43227922850772
80.31712467615782 99.33440005711569
61.81721122869488 8.255966262325432
90.4506032874898 31.774817181990002
71.15801120381009 96.10834374622257
95.70225791796076 42.5961818960773
44.364987179506585 17.507073081269333
12.042195633779041 82.03356960588657
50.318106372111316 16.534464784246893
40.85514752168009 99.00906760446287
45.045820116842016 15.338510503963242
46.868057704000734 97.75522009900037
74.81523105968648 52.81566236533881
95.59587961080736 12.089234487881019
23.650110920448377 80.10524076562346
72.42619811182702 0.9245333517291288
8.341712232535148 40.50210616725569
90.01863684122284 39.055573475099536
87.05797215162188 80.90253775062486
75.17143312258028 4.672726236030278
62.16926103799389 18.406123124851902
49.205050304791186 65.14292642499966
93.5961983825579 7.0915136239428245
24.679284821498946 86.03955316933852
99.6047336591634 80.59548050191134
94.47105821219502 25.078956571134615
15.804673691354477 70.43067984451503
70.29222178831147 87.57194291384012
94.2133039566216 4.694268140900371
84.35150105982177 0.8217846576015209
38.12172742633146 11.56345125617606
95.12636499686144 78.21325640704748
87.36615415592352 52.914899372053156
78.45096880031105 46.17555933424518
8.857546506729474 98.15827591464621
88.59604189204092 57.24121279038541
1.493835531525134 95.48126531469788
62.87956857184918 46.45737794236733
68.40521871272125 89.5239328899673
17.771408555273148 64.88710451125195
27.861209682027432 42.129239475852344
85.15457793751753 24.55116105278099
32.25002693622445 90.99547803413
36.735548743487676 79.41725128450192
19.258264677996273 8.879518350744275
31.60492365701866 85.04358264023706
27.20255688096347 4.915174384153098
29.869104640347 81.56942137276384
6.173441051151074 91.53171804016932
49.46720859409379 62.85556741345238
9.273399664047076 49.0673407896943
59.28378177152496 55.97571502690983
12.985498494890324 40.63153114892189
26.01970699976843 49.04103344818645
78.14296481151328 66.27497159687195
81.38651048984369 58.778781443526526
35.60092533131236 81.89213562235302
24.354059663605177 87.75633382049645
15.345730872055107 84.16405084648349
62.673242272729745 44.75845337836062
94.66552771928123 7.708819447142612
67.58814512362046 70.75845010727848
25.99868052368144 57.1522706354945
6.301293021734433 63.46693477253824
51.242212603555416 10.286875129945706
62.07705970904929 83.95804332917504
75.31259108185233 16.370728966786462
49.86082095199469 67.81217694837154
38.067009979794534 98.95608781195008
11.196166911074856 96.34847204040665
53.522193816865936 66.27996828013724
86.90796115486998 92.51587756305526
40.86561758813858 39.676015385060225
97.24458686394 39.66309276966291
36.29585596609039 56.63122877621725
12.88692911027567 52.28459538416392
12.231698977517436 74.8097275334803
45.4179837424381 28.337058477339426
16.268068452498575 98.03697143397643
40.2898566963779 63.80019334782172
32.766675498786626 2.9008985120665853
91.1980997699488 43.635646478695776
5.111141627485161 48.320829618917195
3.4172866534001978 7.357260639921859
53.92064651177619 45.36663352829473
3.650003448847383 33.29820564096131
95.22661233657739 60.87902471902493
14.812113555543993 16.56641329114168
90.90582910912843 62.770933365857196
3.364504722205086 31.016392665705684
1.2840106141864815 12.813147060651708
77.72197998453365 17.880031008433072
35.121065181113195 36.11622506813828
46.32453284771072 36.109064471502435
77.76431561615622 78.25826591530158
96.0228513508328 67.72161924679448
27.182843912472098 6.165223271384868
70.47384863356083 49.99069832379994
30.850498548621765 67.33695292024633
36.96423339381232 90.40459624600317
5.2847179989658155 95.18263425813362
13.146707577255734 46.77541859783294
94.2877640261528 32.64690505090972
21.81502613274695 63.789592597209996
40.37456770999408 82.69839896434203
27.858732869167092 31.018077888028884
70.02530723282621 49.659097396090715
28.23519687873719 91.05881849982947
64.56003226597731 2.0169571570959555
49.197997176036104 87.26176337499427
56.76056058128067 12.398938520233793
84.69450862389027 86.03680925528492
74.3136316123403 35.945867287161406
46.76444675590168 1.0930585881758326
80.10156888215047 19.525574620718423
25.891634664258966 4.203047950305194
29.031400246452765 1.9637911542323305
65.21971240784761 75.51076052381124
87.82417915689031 23.876621131158892
37.30808193157169 66.44007428813497
54.685525011596226 28.22084916845229
0.7790800909333928 3.624655676254207
97.3705291863102 32.307814232773715
79.15758903624663 36.46713001019921
73.27276940504814 16.81692459359747
94.92929066805698 58.2776267641193
93.1283041007173 62.50222476611316
48.786826693051744 47.91437560780621
25.19535547936218 39.058734621176285
60.704883769946825 1.9077477190053704
37.22048213133029 62.3064375181625
64.60752775636792 89.4665301972014
24.59169107893309 85.39051354182956
30.03846818399152 33.99049386540827
3.992163571133678 85.75980586742125
44.51059865514924 49.856420448403014
14.343678859549325 32.84849543104438
57.04391610658226 77.81536006254667
54.57878178723552 33.83797421044474
27.594833407582176 89.15238323637527
17.58393927581501 0.2762544484327112
84.81555812979221 42.97265926964211
69.74855333460552 11.139342872794277
36.13407347217019 53.72592745795648
32.76977923834594 4.797040632224769
61.26609878336484 24.75979387468641
85.4490059196305 22.50709077457842
16.806038775174812 63.18276126783873
22.960941583859174 51.43071906735486
71.04457113972065 53.824072629706144
74.32914641397706 38.662414545284896
