910
1 3
11.409297649066307 67.37881556168497
54.0503107493409 9.878892807966855
74.1877269191161 9.520235107862195
96.6656157562805 32.40451603757091
20.697171076039943 17.605854441954772
22.173615040860373 28.628235134431602
83.92018567910146 40.144291421821144
21.756443140499094 19.046047136468157
37.3524570017022 95.81703959819392
54.554320382353794 22.829226802724655
14.573943753569463 37.32555645289366
63.54989009440517 7.078546576038658
66.84575301828465 4.843292148980538
23.648416908157067 74.4461341761316
55.04038616477833 41.47951909833123
97.09794561145495 23.042220240076915
19.86578638240497 88.12501837086681
86.03582556536273 24.50625764939076
99.21128346115815 42.492408660851886
34.25389669156738 41.83223699725578
3.1094540915947544 11.711501038072235
7.306193654067572 87.69787725304165
62.2383530502852 33.987558926203086
1.6250293488319523 95.82563447280587
80.71237034129103 4.191944560022831
96.51353832807898 34.85132864003617
12.19125664683338 61.81504722651372
88.20411528973177 53.05721877989773
20.853976493161007 64.77277662776821
29.07951907735622 13.050301278328579
75.21276336912868 73.80111514364565
84.06520777507531 22.2537824378249
91.84088001659654 13.722578347987312
11.462898787942311 38.55729566714277
49.91651518922813 50.16976601788128
22.035073717862463 11.786540148048186
29.892726092196952 24.477839190134997
93.8357766371315 26.40609349505403
53.60184963555732 67.94645907966475
9.6520810186022 53.568050084080454
68.52648580948697 19.153049120858423
60.77141908062378 79.46893400885844
68.17687465913069 62.55111243858407
35.530783519028205 89.74660953370233
11.706283037573018 94.58276738795529
60.64165021220691 41.040739084368674
58.7647289301239 86.27117890678264
92.34531311835998 71.1265537118415
24.466580231747503 24.164140637845954
68.0311081258351 83.1387030345564
67.74214692247963 27.489338418938836
87.95745995028305 56.04333970351612
5.982934369451076 32.50646845449909
70.81619026580266 51.50697090449285
41.21359035294763 47.39390964754868
4.159128032940118 55.78293398803178
73.63582794945178 88.48949472370369
33.28271452631915 49.95969134393514
98.13030983320876 85.2748785515629
73.51604852574513 26.238615068681305
27.143211630915843 87.36244863762464
23.394508129934554 47.94504490250955
62.1725342483465 9.157001265732267
5.92958405102868 26.233469463711412
77.45234808694006 13.790562987517085
92.56233831584464 16.692610045058952
28.3918277505435 90.86947056797602
89.23909948470046 34.40635697120922
94.53718856536717 6.613249578459857
48.94792979954301 39.967181442663225
1.2686271026925988 48.35969013270925
45.85554222262329 56.49925637485469
33.14974387982592 16.213327615158146
25.342917720686575 81.95486480024962
78.14277648727523 37.6203125444617
92.51839222331944 9.429386239504044
16.336663712141018 32.46232751820626
48.657854992308856 48.06886954689078
93.94072006010843 96.41942291611672
21.705777453206853 36.626673968269195
68.44223982353603 79.64532295086546
77.93088848586645 33.09399458348099
66.50250272142209 66.6194756232666
58.4202450739576 86.18198205272918
13.55049186769197 67.84729051327747
70.99127785866246 87.67703873500143
81.03469563231975 42.60568486643545
35.393778488802205 48.95669472344568
1.115546126973621 58.94689447759261
50.78163758829244 16.81283893830765
12.746513064994836 38.86546665989199
78.79281061148491 77.27407179173112
40.30599267220376 97.34046811597162
3.738430026167694 88.54780029516263
12.552398249091068 66.88153262382781
9.37999868506787 21.69475303020514
81.74947457527624 97.11484895147011
37.088604002391754 9.160966438377827
86.9596603768255 99.31504017909478
76.82381083051261 97.74152713423629
56.07070171463302 7.977012132805195
61.0397087530296 67.61769817221645
53.06485218560915 13.152437166495012
19.74932281033186 65.29510243114261
13.599823998627958 86.68800582454001
74.15279437048103 73.72208400185885
95.8643165331853 66.93365829085005
50.93483590953789 48.48520367864057
60.89945748681929 31.098870778973286
40.82958129742889 55.967436857818996
87.13768660887939 74.1927487746628
77.82188015947074 73.89604045621951
0.9612622227708867 41.46074058763427
14.682859153962259 96.29891065804091
93.18531015530453 24.2792133089784
90.74525817027374 58.52603901421023
84.81248560227834 69.22710805970094
26.719233851290667 57.060767151613504
97.67308120826723 84.60551039483579
24.102315033595588 37.36629208483606
66.60624061883792 19.239203816113925
10.810776968865943 84.95910148535117
5.656215598269365 12.85690435892819
86.94128284522975 43.43430155781331
6.784828377258689 77.67753171577378
83.50539878834972 63.69842888212898
26.25878589055546 64.21887261079304
17.15785727224146 35.39121231615483
14.871086178540427 75.40662208366396
1.7814652835711264 16.54923957227552
96.46902607893995 28.408893844529914
96.95682086770925 76.41106450531223
20.678059515842605 56.47115754801688
16.7650728625754 94.91769012399925
4.501385326959628 55.297334483347306
20.70642593386871 82.88077947824762
18.093684164323488 47.4021675406006
56.04930182638104 31.29038933967969
56.214198662202406 95.32296819732753
44.028230133326375 60.04226327590945
34.925742318586494 83.55320388205189
20.801942026975517 92.5280606867442
80.95964855725298 3.8050932264321435
81.1504594600577 26.12055687301098
69.83328392250392 41.84809107831428
16.010472631358972 0.0024419793682506352
5.430481730278114 63.27076161200167
52.9180629212358 19.367089827890837
50.01664207589802 71.8859098156729
89.77475714861414 0.6698105517088049
34.314151510927694 11.769880009243083
45.462576450698776 50.80076694951012
73.28576766936983 30.788778893142556
5.278200460055071 12.423357753535914
87.03181352054663 65.03558501689022
51.89754149175745 67.42554528182598
34.741695946240434 80.98813326879007
1.3154342796875218 42.799740039948816
90.73498568757141 77.75207020744246
38.038479621754774 69.80782434167652
16.442304137202 94.49696617353366
53.67942023569374 6.087661840561065
94.8132979382242 94.94552572566255
59.83516108745561 52.19925437944095
96.99480919385668 72.65786707394048
90.191185265582 32.64907233781249
8.675495604825878 24.952281601180772
29.857693334298485 71.09429765406676
42.651309753608246 90.04365606796017
80.39146814572197 73.58186900420765
60.1387464027308 77.98696799876659
19.30650656812316 91.85824485194773
77.20409289246919 29.719429801455853
32.19820037396386 18.436030565669515
14.755656353022562 5.757995238582447
88.51834807430703 84.58227883124879
25.77781222096387 30.497956873951914
83.28807328978804 31.468833687561727
82.16822068517253 67.39290312399746
19.832683736750223 33.76283441901722
86.89330393808157 46.0522468082313
42.75676933148871 29.889402599489266
92.48436076710406 8.648842511293363
5.803079171297076 63.02648480128872
62.26042775566209 71.37684576556931
29.63948328368682 2.263134416626267
13.118492355088684 53.89853334709576
77.1657644092753 52.51985335258426
8.799016814817563 59.03239757923933
34.42778200739043 40.72398800904629
87.62558737226975 27.881556572108824
86.44756807601712 50.449119978362546
2.130890233863103 20.459268453216772
36.57398898176724 62.05740722866872
58.22744918655165 58.37601490426603
82.61236947089745 80.36084075726092
14.449057830384548 26.639494547502185
29.383367214489663 85.20882999432166
13.991672295911716 44.07057071417353
99.16918297958455 11.178464118447472
48.374755424495476 67.15320532680829
73.98242910310087 43.46703286047629
32.878107033434304 17.294035776709805
43.46199675256239 46.000232573978714
8.178055682337671 96.36173792841322
91.79571218910047 56.65480686714444
23.300415246090324 54.49781901091528
67.5997415513462 72.8087675996769
32.68020428949292 45.65212353402035
64.31976680967372 88.36974997936518
62.68936895942885 6.156389342045299
5.547283802250802 7.441545630475366
77.51588101885211 34.355041625137495
32.49425671474193 18.857742962695
65.435595411812 9.35742691649757
48.21632487649801 67.43574219152313
45.1952324581814 61.401792584483594
72.1439313885458 16.481181081367513
12.1510028990498 27.744840255529766
28.361669694691983 35.22860478503582
15.807471931663253 58.587091076971
7.622397250011748 34.75432430720533
91.15236004758825 22.722028025162587
81.70017237160737 54.40164627369419
76.95420983407266 43.6018795211129
70.23595084624927 26.30444893830086
61.98074672414311 36.16195174512844
84.445619591601 37.240786407749106
74.0527670964979 23.26755365943003
36.33449654321501 96.55978828732772
69.95530398377541 39.159463242840765
84.25422211751015 5.5829422949074115
38.2383308041903 44.374653651080045
71.86162611445444 51.59620662475886
25.09513862262047 53.781831650043756
31.66899578813256 33.653397532982396
13.456560439332321 61.828255078837515
32.786466324177454 17.47285529594369
2.216259776672924 78.07989794910716
58.829226056276454 27.97096391332561
72.41576444428506 48.630182024519456
99.34484152360008 71.34733101459958
0.6488423922305087 20.727092824620954
29.396998255760607 2.026154201930641
5.276898110257999 86.40741129309535
8.887756670572067 71.63504422436205
48.51665284489379 82.32748838907466
41.4718934116435 39.935928642775444
98.01489251863933 53.309482040113586
75.37635143409412 17.875975971285897
97.35831465736584 50.64438805259983
59.97023733776412 69.4841704692086
29.112180371610496 96.29651329287157
45.480023962204896 90.63143815775251
73.44810632113501 12.489714140501196
97.9403752150712 45.07982856991561
4.030298857674297 27.864112542135324
77.04278723071567 33.93219009831019
83.76255031605302 37.084300250760435
8.532257345231864 40.10032785104407
28.484921295940357 23.786855071993717
16.49047669094983 18.690248072320024
99.15933432691848 26.678644020148788
4.117501465809248 63.251140161051
90.23293227358675 80.03723648657746
1.1710973689049498 60.456104169890736
15.016410242442202 55.7049350175286
53.78870920928476 36.71203957416693
6.131595312823568 80.17024261834274
57.32502700869049 66.74432488358264
43.61838904571806 75.53401776903772
96.69480410492118 47.590225212613376
6.9633241461216855 74.42360920791245
76.90062265383217 12.462021815027313
16.566296870482766 36.62061400296579
13.403905394874084 51.353214808783655
49.72099033367958 79.05162093334326
34.15088223417448 80.77608362009674
37.522164132548916 62.43304368970144
41.924636868700894 88.62511044985084
44.73761449886287 50.433927903678644
0.7864644757388239 83.29508650302549
99.67356742602934 28.926112864542432
71.71845231982242 18.7898973719302
77.3196444839595 20.465797497990312
75.47381349981694 23.513093296661225
60.337318751450276 7.100082615243619
53.565494377799006 55.41863906290971
63.76520579499045 50.34932231403537
65.39350123214724 78.80781475923946
56.99043265162431 12.094061653107492
98.74129139369239 22.68708474224701
46.45500097188071 39.6219192931381
27.99327242852194 66.70269528057445
94.53568690717454 7.883736714608136
55.85348273009656 82.86491137818757
96.9202353202344 5.073876712280523
8.34720212669382 92.82490813689613
74.65668816663664 88.94637048523511
79.80327336469387 77.32888465333043
17.11519683659599 40.50635290195002
99.08442553603811 56.90164932125021
33.45890684103661 35.04444729654128
57.52743972458958 57.7925890175087
30.691415239402243 19.80203013280648
47.28212646968124 92.83573621936998
72.40099745987105 67.51478931853157
42.64047519532996 3.8593477621888805
67.39760821090346 10.102641809387936
88.91907847648646 14.51563279340129
34.589930209891165 30.300828714357976
71.29375063405644 15.914960221203645
84.90916230142835 74.29368850789653
85.58188830470499 49.372671735398896
47.807003081847064 74.66103256023536
51.47498729350786 64.1170090862861
57.97560617502513 11.717125212317136
66.0274488763757 75.38610316449459
1.3503197682861012 84.83887315994482
2.6615764952384158 92.17180626114767
36.1099019086758 67.99076529847723
55.417317713684746 93.08050366115539
53.16377477295282 44.953461317391664
36.74829591335518 9.803005811413756
27.398065083448152 79.24583858574974
14.3796843388444 2.67527979310751
44.24082840824033 78.11618406660853
2.8635584506078615 47.222225985393166
57.53252747354387 21.753049013584345
34.73961885178396 75.36507972915214
22.824290886365816 41.51039278308164
61.57585479502603 1.2640635663808464
13.036054311925449 73.70912150231929
63.53719419011134 70.68141360688944
89.4631353297741 87.65161919999893
71.01619613900185 31.9015315512752
14.43334967189136 56.060584402479385
91.38460729599163 57.13864438596141
83.01683855100781 99.69307401426082
85.11684242576905 97.21653646926724
28.60997908336198 95.12199779335673
46.0050095007646 87.52844430291071
73.91061382356301 97.88060755561654
36.88798866119498 92.0127811432743
83.89466911589936 3.2752682898098406
47.4728654522327 7.887796137735603
70.04798592305426 11.731200727919887
56.73053195680742 79.78523976228608
3.814951781790099 69.90207782736586
81.40214751370223 27.36498318439926
51.13606379297229 67.69664318421269
21.990322348533997 30.410646046223235
36.244407907146424 77.02273804196827
69.61459956336147 64.46721128870077
63.88601833524628 30.707439042274686
20.227092937841263 16.548215335001526
81.87142658859257 91.4108865079669
4.125732539309013 65.21128372372604
50.16810219882157 82.85476763351431
68.58808916528041 79.48774902953717
1.5658056252103592 95.42786563693384
66.62530490899915 81.42181883519078
49.357074099804635 53.92403783792763
70.47222444084808 9.226866799476596
35.21684911708762 91.5881409273737
58.84036199425786 60.673364025216344
21.3047493409219 31.68556329620744
42.90210130179963 61.69740979366707
74.30725021484201 85.74103117730361
50.11167426121506 90.78603495306913
9.20301025097432 94.61086203756366
75.87672726753748 86.66487709308521
7.736872245263138 71.92088478019592
4.098043654146122 11.82048025325999
57.07275528078246 47.69999124634106
24.42252246760741 83.58365384671009
65.73512879654044 44.89906471178966
7.124888607665381 14.798574795103537
15.570065746572425 3.680222693720192
15.765669879386968 86.65810214521525
43.48347313829428 87.68640592996412
79.88183839798593 89.85493403742866
79.87513957286659 65.98722987144599
43.76942618687683 15.378303724969577
28.324259282728526 99.8799191080016
18.324040446734568 81.77908804850122
65.71516702310683 4.371367807744897
34.44722255073118 68.10533620610364
8.542571981895009 41.566125354471794
87.77083037777871 73.34511361386689
94.38832675092203 29.09718488900794
81.60061563695129 5.153541097729186
71.67339653035312 70.54633177302645
17.130954500079774 49.08671138908289
2.6506090124690296 32.06706846616725
79.40749844261039 98.24197108981406
70.57280218201802 67.2840203756294
50.73205547902211 85.52498943742815
64.5515188994687 6.298071804802352
75.85600773665698 72.78831455511772
10.61793383729941 81.5317469145248
74.15797244984184 9.431688554938876
16.786759742393986 26.846534973281088
10.99121125248299 92.49390193081415
8.86388329479706 91.36673732258971
88.61737982639264 37.43123274490061
84.51914253371949 1.1968271144301212
67.9836860344885 86.44443100771582
32.96159153371252 57.10538317632212
39.56887254961992 77.57054094747463
31.93329920166006 39.65354693806666
57.44136886228242 6.721937837816672
67.4057748702472 92.34302332462876
81.2116309827179 44.11319354985377
76.40826307177886 47.760899165172255
51.76644726290374 43.00468851544974
92.6530785784385 27.423399206995036
85.92341868291278 28.40992614467117
25.570511482790348 67.80419445467703
30.6663351535017 88.97477014462363
88.75960095466284 2.465486996166466
12.33668647661772 46.54995706416693
17.13887968141037 41.9464356966035
92.24158524601722 47.998804007245944
88.7716384369161 58.8841987651235
37.30685646104619 61.093186586142934
30.91843007493116 58.62036788155378
81.71360615773847 5.383286865201908
2.8282311726404386 77.8232604156416
56.7055120484732 38.502106604452145
82.7836584664825 18.537075216146693
60.80513421204936 89.50778420650668
77.61458195146909 77.03537707918706
73.13800008512632 88.64830403927402
3.1223879535340338 67.70750303381638
39.90887179789875 47.363045911886026
51.43176957451323 73.0852342530521
2.265029464848789 10.961056988280603
6.129060036579248 91.45356187507954
28.033777415106066 21.56774914365638
46.36163415813339 9.089285505620538
71.22735718529808 48.20784538063918
63.74103715573669 11.925262741020838
19.512956549873795 46.34211996255184
88.95451377712007 71.48196924859205
12.499517970733098 48.08898883627377
52.1594274949255 37.879476508212726
37.17180380618588 37.382120445800226
56.52110594881683 3.997896448814009
15.320940880029976 87.83365713242546
74.94737523150718 16.13018985060679
88.15211881103141 2.139368535231112
2.2010299615200513 8.87081365056266
53.90944100111328 73.65455618622407
59.048082903977964 60.44216490756178
0.28379524923121124 24.20743420084557
72.74714970445733 5.330549160503217
38.238039602693696 97.88103941304374
36.01473658794021 82.17202219541709
77.5759354976176 0.10399130122891176
74.1378314156721 82.96843322995005
1.3463819936125665 0.9992253830851228
35.24676790893497 81.76166851368876
44.828524386944956 86.58054572019059
57.19038258261124 1.4772685502107752
50.45593165049424 79.19691756349967
98.7062220621954 95.3615275041132
68.73719497068937 15.18553324071128
56.391612297372575 68.10903830403312
53.855368768663816 86.95538384749514
48.47196445987976 18.62101599002419
15.510230487835287 87.46102513049348
91.81707601834714 0.18532796227479498
49.339560686918894 79.95432150342805
57.90856359942271 20.765943267033094
39.15411644409321 88.03397448524935
49.62747147387836 73.43390911318517
35.764244434070115 28.406799117070335
24.552558194298268 25.208810535060877
25.00184536402128 34.36779601638737
8.048922569972671 9.56880368866473
92.51614977849817 61.95864965061693
13.559456812845138 53.59663239617216
56.5017837299439 48.91254710263706
38.16331900625522 41.09297601477893
17.389007930756705 81.36462597126703
60.36958784134363 81.32047261639221
88.12067821135213 92.23090439013775
1.9681992833128659 65.34767269588619
92.40583770798871 74.64101470200761
4.777432790749381 47.19022950705851
74.6380144879765 93.29307327760236
70.46325550141088 19.5129990305269
94.06732102663318 75.83636661138296
52.500149407702736 94.64767371527523
37.827420580009495 51.813702191911084
7.479847115481286 6.263674090581595
13.909517779476644 67.89046750512983
57.56940645731148 0.48057064007138717
62.70271681790014 4.769283539957225
84.8559961633043 35.04573152413259
15.667143765313796 73.52482590513101
60.04962228252735 48.60782923683495
67.52293057813898 67.13525870294721
71.20107369655861 14.232793367369933
20.279512679799016 46.49491981754505
25.69386224182326 45.73458951780942
13.65765098428815 97.3979394302422
78.13652269244484 66.87768124294371
19.488919493348277 30.873989198190046
47.93925543750601 78.37963457194942
83.2176419736307 11.45888998455824
33.90164749410396 16.8827464064486
27.45820636743086 84.90825968646709
91.9129061067581 10.870401313922983
16.42029736131485 79.40809266181645
23.047228037768864 88.18915665149201
28.519687373116763 94.0035146113814
46.674958294382705 95.05359121093629
5.785283549662501 83.58265331958428
69.59889022780285 1.922163915067654
83.96091210982593 95.12075037457525
15.476382168889181 41.790489320879765
61.15747359381951 26.020028629790847
99.04524400135304 47.444779749072595
96.12084589009513 35.80786734367578
68.11333507163737 71.40280173296567
30.35703561685512 64.72150571227333
82.9976666040431 98.95783375923455
25.20870697575024 32.202606953782144
11.955633747947903 67.70574861106536
8.55921132704378 86.30508767430314
72.49810475095879 41.633924917428786
35.47954391035573 9.866744793983507
50.0893163790243 46.9914488034257
36.86712878620393 69.09733806607179
91.30174419390902 92.31569957853456
80.18588597131175 83.01446891261573
75.52224818615105 24.71297625847837
3.4890191620642996 63.445504915748316
13.761778742522935 30.22395106571465
74.2224189938385 81.51165059903047
83.25246615998259 14.743225858479093
39.734087692126984 76.19084130667324
61.96818461630102 42.06455462749887
61.06961828421795 77.59194553347312
85.85983533779864 35.87626572493316
52.95260794663328 88.77380711859391
21.315609092106612 16.876962338611445
96.25233112205149 65.6191606384213
52.38956285986309 41.22823460158309
60.77623410842536 74.74060476297603
94.32574923429311 44.95295366069265
92.25046794849723 27.956420088855417
50.51360024197531 71.70947960230198
29.311007822756817 75.95938703385966
74.51309368629843 94.29621110857795
73.98891950154716 58.66028913009493
46.90287624742524 75.47822035185999
89.80608742554497 98.16014450053616
87.17451717205998 54.80630730882778
84.33400667080859 36.620119157933175
84.41878631476483 28.93468882061274
27.657740961726084 16.43975686967172
87.47003332363532 56.61173048856269
25.464147596022045 27.30645317332383
34.81322573758179 49.25735367753208
43.958645670985064 32.83971117882834
27.08829187367703 63.12002772617311
12.801063005518731 40.3686617585469
28.299255760080456 49.53135261827095
97.69798445209628 72.73765971533072
40.40375946489143 11.007763228724166
20.94453625369215 19.32413694250119
81.36952028064961 35.712132763794834
5.17967896022884 38.47447924401865
0.6855112025533572 65.79579067544378
41.955631656685725 0.841974755196806
10.180098727026166 84.71152846314621
83.48178560510175 78.94785978075276
13.175399669486954 71.4053897101504
97.78867949532848 44.80414810383928
29.816152360415416 83.79970219921589
69.18778227662222 26.690013426810744
80.2129852001287 56.43953323801429
16.465345323939196 53.70548745743482
33.66525327043781 38.039812453679446
85.6783580845614 89.19607310447259
15.920145340039827 16.5020929519879
94.52713602708846 36.98146663809831
71.99020006039909 81.97921750028678
38.89165571715048 83.49946323704086
35.54834009057013 80.52171146589677
96.22066368983018 91.91130003511836
97.71055229382912 34.65771508486431
40.29934906952022 47.15587225053539
61.71303405739885 21.100106121683005
21.154434450990458 10.91758914604668
32.842686460002504 2.685852292259727
29.288957579355856 10.75153996968059
33.919845510526024 80.57682753660981
45.63084393809129 8.922619371942698
32.738564821589655 12.558399902672868
33.379030906023964 58.89013434705763
25.37774126093284 82.53290317761206
10.570975976790598 80.3346546212806
22.2057999782894 8.922530362757897
79.00987437997391 19.557337494023596
37.936580729824286 7.095874566048721
20.576246007324972 19.472715195850853
78.57138079194495 50.22788372325338
65.26588430737048 20.420827574975675
53.85086133814492 33.66175925882076
38.9228414211384 89.80859445207594
60.06964781864248 0.6283227262860791
25.101845373836774 92.90860308972857
79.72767643914918 3.608124220762221
91.48755749342841 16.12310827680212
99.59016012461824 19.064125587057347
61.47723253480688 9.792015266178367
70.60259534383415 57.41860960847005
60.27286611970772 27.781010445103238
58.30146054068068 34.00412534795172
19.08375268383551 9.947350543268318
11.384617609483039 52.978480891536876
89.56944821571895 34.00355417063841
84.22204991534201 3.8433443907277764
26.57213374846954 36.378449149410926
28.09786574192199 68.77818545841035
78.09991263421242 66.98275149785783
54.32837934962185 73.34520007432978
10.695625723173418 34.42375894565644
73.33736800757787 82.00431435230836
61.70678742530975 39.44201502208789
15.868774918349683 8.020879010286253
42.963152032642206 50.35134571805191
94.78344411812208 39.678625227488865
79.17425325899525 37.7087381708455
45.99040555850753 19.551226131572342
33.29222712973476 83.42458743426965
16.22667521153549 11.160675507439088
68.38465291463946 92.92233339204773
71.18211011726909 9.482785921824789
92.82177574281923 0.6766108562376694
96.62276951378581 97.07286169114226
86.86738435443573 16.29162655721872
4.3189131181909035 1.4591919688944355
77.7822266130454 37.638974499786926
65.8857889200304 91.03436102159199
99.70405108133605 93.13981793796229
98.03200653503683 3.5381345044884993
90.34100701632666 16.4606625366551
47.270436378513445 5.097191887411712
6.2948703718835874 44.84365221231626
52.140867128095536 71.44663615117766
17.15703741975001 23.6486342456913
70.40163408391842 83.91531804997987
8.11999128955716 7.554590944715023
38.85822236321241 90.67366780999401
45.24850402010947 83.48418433062544
94.31899233962355 14.562838775291699
97.8028340176127 77.85592537931119
25.8505487086514 28.22989953388586
68.57246086114479 84.40255724869354
39.12266311478525 69.33927829146694
72.06025044345148 46.223711617460374
91.77931599773963 95.96140065808049
86.36434748248601 41.49783496824773
53.11789916641543 40.6176245590719
70.59936733698544 9.625090160449501
45.71017390874863 6.8918333654713
93.74853558959015 50.62678845913435
81.47614150273985 15.74055776873513
56.056151470394134 58.35228457726831
20.761237813142873 15.0505130652002
52.06225597432614 84.9818478626058
4.7186336641076965 84.95778901816828
44.67893501682896 11.113833830121633
59.185837883398484 21.18393469387523
85.32288380920721 20.972427150102124
94.40035573129641 92.10889714013722
49.914588108782795 46.48860938307746
17.81393376697997 5.4583883938295275
66.14775924336928 25.899509154663413
11.19159986519087 40.077789157603135
37.4343026286448 93.75343714836129
52.65621572053896 69.29700768940165
11.653275048321255 16.272814673613745
87.49360621869795 73.89923690850937
45.788083242217056 35.63286220171156
57.25673995579796 53.2675125594148
64.77361485389275 83.997476135316
75.06566454188042 97.13335408624192
94.98185372242978 0.1282166494375625
53.499282402389944 8.706331390921761
1.621966656150442 87.48347132605699
7.270068071292757 6.889690632422374
66.35513909414821 26.041396980131726
43.686734278989945 30.38852471221627
35.06797447084629 14.668082922610193
40.54112168745141 34.436923843058544
97.04008641361399 50.26734488282363
98.28339229599068 15.84251309541347
61.49537394727227 82.59662587244618
76.32439036386809 9.936386839636334
28.003835461176795 81.46390309646061
70.85634525797333 12.730355159673334
71.31475840835799 10.428772640600092
27.34480713635252 66.50303725480286
91.10224121751219 26.590036863753607
36.06295182807819 73.74509638484116
14.481672655860045 5.591268650118564
66.88573069353538 26.33101272104097
49.17546541182249 3.1686459651181886
12.272970787994097 10.402453320551853
59.54648728034435 14.454092177695955
55.739202606067394 44.7023573610625
20.748348035058584 85.39621648066134
70.07796089578787 72.35618745009333
9.439449139158418 65.26628842686655
48.81642923601592 32.92933541940568
10.212278356849769 87.40013451741049
3.6458023962295805 37.291860042586535
48.197406244847116 55.90726449426939
97.2064432717792 36.13551910967168
96.66239723643768 33.47212264677894
76.63099928904809 43.561819884637075
57.57147000484319 93.33868482086697
45.69272602738348 74.70925770494597
77.4057821220211 28.76422019967371
85.82245995041313 76.41761033489544
82.26218139314898 79.03687695407389
67.98718646916112 2.698212367596331
13.422685343386176 63.21727040523775
0.6360737109036618 24.601197722546896
4.301849768641253 29.77162982455186
25.90982047748649 23.539025691654693
63.922337727002684 31.092393648008375
93.86043794418268 71.88093481682508
49.50893326572818 13.130158189898001
43.85732639523139 87.11168217679297
57.112585885433866 56.82653862049496
25.662876398380984 73.92037323011631
33.03267027743946 9.535117171947128
73.24756085048307 74.33633471812871
20.714081855432998 61.110017389805925
11.015389502223139 17.052969637570435
42.76136814297882 91.13276049497121
30.37828460739791 25.63868062863721
61.32865411802837 26.377938052148142
66.45876027749622 64.30185345336913
14.83554330561494 92.62774809331454
37.71624176189938 73.73958305427333
58.80491879727134 30.476170895055454
27.549483515844763 46.478657309381546
48.63044398263523 3.9122894272618947
44.18874760230429 3.7115796937882584
24.295560679716633 9.458195957042715
33.73392845788481 13.23916880191749
71.17834931578354 65.23666578028902
53.116416561067716 74.93083640257497
78.84364339807381 26.8130292340115
22.890374593696606 95.35452293504805
57.26487915786551 64.36052695752083
36.36797454432112 65.93482330938414
64.93867163576341 90.86900632312691
57.53236790971306 28.34253036176029
26.32844239310348 96.98342647667974
18.342158252960218 77.61091636791342
68.58717969134406 7.1572830625386885
39.989439005279756 20.74116413649336
32.00053066757036 70.4095216421219
95.15304938491515 75.1663767661386
29.7431204892767 99.45861473829048
81.67193114694132 62.038029896639955
33.80041193494827 98.62268261544274
91.46714407819651 70.44728721583817
63.85457720300922 47.27382046394008
7.73357022609642 42.66054282427132
21.614696184943583 84.80077823464069
1.6573885022315382 88.48472143946977
72.64744132682279 24.665731315969385
4.249019348247995 74.37934959674615
33.67928767980537 54.55148530872967
15.112338698475615 31.687375446218912
57.822024036160435 69.56919920337592
6.254772867109493 20.298976487923582
56.2511459550709 30.1347757127822
88.6687841412851 11.320853935832886
75.18245702335187 2.4471161757559035
34.55970486252953 45.11532474374347
26.0959556032053 51.92176432564004
91.64081188174744 97.0427170590663
0.34984339104713325 62.11103519639683
82.5974544586982 4.520293727272406
30.94896563639613 97.86309005268181
45.83539398715195 60.68761524987003
54.26770742274578 64.04649957063351
7.167340262335853 40.16661961961046
57.210416513134696 76.99729934229606
83.06296336048075 13.731624883832971
51.47183821027686 46.38392287320017
83.90544787621803 66.63928294609556
93.41260695526647 4.9592430317016545
2.9137895726488727 26.997949428745336
60.5726150497673 56.16109914400709
57.20708921201276 54.184144714286276
9.456816937264922 15.104794463028393
81.55622685405793 31.357371388542397
82.09307222669739 69.67748028491528
19.74157346550214 78.06259674528665
48.41969215886386 66.03885377999512
83.26750917137262 90.55253486888901
71.58612479436506 42.9649266757089
20.961714692195855 71.04960014470913
55.00944037427653 11.301858684259303
38.47960186234622 5.327685406086435
25.356031402212764 47.03940624417553
36.663868012425006 19.052857677080137
47.75998493482061 7.368208641872687
23.186905563883276 49.87774324104859
91.81708388733804 67.8678185162008
37.25751827521382 7.687169338269029
52.88288171880842 29.747282362923922
74.35117651016121 93.20167653338345
7.798801728656923 10.497697638531589
27.31673254927729 86.5546225078862
17.374739390934057 91.68484296774922
93.9597755347721 43.80131890077257
9.507984012400183 45.67215449653048
56.44042745824218 92.45254766602496
26.28766959418034 24.838490782996846
64.15680775763603 76.86364453347932
83.4901392392795 79.56903724866812
94.19372481540226 66.52681036836559
7.169802579561635 57.28501141758162
39.966127327695176 82.35816680872456
0.457711882909706 76.0488076390732
91.51936230755781 17.390912833056603
17.079311776398054 23.744334371858034
68.61502185086961 73.54820259411956
80.2318802826608 32.11870857267656
28.35538810995535 82.85947958791908
53.85983134751129 57.05793542631141
10.027150262462015 81.65250613992765
63.680487071199465 87.28295268712367
76.7169189288844 81.81766485428416
75.5140582732836 83.31607442957738
21.180323251958775 69.49285477743106
48.194007380603665 51.6466999989158
96.94913959005957 88.7945461266978
49.912637190108256 27.158413462448806
70.37361317001638 44.441048294170216
24.42985034815992 25.39512046789476
50.8549704896716 26.303574946289277
44.76179863894827 7.939166272767584
32.85282360532398 23.73901182625071
97.97748362967668 81.8864360206321
84.8120785578133 99.76228008011807
76.81037313233749 59.49951003249687
76.54420725451605 3.6488742370284433
25.409828499926057 38.01199964846902
86.99163627845607 10.574829980289113
76.4996848456859 53.210383052188995
61.895285587876984 31.31922565064118
65.94522694582344 10.014639107746026
25.033057157296447 69.09513473534719
30.23547336324903 3.6357996317180064
22.158892627290562 38.259177331096936
34.67482584855437 43.27358924198299
89.86088824575818 45.863386107291944
55.50698366223206 89.24708302312992
80.60177183242689 13.370759819882272
37.376348768769496 62.82901358073434
4.934173451323209 11.874259901776218
48.81893349083284 92.43061903686629
41.5738734348386 83.33219604272189
30.93825364580769 0.9277103781427654
11.263731424266865 39.4818685036592
83.97258225997146 53.35670649690951
79.34662604511269 13.727203727913405
68.00088507038986 22.116554524795973
37.334832230873396 57.91622831533538
6.001376333676323 59.772075981620844
83.48490047905422 64.53687314135288
21.17090529839929 79.47024212159704
48.46197857317078 72.41066395909164
54.69418457771569 59.91152110208744
5.9406016484809365 8.016088935067799
14.043046816378425 35.841151325649314
10.688676209109005 96.57771298846951
49.143963996684526 78.64110021168669
54.50108390514197 2.2382893651119895
4.634142438796429 93.31460766545389
24.068196284223053 66.38446495068322
48.15179050412481 77.48049564037451
25.93501265790743 64.6563332091427
46.449021936412514 81.68308191741782
58.38470831133715 86.26804350220428
97.24615592326018 91.94859382225566
42.93246622232705 86.12493420756806
54.820782024223824 9.248248069047204
16.554532857460668 58.83397937913051
61.48409006232243 66.88468321949672
49.74414571903796 56.41144535065807
74.99071732267993 76.45525669824522
59.2777365641709 81.59802059475656
94.68644436252944 0.27127882514721424
29.946451353312863 97.87638213150964
59.6927146168845 21.976297784425537
