650
1 3
62.852475379983844 97.53186366369324
59.345699405314804 18.87787463631627
36.0162218881718 87.65194060567833
66.1265487048317 8.93800632756423
23.46355494269097 79.71352818664568
26.060168078560775 28.070774975793753
3.605357154836697 20.426874545489927
21.35671398704242 74.73788417418166
33.195462553271724 59.08260337833448
35.878508086319826 32.112297516743446
25.544214270229084 91.17093482375095
20.670257838425997 69.64442339705236
89.2631550163318 1.9485252799261499
64.97830515702607 38.479922522328636
16.217999436065366 53.46929913854752
11.51146943820709 31.875601841688116
94.54819082586188 78.44364592320727
60.9946580789257 3.2677947215238756
98.19405886807814 25.138236385007318
80.11056597584103 13.687837790106293
60.25052674657956 11.346969430125164
12.709493211225166 75.63673120012442
40.91677173176562 26.538509218073457
23.695321448712402 49.36941487603763
1.6668646550692667 71.2938478675488
50.40192691691146 3.848993447346971
35.27763082063666 90.10547965195698
89.57231390905676 73.63009350640685
24.697288046162114 11.777317421407773
7.995540831739212 53.98965028164462
8.323432761721206 15.884367331726178
21.86613119437977 62.69109719177808
43.28658470149767 38.79158154059379
33.21951539884489 48.421056132369024
26.56376631783488 99.5256652985062
49.01301303608274 1.8143178644144164
67.02205270049926 25.409922630280725
65.93736366482234 11.604099421061974
68.86444038224006 17.432965229637286
8.682218366479155 15.428815607309021
18.137088653600266 1.076307553989242
85.38251703976493 14.970074319826331
75.15908849753 54.6159039767864
1.1362286602003335 19.429209581799455
58.53581658251266 87.98213600974579
33.2170032084107 9.955391901000343
81.01999272647977 84.51013711611002
24.61860871483279 59.24470430810427
23.620489200838215 2.4537574186266564
61.12017475828833 64.86531562841482
38.94505548694942 13.88182996882632
7.720662731092309 14.878583993972171
22.470534876997107 69.74289826533699
78.70640189751204 6.312724055816998
43.39712733294865 85.39860201423932
29.526630255949016 64.27564274632451
27.012167688234978 88.83976524443486
71.68937996444218 70.03426527457842
46.06457280633418 70.0992678476133
13.408919479258397 83.04356691378283
72.63049251135843 94.9845417999265
67.06742462024835 20.328643502753696
9.212765380115219 34.09268996586492
62.02193006897363 79.46405225760004
91.3378947629502 44.95775568744826
5.17356244981193 37.40240659607694
22.954962539695913 32.52818324024575
19.278308826725834 6.170323660626331
52.66369778982485 45.59022455262094
93.26241832686111 53.03576618476888
59.92505256198479 16.08857127955201
41.082925304528636 79.83850003966148
20.699757717033897 41.63757419358998
76.9546345683316 67.67005900066401
88.98751366842555 9.970426251775866
20.947400636014322 79.65864511998153
69.40334097146818 69.49679156332719
82.96435053130881 47.02376914300357
28.71112103003948 57.28128756361539
17.6479084629134 69.70889273655135
51.10660234275877 20.562726387858653
76.34975601936584 81.68675531746968
23.68559563271264 7.703332072291835
79.47762345155351 38.86249737690319
18.7591142436937 94.64645023733544
52.66920403027222 67.05743632370404
8.855711941018996 93.90419485098485
1.1440765590670976 0.3548575760216721
73.40752497348429 99.52060735579997
76.91166803032279 21.319620796955107
21.042319125352236 98.26074579674355
7.302661111273601 72.41859386190124
43.15572141422746 55.50132454398662
51.532754367670066 14.608152955390285
45.071745820779306 25.231433507887967
36.919357132767175 30.358551994031856
19.398079448740546 7.568157719286006
49.04618839640704 41.98348658591051
83.95130622666052 12.00183302597646
21.05100890150935 58.833210064811546
28.07615348984285 81.72351118654986
95.1614692357788 60.0523346438957
40.677713243843726 49.72391233780233
82.34957325793452 55.5999384197035
25.712011027270698 93.54307154761085
5.620037436333791 48.976994871081935
90.53589953937184 89.91275510142012
80.54862761125416 87.26972125907307
34.22717738857717 25.215287948119247
45.44008706025062 64.79657999950008
39.631493027996825 44.788952936115734
22.84253851813609 90.34407130543542
91.57222178034763 62.07662157524758
46.564034348829296 80.36032312038068
91.03374216138167 56.04764893270862
97.57626996492577 37.74593224683065
22.843341032516285 53.37222789570373
73.38400017398297 18.09219776684774
91.39132534303451 95.43408854367938
68.79950029565245 96.42318491700412
67.8263206805557 55.748438908001695
34.15752267530128 21.677045824222407
92.99334080043182 98.00764193110219
47.46677164362614 46.036756276758005
45.61307505597107 62.447416924406916
98.35905054818967 92.58768718636273
78.92814359879574 37.07918237710079
71.13025418104021 47.37554272500575
48.262894992330544 45.039378408054255
81.6845841000998 56.398883192811525
91.12808328826239 48.46126636203958
44.311866603218505 37.022349831704474
89.6005141002941 88.56967630726447
39.34076454031796 79.2419265639913
53.29527581880544 45.24579449659758
70.0928295761247 5.6086587242420105
52.81133251745349 11.647310922076848
11.27738266710534 87.87096161157083
67.32351743508916 55.983111896839624
56.63723613146292 43.31005832650203
0.26106992053609446 76.13346066781325
81.11068843653683 27.560166092807602
45.36846340517342 48.87606769676947
5.1733648200737115 88.9781274055984
48.69743639899671 17.73141301171284
66.93818498710611 70.01224530719487
48.100091375612465 47.89683381866092
92.99183268999771 91.1158188726134
46.739739546576445 82.40562936239884
27.767838880830055 99.75699573665328
86.45986500170748 11.14736430237462
9.013980989096893 40.470357780741594
95.67399185921819 25.751149547909023
66.74207694891467 67.9967363026915
21.574154780614528 10.136209216439717
40.84575118248297 37.58950851561873
17.93404634371698 58.139437551359485
41.2441188866556 41.70904893634542
51.89219624093306 34.688889282502224
28.487681808029343 84.47730008839014
90.15468270431859 27.162152365665705
51.29269486495769 82.45780407234858
53.550394904000754 89.72949752539728
87.53892791914113 49.369113235112664
59.72011257351433 27.500190462403793
19.093423017955335 20.94414161308795
51.51024301060663 96.21802730038742
47.80805336107712 24.271714622634512
87.29839508408963 20.694240074142755
85.7008014538615 45.476282468644726
39.19329410455292 4.802614551538964
99.99068340568624 50.93990283720877
84.79301875109286 21.436877626633244
66.99487945011793 91.98480343884505
37.01668961216838 48.86648402816745
57.48526143987742 14.510503635108861
31.127478318613267 58.363903303820265
35.14372479580587 78.6096408857577
54.21426429106637 52.818791000039965
12.406824754516531 7.028344127838637
24.950336260342976 5.67662158477662
39.60175448666314 39.50440416449841
17.980626251607013 72.83347383584325
15.803653369685723 86.43407280309982
94.39168572782492 95.34709631933029
69.86800677084443 56.03465591117045
2.734783078261094 13.736522927745053
77.47146689003648 94.54506673994692
81.72069157089578 6.989453767188736
1.5086300564099764 65.49873591423648
28.67925168797707 45.93579566398125
53.44078552646812 89.61370450250136
7.630192616288789 88.10750975764864
65.19627855187744 95.33825812936749
34.984951310283606 41.98555801005413
67.02271566216227 18.220529866889844
59.22560103791448 3.31154122752233
93.98216239614308 79.86286994552994
90.4850031231419 24.99750396687441
6.018690313560948 78.3201987798839
43.527156788063984 20.182257471805443
49.27441767633933 17.543507263959192
77.3543587574324 7.096006318580428
3.8480688200036584 71.24706239512714
95.96014526713017 94.1813930017706
9.593500909959186 6.610222949814748
24.42555993477049 95.05459174603584
48.065126059046406 44.65157250888909
29.7951331759845 15.407080481764934
62.44009233139016 89.12788798387137
72.49871687787926 94.81073069015768
74.64518813068793 16.34400652911814
35.42049048270821 75.46294701085856
22.114022032384796 41.641230683878995
47.201842366656564 19.836782373997707
37.6149208689571 74.25121955577849
24.209011201121665 9.580502175433558
67.96918214080017 24.99837727434171
46.681263904355276 92.78182298902644
63.3926555093276 16.150722423774045
31.70449868225862 18.881343467769597
49.87746651379219 37.98577914261389
18.037831328169716 27.9480494799309
73.09236163953474 37.03376262553553
96.82272998476135 36.691145314773756
0.17175316743223146 41.153889073365725
98.42066298164988 84.77378089555864
7.423403662780714 26.723325729676706
49.9818371071066 5.540625361488449
59.895600519216806 36.67114263023685
44.99625129155929 66.01184888299152
9.164563729018793 79.11129538577694
0.710950657013365 75.07229376359676
93.02363714731516 29.710188137408334
31.576340068073883 37.822725541876665
45.718947241591934 22.022324993311294
80.03710080702324 13.24571355927835
14.490443253652385 88.7900479101875
4.379097418584399 76.50387207749338
84.6776508993732 11.69108346979677
50.97354198579629 4.229036016824872
8.035839597071215 89.47408155052783
25.93394181473172 69.91501501485548
15.825072302538135 80.15071060776387
49.36370825103518 18.70836567887295
7.8313312430123405 58.53701304565162
49.6812891570644 45.07438301997473
83.08796762905611 15.164474009969497
14.461036267284943 84.70646815944853
54.194931010356015 39.53486266401389
16.646547880524466 68.56195637237951
17.665765542817912 11.151072441697618
60.31569155862246 77.02634294792117
26.455736650077565 26.10230629948309
84.41869802216688 10.208498201791194
57.07164705126 69.42800684265941
23.759068103740933 63.09060766103307
77.24454808724363 92.96753522908934
32.82719395144398 79.70013294927192
20.281191515274855 68.88206323301402
38.54682789531878 43.666579690726
33.93001581168722 15.179192709245592
53.153459772952985 47.46817069342954
14.992727043638055 58.628267692865
75.48095758220687 52.786103524045316
23.228209591386605 8.419454931670112
14.352953769093823 64.38235222076479
61.659413245566874 6.728766474769476
59.44437013858126 14.746565450738203
27.464875237363586 32.79647539623121
3.716896365775235 22.364679975191958
95.92807867535747 75.08715279378401
56.82464618600582 98.05854727682757
70.73340297533419 77.869874577872
87.4781346272629 82.3736642824634
39.93651933634042 72.84054329813077
0.918335491022626 14.619579110480284
69.58173607490004 6.174817979122005
85.15478092817597 8.44273864762284
3.8860547071193796 98.79085948346507
20.41355969492782 16.442911898112467
62.52721242543202 31.919839200784118
22.9104200893649 91.2234481969833
9.644215487595641 83.87382808017536
12.199441335147965 67.91675091454184
19.302933232083276 6.171828345307584
37.07016256122171 59.364904897405204
39.31823735822708 19.661662658808687
19.624317354004937 23.67059998591794
93.61433338787953 5.302549048109162
20.791767918452564 8.268170930226715
22.21475038962424 32.16091787390749
13.080878496786807 98.16162341990788
37.997210557403015 17.122020308302275
99.54762224714824 14.551245647295863
66.85943485744536 70.15850988128125
27.788372057442178 61.503320477687076
83.03267015079527 26.652638780460713
90.62857003017083 2.630487610806753
19.983138520334663 5.200583739864384
27.927911521876414 2.3061478216866327
37.765839923837774 58.88508938559929
50.13339064841538 85.68609277240427
98.1375578939544 59.8698587968135
84.02922598193827 5.348490931642802
20.80751967082122 14.073139103488796
98.14010904751873 48.22708500268589
79.81628531650782 97.75798685242859
89.46847356505192 94.21775188129024
30.157827244119595 54.78707000292995
95.72199144813855 24.911685758163028
58.169236725355475 17.401692027462843
65.34043774946272 69.85343243340758
85.29700423802855 52.31813188942633
81.73362237889256 21.168673073703093
96.12072031166878 46.20397627842645
96.63002592209502 54.313406610377115
9.258251688072928 64.57427411324683
67.27800220929964 26.364400009726396
1.936275909217522 59.52191317770363
97.68788251239388 46.04678886541562
10.958333484189065 5.700914324636819
39.74517189110263 50.342792300952595
67.68264764477321 39.55333927530751
29.293294884100884 6.830400652236501
71.36332885667633 80.48310429997585
41.12418890764733 37.25583493797542
85.92680376033563 54.250724619841684
58.78271095677257 37.95724133954983
46.946135633104106 23.17822055233536
82.13050779159872 59.74553203607395
59.48720205847267 49.5999708855446
99.95652015482062 32.85675712063325
0.4192831245507067 6.535571079189939
60.59552151647169 7.108659006916951
18.11258340932731 79.42235016335293
93.05914918600237 7.619455256529739
90.28269698583797 2.037478695495931
89.25960709251672 17.209582247683073
90.61082135641065 51.88350578072234
83.58539695080285 2.7076897049643778
58.1268225939072 77.16908080846434
24.458227728766424 92.09816341395343
0.012417781410123396 34.86696676713783
55.467552979015935 60.99794632426918
89.03221405603175 2.0392471454128813
42.94260067961642 35.49591161793748
12.195000095493125 20.77349829950188
55.57849501605845 98.30856966035309
95.98425344908743 17.221984451714768
71.70317728325803 93.83370081648606
15.212146614700185 87.20345112216101
95.14570179403638 77.25488843411416
91.03954804228135 20.946577801702325
67.63898473962035 85.191208119421
41.54457341121045 64.48547217741496
50.77576153577941 87.10334448145115
16.171692320820206 66.77930047215497
15.21164608587604 7.931933495926047
44.32240246710857 21.564978831250837
91.64502399883384 31.334229418435623
2.9471965825910384 37.282643594116124
86.33956135168425 14.819092645273969
60.91857933873228 29.798196734499772
12.205767549629476 35.394707342663764
91.7629553942779 60.66808536982933
7.7822341423002594 27.446086881775923
1.062268484387352 33.86174056031368
80.10560963025253 49.224104925853986
81.49046346210251 46.70267448438879
46.144417108999235 56.63287038705409
81.40481488296393 52.65277575815139
40.50909081803873 11.335577171703083
10.66386005892397 78.72193373866342
13.565095223164203 15.447724163320897
69.09863391265209 47.2346314815949
17.561739061326186 53.249576095867866
92.54226655191131 52.43795671766065
31.88478618515356 2.4348658569477877
88.23107761185224 51.472059500626784
0.2984351664464313 40.787704995463784
97.00266816895488 90.3224236301802
65.40537570850687 87.31916047084208
72.91517806709243 10.547628777940844
94.3173735378158 27.88192328972956
1.0926247309446024 11.658100791386317
77.83546313868221 42.56027896778549
77.05330893352004 40.48136198626617
31.027657672668752 82.42379531619079
82.13329487698861 36.53380255515353
61.60672670111642 81.42053920908336
98.0017743555998 20.531051216345
19.557626497239646 35.90824725551729
49.59066732028718 69.76902759425592
79.49611946593211 92.8442771721039
6.36897541073016 5.8105378483398695
62.048943902961625 82.52626902959146
58.22080571358179 41.20463077546639
38.69863831050133 37.664040746435546
78.85141888445557 49.1156005943993
79.1289751197134 44.55818016476021
13.324872671702659 37.54524723856496
53.910850393800594 63.13303570413411
76.76143701621245 33.740728885418946
67.10307868063205 87.90734165095608
60.580598249584305 15.26117181612201
46.1083863532108 68.36312446018673
1.8138560278272209 19.25702701953409
37.24364570033478 40.5700201052956
69.95218822461683 78.80361311630149
28.542048182739688 99.20688908188701
52.220543185265896 50.10301659927694
57.41424538464 33.725670168695785
42.03547884517474 16.89683124167216
80.95463801672642 99.83708954449688
24.29409314448856 21.854313508581736
4.346660243803302 42.31686698172412
44.88189096401112 32.00062903498557
30.90673030231916 78.79611050010303
24.33513202903366 84.44277362183226
69.70874939978056 4.5264086627273326
43.46164723838874 81.15091598352137
93.36045601103432 11.558162983291197
72.92876374034903 16.64232607138272
29.753115547793207 26.838682229908017
50.82780480220828 73.60715724037502
43.623736609174244 18.48171714856135
18.557357201572987 75.90676105163381
92.44385727081908 67.18422531094114
76.6685722835716 6.309285198735837
39.665256587778444 90.51713342124314
53.67924100835266 83.57052683991067
6.279008390014162 48.68419120056564
10.446618651005934 70.84775933646175
60.36721267266314 63.80099176929137
71.9744884778915 18.897932458438447
34.97568555388915 1.9693656122526493
1.9466617083848003 53.29709794277171
62.116884817645236 58.207648908447936
67.58130995810421 42.17953075605596
69.86709800895056 69.97070539325046
3.4492160269842254 76.00889049552086
47.862921956262184 58.96608536955927
88.7207644756977 55.12789172663606
24.59063797657084 95.4415306956123
36.946276012441245 67.88868946445328
90.9867157334453 91.25297081415664
37.74232274153597 73.94467031863957
26.246591671967746 21.70080565712704
17.035229861923785 37.00435006297056
9.483254895539028 49.299422472658016
15.784504160356816 10.95063314818061
32.082701758593714 90.27464306124091
36.83832128129525 48.453903624432385
86.17369932103615 68.58656293019627
25.97947600961119 13.19246860417216
16.67425642773608 59.32573703795707
73.27644771187474 7.699070952816212
17.052529762802337 41.24706294505176
6.215886761889533 12.638053397557748
25.12806120063513 31.882832335704347
14.99607259047455 43.366334895645565
17.5031773885167 97.58632319790468
21.97929988023617 47.02504560532053
58.22024901147182 57.73985465861928
28.44808503448317 2.7747087608839482
19.144753169651207 17.911745482962882
14.976614850563008 55.078992049736385
29.920909056472777 5.624958323364515
66.17528100196566 41.52843336833543
20.659029286648554 21.371863312246365
10.054136101728272 3.3819672826198133
84.74588997799553 60.084713299675194
85.58078691179738 49.86283479263225
59.750065876690314 9.80942324438534
86.05642534474312 90.40364519947705
66.80558442967761 35.33733481768171
82.27300075861564 26.951603275553193
26.647910548512165 92.01678777092033
83.11355707387054 70.1791700377548
13.581112524768324 26.49852618696398
70.07506932780798 71.27778012280557
60.375205493104 91.27121954832566
12.499010230301355 97.28090683342066
13.033879917777114 44.44010041075632
2.9845685426500568 37.08438681485164
1.7863690761143136 7.296457003327594
21.64808464356749 28.008846208980053
68.08439340357704 36.05188221324591
49.03037604513221 63.33688930958266
23.054050529204773 38.27128561473501
9.443461271624386 79.434008171359
38.60369226542322 13.510917744555195
20.188390431038417 40.407856243045416
9.096442051393927 31.63209986832225
44.14078880409073 80.35632007265778
90.46663697276445 58.76852728591293
83.92091740823811 22.50548355721136
91.48325379376863 19.886551111325247
9.120520891814765 30.301772487506582
53.138231266862654 91.72377862557286
9.867127171751132 12.432783625179344
67.94682373411842 83.98101504023549
34.84498753199321 49.87125570519855
35.23783863988572 66.3311312928594
95.35217093582551 6.004813610487858
70.80529783165146 29.82243411258363
19.300844563066043 54.83477440491591
3.388483518046348 9.495400838341972
38.571907498900806 31.332477347423616
60.961194731578594 38.513546091931225
12.896622880788811 4.688242148632771
4.1004646268450795 83.93950416227042
13.802511192509371 48.81484356679495
61.103567651806244 90.99256842273307
29.605565615462346 59.34770484890834
91.36178979753646 91.51864225202107
92.47205264924207 99.23261182444001
93.2842434569708 33.608328058199646
87.25220695720107 91.01983135856631
47.68161125689512 45.80382432130274
90.18095323088214 34.849364475652145
88.19268920642884 45.534781397148194
17.234299067041057 39.696610395355904
86.51970254747323 47.87276212584865
77.06420484735162 88.0671500629576
4.6193415116229986 52.93593622515444
3.6195548908595443 63.10692820858637
39.16923894774522 89.15231477032444
6.460108508878903 42.07741019497255
25.133101898918152 17.253995701000346
3.500805045863342 65.69103998406152
23.173457142888676 97.69474144437935
15.317351955832281 71.79147928676026
84.27705633866572 97.2446819786722
8.96885269860217 33.8444629823202
82.60005905613023 70.47431332409866
90.88190409800836 81.18681045254374
65.48937668387558 23.114195872244302
79.37454569351543 16.511318467330625
65.43588477021858 59.34063717214364
35.46535543371117 76.86434509115018
47.73762684907585 50.535378571384705
63.22373132085717 49.155970169570296
96.70209133074215 53.02893390748822
26.9346131257429 25.80272883396477
72.60092779952592 97.62877640325756
26.32847757387824 32.10396422358299
49.72285449633216 22.45418451739203
27.1624467923419 89.79393151356942
29.80613892556725 26.72183498324827
55.634414568700464 39.21695394637468
46.84019587764696 48.45233583840993
54.661477506174386 92.16251009899582
76.18477263521623 73.63909170295551
74.34433724640537 33.9323164708043
0.5564353265288036 76.95791446857218
25.649714436922032 38.15194217923556
62.91665114400553 62.47480915179429
50.13013164793776 32.04035537797476
92.29296819470756 25.34845992022032
94.04535228953037 70.45855107097356
23.86810129231307 32.676970126783345
66.27517302896624 16.18087010759035
98.97768648782287 55.51199146046895
5.324504708900535 49.23907571047577
70.0600282863095 98.19864721948153
97.08619546634436 16.996082527970536
25.652278603370803 38.54540671903579
7.453043832446138 54.87582446883263
4.91383343113192 22.449773037493024
11.50929222292747 87.13465876706856
20.155582619066404 89.04918401305049
77.87186301681585 35.970013406422495
37.46192871537366 40.596741411838046
19.040365628097923 30.982287948063036
2.7803362135619736 24.81543516953788
22.589860651894632 94.6905065778464
24.614098954220488 52.9390226284258
77.06146794664261 8.567728699534683
18.61881546679074 35.56103386107008
36.561609405697546 38.38990683786694
37.90163945693523 67.91964422944432
61.178584237030975 14.030779880005472
90.15129845514794 80.25339254933724
29.942060587056396 72.3719639670114
44.45870562777267 16.81739433403031
39.68164494267275 41.422699360747714
8.473395875199241 1.871706766597958
18.88377997917232 59.62139916234883
24.477843825359734 44.18371617751473
94.46880442312077 11.870294371277668
76.42654749073246 83.96974665025321
39.61203641565858 11.581186153065381
95.82535207018876 52.68971417442696
37.27830667241621 86.84901764807186
18.93886386423165 49.535147119857
13.425532853367939 39.832950745094166
68.09619031033381 32.41930470438168
27.505329504957523 48.52018151216182
41.99603483461043 1.2960219721766197
48.46379478813756 59.81029341114075
27.783579536593606 88.79981141546831
1.8379712943271453 83.57808603170524
53.00807120986188 8.28642875462451
20.09766014373886 91.32954681913141
43.9267758660091 52.69871537112962
15.807180724708147 26.934692183739916
16.206340577574995 42.67404039002989
92.87062602046743 88.39621169425949
11.674650743444603 52.24960831960743
30.46602817985111 8.464963366181122
9.61892826395907 3.9605182063519706
7.798051504539716 82.94492228418864
94.03955370004805 69.54425787206284
72.46406505534493 65.21445899723861
18.152101184806035 37.52845179928619
15.416150219803782 26.11578851939629
61.50709237858622 80.96350920909347
47.23349849723868 32.03172835353341
57.33321010367429 82.00396115650645
87.4950278021312 44.370166930990095
9.432804606155877 99.54889746899119
85.03274896753395 29.50001008352121
36.556277103447734 98.25743530939653
42.71884648025057 0.16251525630750496
51.65530736999162 58.74425903148675
56.371663400696946 84.10250272383182
18.713531782089944 15.896189878852551
7.78323718722298 50.1946982548376
17.280108756406555 68.4243340223436
85.36630638993819 35.759357599164154
50.10081518892764 20.28776265019083
9.111329880600415 66.52105055779425
31.876487351096074 99.21268213499097
46.52919948725012 0.9216464841734551
85.56748376333083 55.26369710107508
2.156305451385232 14.416463527012136
64.1903252803321 14.993300995477576
78.40391195466745 54.45756170930456
68.54672661699364 2.6475559267367776
0.8105318223282865 46.56139229722629
48.27147802371874 45.05754672658841
30.221783406227875 15.911022191248003
32.26764085888827 85.78758189997163
88.34567963260433 88.3568900271137
40.76365133878432 66.19096317101113
22.668773856201984 26.282024437030604
96.81427709562911 20.47814245330015
6.00184729199944 29.966238675993417
