880
1 3
11.536795011716293 20.915164800349938
4.216752381725342 57.92358103421158
36.419452702168996 10.054232463382217
25.455407486644365 3.7230692073579874
70.63070894360872 41.735051042577794
71.09436601219412 68.45377282625329
49.06494862453465 32.93747774297877
55.39768011693689 72.1303852876456
43.21812514887486 97.74055108617013
9.491417172540807 47.509959230091184
99.20996538807434 84.84733247102187
92.56032956387772 98.26742177925001
3.8658426438439975 54.14892538572027
89.35004883510891 72.71811805356056
91.74639916912774 10.68086164252653
85.86571133076598 95.68259746395358
60.16735625000713 15.075540027973688
24.65516787870343 99.29315227857354
27.045574950994933 53.49224428639607
95.87641737636004 37.15320269798597
9.936692678081771 48.97801862250191
28.431822444019474 28.707611334353423
99.47837151454809 32.78584665873285
75.29999671904015 2.7088319422589935
87.97410979399069 81.67369847547423
68.54276671800538 3.745074946456639
98.9251156597314 41.62442762145404
3.7142347203178883 68.49563410784343
94.00512000719374 92.61143287748388
85.33715695706172 78.51249749918834
16.963845232398 19.32736034159126
80.60324416072677 85.6549244316144
68.5021958352338 98.0127629009661
87.81051963663782 89.15103536975609
48.630657077207175 84.33032941245877
80.8819817313385 68.28974526371947
39.31730864419492 26.79147323749813
62.6158159793883 38.94511666680462
17.970276981167956 36.83283420056169
64.12022466150627 84.44462595072952
23.853701011654405 43.796002292729284
84.66907022095597 51.14383477883566
33.363015820853015 98.25747587092057
42.976793574898764 71.88012431571369
41.38094018390974 68.5591414958672
22.859510908872615 17.74383696848847
46.86405184711846 84.77739696657902
2.5777981727659327 25.800588760401588
48.6241032792597 65.42182716660476
16.507839640243738 43.835414391375906
86.58414942101216 62.901782491709056
0.11188000325874636 3.9097304805043143
18.132858190139835 66.19874832703456
39.974969166702024 15.425333552089393
41.93473187105579 39.981728931242564
66.76844461370723 18.592787751059348
88.42121842907818 71.04148559388166
2.1595271676913885 19.016756965053496
92.19692161882801 58.00020841582294
14.727083494041683 88.65152762193593
91.7675309741814 36.48447824435752
59.2253726156196 59.24995595417188
36.00278402150063 33.40623266909057
33.40247878363729 89.4622951439846
83.94455504153989 16.274105812594563
12.357701774649211 79.42686009048994
6.0860458224110126 13.612544326904041
48.3120676284794 77.94833466848554
95.08918441242467 65.25939866897583
40.28860218478503 61.504029068907975
14.026450483609665 52.392934945483205
71.49659620223272 6.323841538210817
44.043986616202126 30.56387686840567
61.094063609747494 13.661800847697414
13.507876711663203 1.0586731606827104
96.17788315403779 47.77931575179457
84.15684988023216 72.69546599365675
42.43176441091041 83.6945669422706
82.52726926576246 58.03768125590996
17.401682794139404 50.61351538520182
39.335039841101825 65.81165682588053
19.73243433366303 26.06421440137179
6.864661888995793 5.545122671113933
83.07123400791072 99.78220236327924
41.12604637493138 31.280225856468924
94.18254699404271 88.2759499943871
88.0390360148487 63.15622763710833
40.71511066840938 57.94822301268123
65.69552861030282 53.322554228118626
36.95134915171272 64.35789715073889
70.6396723365439 9.153691836160682
17.94458011866262 41.901881431223266
18.625576146959677 13.158778126136195
91.31502804840108 5.208290158923723
20.189703939117344 83.5361370376277
1.3427602001663486 95.46664962102334
74.44196273713905 94.89041296440035
45.47951210261678 61.533942351337004
64.26140821286627 69.36959735526199
44.80633411978776 94.72959422856142
98.68821790757325 33.47956036471314
5.097703392051045 95.83477656165545
56.280233302832805 74.39812522950842
72.41979758429432 7.896298747769248
52.04547030016977 0.7400404103010905
15.660383601733209 68.4415990705701
20.675622502113768 88.79825741265985
27.62580117021043 25.810696831638612
27.193063685759466 34.29604640378383
34.4032269300073 55.71056517659092
18.104361783904043 18.422178609188713
65.94997350799181 82.33815935032895
4.5152967648149245 66.1287227346222
66.59791121654897 14.647749559621047
69.75086975581193 63.66376864115397
2.722991315502288 2.152851935639566
93.83470635683413 87.58733528837446
4.726200747522835 87.2832633171838
2.9593577094217283 31.17834932854555
62.46468236867864 38.294215291571156
34.40892482072728 44.497605414394116
89.75481462819441 24.255256931828217
36.93126973993452 86.52006007302444
90.77231640895526 6.497454502425337
26.388634260856335 3.8711352351902484
0.3337000037199944 49.33707023068419
60.56508007874777 24.22317429091081
79.37504912773122 86.52591079907141
13.368956740354122 38.88122716645319
80.35474873196102 72.85923921629282
13.43244082074293 55.46583131200256
39.84655609646184 68.24688890941782
52.93929985633892 75.99325966835116
29.759710674304408 76.94309435581665
12.999856210796068 91.12535828755132
32.85459391069263 82.78326978275132
37.04264459446331 23.99360701987261
48.201671074859306 83.12338901648857
90.41209356322643 74.19714545685888
54.665664913996736 60.04548997329336
50.33145460560573 34.08356811789987
0.9175162065348186 94.71066153933671
31.61119998100219 62.25551579902866
37.408647378199554 84.66030152739934
50.95599517240741 28.119613810918565
59.788058053306244 88.93745125613246
81.48464803684499 77.38000136638095
76.24748359875318 97.08616765310569
11.02206433530586 69.62275295000573
94.1992097752732 8.717176084492673
23.604049843445484 64.96382708852755
12.182661560734754 2.66756345124346
81.4011418363477 84.88348189865653
88.67406770223032 48.87013308017818
11.636931402053019 93.80936126223804
30.853976437550322 3.0875876502237443
12.235890793833715 67.06979462801283
77.00189663060502 69.89788181509984
22.588711924747294 36.70527054363524
95.48292827100468 37.32517954098709
68.66688130061829 98.72208866305563
48.75672404534151 91.44804346673465
59.422755877723965 36.00920373006902
23.96540742025415 43.4634092729616
4.732519708031879 26.091998458086962
39.49204546890586 17.295778572187803
13.922945206888704 0.9580584556856842
5.515225603840612 3.145441621795242
37.467081202488274 1.371754466824826
47.88066681055019 86.34579617126752
92.9464251334797 66.12825663965319
36.69861313478475 68.70297590242053
28.016464563159516 20.862615617212988
25.128287735165134 20.70640508685051
75.27713407089973 12.265702166711034
44.445164815985706 16.4682656759652
14.181591770570702 42.22486284414837
63.17626851273079 70.75489588286518
42.63886226464757 38.02367626857095
43.59264284104587 12.34766404224581
54.20980101489139 77.20813406972809
19.299975082763886 36.77517290727381
6.403945678202816 29.68508164347652
43.03861144079764 20.73310571051923
71.7844442286417 5.320409911571011
34.137292858878254 24.2824726658039
29.03917870899757 67.50639311376922
56.558366587641906 17.501888864523018
86.7652195489444 34.407221840727374
62.44356071890302 40.074942425118266
85.64165898589317 39.72638077406205
18.070084740064175 63.1571693169295
7.799920945389371 56.708172933574154
57.00856749417578 69.0478188432131
21.150446876672934 14.271767355690134
13.966400904091469 6.041451664323039
17.68774910634101 45.39331010690635
84.87812611922216 42.31561763890308
72.76118775295171 34.03514119372233
93.12806399994484 69.93425750518037
55.634557830193266 55.931149225671525
52.405896678620564 65.69533473971568
94.29478893464017 42.46602571711495
70.25285430341938 33.1676874697443
98.07744063175767 82.75846461990058
94.54263525113171 83.94598354716105
84.76332753258727 32.364891000849674
58.48684244572422 5.300352744604742
22.30524012386701 41.445840798723445
90.50456513406738 75.43813117209982
25.2887751468597 84.03535213530715
46.541004331668766 0.4470566595687897
76.76474694702857 43.66332530664745
64.23906097042442 85.65923245586544
54.329688694361366 77.51177711168718
79.78115813308312 47.6444597106503
27.00450625135926 18.157402543534683
33.22067370567705 58.34606499386752
54.78371426619986 18.189283536226974
60.4699102777845 83.65475868878313
11.63588001402658 32.735092088922755
32.288037035311156 86.19607419590953
73.87653719691617 27.79215791457115
92.63075666208067 69.36989864338466
88.34198179194121 78.36456465848704
69.37982749963318 61.923250218698
98.88543775346166 73.16139373722011
26.43283999205166 51.86884387793362
96.12594816726872 9.585587489175618
99.5631921910138 82.61349676323839
78.24750061999559 44.86200217631322
58.42230066254255 9.644722820218533
24.37921039903923 23.363051802787925
80.56173717745413 0.4722596487955366
40.244973213850365 4.801612496840124
14.180010883287375 84.96366912584965
77.50345643282263 60.53204378357424
81.30834260588324 19.833231459419267
36.97321548042707 87.85728813730354
51.59880186296346 56.43334704243645
85.45012649919437 44.635161860176375
32.9030553447265 24.463388562865607
36.128915435125286 36.74640787813863
52.11201143977144 22.67571560713575
5.448642957464989 60.79290394672965
87.77668855943436 88.14984264399337
77.12327923701491 55.17434690839642
10.842375000531135 29.67525631680441
98.09968890550948 95.74921222507228
94.68969859522451 98.50001159506272
63.065489187897896 68.78737917839817
55.255201870593204 80.82119890130063
14.031808942823787 40.935833678684986
28.079828273309303 55.738993090805856
16.241491980588087 79.7030161882009
91.50779904376698 55.822735481837206
12.71076060973979 61.02023605488838
13.951149884592763 17.166916991648606
56.68763455417629 70.6377877205934
80.27849381241923 30.067544286444047
66.90898641082725 95.66975581094252
69.80708981283945 93.65086857055098
14.53669376623996 51.65018408014477
79.96971061034071 23.203266833161962
8.652453414636119 26.717459412448118
52.52087025604859 10.412500774507706
40.66166500552442 94.11720712578816
18.252716092102773 18.478216139150906
65.12330246527857 1.898977039854688
18.2888042287884 7.027780943577411
88.3286816224032 86.99816115461441
6.2323041760407705 2.3151406461297874
89.26153489085196 82.90838354972155
52.26080846594425 87.3938489248682
58.471784196574305 79.00347225774237
55.63324124252369 7.373427070874827
59.13104000975906 59.459329511728185
34.883287471084756 26.255179965344986
70.28562386399916 91.56248207683146
55.376793989404696 88.86256236502932
69.85792832882906 77.486281725152
60.076283484828984 22.893957929055865
10.036988706895333 61.68927245306301
77.8626263852682 10.718115246454785
34.47547390024188 2.363308348634008
88.09731675522382 86.03332946623546
21.22504225814188 70.53578160764016
19.746237923595267 58.8023081023751
12.340559571638398 72.5298621528161
67.81548689190183 79.43915361986933
55.79708858062642 33.84208414282075
9.203258924452197 15.548423931048937
93.27607601436114 68.23084506159131
14.21689951102929 35.17662288981087
88.57544707978704 76.24814859168012
43.513874095125146 68.09265331948914
27.758967530641108 69.13041570151721
27.59809962040176 39.592339067379775
64.50002152921968 40.77879151915453
27.792555911286264 5.290865422074886
37.01724003885158 50.800151621103986
18.967366251200566 62.50478064090197
46.93209675507759 14.650650752709238
8.892410603448674 1.3590251878366821
25.902017167602096 81.350090201362
53.94965693116687 29.948249334678458
39.822223551293256 16.82094450532796
68.81183353898636 28.590879917862488
25.60912665620898 92.61774475280569
61.45562322347984 77.57873638732704
73.65069432578808 93.9055967494698
66.17060765217386 79.08617613593168
50.95934167993652 25.53913891879265
50.839211218128085 19.70662429586254
85.60839425633301 36.25259283307689
98.50284782823661 49.86820057296699
13.081589873905063 91.85021918174914
3.584743576874083 93.56062034938395
94.7791443076933 15.208540028854056
83.87353847562807 66.85200047501878
9.889817155023461 13.700529062119603
78.01978482509924 9.017505850703799
10.047272166800703 91.84506013250989
75.36882187030065 58.76275196469432
2.30162171751358 39.27402728978387
22.066268742316474 22.32718734654693
57.1346039823901 89.36896007027389
24.498633783266 67.48900761440059
31.63260112047186 64.0913319279866
79.72648800354133 48.10070231296359
14.766071153351646 52.66588786290378
35.133776298319994 18.574511358105994
30.00514024526939 82.89076864675505
16.352915601655504 84.24509417475447
16.32681218780807 52.32676642122838
24.222548031250724 60.97692474798026
0.44451479874303423 87.45945675323922
44.974189185935785 68.8117709172732
73.63612080008872 72.80716899328401
96.1353087498696 78.69237547272287
41.46057465400874 83.74984343998607
11.303238058689956 94.75565069099947
75.51088954356338 67.19271735046048
0.7646950927638008 72.39854340357519
77.72093030444307 48.19232295650924
39.09471515452951 55.83264093375695
23.584517490045663 39.91933564931944
71.20207245394312 93.68586859329962
49.51065347261165 4.315916783119578
39.01334249091024 89.66808318467037
59.85771120060988 62.45620254301569
76.91688593652033 49.49886920333921
1.1548801643555429 20.362543957789935
19.474798752907052 48.609667129940945
50.220215331876375 46.191302886819166
47.2808464262503 39.068602292060774
77.63009570401762 90.37235092281848
98.73090661418966 86.37800405793972
98.47406255210318 25.913028251211735
74.9974844839979 54.33500387283519
59.670296939940194 46.362890975034745
13.073075805952783 27.65135175799436
90.05894679464295 58.811244704067825
89.77235689235007 56.064958911036314
7.925215937361085 79.39535972141614
51.0843678162673 80.63947489700267
46.97343077481469 18.325571674743912
46.48382461029013 6.0676361829575365
7.943443734366884 86.19306294473894
40.29685026688834 17.34280042749483
30.891869016268213 92.32578918354642
94.45337963616171 58.04887835924546
40.37521719937431 30.45011926205996
28.32796974573013 26.031967466098838
32.74249083146725 58.293595120114006
89.39978124392177 4.5681938402083455
98.21249579396087 1.904241016194086
23.79505738397698 98.3797130600066
13.922432295803521 78.60993924243887
19.264685707591454 18.879254078824204
74.73249930640407 10.912618931099537
5.344230268594874 54.469520685192954
18.21169124248496 63.2785166205369
39.63769376713295 76.34749498300579
48.5333799609051 91.88030466422023
88.56179414987196 50.09029708022763
35.62606606324443 38.310565094402584
45.912660878975316 78.17192657583463
56.7262917993798 43.57362662498332
5.930923882426398 92.88351488695248
47.09178056879011 22.67066166755811
14.818514878107724 24.817368820949646
87.30513977954897 71.77404722084515
43.26866549340529 13.295521710380376
48.78220795715038 75.3062524474473
14.49848007869905 46.86231736071886
64.24451244651463 91.31405734202215
90.08463366766988 46.26282703901437
45.53870187491009 72.90300224980236
35.36705671562659 98.73646940873344
49.40137448479449 40.36901045501213
31.50724269009868 56.554847111565884
53.32086562597795 63.07327010391033
34.30175644989433 53.83210069004218
75.2903069475232 59.31481969423085
53.72974587894221 53.35220629096548
76.11864853469126 53.68813784584281
51.44611052657309 47.48237641317519
95.65903712635102 20.496669683888257
24.493194307088896 92.08218430042254
5.310159020787397 50.767762587054776
61.38227720291669 2.0086038969953535
17.019735505048228 94.60280531742693
46.857219514336144 19.092060713897354
29.400925369799058 42.318623561209236
71.88196071332078 74.84700390185172
49.99611227874266 63.88716643473211
55.88697306136625 46.049423482012486
47.39709425248944 4.251251871141726
99.6811415618534 55.89854867046733
29.74283029293796 6.046483047564499
79.43633091876568 37.19024596052216
92.20888399618892 87.98065047463366
91.53785762322049 3.6694576431185455
19.938685279022028 94.86747002365352
46.3427812442367 6.160231545222183
95.94179418117517 93.05806197111306
44.8846695324596 84.74065059487134
1.3456850335118231 0.13951427705565234
64.17732714282604 22.35010045585466
81.54305442213227 13.31718399162851
66.08436705478722 80.36107968971614
1.830604623095211 80.17951036415867
36.25752856210971 45.048003949631486
51.08126340239194 22.306443512642904
93.68020498398772 93.81145284834629
15.483842286793204 41.57054760881056
84.40559677423605 60.15632260735904
98.77616266742919 17.583548875938824
37.442899855029246 51.611065643627164
25.072610829894803 80.60549360138639
74.55483193545503 28.152154814567098
82.58646580937061 12.359224883259866
76.59393289305989 46.113614112520594
77.90195886452321 51.68607495950373
4.046524705422261 4.4153779553866235
39.0394823684983 13.474834803936497
20.894864771390264 27.1111093085052
11.711330143442588 33.97892406481837
47.831294734050054 97.03952944595275
15.705176722531554 38.75332564383736
21.10971777527597 73.69983331412115
40.263359334796455 33.247966471324794
58.415174272433035 32.71442956608537
59.286465722939255 59.09506191740612
12.786108561210675 2.953413321029763
8.169664137626519 99.03892461500894
15.533755147011608 71.92090657000125
69.4244746211959 82.83239014820597
60.58176199380685 38.05326456831164
2.5270001132375874 44.14220654490695
77.1154865708331 51.4102101864697
45.45715811662505 34.256693000038084
31.269892399980193 26.787988914477555
17.171184028269515 10.905900389359724
92.46803119206217 3.6382260827969803
14.868592615042164 25.666108102228158
34.5588632623621 61.073835557429604
58.792722031470255 17.88497882904374
53.079474199430244 51.320516990755394
10.237500689884826 20.965998607960778
64.85156143621278 0.9112716206469473
84.08761750496892 46.70702515639127
3.4234317429093775 35.367685760320896
34.86881829416215 52.24885206244287
34.790874056524636 7.85667566153796
65.4297535463342 63.229462085880094
96.27282934136707 3.539134475374861
17.902624345345885 63.53348404418171
93.15778857409245 26.988092998190982
44.828298982892065 44.389559315874
36.05428852811319 71.7609226080989
33.23138736344795 94.29389900176453
87.71258317704581 69.48684395939888
6.732254688105477 7.636418120657695
47.85805486119501 14.924397247819442
52.70216812405326 25.712539123005595
22.499688232639592 9.366205579684305
3.5640317292475965 7.90014794504561
35.753339671851634 64.99404297314122
64.83887134995203 74.50684310490186
7.807794041429816 34.65491785723045
23.740912512914925 58.7533593721137
37.53626132504224 60.21341885560172
24.943393808210512 25.88193704089261
48.98213542522978 99.65391750574481
76.39883101133289 92.07104496795087
3.133611797414204 63.38179362583125
62.409230600026035 37.94558263956303
8.570491051138696 35.399464079849594
34.16268812711847 21.61059290146763
49.26928306370974 61.40910464426099
39.59016209960233 52.0782579250763
31.87932649321379 96.41636491786866
83.92099775192405 9.836508112388675
41.32784132598244 52.783251810385565
47.95487993096148 26.25025051841905
92.22989888377653 61.288312966226876
88.18088458500306 88.52363599585975
74.11848845491971 40.74077523976225
37.31435680906756 45.6128887557101
53.03963671125735 10.179448350362907
31.636664121952762 90.28730947457413
61.48371015072607 30.87839945247901
72.76945992593046 73.88042416977301
52.648927637450505 67.13094204176595
55.21145449269633 98.75819510352272
25.400161511400675 53.04905762364094
71.41730627393245 1.8983652518079097
0.5489315320355903 38.750869368784805
60.52794746475367 97.78944862643849
72.60949475187786 96.38473891691575
0.9157805444935274 98.85331909818748
9.159877803802674 43.42548546289997
97.74811185877756 8.021508933056708
66.25640519008998 79.58427559489849
35.09951688459119 81.39706863700474
15.526992577542353 13.633429952177355
90.51409836651727 67.77708112216662
35.12139169794697 75.94571809438506
97.64873483484739 15.408273085467972
91.90643891686474 66.2477165810026
44.86049035960982 66.88237839368236
66.85891704183516 43.34097378002117
27.552090292877462 1.856736888120336
5.336707321366396 67.22525987372264
88.80690956442766 86.06484806556989
8.436262613299284 45.45684727445798
23.037573219820406 77.39930594948994
22.92528896287205 1.3217354610167709
38.14944250279204 45.85510147843104
29.820540338672362 73.39572353989364
44.481620235590526 67.56379274948733
86.87190991091644 5.242979014585858
79.87108391684605 62.71845034975379
97.5959836149972 46.53886576077966
21.79124486316106 83.94814795399368
19.128874742541548 30.927635027475063
34.447809339546986 41.4859486760546
79.53642326294745 91.77717514754373
28.989901553417074 32.93005077498481
92.3530577624443 74.68309186699607
89.87986528816754 22.24582460691178
61.892614817583016 27.229563967563575
53.39400090940059 15.134169991325596
24.790170389091237 99.57352286188397
53.77913268497743 31.428243506341836
16.91893036005203 89.87554264777506
39.75878320111177 36.99212266037086
21.49951172789708 26.33217939153736
26.502008766958074 28.958763875768124
34.152513561942314 95.63052628737296
44.29168058370308 87.42121731392622
48.01324954097945 76.42229471560704
81.42992793401503 1.5792850475830456
45.58130981975987 88.32297943089289
12.737414677771696 76.89280559698312
17.421052205596375 62.75148876610122
53.37940852815053 35.32994825062406
79.2099477850044 29.991984113607373
61.50226009344652 2.0359266012196953
86.50098019101722 49.06447655523798
78.45126369064121 10.057067346050829
22.646906116623967 11.48575537076717
35.973992774720266 9.958219503997089
11.368371259484245 16.065943287901963
6.69365199604286 8.408735118706945
52.80715254954884 30.98238634678685
0.19707151378769439 31.669547137874243
46.27102070810012 19.675292990873206
51.053412810060706 61.87764144269001
73.10373416568427 64.1264550012358
33.626489555531116 25.31015204715421
91.77446202112145 49.43613268615803
46.42064728317372 12.402297919914318
31.606975283058915 9.388712957065737
86.39539573310178 47.82263977441079
21.41396331249905 92.71961092045262
6.076490992539951 69.17867559554188
31.677491486267684 68.59883730408004
5.148239079303307 12.655210471034795
80.15861712488206 16.799916947338247
97.9766407085207 10.609352904828828
10.50461752079892 62.13701576134003
84.66740994939916 9.05551889557068
80.44159505713412 0.8093956283878212
72.89145984281275 33.93106283273462
3.7903979849758462 49.02431183001696
65.6684948765633 61.035221841772525
32.45953909558112 99.64830277319675
75.12266652915937 64.93050925317547
15.069606676991288 36.661457039299904
40.66599849259171 98.79494953523388
13.53892051297847 50.736962256117145
2.2486537924008454 71.53088665194683
55.407782625397694 65.87176860699226
79.80057146951624 32.52928850806362
98.48230817468864 45.35461415927286
8.619870604278312 93.86379078132912
20.251316301346336 97.2757902627087
23.232992576353094 75.99205207413225
32.17560113220248 31.59736683081733
6.966871701275634 82.98475692578238
5.3926902952545985 73.11880637868657
18.301003156613426 36.63469317337251
15.760527618755017 81.45812121416131
71.257329907787 24.61610430769681
45.053343437397466 45.4323187164023
44.2341833932717 11.511172177544339
87.81261317071586 13.82072103973082
40.35948547566524 78.03263013118504
91.15702578383976 1.6943353440803444
28.757825051524954 75.20268351151135
49.426553002286575 94.2124526429896
20.178084252854834 91.4379390813216
94.86333145085382 74.80047044668703
41.13715776882505 88.38888536259081
65.8762417617496 5.8295289367573
39.91831300291984 1.4531756245665273
75.65994234580754 90.41719429876831
12.777794047736823 34.41830938853714
39.02642119151955 15.48066992347492
79.70327568484228 88.74243613244658
15.818195251351241 91.47242202553005
38.87178609083766 57.697014547343464
40.24020779500002 2.440889340567942
90.86763030555565 53.85694534366874
95.20278004306162 93.16451321972127
53.002624439961195 49.18967328623896
40.322916568712564 31.53663539949911
27.386383711543782 31.315040490707414
94.28771935731403 55.006897420655235
69.90195307921266 39.19768606913723
76.60717829796017 4.857348461621713
29.572947686776473 59.636970627634625
70.11076031356764 35.66140794547075
65.67416761455796 19.758007204725693
37.46463203985799 99.07746066932894
9.850166428062979 45.932569030589555
71.22155038518474 26.653167581359828
42.819960553917255 57.850633657266904
62.44785702310893 75.74638950179924
34.3092438447165 93.6740181969288
83.7171938599279 76.88698417756422
45.5291718493918 24.924970932277525
40.11994305394495 15.077197218691119
59.66157884320245 9.648636242920583
28.81551759166996 91.46101736386163
29.805575544468297 84.18488291068209
23.982352446269985 85.48647482963743
31.687203926121676 96.52764486500571
54.73431050041677 38.44498154205533
32.201480881802055 21.688445342948803
78.86796590271253 43.200624049018344
73.34314824688481 81.44418081023662
58.02815791554625 79.27018105632158
1.4145483125668434 40.983309379841224
76.41721391514011 26.70977588546377
32.85767525542332 40.621421471630256
86.41971262213613 95.47582061355833
72.51185319911923 35.44380704644134
61.60556877404084 55.06710029146018
15.705509262703199 86.90796855444674
33.90004312157091 55.24735133567298
80.04350337919055 83.06140665265616
81.81450160806389 24.331185325066684
96.9015162896821 49.0066110049034
65.88107027231223 89.61875177825553
42.613894220300644 76.27752905436411
86.11099549388157 1.4663248550666586
60.47801806309352 51.713775397958116
83.78429436434322 92.66200536499225
3.9430560756056554 93.31606962706216
17.015282670218525 76.44609867514565
48.978358422081754 99.60404720567924
21.985846714295576 73.28996964395222
4.190302378575761 68.01039290873221
24.523465500575114 37.52155325034501
2.215397965715904 67.58278555832275
86.25154014242939 77.32444233390272
56.695399801384625 67.38374633485675
53.484999554833855 39.74773727555352
39.10159206867323 93.55481419313347
87.49334999270752 13.216328320341098
43.24483446704674 78.80224843747558
63.840945718036465 57.82422767144031
28.882000135687914 30.71167535368582
49.912520833728344 65.777749938039
27.77410426326643 79.21197961545765
92.55353767874581 5.462295072176304
70.94548916510861 77.56988177104256
16.307016978840405 4.744525422869095
35.82667953252625 10.087455813843317
21.713865807662657 66.37893233988584
71.80282516215506 65.39454518998895
55.02761895244739 0.192146036347296
20.437646587317992 43.127162985796154
53.44109788924971 35.74365089845306
17.61876955152959 96.53926515723381
0.5049361374692696 54.71876311615744
16.780341055814098 72.94317534127875
44.10781333881075 12.030312762130713
13.952940524473112 10.116977403636529
43.92860193674413 20.953862912761757
35.01884421013672 15.914630895766567
58.70670177993929 41.12912383496536
61.85348340639327 28.13160229083622
26.977082217702765 8.260136819589302
85.10382236445606 4.691339683574913
92.70799515972496 37.783950546072575
69.18592553571432 29.997597255748797
84.61743274779734 52.253533090183055
98.60866420065213 86.4764918774098
46.44595552289057 6.69739327674761
66.59409956757503 97.82551643676823
48.433939697253805 16.674503890952998
47.98739781151624 81.48761057690601
33.31271116913872 70.11688356175809
33.50630943343526 81.92991818794444
75.21753018568221 95.89836009633639
66.05005500904097 89.97796983647561
6.023984732661702 1.1369136533392554
45.37260423642315 43.65020259989587
30.53854342740827 67.21990250843928
3.8527790243232163 1.5658031461042388
35.07395603161441 95.6465455324902
89.15958111745299 58.68255991779392
57.24254100168113 64.42545476956974
13.884804279440367 99.95595903712622
3.4595515102349816 99.3202684429211
23.25319921241391 82.23269900406815
68.12720411818121 73.42690349701402
81.57175068176348 31.578944419117704
54.32565822114497 95.47436181917377
72.12391642288523 57.628468642193084
10.195878555346338 56.68904204902139
92.74088978024673 4.351684294880309
44.64552181207042 60.83146677127353
53.70174841460067 72.07635511705084
71.11028401248683 25.62766762069908
47.95207128142906 41.47013543856923
82.68666140306257 10.393464419085085
59.19206027218635 2.7511153609633965
54.10376004940085 30.313574007628972
85.21957288934365 67.9000707562416
39.93458479368519 22.120340377724858
68.04594134622283 70.48909128620251
56.36459784955174 37.377081322131644
86.27155795544729 34.541313335677934
3.3676370987519633 49.16582526049038
24.060218475209695 99.22060470726804
33.95026993052179 56.226400237355215
83.37929424346935 19.035351473128514
55.459951877087654 29.39119077398409
93.68689916740183 88.41419780008049
89.3680585917074 87.52785604824555
71.41221113970421 56.78433454631451
82.21311776869531 34.350764763107634
85.50332941932946 94.76411965422567
1.8020503894434547 68.717905684899
15.478981564018813 67.35428294199465
9.676526763531523 17.374550592973126
24.225680878758137 27.150520306217206
7.148169343643085 42.186288108022964
84.90178387685512 84.15030528377412
7.2542055561644725 91.38589776201466
12.586419313540166 50.216497071902566
71.88083592061002 43.32768327435295
60.73528524052243 5.444660637815524
5.116180836986128 27.694422469155032
62.52260737641295 34.280870629048366
5.288341946794861 13.472757934818858
33.05791976619143 29.25129428343618
92.20714099097576 43.09524011337824
92.10611551621182 48.62571397434363
51.75632024077592 25.61590776391791
7.460392706158947 98.16056635980462
76.96191653616664 73.26041776127626
95.51884779195576 46.25993488358999
12.848696053348906 29.464481685673682
16.225042659833978 87.05301599441728
39.95651952706909 84.59727787152393
46.34332813347448 11.004752313155208
61.23556441339058 60.33753905087966
8.862184821922003 1.6256378190637744
7.138884329237571 79.4412637642801
75.75836179258471 10.631033338326912
30.277813614716955 18.831066761419656
58.33373116656413 38.091714711158886
26.071661334906615 2.3956750255559545
93.77514095519608 42.18995968656423
84.76793464642547 83.53313697611415
94.23810253097164 47.89775472168962
79.58466504878669 75.57471698477454
54.98648401399975 70.27913312897216
97.62319176338852 84.76638849699401
60.48508521829974 2.1425464185450327
54.956103419091406 60.58036706511918
70.8427181119434 82.11641391681476
8.346453525498564 22.424381840136597
71.63400226112189 45.513372630207385
55.79986076236183 58.41747541029507
25.457600001304193 16.57714391850813
88.29101235935278 92.65891791734133
66.69342356807053 22.730851503920448
76.31125830969374 41.30683800300523
56.72040155891334 51.09657754494519
10.491933785219887 95.16735800467617
4.973899394569559 21.209328167995366
29.400620000210353 46.56586875986362
76.96194835811856 32.995826441443896
95.87541458722141 33.68848385712768
66.67270508690794 84.19533399603345
54.81585401233053 83.33841650943496
61.7449241512839 12.434809213790254
26.743572389331582 4.162493779006415
84.43726325911103 45.543028882192374
96.63616978098703 66.78131975025194
26.948828080848862 8.21409709267864
52.60103413481767 0.09538616178763615
12.045857271850767 53.15821429534522
26.698485651302995 90.9205723010635
51.74965810080992 73.28338338690415
55.32733398126872 48.08232977979756
6.9354986005625285 74.29495601372884
36.621293908016206 97.74979346294627
52.31863727895261 68.20946017854585
51.109192772748635 47.65085289696502
88.28555100023496 92.49075657160424
94.73951621365957 70.18947587279702
84.35423633222491 75.3158982041698
98.61099823399522 88.78266841251379
32.842482362851655 34.742594119631235
38.12755571718694 64.66520922436621
86.81987660201445 46.05300094101457
60.05370130089711 47.1170415228114
22.946587457690804 1.6657114142094365
41.08176255208138 23.84681488592335
90.81358961340472 61.12234422240226
26.1381341129171 47.40699342011621
94.2689895595004 71.142409700544
97.91233041313399 29.259021752833725
53.4219071085606 32.562971981724644
25.376343900708864 99.83869766564537
88.63396672521739 23.012808293262864
49.77969269240097 59.02681884283505
19.64865570755716 98.43943713182057
8.579082090761037 56.737570523049285
57.708905973634536 37.716106075595036
31.466784138357863 51.00742696869103
90.41588320284517 91.47812204751531
67.64950271727265 72.31606396716607
78.28610418730734 71.31147484543922
1.2507584168787833 92.34015023443108
0.9476199123716444 58.176285021133125
87.7080037527562 67.02869288299111
41.974192437158806 84.35389145870347
98.14423546884544 22.357509030121705
54.48929311147745 52.86952637582814
19.555592280863433 99.11633293487505
93.62484569294305 32.86192560617338
97.10589119982878 42.883682227987485
37.12330173967353 49.95939226044115
37.644063007550876 60.222867323758436
59.3744771355837 9.13939271366262
24.128399055247705 36.347427724366185
18.03164281669094 58.339996984432865
31.067861152737454 75.44142570334627
43.72907872909764 23.39456375050375
29.457058555446338 98.7409129884403
