790
1 3
86.51062787022244 30.87565152391698
41.953139619536884 47.16599227484315
83.74357999862767 68.30502960178224
6.124278254928295 54.77895445397956
24.33040681754559 50.737442982775896
4.590912357723509 23.45960203350288
41.628804573539455 84.54604101019069
60.627642706631036 70.15378083784721
67.43398016424118 22.01421071898839
24.804468947598977 52.57645201447054
62.753139212005514 22.187788737547145
63.84273087382446 94.0921667636103
46.390678095219265 34.9053036219009
32.1227104499066 4.071961405925673
23.776584237851715 40.05697924905021
20.70386372131803 31.473095314133626
21.983385736842177 7.603252624480317
87.03383737587164 92.36485249685016
8.184145717050729 92.54727330312727
26.909235630253935 97.95254981593622
51.8281130449143 65.96612428989653
29.686396334288624 29.489662060854727
20.824371212387582 34.92821372685106
99.33611317910913 28.278276386665446
26.509634831199435 66.91900857595621
88.161382314845 4.175132689590977
73.42767147336309 34.21710645344162
71.49280956131369 18.668902298918844
34.641273747160994 83.15699377015969
40.19670770041339 2.805099702049718
57.58920145453212 71.8174506362033
64.03673452335386 80.77482882628932
28.36046951390607 10.246992306992775
33.68348313008753 5.081742485648433
51.09847074007845 49.749166579473055
49.18865169478748 16.752762566410606
87.18167072158933 67.39085134198663
79.58088294768137 6.760694756754115
60.561132451075395 27.31944383774314
98.67906836807339 30.1339170769229
36.37031581666932 72.90648642891328
28.363822050620424 56.42930743051997
75.13499192612456 84.5637509464649
72.87674815222265 17.334404862272113
66.19596980345395 87.06706490637757
27.09251577622851 55.38880586966639
36.99671740798522 61.86279662733305
88.67879818683532 91.32667702951602
96.9260039802446 6.81378353129285
62.82675801664737 56.19511871413118
78.32172365467633 36.68652286147807
92.05925579793129 75.77378730799371
35.769387027105196 17.988577562396337
16.76285145239731 78.44525004765576
9.344427425466794 46.27760569354808
75.15998161419688 86.63878034211356
41.26883040109557 14.956244756675808
9.428950409008241 28.400392418487087
84.88239354694036 84.19710082474488
70.74069801518816 23.191448099308953
97.82278412208056 11.43755877777215
49.27594096099077 91.7452710106522
22.618589910322264 46.695855156773234
10.607901672489795 62.81468375907249
90.81113372804386 93.8458190623993
38.73272059890604 30.841828781693813
54.1244601160698 45.39285967462119
8.044029021510713 2.0036038810295365
13.64086671351139 21.86654672711128
66.68264708767873 88.51397692387121
7.080995664771739 46.56435927403295
81.58706517655088 62.980796666794014
65.18596625061663 54.09231066551619
97.65322438147754 85.16955407741216
89.50167458120826 53.819410299261335
40.83386641319524 66.41989269196984
88.2744283924395 10.152018140263097
1.2617089440064122 36.56574614821424
79.99194827880582 89.11930384235143
63.28460603111867 47.243752033214335
56.184422695796066 4.6923070111903
50.646224616071 45.67385029343134
38.57637271805405 28.518954383569106
53.37502634982205 23.742021990160023
62.765214402584824 39.058287312466675
96.08109487350764 65.9141812951942
68.98932288551849 29.228756766248985
33.302911451555815 18.250703030751026
23.965619394485984 0.406354630943806
9.48423342091691 36.62339309863221
82.76205018141647 64.83240472124692
66.94585004827971 43.866827371739234
40.86743509496669 41.94250663421097
25.41641071727867 59.04968049414083
17.742598138250585 74.48231521679753
88.90179529932168 76.58837121296038
64.9235563116991 16.654765714034703
14.555404257606707 21.565203327234038
95.95440568462332 73.2188998410828
93.46779755262276 28.73103683453151
36.35939137168154 90.59919599268007
82.795128611362 34.115804540739994
48.42951094375103 19.35598850420357
91.37482609334937 88.52670143268287
50.6007496190434 50.85887352834424
76.34943885337016 70.13096712126917
90.55356130982331 83.63171841420811
92.71317026426127 20.25901682994884
13.213041688071868 20.314263832065514
64.35502844047672 54.26560478963407
31.850186418142567 25.739884371013932
93.43585530207761 44.50377188341801
22.579317298694267 31.65221820270625
25.877551394833652 8.49500186182559
80.98703658378437 75.87358597076626
38.90902502151932 43.75372639449697
71.64562123608084 92.8945618808249
3.856476176965784 23.90613746280499
4.67528907438064 77.34405244817178
34.76692244368069 19.949239849059232
47.599705344228724 23.913030804695467
93.44740781686373 27.48192391146955
79.01908623136823 57.02350320937175
75.80529299770731 53.7102104088794
39.231184173512744 46.89807978556853
76.99507455467518 90.81669502421563
23.34924730818124 81.59354121475519
61.72288161950523 69.26459654084934
28.1641838246127 55.90325376460652
25.574362652450567 89.48136833725005
8.269488871810204 40.78265138459551
98.84374550924309 69.23595429318807
69.0875246104112 46.05332574305719
99.93180659955382 57.34032608058654
93.54236878715052 51.637438345383146
48.92046105329695 63.73611416566427
34.51312573135459 91.73403388594063
39.643785201301874 10.306967119898491
5.3495762761416765 42.30445782828633
85.0280595925143 38.88348764395963
89.9568100989314 19.845775289471757
40.03740951010366 83.61428268866513
15.456402784092838 59.67428090319444
14.52895213970995 48.79864520552808
84.0322265912306 88.46389669105395
17.33491547335124 40.64329704593419
51.53770775927655 57.21742593568126
82.39797526625227 65.08588519163459
66.97812720594698 6.199673792228877
95.80986862595411 61.02886980745923
86.20806754765538 49.01747607491578
4.092272496185356 55.829060576943526
78.81301103449341 59.777619248829936
8.13662260915815 87.8343954572331
8.419724833761322 64.79710779849066
31.986263845055785 63.047987499828075
17.248517047662194 33.01304316858242
76.827159705369 80.49302469365827
11.478508482769922 98.66852567625332
29.456207875518416 10.41101067757879
18.802173532543275 79.36773733260189
21.532804883181633 80.22526177679381
24.038881134245592 87.00545000137178
84.04097200981775 55.76230811525351
53.33051264365967 72.1140305446437
74.45984119335529 83.44173527317305
59.29900899878069 24.745959311772346
76.46631396187604 72.0267137791915
94.76884671578476 12.861260160797205
44.534207592951034 23.438046835039493
29.02372635270172 97.63967344633471
41.237957382654166 20.783567248493952
94.30539294826185 81.86383975310459
46.410348824386126 52.63752706750253
0.9633662423371936 91.43471272341144
0.24365030903792384 65.1079495261854
77.04103391768562 69.89779815420624
31.970181921216877 91.43150320001246
63.39539700113477 6.668916065463071
34.946575033623574 80.31780558486834
40.542225635760886 17.646193544431487
66.2718815351009 86.78306630663894
74.33304895895643 20.341903220616175
18.319242406471847 46.869089471413794
75.72731021310734 20.96858209783321
23.2498862499094 7.811310405691541
20.743574108597706 68.05733258534904
51.37676511054177 88.67154634442352
14.291001824750872 18.47978062594442
85.75702047549953 40.66357796915627
12.744934975912848 0.012028924407170294
17.66027487158435 88.457191867338
94.54112974613997 95.501129578474
71.41084469126517 30.771120984365297
79.31742030189982 83.73564346353324
26.616891141720565 56.12404679894914
74.72479129960372 2.446901678357394
97.63479003449629 88.21778923124968
44.463701919022384 73.68651286447275
13.097283197010068 53.83550169872669
55.23475738763817 66.60927061821566
49.00349430240174 83.48139731813637
0.34078880258168187 69.19125382653736
35.14585407467563 2.679649480368518
32.86289786960695 34.72840517543263
82.66625299194015 18.48287792780152
11.656288067231602 18.984049429311067
49.427530019988296 28.670595039383517
92.08216339618242 86.28735494255982
19.263708154984105 83.58450535616346
94.42706147293653 47.55900872707197
72.95290355788111 63.2490094983642
18.603034413578246 27.901623988510813
51.433174349956026 8.564185824726156
6.993950871643784 37.63516429620388
80.61891859796538 20.956766466036814
79.50998158102809 18.734591805155752
38.59490005994503 11.102835646926001
82.5491556705297 27.67770468183968
72.7205124523105 35.16742466895708
35.08936848992468 89.16246452728727
55.817574071865806 29.67697084133436
4.5508987160922 59.24551107933049
37.262025952756204 84.19023359492854
38.041995216646754 85.82844255115536
3.670851581171153 31.530399104281926
32.12162491462509 66.98688028058801
51.68755196738775 68.77238977411892
25.846033045620274 17.806136798844065
28.902924893345848 32.920339207854
50.732647173198295 16.96865257079012
0.6061273120136157 95.05041159295911
50.22728811214034 41.493276118083735
71.95899865078393 70.31365430059581
34.550611477809845 36.1033133030019
83.18590331710452 49.52101312152013
7.2476587329166176 35.909323399933626
89.97412978125972 20.73326623385656
6.998649849645511 96.42642594424925
6.524335174054863 19.863801877216858
0.34579719592382485 39.87520724538569
48.489544292928 67.33369082694738
27.879931532891366 0.48890704527455586
46.26922240010882 83.42314827616227
77.70489869774073 59.366778273683664
2.6669439497930547 10.381448926039894
84.63877203392175 94.84740209619858
74.75176122218241 89.75445457175095
82.04268622505981 59.46550404252691
35.96341082323862 54.932691954919456
19.74025080194497 40.16887025845415
17.43484087458085 45.9289920511305
39.159776220863016 38.063284100623896
5.8033508514323096 30.471315272324674
67.64734641741204 37.10485690341439
19.423171148566265 80.38540629141767
17.59111538401905 17.410595155798745
82.27303135198821 35.43861531183925
95.11307932744603 85.02648218904577
83.38176152147201 86.24905263752669
51.07370869657761 2.7054017930661756
72.62757851288248 70.2024321861408
35.032738287273915 90.39358491777305
30.944725484251002 82.30771004178415
9.070850337658731 28.402447045514577
91.41006817870989 83.65605484804335
15.13303121224865 77.75330415840847
21.91869620330589 6.387924855611282
64.4131769332643 13.889405127001142
44.41248090178534 54.3321749019565
21.484206541911767 48.35626699175857
10.512181515734742 34.2144267655818
78.60256765623264 4.906894532429318
37.7035937232388 27.846121625448728
98.12405505571033 70.73099847358115
28.819335145001588 29.902531841745493
82.03446877768228 88.10781470946898
15.192333467429098 75.5504572381283
80.19766151930565 42.788152482777434
27.53962960209375 99.96685727916883
94.04146904362266 13.913915235972718
92.59314850591795 2.416486341832047
14.7432693330531 33.72752927643994
88.6907504181531 1.90639378525439
33.46426555102489 14.066630745688125
92.74429990818611 98.83473221289421
96.11334295278644 61.48033637973014
7.213223982032102 88.34446860833647
49.623517313374 78.16020740983822
17.379837754594064 99.72755880184381
13.982530277759198 43.051723041478795
38.18304112501176 24.213199152359756
69.6605896079034 4.425239586137231
35.27502096644481 89.353007848461
19.691298544428946 22.523068065156316
47.872722557111366 81.08065297088558
42.56303475134384 76.16059806453552
43.10742610495435 55.40775287040083
48.15933921881208 39.78841786022438
42.817697913591516 87.89273291388106
1.321461713075145 37.881075675602396
34.82922403016464 61.66347050834757
35.56007047583867 68.091995068511
86.0682764517841 84.46058989214602
64.80080705841796 93.20917962867807
88.16207023737846 82.020199797631
35.62374943597919 76.7190001483202
42.85506057696777 70.31885173952502
38.60612627465765 65.97066520239949
40.62116095770847 22.426738227451292
97.0000728002658 47.16807520221957
69.44790631386795 61.31070286363125
49.13061892984791 65.19462417621718
33.980932130329045 91.4054681330818
58.31900258003753 73.71280350399607
11.896728135966539 14.253891141299091
68.46246353746088 30.679142294704388
58.344820585428245 18.832179684496243
81.19870777537382 95.39815097926478
61.17060502898486 15.603110216310178
24.701912720637644 1.506142528515575
55.82888111848179 80.70280333922213
34.289961112373234 6.609673050891862
60.893730070682814 43.11153012859954
70.7564393901738 65.58516509000694
24.15262413429393 42.898107808814956
38.68156809323837 35.49715412982843
13.300848361103657 11.57362830298383
76.19255366111597 70.88138846227687
0.4875070366813228 48.31436292808273
46.36332637053473 50.86493420174778
86.91003198143368 17.150999072056884
46.753207589679 36.7164536255604
24.303900923091692 31.55053261082552
55.77243392807956 72.36132166478941
36.14707760233933 44.9751877125663
49.82290474365314 7.631646614295029
78.73959880190814 67.96673271288427
6.823604378106984 21.78530057084329
36.626658160024775 11.856148338177274
49.785245274056344 7.727173870077397
53.45747695668399 25.058020871804487
62.78613176090975 83.28411299577829
44.1721644698162 61.74048552566087
33.93329940849805 99.05660633112092
72.13755238091825 29.44168111920604
8.784154616664463 78.59867349720093
41.86960640727706 36.97428353172716
11.65398838678029 7.118618461180204
3.716008443191976 84.26661575801428
32.50825898467822 2.8775387831718513
75.11299722896536 14.93182183057844
76.51977816691709 42.047954926053336
24.064856980451733 96.9774333797963
20.30327552961264 79.78939054226619
37.49478360388607 96.36693449896883
1.4276226470514297 84.65670025211436
79.43733903689218 58.58368553561695
94.8719714409421 82.51082353834866
43.744172597658995 95.5297023850201
37.45386702587954 52.99250338904016
17.744460751114353 71.38704886875902
96.21340734717498 8.74000534224042
56.72887922903844 39.007647353300534
28.358599937159255 68.92184303945663
34.174853823175866 79.30904840858808
54.906694106415664 79.53353135211599
4.112649988809802 92.4587709393714
74.17295821437087 77.14796920589878
19.908898696887967 5.927736028449293
87.84619499462856 23.36439139182318
84.72041988833492 88.15972141427886
68.48137092719979 74.33690744822192
29.77294898089873 53.10723781021491
57.08855015043306 95.80899683227469
51.15513775231049 0.17153721577538583
97.23609103284514 85.42860720338814
60.34535318649834 21.71401773273938
23.02605906543167 94.87353029321366
24.731353140630773 45.66222548356678
66.87628986435845 27.536882063540503
96.74701975806379 59.9218588337034
84.2155557250594 34.247171327671545
9.722097124198047 68.08814179180366
77.46425276754061 1.6104627453962905
60.26560396177987 53.17739111554456
62.82153645332298 49.34193987907911
49.59109345550641 0.9732052748045561
3.1453257714997296 21.623329786129354
31.66364654807441 24.64511961283
68.99709332540114 95.99376828299289
35.349162180728946 95.26172850935788
96.89501132519351 96.79770992634096
84.91783677483757 72.27573981804522
19.218520493938442 17.824253956819813
22.09783861028778 57.540862109245936
86.58069817541939 25.627950602870285
29.65555624023819 65.25021790021381
85.80252626063655 51.53662746370438
48.041797066344216 36.8238585204032
95.5454969603957 99.15555627911274
16.332807621596345 90.78161026517364
48.61458245974437 13.320486695643341
95.98849514037826 59.63023564137868
96.22003700809078 69.65555701182933
32.916281113945224 92.21677597067288
41.91466864304771 5.773961032010977
89.37449262373676 83.19863985029674
45.20964390726976 66.90087695837941
2.7404375203723186 55.55205851438376
65.63264916359033 54.57422905068579
66.1106635381483 6.492020131563625
45.68557593082498 31.664919552455608
73.19551496889743 50.071760447544044
30.146405128507325 97.03839763417452
61.388082584745554 5.733978361018632
0.04652043016877272 11.705087059135444
60.08368589461979 24.987586263544625
53.67356347758956 46.509852435270595
42.406889750145126 4.848005005980127
42.50591778439623 47.31057729586463
91.05816214973859 11.023081796764611
67.64257689270106 25.891264793526748
74.4815573582116 74.5668359251496
0.04259139939888357 50.87010050023439
20.235268596514523 11.454195415308032
99.2639227109971 1.3630230214052963
60.5285702909067 37.20518268272721
24.400553215903198 74.72979178527572
3.42960378857593 13.077537713619014
40.205793356877216 6.582022081663941
18.99495512885594 92.3919481918293
7.761615088563323 79.7242511244058
22.34663312708607 75.0162843939477
19.99581276229283 77.90233757376856
47.83605773258224 50.02747393924258
5.846192272067219 93.80895721308302
75.26191616707362 7.250932069352767
93.18961047795493 48.97263810442774
75.68823623940655 6.405237445303946
22.275517601699146 92.66556095602907
14.922418898238444 17.849121241313416
48.87663134948048 6.536359069001474
63.096732609347384 65.07662056293093
79.43246846846375 54.69307815140405
60.85025684618803 71.02531939693758
89.9109387299492 55.8681526565838
75.84348126983411 14.059668893178333
72.2795602384475 70.98357009034741
88.77347102101653 52.43877562645349
3.2560490045596246 51.6448933751988
66.89208416064037 68.27046750758608
42.91582088604953 34.71613171112651
46.10193896772985 45.064998075600535
84.12326960582013 66.81649154946578
56.95264609930537 67.32526632845067
10.045215371170691 31.672038500924728
78.9581716013235 41.03030427835501
47.7240108988449 65.28193825501347
76.28445079230642 98.95239676233494
2.2214410175579458 73.65672874272258
2.6739918805816165 62.29942563873632
34.98256150597816 70.85087591708836
96.18388223964864 78.03133492356442
26.673295007845475 40.46079755201624
78.84170357554343 36.422797851952595
10.028676852264118 66.80367214885617
25.30478636270983 44.85167908227994
28.616423700459425 46.59287904369182
19.5308548409034 96.60495754213795
87.75522360477956 16.664814106720293
31.3786721744272 4.195598900416786
65.27849462609556 13.574961058900081
10.23536275860577 33.85478746791464
64.42464989678867 39.26291803053359
2.8749818380248815 94.90413814634032
46.10742116868727 18.792446502528936
3.0953364163269548 25.77508181742607
9.639299152189329 17.132789519450785
47.01473065231436 63.710485739302754
55.334860324405774 61.427574528846016
28.64245066993014 4.259974355533225
2.254276978227643 17.260670889086516
14.572719252097311 2.6325745339565554
50.327029678415755 78.66797986979937
17.498512104758944 91.67067569732468
73.07127961266744 75.01630908256516
3.8038684047486004 28.442102593526506
43.302340978426116 63.992063449165194
16.32246163581663 40.843397889736345
93.97438369225142 5.260270580377946
3.969255348699363 53.76213735727471
22.61037117330713 42.57974931144606
30.640616786993657 45.04952564001676
62.44711743272602 16.43407769489795
86.40595040317136 85.52913815246752
45.86162490301086 43.07572128478243
77.54671889778824 15.276685306280013
9.811000647572389 38.678398883572825
77.17353635007282 95.2449344648645
37.08463060799012 85.45320646853996
37.70837496310033 88.13239792851404
11.855669144954106 58.04825386605859
4.4610509698048695 80.27054346546032
2.174615043564865 69.65224146694852
22.68822606210521 40.35931939232833
97.49282440933736 85.73299584311388
78.84558820785148 7.1704927641298655
5.1276368967506425 17.190946378637562
40.208851523626386 56.81990187844737
83.43555007686123 62.3396682987458
91.63335167147957 55.49311828313699
4.445830828040043 55.9583849380902
50.58441680556227 16.07264305648437
37.67431168840787 23.336692014459935
0.6074102072038956 72.81474074531063
57.495277353942576 32.88974140631771
6.925723930407801 33.202020182205885
42.31886921422385 65.56645750483057
20.025782417585724 88.56190613656065
9.298996071962652 33.40285012509043
61.7086204840984 83.38294868946659
96.72276021361887 61.708408701411386
66.18539406243747 57.67751635701679
15.745893377112896 35.317077752804195
87.46181841735721 25.210372040662875
4.774157885378494 88.20777158585955
7.894187525905694 97.64218679267942
5.6329872456485575 53.015113042193065
65.00913424969148 52.99284543068386
54.63825516775702 11.074835951575457
71.20954625733606 11.065744748135842
43.957768491543156 34.860445180783174
43.44361583723837 36.07886448959208
67.43607752288095 4.687076047209904
5.121644591307417 78.30195997594105
22.771085858031448 40.33183838987981
60.82690347720279 67.60134922045921
63.3379685303407 41.344768517681985
85.00401151762813 12.477974372005907
33.90965212833572 25.859690653608336
36.488517817259236 19.114607393599805
77.77569770695703 36.6386441603951
23.85907739567226 65.91377192530776
13.349816152271753 74.93191075363575
34.745743219910395 9.427140842201375
77.70176865444849 98.20026704879288
84.75381416151993 40.344652103846855
47.37027979523434 61.342502612254044
60.97270539399753 57.594035030289724
1.673933690296625 14.725540964667406
64.99639981369472 4.9363215022690365
3.705763572553722 20.206408412642674
20.71316645610668 96.67916848705804
77.13609497694907 91.38277119073186
80.88302091914699 63.71280342011269
94.15130905544342 6.530180590383283
7.856022130568885 48.13741783797438
5.365713824665974 8.658165556545816
38.31051788503059 84.16370648079929
25.850491875267643 81.79762730090803
38.34058403246958 95.36106211533794
30.831039245095006 95.3343519255638
18.823171815042492 9.176291326136067
70.3697213526086 22.876084961351808
31.08358245638565 35.1583660558382
45.32834637691483 40.037628535854864
7.449269962686311 23.132133653032906
58.77500560851101 37.77926462412955
36.834947260003936 94.00688050099168
31.59492997127029 98.55767053684936
87.60693547246954 73.03511028049046
33.594590254954724 54.20167424472346
91.39525511495641 34.764272926410996
20.501115233406143 35.03677620000127
57.71009383140782 79.76810323880059
65.65809608400326 39.08540380115768
71.90282971591905 39.379801330849105
49.74937615730086 39.87887076689349
55.7676156505667 3.328266111041933
63.544901233236175 97.51251882101917
55.2698459689142 0.8963376242731025
61.43814615885661 68.30546601069936
38.998495064997776 62.864694765896246
82.89001687935126 73.30308999068403
83.7721990771393 30.76045956751439
56.35430920768234 17.652053409765745
48.59546199154738 91.99706969524951
82.47505418521945 50.49658157211938
76.49404346949318 75.6110318256844
10.730707881034718 42.048267139213856
62.43727223113669 64.40830775606064
38.96436389940789 74.0295155375797
39.36431748245424 4.040325111195786
72.75149693893516 10.885962275335492
87.91324264106062 9.95462125767299
77.57719258637002 75.53289208531268
54.909920093740425 70.14609823077531
58.143370105762514 53.35198153228839
17.298509781536907 75.4989588508734
51.40675843895319 21.467818145681616
67.41974848965917 7.165823763543178
15.01821645110606 71.88484674568853
22.095376781406117 8.010929393160794
86.35701727181882 3.493253605146762
21.150592781129784 93.4058620354033
61.20745619713712 36.640511227839646
52.414495039824224 6.684277624190549
60.1712804139578 4.255137842830137
80.71220315271906 63.02705287753903
18.419109948667668 36.715108590171084
24.187875841949836 30.617703621425484
41.17896841384072 31.96107636551897
6.385536582305673 7.4180141422045764
63.68577892998726 11.186710375905395
13.710070395171382 42.84742193067872
43.42770829884577 22.3364188818862
37.31465919927355 67.30709574452835
83.70391314896138 12.480043093952808
70.41504218096613 90.67406844314989
6.1515688270171065 14.39010163960248
39.542064734996195 69.21191319401305
43.739298814802694 66.00249808237618
93.71002926551704 96.36509778900499
63.54860535823907 3.3877514631095007
97.91909234093465 48.06517307491127
60.20875682575362 68.52413084992959
8.746215299811833 50.426827788271034
50.68741935598122 63.02128570922789
45.946200583460595 83.48256247845944
48.22397991207894 46.02176582657578
40.10482641195772 20.664956221456254
84.7373141560556 57.46194801632456
30.182510516527937 4.736251144147574
3.5827289654508876 99.46126032131697
83.06795186894436 29.91834129826554
82.27632602431893 70.37335101252316
12.835323544486844 16.821236329763778
15.235902580035399 60.04796481285095
19.260486408827514 88.82682047202191
92.98201340979828 33.478155976943036
79.58312184443753 61.062088160866004
6.688154306849059 95.53707932268274
17.953954414129146 10.81135766572312
71.15863508385685 81.18518343244038
14.41903385961072 17.70187502918985
59.37351338103234 19.112592889212365
5.463150363790215 8.643675156046582
49.88836471866689 3.302230711106735
26.49977343070702 38.941624389369544
35.3210166792324 66.37788884957936
79.57236424813445 28.70220887913437
79.07550021169239 22.527509298208702
25.392825271742268 40.83832921909718
41.87928462398523 1.4009004043471052
11.789552471938403 85.349999774127
21.38649543282407 31.761695439356963
8.131797971429734 62.83498554186908
21.86960045241342 7.547642588435166
84.70017058833825 81.85171009877902
28.63790145644134 14.683130417527224
13.332528679176425 93.61193870949904
13.142533234831543 20.41892510532499
64.96226587205605 85.19812368161448
94.80182017824501 69.1198425084286
18.370698410340736 78.92601846361411
79.5582706510924 43.40791497307643
26.52012357507847 55.236986528985895
99.96370433503911 37.75285597840907
15.461969639023575 4.97787008704087
67.91693364437774 78.5685607257286
78.57408776444426 49.272344441087704
6.085160179664917 88.42906794887715
99.73746164857842 80.85923149388188
18.194334269294153 27.95564872850114
67.15976467019549 2.582562192417437
5.1075437982192495 47.75585335073327
33.90528203884868 51.19987414060261
56.7225583858608 56.68731150142177
46.99422842552803 97.38267404601726
91.12395320944108 79.16107939859833
5.7638281027504235 42.22829112994497
14.16084124219077 19.821618188385813
26.866423797736537 84.62591511659376
94.80804387739742 16.858142271596943
71.71365482496714 49.59260028669688
54.986443746722614 70.61137917370806
21.39754433962242 5.035963426492707
29.125250646850787 17.584729361503904
52.69762091553638 41.21225177510801
68.623874016539 94.26879682975071
22.949208984346512 89.32361750166298
28.407147502253395 49.13562551061925
72.20233272069719 49.803470305638896
42.04222432597642 53.165196526701685
24.067380956905815 20.70886424409735
38.37727112151175 73.49921907505028
94.1697336294602 80.11192485114573
46.814744821919675 30.775404816206308
19.76305655895294 41.86933347789139
75.80071453927634 46.09634358087995
42.53395140129652 11.661706653072667
24.284978815573055 74.21263436123739
37.04199297148239 63.01893994296699
12.166957533066402 94.23347212609991
71.28474292136127 79.11328011457654
24.290855375916376 34.198391183806145
40.85070435880862 10.121691561148127
5.708412799514395 63.57588063539505
98.45843829134766 15.622128845716121
36.268753638594475 30.141748709749592
23.38185178411132 28.544554230747753
37.33050223630943 45.700087971662654
95.09234751160352 57.933275451042434
24.801994752298672 6.24724720437646
14.879535465352522 8.627690616704854
50.89317966701754 19.53070377974786
9.41554497979682 95.31822176397404
87.88995713805652 99.8022039385528
76.0769885806714 65.41481955590022
80.83357032106579 82.18481870530638
10.243386829327772 1.7935384613537497
40.295573342088865 51.200244470683764
3.0093304446180413 11.623673761170883
47.12324881751384 38.91211044250411
69.5663790287113 66.63194980997153
77.57947993171301 16.952210633910948
40.74402550447282 11.451619886782737
39.09665405022882 14.037168019824753
62.26858139655336 2.0683098863670146
72.57981750974002 94.54200014714466
81.25393052285675 96.850479089442
15.769490602253299 30.59164390058271
67.7678527535236 25.977249944383864
90.58478637864977 35.84529192793895
27.7409154667984 85.32311335084854
71.60616394489294 39.30976793847061
18.53231585204309 80.4523242914997
18.582622757769496 44.25803947012981
52.62027153566318 98.3169075479895
0.4939734665691198 35.10184922989954
68.38479520554908 55.902304941450254
82.07852685467718 52.121694198697966
75.77016326449085 97.98364347837973
2.5963353550626733 18.315571709188248
18.108297118507053 57.385281014291365
48.37896801480617 84.0357636632206
20.535367042011423 31.313169605080283
61.742571877840604 8.08271547137791
39.26406797565216 10.059841593104002
22.558606967453244 29.61350401071885
23.867621298770114 25.939890523183195
28.050157958023767 21.724415714708446
90.18405416377506 15.989651476259814
15.825580567374953 49.941816723917356
27.26540650087643 95.16232969448515
6.151557716352896 48.31168608881357
6.404579049278425 20.439337873614626
70.18028077589304 61.086903971909656
25.021990555141226 48.482418785763045
50.1502194616094 85.02352250502692
85.76105832338799 5.226920456778306
45.74484368018108 25.40235229158636
41.83034092825984 35.225055462776076
13.630720952457231 0.37710027641528754
83.54328204260308 57.428378619797435
78.70669244597623 15.890533752059376
0.13000104788949418 91.44752117317638
47.734829541802085 62.65543600822539
28.58569033482299 90.82220502085778
49.0165753020215 64.99370572935254
89.96738425182387 56.50293171823717
41.50930519503615 64.82019442531939
19.48505246402421 80.68752774454724
26.96307129792941 66.16417386439515
93.42377265580015 75.25749197833511
71.59228751129254 16.607693876822594
58.20636447785774 13.704067514227724
76.34506968465318 64.27560730798467
10.412166323085415 63.5114380468939
2.8027269419447887 4.786519831372349
54.32327164557131 44.251102859175575
65.46594253402729 10.27924505654454
78.02972367763546 70.68425772586305
46.543571032781905 17.378033496517055
24.870078095554547 36.267151587454684
41.03069837249098 36.15469521770977
73.31458009499401 2.203792184011566
38.044085144472376 13.751322742922966
60.42032160711739 68.39881796433802
