290
1 3
84.54983291858854 84.31499798590045
89.08454322729665 31.387049897131657
71.13816543013627 60.42092692793013
29.934665099222514 93.02305162837922
84.53847519575086 62.393796556999035
93.6181199183402 92.84680700170227
69.6031614367725 94.55043626557256
64.30897532531354 40.79334567189501
85.82506514342982 95.25068674632793
5.839043458253945 57.13785359298731
42.88007475534486 56.35607402198109
95.8954485412312 72.57473391144724
15.903333670965146 16.40131813925676
89.49551460925986 67.0013280889713
21.78448895190195 83.34132295366838
15.198378304210692 65.84692356022333
20.297026695283748 18.518415038260283
14.470250971573705 92.37794176006653
49.14363236431838 44.67508031979284
73.08761400960763 34.40704415468214
91.79600979009055 8.311264333550007
1.3641121760958663 51.09738488488873
12.7041203288083 77.48098281714424
51.68068218665447 44.37385999968397
22.43307557121439 98.89081187729643
42.89166597694343 62.479196539763635
56.52307278167723 31.623805037396146
79.4724563603586 84.89742132902738
97.97469962422032 98.26217924651569
46.20666418456434 70.91491724801028
29.887204283814683 41.57685303853778
44.816714746000194 90.56629068281346
39.01211475334554 87.6938425503519
53.16385804200821 36.34858755313797
14.235857104801376 30.01875683274484
73.83361443387567 26.437716990283565
34.128687001949466 53.683755169320065
42.29933542836682 8.383722923169445
39.19723768300791 56.795023892183785
54.58384531119647 19.432631181853367
84.17350609066115 80.93387206177627
29.612324251061306 45.55250772182615
86.16962071036774 66.00655097509929
59.01428659111729 88.38794099791029
88.17055829677965 36.473557587556904
98.07524615726437 60.63700757515029
7.6984786706494335 35.46064152567552
13.316310047309088 36.733738179039136
17.80201207312835 50.87324806843363
34.56408205640405 49.67427423500279
72.249733988589 39.280426982119906
25.093806319740388 40.810698956085
7.272743707789586 45.71297577408515
15.783812795411055 86.64656154982569
85.5356181753268 14.72073156986573
67.0830184067061 51.47191991302411
31.948580259722824 44.44624937343655
63.688204332944245 32.06572174567284
63.465538241305566 28.788101208067406
86.45857646477306 61.85344917685598
59.77840455353742 78.09969779013906
50.30939176395761 91.10817582497322
17.044227150473958 10.961073654121467
21.011270649609703 12.420188724014558
22.15290154114029 9.867860236799132
10.113347064878875 59.68059489818265
16.7704943832933 80.92010974550175
16.4541288715943 78.17807120390302
12.253013145524982 55.912421693901784
89.95998296495962 65.41371465911281
30.20586044877902 30.803700150200243
3.6486070274701854 26.19965365753052
32.01968522138499 73.5689154432008
22.705965587167533 89.9400748965342
22.24322622669701 21.269558410858135
15.754808350777383 70.7850607899901
74.63335127283443 44.3397233529651
96.69292367525892 30.646541120884542
95.04251473496414 74.54393584579586
6.985714462321546 95.21233816266546
5.001617425170113 83.88271130348922
93.47945129399677 94.9908307281585
38.297583390119485 2.414144197354995
25.226242376891793 95.10735150944198
41.33906046182214 73.93836977531475
16.29417985742425 15.127977341116928
84.95208888021544 59.6150161924323
82.96991415473778 23.92234934583579
47.70347930711545 44.72809602262233
34.01404583007568 32.451193692256844
83.12291190471241 6.670727341039506
96.67849444994405 34.083012101632335
1.1394479077871278 75.47622517961454
88.44636658869254 93.2970499183466
73.804223015168 32.724183738847444
90.16649518925404 28.292163157297523
66.77624967242525 84.48725309866012
67.18374134713845 20.65034024468304
39.91598173163482 53.40639300566714
67.34284057919417 29.705650103871605
71.46523750290771 36.312399766515924
91.30390988378304 84.27054990214573
96.95959468134923 29.099340544437236
68.52179857282445 69.38466695185825
65.34617575121382 97.80384042223879
67.21544392948964 8.757178567987701
5.911756881745656 10.663243829274816
67.66886590972487 9.7625902631872
34.9884295919221 19.798107774819783
30.157727455731465 19.071801607463577
15.495542440236164 18.994961276601874
13.346299490413882 46.44723989822055
89.65934736963774 28.71028344347213
97.276492789609 90.93947893040631
49.23873931695386 29.172916043409145
84.04825820598954 22.423079266489722
44.54385866246713 97.64105554747877
96.78312175197215 61.58253391990816
71.05389665917608 32.14266136742352
87.1978888741473 20.337509691842627
82.35609417047381 63.947838622175055
28.99292578038444 3.388354055020315
59.39543784709844 8.121175683074245
37.567568992178614 72.93003816712262
85.21243026131313 67.74293917458316
21.154394726575877 78.98858337440569
4.004508795605255 8.024665008986865
95.26253827429953 36.772929509449085
68.28342649117518 81.25861467993234
54.69123305573535 2.551659831606079
16.23053701520565 84.90542357001642
69.33902486145362 56.24363577312626
39.99275679130354 42.48815085849078
26.541135842026197 71.36830299419485
95.02605782366125 4.379440159514414
99.54225350711665 89.4000985965266
57.43999332016656 0.6898861726233108
66.5881991413246 10.171863253179403
68.64214562706069 40.39739874496699
64.69210697117774 78.95184229585641
63.992333591849196 97.75568145622933
97.51061226750133 86.32019945585634
75.44073937437553 98.54148219293508
47.35240627212078 45.19183727326974
80.76945763139341 88.65023457792253
55.54429548552273 50.10391828664109
60.10108778245622 4.559234223543096
50.3506914617119 84.64963217864224
55.10411341147516 96.81462168695714
59.483796428250415 94.8209162944459
1.968483399466181 73.54036908122848
50.98172647011505 94.37313532185614
7.816420160359017 4.371476469433722
44.170159000331836 1.1594819906305842
8.099134906388628 93.84021049011524
37.3674174819173 82.41874839254086
9.909454656163774 92.44150749027892
90.52745226306278 1.769054602721587
4.91808303905461 79.1971720001884
55.3488284730915 41.933512388008374
77.89882403789561 27.428420040066026
7.337183569641836 56.67540988296314
13.003258647364934 50.970529706901615
86.4036116885345 46.73748690355548
12.306271424305649 4.45862287134271
48.538142479277056 78.60463211802586
48.02682003300198 93.63159444158961
43.22655299609717 66.49301439814612
95.89089797319197 79.8624117892002
70.72595711566649 64.22576027091782
25.109431512480505 27.05655249122558
7.022201685561891 58.335580153711405
26.689457150243577 42.367524480361055
89.86406615083436 44.70197099413613
41.44807896026066 63.23794227309361
26.63928278172447 21.66742267730608
53.97192039554859 7.240534502885176
36.01236647878281 75.1121660222149
42.41858119037152 23.343393311378733
80.9834052695575 37.497658744291826
8.628716868548846 73.55050659577331
50.48426125692902 52.29016758453851
30.2467908900794 27.119101096440335
43.3397351789061 17.210511962010333
5.203847929556504 70.58320063725654
23.096434028208755 19.531467455101414
14.25591696235462 56.94702112338397
42.92038492190615 69.4865147352694
81.29274178558812 30.97900240752447
85.42297574601699 33.364713041818185
6.201664489779168 91.06404375502007
17.798052743828553 88.9252826922668
45.59121741645418 59.895898131018676
40.86422965295009 91.02231472986131
25.421323135430395 71.89544066190838
23.78594353135306 53.3440165808931
45.2131987585783 19.768907339777144
69.0082770525904 31.81676904064843
9.386473656005911 6.4351842536823245
94.62331723687711 36.97823192426664
89.14331030121194 42.02079905137657
21.72397445882912 11.359996911945425
7.582008539462359 46.21286682048469
28.538485032307804 87.07449396034097
62.6686048125076 68.16738656164063
74.6288088903116 7.170401352639555
69.72990940339456 10.146691223338976
41.80814317763644 8.753335668157192
15.211705244574759 51.574649723853774
48.373540761157294 9.452988944596562
57.940599334712275 91.70245051554322
8.311522750873657 80.54900811678564
50.489387973847386 74.92357690575362
15.334469219194702 83.09482887963277
82.20126648064527 5.354627597391848
94.15728503359348 35.80148725162644
12.075334994609843 94.0383689231532
81.29438041007995 23.432728313701624
84.37345669512996 88.53469469581754
75.81289136387082 85.96638840729547
58.905220786738724 18.009441617845724
6.28294979105537 90.97888770728242
16.05739978851597 87.8165899429796
53.41846057807831 63.89021686521439
76.87773510943852 90.84449088076707
93.17309677951071 72.78368749858831
19.63228863797102 78.92984891957457
75.2260605239659 41.31285901048034
27.577170227972992 37.83414682342436
32.82682200033826 83.84443253322735
1.2811013544047567 60.008398552676454
89.87716979251876 78.34696462388852
75.9845690910393 80.8298641603668
64.92380585892926 68.81534352436883
67.89894608354392 54.08360541395061
49.23106664433925 70.22221546936453
43.35140912679098 38.43457141416635
62.55384316962393 15.183055523605704
27.723373009914496 30.351519004836124
30.00205482411351 68.91388400299552
64.05327699279684 22.260452959981514
33.46015709648205 50.75220833020953
80.90009369319158 2.1624591240072544
98.74404215008292 53.001678621557424
65.40372501493859 7.949964193925019
26.445889773271382 0.7125295878576576
96.66943909533978 75.42225292909066
97.12582831242607 38.15669421764321
92.81215338514149 19.507054616281437
17.054955423796848 6.070425235083343
21.57509154677102 82.96549320243165
1.8496387448256435 14.034612413242664
64.2964845405354 76.09530351264002
93.34931149759367 53.87940103195994
98.65700865670615 82.07174993530226
60.01168838797939 84.68028288356453
1.6900223366173028 94.10974496053923
26.620888319034265 44.97475136244966
55.927038136275954 47.65932155763109
92.04539179829277 49.50871448031966
69.10628460986766 60.91514459745109
89.72350521067615 10.654106887168947
11.228441322836712 27.58238983878465
56.63659539723467 24.77492813047071
17.224630757563265 25.51910425715116
42.4389422422726 73.65092166660989
12.163893983352047 4.924715562999538
45.14977857872036 3.402719033077206
78.32200104881946 93.51589406251017
67.5003265581305 44.754712038640655
93.43123171875885 53.2614038861962
68.25298138009907 2.2219827781758905
72.86097011660706 70.2533061261588
29.559956761099038 88.17959725363926
12.746142836676654 18.666239335833534
32.0727965821181 45.79228350242004
62.063863616688295 29.33294792421055
24.03290137493286 66.00896151611599
33.74608653169688 79.27036715556426
86.36949016886446 33.46745967595957
8.554612017619423 47.16453610258113
88.31646082446261 39.841947616818764
96.84858939745853 78.01665075715032
41.96509429998627 6.879138791388062
11.835717621876874 47.50298915086182
9.23849226858302 81.9909295926602
16.96747632977116 56.93865468256085
92.27299305716731 57.06220726063256
98.34992795941551 11.320153585355408
43.93146327982074 58.621094790127536
