720
1 3
16.921441494035538 32.844772589369065
99.9988492669137 18.121091014420145
35.99551188421422 37.14278912389346
75.68776014355203 76.15622170720545
6.276595828669951 54.96426936397904
49.554260983844856 89.12919499038563
88.53286796323168 18.20893678174398
25.921827323549152 8.722497492849545
85.19270891326029 67.29965823343629
44.17577304548457 62.728814820473566
30.12258441102398 82.55675407385765
21.955119769315324 93.62578454011042
23.807928197362614 86.9700765769143
40.87498222925456 46.90038290681229
66.09320992016396 25.662415631925217
33.80010488153291 71.34587127293179
63.36427555913424 27.052914676899054
73.32511801172652 30.76005103762489
86.7286984331539 25.50112682787635
42.30499335617539 17.799866162708078
46.56739006124126 56.88960040873832
7.522079685521121 67.49065655757578
90.85293150866374 60.83680179988937
32.7611393955421 21.809237560486984
66.90797991884756 54.79645095374715
72.24772455688664 46.62876435370844
81.53498479838561 95.43682880250537
42.29559212618603 29.96914351632911
86.88426415972049 89.58277889569293
15.124453666604666 85.93004641768051
20.891098234868878 7.152509356235703
63.666765626597986 94.76883809180259
30.43033157707107 79.94020923988634
86.69643562533058 10.47448079189639
80.6666881269012 16.638503024559025
86.41636324442024 44.17103394525574
72.30270457049053 12.162095246019188
47.33220376133664 38.39705997763754
1.7251572521824077 11.533422292285088
56.69118820227439 80.05281337841113
96.63690259912147 75.35936356253727
96.38464055607743 85.7200081178269
45.55443178711893 36.995866856657855
0.16985863263334622 49.582027195653325
34.9670470581783 4.933344624306657
12.382476354076699 1.9759354276339902
5.619061739642461 83.71183673890843
22.32222469572356 77.02177998746001
13.256086172327075 5.426762473583069
95.83066329168643 28.565449662715437
11.722434237866697 31.36424031289513
9.36509271285011 37.5275718878868
22.007437855620427 12.177409268839657
83.77793199945218 15.12272097386318
29.328884019881695 81.18740185828625
50.14742564062536 6.890746560078176
31.009262964119657 97.35532066513044
20.517552517957593 93.85825001246617
76.45837259786548 13.74818793550272
33.63455096238801 8.182097231291108
50.95786945809746 4.333922774146903
6.969335718514524 10.32948488832206
71.0141317682607 30.552134716949197
25.39764892031262 48.50678729121975
9.67741904642958 86.09684614733428
71.9589856561938 13.839885322415402
51.10809952412052 96.4265847896576
75.61601983792607 62.04805727766687
40.284943938399095 87.98878852485166
77.80047115952198 33.36858877471114
95.91415539408432 77.54635542624484
49.7009893198116 73.70813603827003
47.381797209593365 42.96380386337984
93.37355909649405 37.06166074264947
76.37609949492882 2.2646057251927143
35.90260185522433 78.4467213810142
57.405960361033316 10.196511884145965
77.7375113525884 30.694671614585765
69.43417378819623 21.230061101536137
91.60285245161373 57.863484391352294
5.054263142388482 56.26304977029146
27.999140680483016 7.222638095336786
10.818197048340593 25.958486286271288
38.8293986835945 14.408227579453413
23.389517447196482 38.9988193151241
12.20623603637816 99.65924258283378
40.88967635525758 27.5528429659579
79.71020979653669 55.23772153700462
72.11996478879506 30.0567920747844
76.07340627059554 11.785140345079782
72.03120018507705 14.547701964424387
99.21539110166377 0.23808564461951232
10.409443725584588 62.2662933518809
85.62887674441937 59.21796999116265
88.24653914573184 78.53274786927902
77.67804163741732 54.216595297636786
5.846555781886287 8.466033118795746
43.42513992015596 68.82843064048407
85.60052154082949 89.38270410381091
8.00662151775644 43.30934054314084
81.69298199509467 16.134023873529312
52.11010112940819 28.478971711948198
88.54595380747602 34.082855719851594
84.60903481656845 40.86539877929207
8.732705291610966 45.709415400510544
86.1497792495441 54.9957027432479
64.1853494522636 83.24184605178715
75.23031074994135 83.63930941270112
87.18531378491916 96.7942120013306
78.06865823491607 57.83581834652094
42.878932356653564 68.36984844333074
26.670372319380697 8.397668006569958
1.4199575345139603 56.20909860209149
47.16174491184822 16.888163284967163
20.25872982658288 9.270605520552412
37.269947816291406 46.53829472507249
72.49378787145133 72.00851828173928
36.419949029537314 63.10839929650369
66.81654554056493 92.04922797303179
76.72743531079067 66.97443718529989
83.93460200688641 76.98826142184652
1.348996241304845 41.858160563791614
81.17746761996716 70.81966233904056
61.89761526713067 69.86901467640114
48.69665512485133 41.014185348389255
56.69974931696156 8.723163564523762
25.944273532277773 96.90611491880297
72.9072191193192 88.20617776023695
8.743146840027304 8.963129969683315
1.7234857796990743 70.93299785823694
77.01281750548503 90.52725324862297
33.35752651728079 10.523926254714855
79.0928977791379 94.18874486427391
82.15359779401419 47.69554473155932
23.656893285218207 22.493402928930717
95.75185351011099 24.27186949989273
77.5869734244404 40.71270938808282
51.53027219886044 91.32653745179131
52.589811087697804 6.598808252291111
81.6721809240419 15.700547370019935
61.102297619302746 53.46187427318014
99.82556872493534 17.618130323647698
96.86096903824797 71.15869180050389
24.25813530326517 70.63060681839772
2.7529430607818206 31.967815584788518
15.657033678238342 37.14749778641302
23.067057672575373 73.56827003157437
71.8462643403424 18.81060187345909
37.25362641889096 45.79440566974093
98.08490767586468 48.8980882628093
9.510307194147916 44.72603640275166
11.50122567973293 3.305196827018686
87.8051174128112 6.204624266460379
6.6965650873721305 80.20134807419888
30.219279461395153 85.4964703096216
23.154552961235208 11.569937171954091
39.27416060511359 73.1813656460319
79.59899604487251 3.1579661740735565
59.528619249256096 40.99631880526984
19.86091948263904 56.79611874258319
85.36076148991008 47.18679206156659
55.51365450989827 22.046764275255136
6.990438291814582 26.90847901006983
26.56982313808436 87.03889888824396
96.96448247898692 97.98892824416627
53.47897581983916 3.086533584955675
96.69806145444859 65.88502604954138
99.05008737202957 20.414489106063716
73.83086642289611 3.5510125614928834
78.34170874765 31.441063419518223
39.64764725864247 26.48509896924416
19.910083488780963 61.07141862725762
98.69282587077926 40.58112486204273
1.9064623532480285 42.96357532913768
30.35632520593534 26.752510925013517
94.07426080227145 10.332754791189092
27.07144248280835 86.48890121282211
29.28526989792313 68.64432558910008
72.1807150378784 41.522461873085305
99.43257432976075 20.621266661057525
98.62385887382325 57.920524102794005
98.6718816212473 85.86844052880322
76.44222309251312 70.4134372148555
83.92043502397593 17.587486198794934
14.595945673584222 52.73123877817125
30.094588197395787 15.943802012662056
35.63489928965764 25.114683803086145
87.83867381327022 8.15636881811377
17.685148816647555 6.709861752291424
98.34572208969941 19.885694732463065
65.9596476636604 50.249451839778914
3.8736625789215218 52.443540693974654
93.78524261548462 73.93441528085975
69.06115754983024 75.90137647746802
29.66266251810261 84.91023396602257
28.715193952760366 90.90295243114814
65.36457226671975 69.70744642992719
17.985992540492223 66.13286487192185
47.434473888131265 15.656506435912586
69.20728955678912 24.00664366019729
31.75131486669651 1.7788163382979505
46.81582585638127 10.42294861482016
43.98659369125741 10.409720541080048
2.014191676787891 87.6350726757442
70.66824432099219 59.8978882756162
73.16032624670655 54.19828419340025
98.79002980103135 99.29630398003265
4.81481477289174 53.95073395278855
74.0001781720498 6.788697661457577
69.3954947503896 61.79085615307434
85.94497974402857 63.802534296216805
99.04263239115365 47.35996755855156
93.34822829088263 49.26602363622805
43.51949507555231 35.83112041287955
30.10840522416858 49.12181817894137
10.851323464342899 89.91024024473582
86.64852295574256 25.849264627438483
36.011168561299776 22.180524683008727
99.35691619073097 62.24398630806638
3.213222055637144 13.227403701101759
32.241382882343174 14.897169840820501
65.41867430302632 73.06539207035986
40.034777805103474 42.300226634313006
49.037293350048515 89.1597345660176
60.26664188426396 23.2508853085559
37.86075265311857 28.737850108630482
99.31278655714142 5.90453154913142
3.221879212330636 77.58922748587926
6.808550072748298 61.85414596068881
18.14383088038167 34.251472735034305
60.964788026808094 18.91600173522501
94.3786527638689 28.472910558398866
85.68919582857042 37.963740128106636
6.56985274833386 1.4538579432340937
82.2369493138432 11.523840485686133
9.087140542763382 30.362925422678664
29.3585463474777 61.06938165602773
51.2950007244597 93.5728356151922
12.138302072665908 94.92753796815417
26.540533982539174 24.416476031151713
34.849152035579365 9.628021770078266
20.095030229346378 72.76804391739469
57.87976028584605 40.210843287570164
60.8822956581923 32.290326278007164
39.701515276515885 59.98671856995137
6.241524224974948 78.82040424765395
15.00801489688146 6.5884852929780635
79.46709015468969 87.55539316558769
27.40523523071907 7.188032143423273
65.87710261503395 61.74265897488021
82.0439764078524 69.52930045351464
72.02246127238242 84.47306902142012
14.082887213049599 82.11577045271045
38.36547860933444 54.23067588997525
5.851745097079908 27.845119239094586
45.7618632182587 35.97765714358596
97.30586619849232 63.9042162710443
62.19091357976119 67.69369871632233
91.08886705570012 71.23591003128851
93.1301059546328 23.10464118231208
14.07418987909297 23.298791756335845
3.5677734368203318 52.75592920889003
20.363186940403068 1.7995855251929038
53.290169206889225 12.337326271672744
98.47397980311263 27.13798081617531
59.148072817470855 52.75241334291066
32.064767087851756 38.05543925531616
86.16301652244903 7.145730938834016
87.5892786806521 4.705260441024217
97.32369341416441 9.220020182859944
95.14777161103407 31.8464998915021
42.83421277206525 2.796303367883457
99.06075804782924 36.132227876747834
35.433356254562476 44.438388034138576
53.5209488229257 78.61548316234736
68.62531764919189 28.648893152565336
63.91749017443298 98.0124241098443
41.08052036021523 36.679465353948835
30.301168724633353 71.94064501065634
26.15453787538211 95.84339445640508
57.152606241319084 39.00589487859669
99.68625435772125 44.98912086125695
98.72935270560856 72.31757544106851
89.94399324697801 7.01800737795355
42.74886811858556 41.835633529829884
44.96318160676098 80.9986103385025
99.4485912013396 86.67497222319007
10.890198361171667 17.462347512152387
24.28641533154712 4.1548357494490595
19.545637404884133 57.570467247431026
67.52405891720434 90.44462294547073
11.20203468594938 59.315150892961064
62.244023136775105 63.18346535721871
36.5221130964563 62.59571384125084
39.62443208558604 89.49863595814953
13.3762995772015 6.657296626618625
72.2042713638902 44.0074518024494
41.885884045593926 73.51631762676645
4.027108699319393 66.58149213564259
81.93817782849973 92.0589059127425
81.90448354357054 70.38725927141147
59.940230366155504 52.64371906898071
78.19105424047261 20.501883789861996
23.976685652956654 29.055254007479903
22.726124407471282 90.90384442619992
62.63371567722895 79.73545120752644
38.924754163717054 19.39022749535948
88.38988314481465 22.629142486785845
96.37892295842414 21.891095727066755
94.71390432074807 0.691586226002161
3.805692898891744 26.025251288646277
23.13170033197476 39.579616136100526
27.965469819363896 11.95553598419914
28.976992221915655 40.0960396005253
91.72085373419611 57.57528699820615
22.55280911805697 14.790795848604876
22.574598451853724 19.67428971040679
65.84748654312949 9.620179802025985
72.48099463391443 88.09625001824519
62.692659468223376 79.10143230631886
82.0633415204625 18.36552863118619
18.947235814992002 72.12925647888484
68.43896674055881 78.47820628154113
62.83220411710771 3.02836839811913
43.8955296171976 75.75908244431535
53.58958215111094 91.21543855594125
51.73378395822703 6.566621724804378
16.377043286426662 46.70158579865469
95.3655349494828 85.25983207279917
32.94875994189983 1.8751683771043082
91.58344264475701 46.42927279116176
91.4291002420207 99.28181658287458
32.32037334240623 15.107980774048047
15.379765764938957 8.02506470286084
53.1610377055703 8.38583500155885
49.630400112116526 15.616467190436524
53.62702066901126 64.42818020488836
85.43293852584183 65.15278815053836
73.6672938230337 49.4461656065877
35.510558918956626 61.82189308320329
39.45025104746356 4.580592044998877
23.19534827121277 5.181822158117599
17.76127266576819 5.211238658553241
70.35343131300367 1.2863576633108664
6.920799514536435 60.077838612627524
61.62022269532954 52.72199290892148
1.7036237471571347 95.01043366660595
88.42918984171068 71.45609220207052
76.95292086741954 21.64291031463317
74.14045288179261 12.7574489368103
85.80460355868532 24.917366547543796
4.687898720442574 95.61769377910454
61.214997831625425 49.82422675046176
75.46895459852314 4.736418069382364
24.474490100135448 69.64739518255098
9.257688678477006 12.959470937059049
37.79304821997857 5.900085971854074
99.19494148371184 11.598048566656182
37.45724808775543 62.53007533120998
49.174874183074536 91.56962751127038
31.1696623390209 0.2779438924614075
87.42780453911811 93.26784060051226
19.65790747206013 40.83860074670114
74.57299427188661 74.55522118128883
95.02224037739555 56.60687960774153
6.27721312103966 32.02692948785688
53.61970470495863 64.03396723291156
37.83820473588142 23.057065882451376
40.92189783306486 64.02789895684084
5.1002067783106675 33.64099804424529
61.197973814407035 0.12859348920284397
3.2465890781551154 26.53850385968026
5.454081961142765 75.607112645244
55.6585573558632 6.023731728996573
48.02768401037796 77.01970048120899
62.391549596859086 47.8883814480435
39.68623663528938 64.16089735589105
60.448183324376934 85.74794702115858
0.45470232893485285 83.32468997259552
97.89493534278022 36.22546233365429
3.094508755804748 50.908632009191045
72.28862219699236 76.47952151533366
3.3488212769482217 19.22408226111081
29.03760926530323 17.47119986901624
33.31101159368561 89.24382997237048
64.94561524450448 92.77050526613738
43.745857213150984 49.340915024488055
93.30546226722534 99.1364545341804
98.04495302396504 79.64748493020515
34.18672585245872 67.40774223865587
87.59435313502333 6.522294664544348
49.899639142781524 84.73232226883347
8.892885632938308 27.03970062181127
50.619841937978926 18.336752588792258
22.25974824514001 85.80564024837807
70.97973822780028 26.06167440634939
14.581986114189661 68.13808788573684
45.02135845983606 1.3188736506404952
84.57994007659752 97.88472351072718
21.82911989092686 73.40805769215773
22.670359110228368 51.77346181930578
79.33045677402635 50.27833440783267
32.124378365664555 10.736257910355151
99.76924852729272 2.6722714315105867
87.1097714012808 27.906151928336122
32.351360028363274 24.653324233432716
39.46776187674976 80.08588836936508
10.76356993890315 1.1907208553762594
5.287602086061849 4.185705327786993
53.292909709766235 12.686184524421208
36.180480830361205 31.188575190061286
32.25127164254027 87.786166848248
12.561133021474413 42.708144559314086
64.21855601122925 40.29818919394956
8.667261955730732 38.249136353393624
75.55755074580601 12.052859907704526
91.77129526394813 78.78395040450992
48.82920437407678 71.19060355026907
93.74501805096685 56.96747747330575
26.713042320081648 25.441264077564195
59.37546560805127 55.73910463645788
30.48739873980719 90.50413505721717
45.866209700506545 66.74513945710518
33.57894283325522 67.51881780122973
36.36326365656941 70.93764039152977
97.28451114597516 16.88844176627682
11.032163214475332 46.44205333525384
43.92306161381265 60.28983828935883
72.90925220699359 0.7417974719962972
53.44116725254124 28.725996121622455
74.7358879784064 74.58349416450464
15.568172728166108 31.081136333692207
60.061807689150484 50.288220528675986
56.86082248466644 69.16100637306567
48.728192551497315 76.20034911166478
57.30655027101943 23.473715164540486
20.300167171056295 16.135580233002077
18.573319343365014 40.53546332205236
74.46657958222565 23.33413772635362
18.698423615454995 3.887947584720708
76.56964822178729 95.4445099528302
60.747289516127914 60.40339306940234
73.64502471232741 67.43750098257364
96.16357880751103 42.0583004488724
58.77045755382475 38.349364195954024
14.181799209544366 61.55117212669738
86.54635868646335 2.959999401580249
0.888276981562508 28.89039155620803
7.214560870681308 53.80030314785811
66.28648068088961 16.24461237753909
65.88868011936155 31.75799261072767
21.567067749203872 33.74810249369804
98.97041336688734 9.424517231947593
67.60869051858558 70.60733810327176
16.3926344878891 94.64404485210434
37.72685306061763 46.3820028893472
87.58147979391633 75.22535365414012
90.50599597897846 89.09951653670085
23.81054356747059 9.71059554540461
16.12333695149397 11.358328221388515
44.22025405126353 85.64114448935705
20.612425595180504 87.51870389069522
71.71974613317865 38.03079152565607
41.15371260280478 13.077920420316058
3.8647112773179115 68.03084057022157
0.6404184277110536 46.0266940399094
70.4903096259962 36.86884917334963
37.11985621553187 47.53165326137161
67.32641829677324 93.07377243799004
35.607459775898676 93.33306752746446
61.65415657572997 92.06883096475916
44.23204752203187 17.23887567932001
94.98787405876482 14.037109054339636
57.28398302381552 29.000849313391885
2.3065507018391607 22.338915759479903
19.519914083608914 56.21502574700459
22.06183938036359 73.32302417871142
4.536079588667685 40.4008809733966
79.96248987493087 26.800699841187914
75.82126102659608 20.194196711247734
14.913457651579854 50.73771953068107
39.59370114528953 82.2961963664379
50.63062010114563 38.60433376332533
37.84370444536509 8.827982428291858
4.896177982609395 91.46791873942372
47.37315443532424 47.35724220819895
88.39097037287314 96.60309310363944
79.99554361578535 83.22484352922058
73.25837079946018 16.426032980372863
64.16781407206493 47.399210504295496
5.982462528734267 42.095214796945314
19.467917749446073 40.415513022871075
60.35794828582297 32.5508666662248
11.99457654483691 65.63567045175805
21.768423402134317 11.003312680362143
21.725413764191348 8.325289696305727
40.13080745642612 83.12238744238188
92.05400303248832 58.20480942488584
60.57744009831163 13.382063017549983
57.695001678657135 72.49593461514552
40.93790205517016 52.42925237688097
65.07365718968097 29.37955485229855
36.742055160384645 12.721826337920717
33.64013699997028 8.4600832853579
99.26564035737304 61.095776089438836
35.21594588333765 79.3454867265871
62.04380853287279 99.33919283668801
42.907896766195684 24.830011356078252
64.62584128768958 94.23425514139443
91.30814777071612 38.266370574963425
32.33899214818863 68.81581859402364
15.522161777969501 6.095835045907383
45.977029991307795 34.10166526433751
79.8342256753217 18.60645693258316
14.986338424504364 54.87545788362771
3.774458020724758 28.02964901097549
50.97272266846229 76.23888942928834
70.14037312589834 15.934587192947024
19.395405830169388 82.71336982010111
94.69847700797582 16.18836057186106
28.58793667300954 88.91487847656985
31.38150117735419 20.209229380979153
95.62349662927147 31.660099062771252
78.10568947547961 86.70739691171079
80.16234906760612 2.250299563727065
38.22143350795353 79.89476733153771
91.71148877428479 18.678822761632507
35.410412629143615 34.52824208169838
73.6408856564275 44.041971968975325
73.21916271959724 94.88015327543732
21.42889999748856 24.537485061005903
11.63327933270164 53.46389071856053
33.70931838596278 27.81368706470726
27.319042058165643 44.78390449823131
70.77642962713193 85.08349445838985
93.75270633963018 1.8551769788706762
92.30381511347021 8.3099310701507
23.911625892920373 32.90122476397139
53.652009885221915 14.800901057428595
87.98906785721603 2.665299693480172
16.026248594964176 76.64017444634707
6.505510872268605 82.39460981695403
16.960582372057644 44.22118538456201
66.65375585060909 90.4185228377146
10.824665715901261 98.24308477243461
16.05559021409979 67.6860141123326
11.567436225774497 6.6761918794037145
22.91679561526454 48.59847495968255
31.96082807424738 17.42527978867072
72.97138668807813 89.46502913621165
56.02747963629726 13.85618270801019
21.56568675024475 12.134759994531375
2.7105278385915366 28.032342261096677
47.83205481911841 39.32313940900425
28.029784886665965 0.6486045083722303
86.27636777766452 74.85105268215777
69.96570395094285 70.15819688737
52.130610023870226 64.92067821869931
5.566790657572107 94.21584397304039
55.452893816288686 40.45278652925401
88.22883296227624 92.15994130264045
69.75476473734507 51.81511573394777
9.255890101447829 39.301362610613545
34.91515957293987 68.33017175791171
68.00178812199142 85.61087152760621
94.92907977493958 31.63545004194155
71.082896300025 67.2891647851456
64.62091682112354 45.59257467997926
27.708715686575513 63.957441447423015
76.63040100455407 18.0772100487512
58.03871579953839 54.46211425155671
96.87582848942327 16.411305040871895
31.554869825040853 62.369849241239514
60.686845034277326 95.07798076853959
13.975042893419598 22.2973505455164
15.58095378762967 72.15242139476881
59.49506245296412 57.17365689508449
24.42657147134437 97.77567889935044
20.69792458341315 62.94926939990613
65.65451229116661 95.91438783343864
68.06148022550462 7.052365025909113
40.75338853272281 89.9537517167634
45.00116191272496 19.54121704175682
49.47250979113882 59.920199609480896
80.49939955479452 17.875065938675693
11.327924518764409 29.98925967330759
28.034899633549436 38.96458138983725
67.15621851151722 28.764221550670776
23.974300122036986 28.276466358257068
63.01442522120742 67.40656199512539
19.880961177578584 33.330850323251404
71.51718161940408 24.242757971531947
61.343798293680706 28.552551013242677
90.92195222072739 72.9607330275043
48.23921465337542 80.41288734701301
30.144248960920073 92.11891364214553
77.27003600182591 52.02191516500332
31.968683773323047 98.1279064971805
20.329396368337616 39.853582281565195
18.853122407507893 21.97982984614235
91.41726279694018 82.22359916458556
95.56595704198236 18.53167028364615
31.280752889913188 52.940525091458255
66.77835025520903 62.89009427251544
12.688576041087707 38.12488783358794
7.125537841706309 42.938013181358144
2.2018922840477018 23.350616113132673
47.54446289515042 81.90580536909147
62.90167202261403 31.66829581912769
94.47492924532943 14.563143188791283
12.26995448653756 43.41433569854198
30.91883827769404 83.63235116779646
66.98712025521638 58.62553225583671
1.6306803880123732 2.237499050199876
3.273287108713574 90.58337172537394
43.25924152975045 78.28530924765704
51.469830859936394 8.097964329924512
30.65575654721293 71.18653485253681
80.84591678944683 3.0413619314220375
82.46819133267698 69.90847695310877
60.26046466747095 4.591636093283702
78.36903668078902 24.97578737153603
22.58010732987785 57.12582344843729
85.7538768884049 39.57179371139843
16.838349960171083 22.682829365603176
78.9750045605557 16.224936312791293
35.36442373034552 46.75860259872036
48.84386332989583 1.6955733927859873
41.815229959929745 19.62427884829756
88.07415572145234 38.632623851742906
59.78874910348413 50.81124857230659
46.81996165782063 82.08680764078306
3.883301517021187 26.849001222151593
64.99865786707653 84.81251674367385
72.98401310191352 28.664374959286533
8.02516950885881 66.0904792527955
74.32870972861933 9.763290725149144
80.2496661250498 86.8624146664893
19.876104010276396 76.06957685711231
25.115517101964645 61.635130562061846
43.264062935488255 80.85471996610598
11.760166927081839 5.323704259684492
64.82455827479872 14.579317550194348
2.131676903515367 62.504969074266434
3.996685387967691 63.97021323718912
76.25885388700367 80.27023345888918
82.01245849004515 23.421132927557498
85.51611542905113 80.18924722362296
65.0185340720183 0.33810306235799725
80.11176065607737 1.0598185104115698
0.8471915846361755 21.73148072969553
85.77226351069712 84.18158191703724
12.393770723825837 6.257514562503563
89.45464162761655 54.31639088105635
20.831358203377913 87.1916124413826
50.42616159701676 68.59656486716324
97.61661106177151 71.63219248931274
0.17409845731439777 67.31192134025838
3.7485303427889027 97.39061416312165
66.0690400511386 67.00973382224898
7.607728344664388 27.90905467213811
53.72308382601618 50.4729797199259
21.934749360144256 15.474300107581085
14.932088751605633 69.49288033452594
54.48561314056584 28.08819597723535
53.821567060690725 18.92131143073399
57.91463172170912 57.497675708238674
52.023503172321185 15.390340021667082
3.925802917513521 93.43156046221148
24.075760973228455 71.82691732171627
90.19492756250295 69.62114560216644
50.12544194279134 52.618978613028574
10.129182693926687 45.584148986295126
33.65336800572054 58.604419434958
50.451855895684375 47.20895233247764
8.980084813705647 78.46286610622644
94.81113279542122 95.3463810993398
71.56893258900683 19.17482398763393
32.3534283620873 22.091742018671965
68.81428621610652 0.4710440821706019
26.678482784161673 9.325535449763333
82.14387219952206 12.070967795629883
71.50577115095315 64.16096122776142
82.78944688130419 53.38473428731692
40.379696266772804 45.54091437910066
28.659036395426128 91.06885254102524
44.82841611868624 10.905352923804479
70.8383097434967 70.19505035706099
80.59740139945373 26.290058263836368
34.08935416734897 9.080543307961397
23.647256415993212 23.337650802305674
83.87693254154223 64.52930799456284
75.26873391569946 93.42639639327975
48.06271516653964 71.24953185108174
60.5969977786069 22.87470285875446
70.48504598594376 96.04926665628508
30.298976230729767 11.617959965798086
75.8172298319157 49.67289123923029
37.883614822125054 60.428270478465684
62.230635079301976 22.14011095849653
55.81634432511162 50.80875455159604
12.920270105539045 28.846330587242754
5.645267235723295 48.667469121911886
56.188471033423745 16.052592509201745
3.74036788423624 90.34203510035998
53.66990567516201 53.68486109108892
37.013651741210694 45.279474767674714
55.10056826171781 16.130702797204698
73.8342032050627 64.97850478804648
7.706313406223786 22.107568814479794
44.41071819694811 76.57814029189038
28.660066521989826 95.0103624578519
49.62438389642803 8.287245280972355
91.82398500277047 82.12596809948998
60.81592905389799 93.23580800115103
3.5590230473271145 4.820716944655223
63.28132843077692 87.55616177210752
20.699154397155617 13.406674929067751
10.840678661499027 96.72222588080872
50.30392217117359 97.79800107978602
