790
1 3
78.27062941698688 91.3410623198219
76.2733204925708 38.422793423291424
57.668962765177746 34.822911447339266
38.1311253054484 58.938630213902464
50.61509536911828 97.09953165251157
8.035688723294431 39.78664906982339
34.64290657562474 2.078030205435999
39.32934263488643 71.70131849510864
11.079267415230243 91.49131187286308
3.5150217745345547 57.75328236205664
38.361839595500435 15.941597293747511
48.57191195820456 63.69671527572789
5.195391785809145 41.08428743611241
67.69894464470315 19.48070692697201
29.099711707939612 23.68371029849723
50.92073390862306 50.82372589784063
89.71550030476068 31.359340236709055
87.80089355730259 77.59869799674036
38.2209991222054 61.25263428961807
42.26240811968207 83.37664493686154
16.189788856436806 31.56668268905356
79.67755918126656 44.344342473872445
50.51876739498902 51.77340012500975
55.98696503845031 94.33392670207459
32.79832646148151 26.683025468603304
20.670180578384123 92.08204617978014
12.972968272711483 22.664957299271716
31.044393561427075 53.457839181195375
76.16599271306981 6.205798685138264
53.141539173115035 53.732039704672104
89.87101158449097 25.71952692499684
97.79240126551034 38.985917259376414
33.15288200656028 71.69994124929822
34.25855492530392 9.956982559515026
43.93421427552964 48.12961314961966
7.508071457651466 48.26777628692831
13.865472446333339 92.90766351185499
44.73408310677496 90.01069294313899
73.52097142994822 92.39682063226459
37.219078039827046 77.40603311360763
63.58892581633848 59.38135492705807
83.94398154519831 69.62926807702449
18.20583462592611 9.461979821629264
64.21156555686176 97.26620809894555
35.4584959133156 19.263652851099877
32.166136956039715 44.00645694434222
98.76853660722166 49.46706030093346
46.56028465795501 23.81298956786251
37.25684411656762 22.59528764527523
62.97514432019735 29.95185657399828
77.60843359443341 18.054962584709422
81.71213278828675 64.48149985963045
76.65792062205976 63.054868002241804
40.67978844242368 71.79798950849052
43.53259892991983 41.27790271744056
41.05490814173154 52.35204637589717
94.52494838515717 40.81690009271042
52.639762993591965 65.1951454612524
56.49095728699325 22.27437716325149
52.7897933484615 74.63058999587568
42.34066313182889 42.39442641619877
51.3141557374073 23.55605857475096
62.75202185822424 0.25257318533880024
5.281455812702784 17.445245131495255
78.5137330690459 28.518438417332238
61.59202248477633 31.484450097968008
17.126032080139254 72.0569949806681
32.99290316203556 31.128865201719403
33.541274881656705 34.200172451220155
61.442811133405705 31.007374237622475
4.791190218905128 24.320807545494926
69.33348236302457 52.063547003174506
72.7641262260907 65.3175599113216
94.2048006895364 93.20637244699508
83.63556113286492 67.37415550693309
36.3187393578178 51.07489722493468
72.5167403952875 86.65211774883139
44.600701612800854 38.70075347069661
53.28159299556636 94.32836870739139
56.91333215126011 30.840416615438993
80.08597839873094 48.42535147950029
33.27417099438448 44.48938021097584
76.09482308088218 4.807342445765772
0.15465047762790451 5.428361548399985
59.6693420100993 96.43018763144151
24.274439266712356 14.796409276567758
92.31866601274848 45.481560344390616
13.293863413347683 87.2517434995097
22.167236155456727 6.398847872553026
90.71811582673999 71.89617422719775
39.768061351808214 73.34773478488476
57.972154035518095 81.29895161976597
83.13081822811128 47.617626822875515
95.90977242515011 39.671574656868856
39.908310989743946 65.65924252318847
23.79726432157372 34.55225452279693
46.91351188695392 73.85664688865694
88.99176075485953 71.54388313557104
64.50284723526865 32.41857032430082
20.115582223672778 19.91591167770299
87.67284058375434 50.26033629842972
38.34742684386725 61.05990320388859
5.290215648238195 46.20755767108267
1.1638852161669044 15.464956397536934
56.57495023396295 18.437346527330934
88.01101068853687 22.236441766532256
18.555988202121277 70.12300363552637
38.55176652374972 50.18632895960997
64.6618173130229 18.893388002603828
5.355592507575646 61.331296760545584
18.719631735801556 98.0817598804212
26.61034657782939 30.42248329824875
2.618143831098463 21.84106258963825
96.5984228109021 32.42729951799483
50.663951042791886 20.501929319613165
49.7390664232461 35.34474984308385
45.43564155734163 9.41929214314603
26.363712078633505 72.89391897794432
91.05575972272742 3.674831430309
53.90193803009016 62.995006184003934
93.23086334597139 49.97301199847599
54.725794880784086 83.24724472441656
48.8547526826145 66.33876465235736
97.40557482463453 55.13807042892702
23.65850203218649 59.170062819443615
52.36481794311341 64.46272505094703
4.45436162320656 51.7400581105365
86.9391900320134 63.17881486037691
49.36890821307092 18.49676723080176
71.55940208440089 71.60555878388979
28.289206981072248 9.722588320997527
54.51331580447085 83.29594509063291
33.691002805215156 86.36472931079983
66.8341190386917 67.19812196575398
60.24118003542556 99.6395825000542
62.78344852470836 50.989653435961536
19.89658929815754 65.866565073669
75.8399598593773 55.09427035912362
29.908000576642223 36.310173393285304
49.30684186236771 86.07133268107437
9.57020904878254 84.40417398975973
91.86281450558738 96.68411126129945
23.90116497471748 12.347093092333349
47.13581844417052 79.46771556864208
30.6461721425628 15.115719668374016
86.1873549141953 17.673535266775353
32.9167230335502 0.26011275530695155
82.3775490430496 31.716310206065646
72.2224097178064 8.400961387087658
81.91793619484645 11.439105543521034
12.228828026398752 54.0545912493847
23.789676245560898 48.18356172399789
16.958951860726135 14.310915789343493
1.3442887431777573 52.62560563209302
16.110438584186483 56.29726753595248
12.335119004275551 49.78284386893495
38.489739456126706 33.83381786872617
43.65936019438232 34.52683841411197
94.78871286764243 86.68873109174304
78.33675473412711 81.15539815272248
91.100341009407 7.750980388749085
58.53399651928759 20.695457011192598
8.219165265344387 65.9202225694112
66.47676267283278 89.98835262678844
3.798261367466571 17.39394975175619
54.76223563307712 4.388164509905601
98.44904615638876 41.640497103795404
72.71352549440012 79.563994191696
45.18054039249877 39.82909177340361
93.30885711055149 1.8498668699698628
56.76423059675193 69.8900691159114
17.626869873476103 38.54342706655578
58.56914165230591 76.67868850310194
24.370559208290675 4.711980614421729
44.37620546083858 82.79335285156253
50.20966558286237 61.499303358449154
3.6902687110847987 5.5559182870225765
90.56421025658005 96.42217489453984
35.292232276693845 27.111002612445102
12.818672089744654 55.27316085911773
98.24860780816562 87.91145089535513
60.92959545030392 73.9179330609767
10.951956357389015 67.0000918953757
49.658869244950395 17.667420447711702
67.33990954003633 2.7785969408420597
71.40486267032654 3.197566441151989
49.4925722817126 21.833679860050694
87.82015510113821 2.63045533243349
95.98053244724296 15.169595634986678
95.00872950490293 53.157282625210755
10.856250228504894 60.68364889704336
68.4758345390343 66.79416201216956
76.10806039998803 66.73888328306032
13.57130073013819 48.39930426372832
96.80156957500748 22.3011464680551
36.972755168205595 37.30153537638499
0.34182143276060284 65.66257284803471
63.92973609054293 81.30094487473345
60.410320941174355 98.54842108568658
55.52684833725989 62.6761759895973
72.55852333389295 78.37360843401211
57.10637719698182 24.86089954245059
28.988619820442718 28.34957055603393
70.68361137714486 96.46178935800668
6.564094027439027 64.55137174162707
74.13924094932773 64.31681702988917
8.445472599623493 56.09123153136568
33.98711910460739 77.65537397067081
7.7854254898978015 7.007051001590492
76.73525791504825 20.4135617193163
64.1451795625716 21.628719975606934
90.5413927715606 76.51147226100801
89.43479279253268 55.457073422977146
40.74270322605831 13.30122346722935
33.93612114590889 22.370879116069588
88.66433201542432 61.82948536841073
98.30608938798902 40.924325117094625
31.405985348356214 53.012306728827156
85.13603672966251 89.56298344110296
0.8081436378421625 74.68687844862283
80.85662811141803 57.406710463570974
60.445604580519465 73.21127553366651
15.779861444355214 41.559998160201104
58.884223547166584 32.7732584494731
45.74393582882379 34.2545576955309
74.87999222561419 69.71215076841837
81.91034098783359 20.80487133813742
52.95607207945383 83.87833141760697
14.500391285496296 19.902120293779134
36.68727853595697 50.45331654085838
59.07810502490054 27.71314652683039
45.36118737596875 90.64459856228602
99.78888968843651 77.33033631168354
33.911051180983634 53.759794545825734
67.65292062271004 55.430709710445434
66.3486185279045 95.83349916407953
54.347404824906405 12.150430710627136
67.13114771944784 96.9233102384011
88.49300790322363 5.877342117585682
89.80189378396885 79.57868482950975
78.16070503999737 82.75555064043397
83.49738514112073 14.766110700308266
16.956869225247438 68.88629609239554
39.15027635222064 54.75468959890133
99.73746846658935 99.84682503270868
59.57381266228916 15.052217604055308
88.22022292606432 93.95236496410548
73.64455351547166 28.29133984426231
55.347195029399266 9.620038268744135
61.243247418216875 48.28711361000237
9.817588808087141 0.2671746723551749
86.44075005634532 39.314199104741185
12.987341800627572 79.29873164039283
14.594239631180361 0.8625663201895284
35.96730734795124 82.87735139919991
93.39328445384922 73.1767309521081
10.701656082189759 39.57850590534115
44.89315985643201 79.04493663442264
3.314131352872063 25.275731721889994
57.46971905412539 81.00965074614635
13.506241786408069 65.71667032841752
48.034355293713695 48.49672701562551
8.069840659034666 61.6730921539282
23.915311116232928 14.480695553202239
39.70528924517698 34.474519680292694
1.943358249046212 64.36290075243485
81.07458834536827 74.76278571729608
1.516631790726919 64.20841966865987
72.75775210050683 96.5868136786466
58.5229870669415 46.40917757151377
30.30951393268886 88.6011525904169
72.29421931593743 18.45713402869853
0.11396023192622451 34.185461916409125
22.589947218042106 42.72827795804888
87.42905733214582 25.256553840434947
10.725318004291129 54.7077592707254
19.398760799417246 82.01011616840393
36.195137908244 21.139890513506778
87.47315267822331 24.819186674786042
7.576740341546251 41.68055760064071
32.767021994016446 52.029433608757316
99.25074568769243 20.77246203906482
3.393971255301187 28.525004998347892
20.201270897441105 92.99315618858917
61.55986428726161 26.657669089447023
81.92317762688621 8.329384024174313
40.15316590727025 5.025351583168103
32.638472110853 32.15588671322453
20.87121714069027 23.765336317950148
5.321781226193578 84.14238075178129
75.83024406028053 13.84501631583499
4.691353225448891 69.21814678772154
85.28697770792351 61.738772550746205
75.04382668824512 99.15836470160622
17.567907868288035 74.83627297254911
91.15833276107497 8.072996017321676
50.890858231163016 3.85503027788594
63.33361441621368 23.85341751856245
31.693399355404274 2.1206032120284934
34.38945943773177 12.870726585949832
24.010698636702156 24.80387786715992
27.01520512358593 20.895053046204136
18.731429691576395 15.308300567771704
99.91243724616466 87.95925873985794
89.9783155485933 80.63642335912049
50.668694678760254 60.099396353752454
93.04443546590777 18.98495455038416
4.984486310829639 63.889460449461
86.44492723470829 14.506616709066433
94.03731328380398 76.96690225874214
17.09189248731413 77.10406895895434
49.462186325056564 10.922984248822122
78.86711376982835 79.33648758662915
11.313701961316935 71.54647830102347
41.555149573007924 80.41523257937591
3.678776948976914 48.547967183098194
49.07993205138366 14.514129649385787
98.73351184970424 13.424832041775048
37.50368633998748 60.5948117523174
81.06028768505249 62.14793986255698
15.417703375417036 73.651948406312
23.479524410813312 23.289611269896216
39.32088625007808 34.58275686282237
62.925165649200075 81.14118463974759
26.979006958150542 60.69826534376301
81.93280271580672 59.95549857589077
15.476519583696092 97.61148408327531
12.006701235175221 40.275128657021966
85.11874842444183 27.77778818808594
39.43310014886363 59.92552646048313
93.32246239414437 56.38946913923828
96.42945480198047 85.90020247815573
11.096663162080688 75.76195517890952
94.42874166672988 50.18812533290118
58.071292795198474 76.46308283262873
76.32173291995419 81.8679757678161
13.869868252661565 44.48967024141914
49.95495580747813 35.6685338566852
80.36187188945034 99.10589337607449
62.12368736487017 79.0726272698296
43.87707405593768 26.033257520211748
67.19451147762217 60.08265598926077
98.35707074503041 49.99301919629238
37.31412010310882 3.8911879109052583
51.061715301093244 64.7349431928665
65.43445389177913 28.769725177205817
76.09685287382139 31.012256172130613
24.197388832177992 93.8148796050863
89.89848721993161 13.94717132900607
92.35118076427693 28.601334226001086
29.340511581427098 49.38767380966074
11.824470635114137 96.46972707728642
95.18252832547786 84.33559300656894
69.57694641699304 82.15927717183575
83.79074890542371 36.42612451660339
27.9285309914048 69.82146137420106
66.13824310914724 65.5504550490309
12.208426692233187 52.683060559107005
65.33806440774474 45.012332599134176
49.96375753109839 45.32327486320131
82.51091990370763 10.60009089141236
67.74902956604775 75.57404598121775
93.1111936034357 40.861698202693034
22.850792086798364 32.03901727936016
58.90464401379789 76.24948392644902
81.9667816637136 84.17083347455691
24.12730216120935 27.618148860371193
55.58570372460589 87.3054220746742
84.31840661646632 52.707529703918276
68.57799557114363 68.73355350863466
2.487055061140908 81.14458698709855
56.847154653332474 86.88581161559439
44.779543980924316 95.01938629561452
61.35946071350602 42.443866519570086
61.70953765561882 92.66104370406676
66.37518485293002 16.542112084971784
9.725250154346842 51.275986353934314
3.6069450924699265 63.59639251313094
15.0333532548657 91.45302110675809
58.602416088329925 61.9228525323779
63.14255714859149 27.726638258808855
40.21069279550109 28.93734943634978
14.787664693498147 89.4102730979117
33.25968127327006 72.20740302963169
91.67234314026511 44.02213147610104
10.517412846826302 94.95283153019479
73.02780301420029 2.6909634135510396
30.623309643670705 26.682003841628976
92.99888902533282 69.80232143099289
52.13734225054889 85.16008967734486
36.37444002185512 34.0116518406113
45.54459758232965 46.680802739605845
52.324877033004704 9.59573291795397
74.85075582791798 45.25884311678758
24.02014161239787 86.30133126584848
2.114774137863562 91.63313202944575
54.97186381304018 56.63655475059064
37.634094492373336 68.65035597124209
31.79306419589927 46.9702240849879
97.43327872944177 58.849121426884565
0.5282569943314774 45.7571773778553
11.051179359240892 87.10359439639426
58.04105697960487 26.121999563899955
17.354264139017594 46.69717468314776
36.28207553107874 66.01296641364827
91.48463922121127 89.32592273346813
76.28543362763362 1.3597617997396005
9.152511257854368 29.162065549489636
64.26534699848263 93.79202744888798
30.84082513938884 86.51360115527484
5.198858451179134 8.153914548224384
30.36835854784592 24.4316994430946
83.58556205144005 86.16907484576394
25.80502588870244 41.85194273833503
57.82610424378471 34.5669871907331
60.98545599404517 65.87815361333497
23.50327641373631 23.069109189914315
15.242888084993611 94.12448533894535
32.17556305168392 34.420991371153534
14.636429469510803 0.10414368928108875
10.908807280023547 31.103279294002697
2.2212231600788446 64.5664672761825
20.96053428837079 57.48922193470598
81.0647029254145 76.62255914977672
3.74886358573685 16.073972219857048
75.66508122127797 19.28960893043188
40.37591786085339 26.647271591358113
3.1520961068550735 71.07759641830226
65.93020432834933 26.67522051005036
61.626713357708084 84.73760693392659
2.4136592654811606 6.866733590150376
7.2470263174671645 80.88222825210998
24.104539815618352 94.96075913477686
4.916911163887172 49.838649194302675
40.063117865767374 16.70497271998963
11.56056284017466 65.80411285529088
31.462274320568937 54.03746730200072
67.70066196564997 31.474884221651855
53.15133368258973 13.99597490771436
17.17868680505854 86.19442004039229
19.83685598367 66.45864682030884
78.89175711191827 90.51236132210443
78.68296514882311 55.2447155171679
42.59006534764887 61.07273047867625
39.966618993625616 30.656234751034827
66.88754378781402 46.64189393017484
85.40439330723389 11.24424395133592
36.01169156402666 82.46331433950867
37.65602455819956 62.07927229097374
43.07172801464576 91.21948619646207
67.45533605012577 93.6419928017947
34.79365533256102 5.598139191692431
69.94032483121293 2.880897934702631
24.29554366119675 81.35357903067508
98.37950872789803 86.94699519432945
32.12834165716239 19.41104429624896
71.8660576868446 85.16204108961658
0.38043312156290643 45.565497141967846
94.43093773446883 14.534699220244573
18.418664973862686 87.98481809880674
19.313074081229466 43.06838132425697
0.8516164329814391 29.1630231661683
79.47183555640025 24.657994759260802
34.688776339650616 11.25467173892103
93.13742236085625 8.453645335093984
33.32204306328552 77.62756651164955
83.23749505480819 91.78052733073014
54.538509793258186 40.034067439430764
16.37422185856179 25.066302726910973
95.53553164089519 0.029060058216123785
24.044011198918902 95.0293307845983
49.98424127840466 97.4725353620823
55.16293887145434 91.13037582760852
29.301053197571903 8.915841015786153
21.095557157095413 11.347972470782054
80.67917270644752 91.54569307784132
9.299531143694884 75.72441314078998
86.13379656155979 86.0845514953215
94.42127350770843 50.385990827836835
62.03935933543061 80.84044622289686
42.98312453269346 36.52331350745861
52.711038403268674 42.34350325786198
8.656038002673583 59.6114421294591
24.32413757128844 11.76031355762721
12.193035497484562 65.38913070393151
73.91330907297619 0.5268993548430023
44.10015266841136 52.60460393960402
6.57732950125296 96.46975194949788
43.0416506145433 87.63998925558379
66.82085048164707 20.821170071660866
65.47627557256797 65.32121883191537
72.75422424845368 91.78448254840532
80.87674974512062 73.47221052789732
5.261764477556419 54.086883607125635
98.48402967097928 1.0464712926582465
83.10689222297954 3.24289242012894
38.20512880928024 79.35290875572294
87.03903161111563 32.249662712387384
51.42738948116088 77.1552696010657
56.452475888623724 25.829510089487574
53.62320147746353 98.20798710470106
64.14448157103018 53.95039492660039
92.83145953706938 29.959060556140816
25.10480905401802 3.0217545671930246
65.12994560611907 70.95143684524182
25.928564016390165 13.5093038152442
36.57918992208526 60.583585679338015
89.59234340279276 70.26243440492368
92.41329253605848 56.24091673191289
65.28692712619228 40.32869012623779
35.57381139736739 17.31417474237893
24.651401590941102 68.23780817078593
41.376467625110934 85.10568682963957
26.159844902208285 81.04300927205787
30.163072647642686 20.29575403874848
58.08159638587442 45.09248066817821
20.550405040318353 53.72321229200663
44.96121040844066 11.331498804870876
29.791622778106653 44.201829733239826
52.990181393041794 22.09109321217071
92.01200249273909 13.36631469550591
69.8952332663382 17.60808505050795
36.070801681195164 10.602974803253517
75.40561389991333 81.45272209575674
29.300094340021786 65.30067181161765
44.34024596667576 92.33129427594821
99.1776252004813 5.239983555075378
69.83686283165787 51.91008578121592
54.44502837861018 58.212988546333676
84.29182306483911 90.43121343512385
16.07106744013127 61.78524414784048
97.60113395777871 67.78347226125322
52.99259557473361 39.27434855031957
33.44519206467807 67.61045655555532
41.080669546383206 14.519518087187254
26.57010477231061 29.756259246335937
30.063883418965997 13.931692046672861
45.31677687712645 37.83475287197846
38.773733938051436 65.18305584844366
74.53520385525007 59.68636042964195
21.72801250967893 47.66302207983668
99.21219605789871 63.33368261648751
77.8189920246718 45.15337783115698
87.0801412931435 26.16969017513906
70.29033772557752 75.0033299188795
64.62546143564765 32.079236755509385
75.49684037841521 69.92998503053225
36.78149903890351 82.78561514385882
88.58770007051795 12.932054102166024
5.548034548202563 99.26769500987973
78.83501155700372 71.93057824134104
26.91825007552131 57.54782481886194
27.115150749470306 48.979410956171535
74.34617243081236 89.84123220175807
34.032758719525425 12.10534472721292
50.49489703016461 0.9180757427229791
46.784186795976915 96.31633788366504
48.6862551684133 0.40940953352393006
77.43718780888057 26.909352521960408
17.97221754972689 88.93517824987813
85.94467680368697 65.17258273289035
52.34458147239127 85.11959933832944
17.250113165299386 12.855176312809968
16.7732316052589 69.87649228327555
36.06205853422093 7.788426599708265
6.02618702088229 94.54017632070074
91.83296650537332 65.0023363146582
24.533198195871964 5.830265205984686
71.52695948752019 0.01975219078720336
49.823193549402966 19.286784226877195
33.78529003991015 19.40957977078459
42.85741119431079 51.2287078958062
89.03591381453013 37.613731548114224
56.87766496966739 70.8036439093985
61.1990022307195 93.0524675986743
67.23725360209869 39.74904197914611
47.915857374874804 93.2778183762037
41.28412790073821 85.89840982299204
76.16499059797508 83.97833086231448
31.490971980214066 81.24707254089303
21.437313875148554 65.68083020319247
80.92018119529396 93.67367413763374
3.8278028418674337 89.93033493964604
20.26656478873432 22.635191049575965
84.33139055703387 68.4664698758429
46.1497955687775 55.12534993916152
2.417438448466669 65.69847764254186
62.001383786120016 93.60640045349062
92.63361175754841 51.35506846693374
75.2359644455214 58.06247812393257
4.989773146658005 80.10910609185844
31.85562414568903 71.6366923700859
76.48370977504118 51.64979597900341
39.563778928989414 49.28750370616288
72.20349074468724 53.31937589311764
89.85474794341097 99.99387208808048
46.21494717351431 75.81546396672083
16.232700451781888 86.67031982128196
32.71397599035013 96.28816838960094
15.756708311527646 24.349853836020795
33.27233705427162 90.56854420220458
11.453644467837144 67.15803692007071
82.91198418620782 56.17953715317072
71.49723728050562 89.25304667657305
56.6545623264848 10.253386443998691
68.72626354644456 36.66718384277843
38.36015261540655 15.393145313791079
82.54513957862828 47.26652455876834
68.53124851340391 82.23115699844972
22.51140851142499 1.5403326883268509
99.4128218260681 5.451604687392875
4.932256308518412 42.550459619525704
15.805005413077765 79.70060995929857
84.1084081027156 38.04244484524575
84.05638279299599 50.7852132971641
2.3576149366985932 84.51153189502168
62.42273889380981 32.33103156957837
89.88723443965829 39.04564459531712
69.82249816909507 11.270731703845161
50.6966073751733 52.601952563737456
39.46818631363638 87.28532800311403
68.21916954862304 42.57495357694785
60.06023825458753 14.998530877912453
87.9465196741435 78.40078825636483
94.64509498297507 16.65865803992217
97.30256504117558 44.71980584291948
34.15198762488665 40.131350599274995
3.586366713568534 85.16636768237818
23.77037315474604 88.08392482212047
86.26043448353376 46.878836193678055
92.51618482663746 23.172794293111476
34.246866788513074 84.09014895498667
8.208778313371766 25.08536557710679
65.30742035088173 28.996634904258233
34.49310858798451 57.113341683859396
76.75338996832073 36.052530315530774
60.77593913742911 63.954962287084946
42.91039452688179 80.86355384483666
86.38131443331345 34.1066470641004
72.30098851512805 64.36360255668781
58.78800671979643 70.47324333517831
92.11627691480612 13.27420935678807
72.22052008034416 30.752274271810865
40.7516959822571 39.18698953324371
42.670571478352606 77.0962831182295
69.6133081074911 13.112741908940585
81.92149616385997 27.097131665063912
95.47519554109898 25.090842308639296
85.2229550894725 26.54242259726962
69.41088758761471 66.71732435385718
53.067062069819904 72.39222984337617
72.30462092560369 82.97475520957119
6.6303422271832835 15.866054996574054
2.694756814682675 64.53856838559146
83.44956382564379 25.184249596483244
56.84715604735098 72.63559992675673
56.786484741961615 4.163056000300602
19.385698874018065 2.7204195254180163
17.87754684809295 15.283591521250406
89.33491476696788 32.1561744041023
51.13066720842798 18.70928037555659
54.21115486998145 24.03500363208608
74.95532058690549 59.419476959992814
94.72300162607105 64.96899149875162
1.4869903852179123 53.52396183746902
54.154149499739155 59.59157076611681
10.951987940531405 84.18904173231535
84.49489688464762 30.292281581190284
19.037063566063182 7.514886908187335
51.45338125651622 82.19344961441335
19.625313836393275 69.13984389613832
87.12999106333359 25.40469357165538
83.65365350642693 16.190131063406675
9.981854701696369 72.25141969874991
34.564073546412935 51.04541448376192
76.45485866751474 62.181923554664564
79.80876421677556 61.502907866332144
43.670804809196916 78.33387621442118
30.959552788908717 6.72999978287665
49.014197992277154 12.2260181627597
86.42944117249213 78.89403362673222
49.518951862570425 32.749139587497964
4.992465521744394 81.86953574196707
48.43183360085166 94.16846496249356
58.85390565237125 8.558963147976772
85.9943143978305 19.592546047517278
36.01244185315522 17.661665919156544
88.33619283187173 40.45548138540269
46.4453898390274 86.53297930903072
4.164941142209311 34.36595311227002
11.31554859065278 71.48298481841917
41.2630027807813 76.7751584487962
70.86029327349827 60.678142313481345
33.252891076118416 21.553891622765377
42.709064589742994 74.55829007271947
80.85746386321892 93.85056399703915
24.44201888300079 22.941155014450022
51.959661755196684 78.92997161965411
34.069559300770045 99.43218659498734
30.191675608421487 36.395458897420596
11.022786121536221 19.07775549108308
22.133100603882095 40.17792115476875
59.55803907133392 47.58752627401193
15.075375945969526 50.366224990482934
10.97886019476344 68.63238419377377
92.03707690969165 99.78481227403239
35.464784525213645 7.964835612927179
66.09598409608634 32.09290210259752
54.15658651988979 78.88063991872332
18.84965131142082 12.517959307618941
23.798579014436648 41.05357595992023
21.649716390385176 29.624913699121347
2.8307722197917995 5.49222570033181
47.93306382840523 36.32990268062679
65.29630128800544 23.435126889346037
51.70709415994396 19.728410809864915
54.75889210011151 18.425875795276482
82.48999182233601 12.25347894379556
11.488267695420017 15.357939090498917
87.63308378354108 96.87306432719195
99.32181372016808 56.1653818704074
58.979656897723466 68.66116003271965
4.622403357761007 16.211974746702175
69.70522357885525 51.789254937544335
93.19774318888247 31.105850786272814
23.038383675252327 61.57812160812588
16.126380249826422 67.59490979965099
72.2132330891689 89.45531208408737
59.348120958587835 20.30723678675077
36.42532685680548 18.890064802759188
96.66994960928272 25.50159976817796
97.95594001669062 56.25673480679072
14.01269487442307 14.960891042842771
2.0487962638226165 10.148450556600363
28.682977530250618 31.692267170654986
79.59782961051589 12.078836486874799
44.98115903486386 98.32857261780865
98.29678406108444 28.609012545742154
18.137289625391052 17.466503136418776
45.28739721255275 27.767043648449285
36.825543139517805 66.065616260131
60.62047048058565 73.27652322953656
78.21809938476692 72.28347679392799
90.22187545251566 29.387731113846204
57.20908814815036 18.564848924825107
43.47706364258996 21.436954376236763
78.3830097183824 24.88306401527751
90.10234229760377 65.23919830917124
22.124962617610056 29.938106326516213
15.334606336282675 59.75420321102318
65.20373985940668 65.96162558818355
85.21066527911599 65.3605127669153
5.120494520526653 94.84436384517988
0.4635310406231996 16.72007362203076
68.208080720907 27.84116222890787
96.89854765618698 57.16832509097323
28.687866906042704 73.656914533282
44.36615612646007 12.246054711278864
82.13737401414096 46.19545725479901
82.68613318654117 10.437100410710553
51.62335136221312 71.96044322240971
96.30616644799133 46.51238707603331
87.38001788264884 93.02684245944235
40.22639857688195 57.68326369598016
43.94707840036678 64.69366569070667
18.06153788232294 11.961070410155394
28.56407407358961 18.047518398527053
61.2905024870078 77.44358420199175
48.36382608960628 12.640122909589024
70.25238860954357 29.164387763757137
96.57916928611574 79.7458435285414
31.860254400656963 81.92594428615591
84.67392958659883 90.38940231912174
56.58213424586853 64.31075975168783
66.38519655214097 32.59213270737684
20.245725038707562 84.14659897197264
10.530559088078629 20.30255588621892
0.09574532809752956 0.6327684987492699
13.32586680844081 95.66591886367814
24.314179883278353 45.11037760090315
79.4879775852356 14.110685197314421
24.116400866279907 5.847575050454368
44.4778484261863 51.09106042280356
99.39335309853885 3.5819849233686307
66.04580916009574 15.690654483480548
11.99345064294539 9.008286722062708
91.48773170590863 14.092178433736247
13.483176694152377 27.707743217743364
22.089719122344054 69.24553435227882
45.2702746143453 21.526177757580967
