170
1 3
34.22023555210385 62.69124845510126
0.7579335716125346 93.21466128085241
66.97896340224871 16.986970583835337
93.15212712415185 18.69277246645984
18.473716309853483 54.56491609933285
87.30435963950318 55.46066439062065
60.148429397473535 82.88707428128774
70.2731669314628 62.18992555018878
60.40359145087153 26.95419256607432
52.505757733916234 86.11780316931818
7.081574916014022 78.61586821281892
40.404229341388856 42.502136422275825
39.987322185145445 38.179180231427324
37.179430578912466 29.56117316415705
46.262585442420125 1.6780233612015527
72.33352560120507 65.60596748956853
99.11448530712308 55.92247215807349
58.74951303431695 29.33951971853379
16.927373467012007 65.12010189215
53.7385154279775 53.40261274788261
76.13729773740252 38.82153498568157
42.1543079320527 33.979396937812
74.98610422773193 5.971044122636537
81.33752882933194 97.76694407145234
90.62368389557143 96.00816236410775
78.6067262748517 59.122501120659706
87.86052573691818 20.500885900166963
54.53677327850626 72.046888690254
60.77601921228442 72.68582628728475
78.21684191123772 67.74413013529805
58.12378426948457 78.67862715765403
6.481169819683985 91.31680301903866
17.269259818160144 1.7927508496886402
18.746236529843152 39.71748804956394
69.10191564467765 92.69847711751731
0.6802172545044449 12.561270211748642
59.91911375949985 22.178285417102963
33.42777836935598 73.87044964384314
61.502445720606545 39.90189867979132
8.85073781216179 59.36268682815688
35.88570703835212 48.10555124872609
69.52712567307748 37.908999532675104
48.06116423250864 73.06431561297615
74.21567676182165 59.73014003553951
55.233054607706976 15.455067884006791
15.136705383287996 25.899807740042945
87.6032987198662 51.31006336609389
45.253758602712615 45.55527791177789
3.602414015244304 36.21554801859674
73.1468717825404 12.820732153464043
60.617107347665986 5.681392757517201
39.00122339647696 27.810161735099868
47.40649110024569 91.61581578026936
64.72292311651853 71.53654208675854
86.98535730146106 17.2745038248689
77.59896576073244 91.22951461254544
82.10428804514981 35.99756123000966
13.018926990408563 31.88889409262967
43.786550071427314 92.4677713681318
38.15721707147593 29.787694026527234
72.19453699128763 2.2056591041826
92.69410897537564 97.41290905793521
60.928408422632366 23.627337303551776
68.65975445915701 87.56728155373527
68.86909778341818 52.663413491396895
55.28309874182498 38.22702110750713
33.09840905917007 65.73371980080526
37.20964025934042 10.921658754264495
20.138900287812866 19.890842153382128
25.052588004746656 55.16341728942366
37.71848478552431 74.00154708848635
35.930047012399214 75.86739469053975
70.6696030517428 60.5258786778454
58.968384545135756 36.90064951693741
95.22214984222799 81.28374979448954
86.15994615219702 62.480900145675
71.90904143471077 4.02566915973237
41.9951989587517 54.54268852400745
70.5350994321445 15.890313454828519
82.28120013919673 20.730508616311717
11.185882978358364 92.13668864141123
99.08148112890851 41.42339608240504
94.57881960982282 10.8413438684277
30.551888669288086 28.5447588420817
91.81985470414664 24.780808782219044
6.4878762224123365 74.16438075279694
22.973254562019505 20.72475267005518
30.128717713534602 92.02729441844599
7.603868961133475 48.35866268656446
63.442349606067474 59.93697956981927
99.06911129736 29.171835760497665
40.32407863234728 92.26124129518405
47.6393619557627 4.492581368577553
80.29478057406972 6.9215849428238885
66.39983623167613 44.431019145368936
27.85615916279738 49.53936116383073
23.64602255710606 43.39079432728035
89.82377145807496 52.41257382563595
66.96817811392184 67.34237321975529
73.78853938795046 98.23099902219128
94.18394783764379 8.939434213774234
0.7014996972355636 95.88224630388771
99.23237293256173 3.3249705370588467
16.714742044956978 86.02944439885931
26.996275932520675 75.16919449913667
72.56867276620528 42.509193638120735
45.54222477728196 7.328546175704886
69.194070273685 88.59273114225554
53.4694307522251 30.38966299591945
74.10901787573437 66.81432591240586
21.12701675065192 48.32316933333092
56.693189548924614 25.41813197950935
25.47026053715722 33.75839687048765
94.20128883771311 25.793107779681577
99.11621241096778 21.15086368330048
42.75790945571403 26.73447720373858
38.287161402816494 13.6423223912699
22.628733945933032 48.266992688880215
70.2716461350974 2.9096526158330915
33.64928423589415 95.26888974774286
49.32020928533329 74.86853234351291
19.71843543855747 18.93792568678865
57.233698852344396 38.38202010804819
75.87290983104553 23.30442581324723
37.141150596397 93.75443402106679
55.40569321145623 18.63965903894762
59.11024937661262 87.31503736637637
45.33266855780642 46.08945485504658
87.31721915651217 29.320227815581966
15.944140811406715 57.87569536286669
51.28330636810754 75.91774472291652
18.515398302180696 20.08623845163726
26.023301157351185 6.823793804735678
74.53397894488197 49.98632358653723
88.66490753158894 77.2301754503629
49.89278080600936 78.83673515155212
20.721956172572863 63.46845485630166
42.79351720388065 73.3616211884692
54.10311085540944 90.44707531765388
62.82533820337799 45.16350645793912
11.360427682898312 53.426650552673394
53.94920233434577 38.42528146823565
42.144226538585606 60.618085090013075
92.94232084217546 49.87082338826661
54.23312584909583 14.024395986357586
28.874002259018503 75.80732894041635
22.717721723973085 47.10400189040538
7.122418002591502 19.86708760720195
93.47395995446905 72.92951204691738
39.79663407823997 89.62940549352798
85.1708189097917 11.7161584851724
74.86759718542318 18.833655921267134
65.04040422932809 33.76817857683956
5.090883916561739 39.993479207827946
91.89331600987516 67.8189380282166
54.87974896670256 52.474060522899805
43.3233734052904 93.559816403899
89.2154313886868 74.53502646141368
63.62190463869002 80.33926296001216
17.4998927532394 30.316040890404604
38.48886087160987 35.96091683916362
6.684039113101603 18.10628448128675
65.53132315474114 50.41240391762716
84.89165296597578 35.644245165987186
89.11685537748623 23.674401214461028
60.866305445309266 40.84576077185258
91.14141428715772 35.24869804789512
80.57558393473825 7.881481472705687
87.83619863487742 13.8534854278485
96.96435836776894 72.31548960902477
