720
1 3
88.45915760854585 28.95965993276888
19.91152982842268 55.10532556009924
61.339874045547106 2.7139588704873097
31.347467213983183 0.6324721127779487
3.0728164298361227 55.06146835133063
73.26087117583499 86.9141718837454
11.023578389433464 9.26178485149125
7.391512223891206 40.57714134370865
57.22812397199637 90.68025105385264
72.96706754905358 18.79355449133202
91.14273992149535 86.0525707519175
14.866634896681541 19.778563206700504
42.21859016937375 18.660197199581784
35.678435037673914 38.61271673630644
41.16848655667582 37.60242359721868
21.261386538586823 86.74560355970311
57.50801484597681 80.47490066058329
8.7281879069123 77.11843580061759
86.81026223832093 49.10672215282317
16.398739989993327 6.631722917045546
32.27704335863941 8.547684892919506
58.45089020556424 82.49029107736851
31.009606565596258 70.63601937976516
40.1241704816933 18.14249520812412
54.35674745931009 60.94620992950885
19.48369547480009 75.82368800974979
49.18521170337789 1.6260641014554267
54.18845902216016 81.91184936043044
57.964823010596554 49.38459581031185
86.66873032029568 74.68168673890965
69.64844055410748 4.372399175203978
42.849791659604186 56.15038246327133
56.365283751296836 96.04691324991312
4.424937423617492 55.13641616459339
16.234179905632118 53.664383519734656
58.46238440065292 62.152141963788864
11.171438996216931 18.289991711603125
71.10729806792928 27.617962499549108
38.6809244346086 37.80609415690726
48.718671377374314 17.25030470581008
14.69026009811374 70.08714551336497
12.624957518931467 23.727253602651
26.19341878767729 33.79873413426415
82.31909138514288 19.505219774789783
56.717803676396514 52.20172220048433
28.753964022534895 25.9396773526513
93.48035712595714 29.82182073517432
24.52288603227002 44.275423657902444
9.394090291865108 19.600372514808594
64.59638491941429 57.70050265399775
84.03050682269786 24.309955658897174
84.99146660133496 4.983924728703748
43.46730401840346 33.077974015968856
61.48305156950222 63.20180851503201
50.658755797944075 86.44328201409814
62.325636368411665 43.5514557787472
95.30659914448556 14.61477702814622
4.946711547255123 9.470433124767208
76.4629535900289 85.99230762005314
0.12912450274695786 9.708302241095845
21.71675258235659 23.877849626295667
79.59596064946324 45.884350544014566
95.78148409527194 63.63470429444802
91.57721221410344 96.6977391257043
38.81686940641942 70.62663002031324
93.32684843562527 17.003203173649382
63.83002717504531 14.80782154630118
63.57927065748261 69.40568188075768
3.782984704059422 7.196693228786599
26.00002955579377 68.60432574304684
80.33664269409539 75.8280894099645
40.48761264910592 7.556281597739556
41.470985870189224 96.57485578715952
82.99192798781732 63.03424151659092
79.1369819822101 20.415106780714165
62.827514574487694 21.90756013350812
78.19807132862186 89.04105178546517
16.663317981309376 47.67531037766648
65.18409550739675 71.59870583041933
91.8834313576743 50.35589142283135
3.086548615686624 0.43786462050656727
20.81532387509455 65.96773467211057
37.92349997632576 0.7684812789529927
3.559412639458226 24.258204149033613
25.19447897119602 27.841453219119238
11.4796748782666 34.99574956689091
79.56637783530145 21.967721958057208
7.042289853837591 58.82834748268202
57.05432015073848 89.07659287967402
81.00317963182326 17.67372097806581
50.641120505572616 97.71087928495452
83.66852266047222 22.377952866144703
29.6229726362212 64.97468442267773
9.77104610732411 10.848624058150236
71.3054485994117 94.0501488790073
72.25380158240726 64.60058500377923
91.17444712672658 46.748445362842794
72.52223695781498 81.45175695140658
42.219469480132375 68.94936405976063
53.96783330264785 72.353194987219
16.297648722290425 98.18064405886282
34.982119200914184 57.02713777603743
64.89776750232433 2.9095182332713243
56.79865295602684 44.90762948257212
16.574904446217165 51.404386758020216
54.74102547977544 81.42031449954636
33.59796959154253 94.72803774650089
93.3132654598304 16.396958158544273
1.2912560420657249 98.26189775163256
57.870815172906106 41.04192312634838
43.80704802346822 18.717651401993685
10.468828964355703 2.4965690437324772
8.428585835655555 25.717953479278034
55.59725003186007 10.832243087071802
60.545453567245964 42.01634750701893
79.87490710377305 70.5432719274794
91.99638949558621 64.60686235687616
30.640029644566557 58.7631726863574
52.146389445278565 59.08801235282461
40.2128909579367 15.811077033408093
83.851741610663 72.91142150052679
67.25539134101682 4.483289597507811
64.8091244633215 12.998798888058062
20.207342767504134 42.154386558115405
60.97867637188132 25.84166379809536
3.5506808348775287 41.28265013218637
93.0937829541145 22.697221374079703
14.186161273157328 54.73217904114285
64.85409768762914 72.35881150628435
0.4719315280821812 45.31825724544256
70.07446834628826 52.90351082265017
91.41205716162395 1.8042557415381966
72.18314199539483 72.78094545159088
16.292627047207688 19.96045479368833
99.80772169713461 18.04065663604908
34.553397017701634 87.34426039557704
85.68141057646706 15.468404287089088
77.75583279463072 2.9821094513683866
53.10748802941394 31.804700632113935
87.7747041564244 31.210935644684422
56.52129693367418 7.80451747595543
93.28921679246874 62.82997946228892
88.28125765693909 0.5412852989923334
96.70249228508283 45.52285412960511
71.51671030870719 58.178149276333514
81.7757276603521 20.532165980597327
41.11571263827371 26.379360197057224
52.282774947812996 92.45048914336678
69.18906438654912 63.95593836021969
69.66597348900495 89.1820113259431
40.56991135686834 44.91631097191868
80.58779021424331 27.139965791602073
73.13299960189165 18.83134837291527
61.89727960703224 33.073294160658605
39.338001990544335 99.24497064735718
44.603307047571604 9.057886273898408
33.29607066017872 0.21085086160921307
38.93655711366581 51.00162070736629
43.106189446455744 49.185892548952296
99.89800826832055 22.4043705859295
12.775894327738268 57.59451956939004
75.74488961310908 71.19249731592127
12.22380681138555 92.95961497784316
23.236374700407268 87.68881542068283
64.86914970308166 2.983087518577343
76.5028093390433 70.69270457654318
11.300031974921087 75.27961539699244
68.60454360679287 10.10986213349485
81.9461985187501 2.0812346954853123
33.1502657400053 3.5375642101028504
42.16542578481386 3.5577013206162578
20.940429923664674 3.791247524778374
33.750123056897976 94.80229115281493
17.83992221149946 98.51880116546461
63.90510163281429 85.8659708964495
46.94715618650604 16.83436857586116
82.60234121893157 17.56722918642202
57.56388234780461 37.399219834640206
60.93770900724606 45.96415809221337
33.809954842561574 84.9984193025547
72.68017657382259 50.39436409167415
30.079563965528422 2.4616586739184987
46.719996260602635 77.67014591015314
46.2997264101592 22.40828858555004
48.982103750810246 26.841628120997086
11.847067875794725 25.605836143156637
28.215827401162397 72.2014844539097
22.239242544950287 84.24412525492555
27.4151593463515 92.27503016815355
87.89026617822584 86.07119157597052
19.717697257950697 37.55391301533517
58.12487207801651 70.6835559040638
28.81551647583307 23.408280647687963
96.91919851374105 6.780425647900601
77.25114302159257 68.15204981698015
58.40549249445593 5.5890123943350245
25.716381893536997 11.26938216104245
97.61212768774993 22.908277819007616
91.40665916471559 30.32165514713281
10.474094090384533 80.92650314324061
27.773586482915857 43.69677242337286
42.48822248186141 29.725793789743648
70.49774746504984 21.126625440771175
36.37898370980277 45.49155776175648
58.43273151682122 5.702306786543909
38.92485383849598 86.39119648652454
85.7214901913594 15.021289334868303
88.4273020521322 12.980013964554216
91.74630143776996 24.94688716658611
51.545640707704266 78.18731930040047
4.4090643956098186 48.24810913341273
27.23915921993556 99.29162160174208
99.15725938755145 95.31677522583037
67.3948335058072 25.122164459132424
78.18660948378209 5.786163539017286
69.17719488072107 48.6460970981921
66.98366750308648 43.36925449934146
43.355030934854824 26.316312207524216
70.9930665723809 68.36786539139545
67.08430824984977 25.90290076654176
52.987402927082506 13.656427384698521
26.735180761753607 11.216701898816183
70.50811032630655 73.45313601525582
49.41973456937963 4.513379323557798
88.47419151350613 13.286721130843437
3.121057715255038 49.574785460407014
25.94241958025496 71.27279688020678
97.88997843497637 67.5024430149739
89.19159955603249 75.71372412908283
86.4276334896479 37.28491083192604
32.162475067833896 9.008002737565167
73.42517314615247 80.24515503658964
53.122871816389264 26.99310531595276
12.674281941363464 0.6767411697158998
31.31809634567242 17.28023980190361
73.25683234042089 11.50447595500863
99.98158604534981 79.87322797739384
68.5815152626877 23.80880342805307
31.53420081970961 25.98190423851343
30.19249291764121 58.17198476794378
50.31444020171285 10.34238855457643
57.70889061557361 31.438915432199565
42.834174076472365 16.275008711034864
20.438280109069183 11.748021230087268
75.548240985687 54.08415055150579
47.502797439413726 96.9213052767991
44.923161720354045 69.83392700518583
23.495644353390375 92.24373667132959
86.70245074302092 38.45136443374999
84.41931075501918 56.260837701492065
66.44843493426546 25.31447247789005
75.12637743390702 45.717146768404504
66.45554533559293 99.37796385851804
53.79268670612518 46.56625936318086
40.059531166585025 0.7290457097180347
29.54621748557049 74.89975853665554
34.8701185035271 69.60386930633533
7.947729518137248 3.866026497162811
0.7747366002144762 7.540433526449708
23.41568024656158 38.237131329056616
22.37464598072849 64.22643171302948
21.389190425303095 62.21177291374311
32.61782048169377 5.844493634682135
64.0838708354529 52.63384202001369
12.368647256041498 71.68595667295321
31.06120922419573 58.56666826539727
45.68701851449668 26.960948308622346
23.64858679831223 82.58936498099298
97.4291966543942 36.412834518523816
8.508828199148045 97.60490519016496
34.32982726522975 38.7200882572557
54.80795169827306 69.29396103645318
64.28196589777735 82.20125010642852
6.062342232894036 43.942636195611165
98.5295240973507 52.22119575781849
87.89887176938134 85.91232118886067
92.19625739824129 13.058070381182763
83.97899843518522 60.25562402470528
75.04634311702884 95.31082625605085
98.2652369232129 27.29894022275252
61.61719367325953 76.91421227587232
53.29253501571232 55.348131596605924
33.185626979217965 37.073893509387055
14.834702375747 90.97260751520592
66.73293641173963 12.032090770276426
64.95108105706939 70.34956809372154
96.06083710143001 57.513439548497104
77.86664826445666 44.556006015383474
63.878181826979244 49.93932356726531
49.30516520316006 60.53395070334868
93.79694801589046 41.66579670314139
50.84419585818889 12.937441892928714
94.38875255405637 16.060941488159486
11.433020871189093 93.30780136223433
3.065294440102506 3.466890174608084
14.809862589709066 83.85912193729186
54.096409524492394 8.419179178427205
41.06554030387193 50.01010876645709
24.64769244647753 41.345966682007344
23.861039886148248 70.8120241759501
2.1047898922051056 65.01653671240952
3.2384029360363664 18.790490053815944
30.386808651106524 4.897981175196597
43.13476426380731 47.430795019383275
80.63055324174616 71.27431677153568
40.201791576478364 94.96266675006324
13.241527205058002 11.494535982642851
66.76410405049967 4.769565110677165
31.047669178184 78.37118994588239
17.42872160200839 65.72337866231375
95.688105936992 13.238453804608707
25.656123887134253 45.1245110000732
58.945338247337034 50.193752697239404
56.92554888342052 82.97179912751001
74.04253269538445 75.89022406730648
13.09925073310172 64.38553903139864
58.573954875181954 90.1751274536569
61.93185550196185 62.5394425666848
11.68214748925922 90.8708491679328
48.38417733950593 43.62389617985431
32.22728557655907 18.980163727828646
98.7573533435582 5.140873486984332
75.75877674862943 72.1295395132718
46.113037182072134 48.24138233018795
35.39606530666577 25.317238684292363
25.35094925694732 15.547871794349156
30.453162521918852 63.52249589898544
81.72793360490664 14.074046664892048
46.067510019511126 23.139877508315855
61.60585365781228 46.21748625045057
38.1616773223703 56.623505882502315
39.498208204647156 79.25925700313687
40.25618506585013 61.100236514562354
83.28836017991395 83.8988421052923
13.601788711405627 69.50410745201776
25.499527503769514 56.802955624012185
32.346388497645776 90.7555278241216
12.658902516591631 58.564859843472995
91.82700967662927 66.63558034401917
67.58949792157915 41.198479598816775
37.3373289549884 62.6299498299212
10.577789182928532 18.58105196056341
84.35402379994734 81.00401157009898
81.25741727514514 77.84708489722347
89.07236511333842 89.18328107817854
64.91407522065722 34.601448258026956
26.15664229052608 33.29646652397913
2.802491034120891 75.67974589163265
83.45998895473387 77.57609855867275
5.4044766701444535 21.20614735308517
12.734720784030618 13.227337881658997
20.639380731467604 22.662826186474796
50.96893631226889 26.844446384425492
0.7622533963371092 55.02027055402425
93.50818756243643 23.68921259536725
33.15740892027841 34.22754900261469
62.18386507311537 34.276552008886995
39.2028315380889 33.00101908813111
36.44736643826045 41.90573449308819
70.34910524902665 20.012449081555484
89.73766462907915 93.70030527444013
20.28523418996575 25.706588559218126
94.39511506627314 31.59790791562258
19.638051099852238 76.8779928867982
8.451255268298441 10.651800558344693
9.482312775775359 58.07091820483341
59.63719668112735 15.47284289820723
4.795942106512507 46.22098780578765
66.38154648250773 24.470073566624517
73.35826503569196 98.45365288617745
25.097103061232716 26.671345042925452
73.68166720586449 85.80777154436583
26.83984958332919 49.36892530056723
30.35109227618169 59.75609524329188
18.721893858658923 81.84416141084094
82.17858734284505 37.72799702232692
24.545439403679524 66.42615126974944
59.33425862222408 92.31269349585934
25.605581329651915 34.10493510278363
56.47257725684589 95.7984676015031
35.16418352424002 28.546436137577746
87.50330491587488 9.24669227208339
8.096703131381888 57.06491192408612
15.900312034527463 56.230998459970905
66.08190801529408 25.275132812139244
20.88997308826823 73.07001117640635
27.816691715941122 79.37984621183543
4.2733788413716 17.369572223279906
81.5717390476366 43.20760949925335
64.98716233752289 7.986520718632972
48.13097308333838 94.23976387955419
96.13181063665613 40.34891293936236
80.75455808063477 91.06101354414875
3.1899937525526223 59.61343542531925
25.855614539872573 90.02729283790887
70.04717285608886 67.38866746727929
80.8434154059229 36.03318542721854
69.17767379560078 31.165214235562644
90.92200520761983 62.386483160474945
8.365163226924466 9.012166490603057
44.61723106897535 16.458983751228008
49.80999357468852 53.76555205664799
10.098106920333061 8.750169917849494
99.45430744008159 35.642944577967214
43.233091141426904 95.52069463616566
42.30545721298855 42.39625553443756
8.767819240020946 65.777150578526
10.74023528447201 30.39191595108712
66.59273488867082 21.130193241035023
87.3130318198423 15.920774109277103
41.05242560810653 2.453671950176095
99.2648404265226 94.41271130998811
36.82324634028278 3.8946999521277004
87.22649458682663 56.24780640822997
98.97934842296448 19.105132461249607
23.92616187216172 58.50200829803869
64.61090622253569 13.75457134305944
82.31338525593654 4.746247193973385
26.038920018378665 12.291007750470495
90.80276895943639 39.796417673647014
16.94315041664003 75.833941774411
40.277539049240005 83.85881489672941
42.36419816920771 27.423184196418426
48.89643554154966 38.03841148703664
17.416386868451106 55.541636779732784
34.6572397564842 28.754866220677755
70.10288248812353 70.274161062624
65.89979735147185 54.845866420844416
53.36675858023978 24.397616402237144
8.7665248380975 23.477297878536984
76.81371214424988 73.95342221804037
93.85747152143237 45.113617153006324
68.16012336156763 16.234041803469367
66.46487149676675 51.206053039745214
66.53243109857301 70.84359514315742
45.94902475841485 11.774398444616473
32.719898064465134 37.61892539437008
1.6727361115813633 37.08176498829392
34.93076414217428 78.94508062702951
1.7330688167316977 80.18253213880146
36.61471093709763 51.07568085438834
82.81821931282218 97.47677353413344
63.94976624023159 81.13060126601684
62.21266040364923 13.599233342267759
67.47282283680659 11.386358286007736
16.996406439672505 41.56150571464858
38.24584791240031 80.61528486413006
94.73647902522254 40.17812895983652
90.87430253707296 27.978579283131523
2.1933028805290133 52.782827007054365
7.502520674004898 27.121318997951917
94.48159975792608 81.30203150310547
81.867022545414 66.75574192744446
41.0280856362651 40.7121710788944
37.878673211442134 36.775362752359975
50.6496439114005 43.92960739558309
4.976088573603588 87.10519337564261
83.41253540631254 26.353513688553278
19.536077911059337 98.39708161728578
46.16667535654342 60.32000245148947
90.80070682147768 8.392848848066103
8.621679276149585 81.42015064697507
19.64821069013012 15.747467496833846
28.5256561749782 92.14876021529761
90.80093059679342 31.40172949333737
77.83987240129264 63.45110034985677
70.55456665035886 2.943605042856823
63.039101396616104 68.06438915637452
79.58108228580483 67.30629260607247
95.06540573448952 6.5727047022910545
33.80659335496288 39.52025424116774
4.80863032557608 46.636021105353386
54.96080284714768 30.448488952367182
1.1137233195651186 24.57919546626435
51.991543753090056 9.108924990817012
87.9417859311745 62.109282296974186
18.3242333348149 5.474454813666418
31.869147778038155 32.62497212378357
19.20422732090399 16.56430670131932
45.7887348665794 70.00193068255905
34.18403763491913 19.519264101553713
57.95534819834405 88.09329127752854
51.569810623676894 34.40225792167118
90.69545543280799 77.56226612344481
48.61724780970227 64.0018591300575
41.676416172183764 19.924233574055283
55.611463481023705 88.06534235018685
66.16546718273413 27.09331264963346
13.57401577065518 68.19585967593123
49.14403290595077 24.35397875766676
57.57766401940656 5.5990989337177055
98.55817180705584 73.60076959542316
18.279005743865984 46.25577050277296
19.45024236932076 17.757993741766676
97.55867081369018 84.38886097512777
66.74712886241645 37.04193208399458
26.53577931654201 14.01033010834929
91.17269082624948 45.12227752034417
68.29898244345733 79.23543977834078
41.356055476094646 30.311827315099027
89.32934605709188 5.887478203755081
12.254155240319475 96.5220470350542
28.14371379027767 4.528430558054497
41.720347945902645 11.377152265051604
37.085905859321635 49.19326644411031
49.70473806259119 44.62368769416776
11.86980187674791 25.360275170193592
19.893296537977267 86.28102020679631
60.95974961278303 34.126726269174036
22.354474215489596 40.17672013711744
95.38881441523945 63.15346877005415
74.86468670802331 64.39982755991231
28.114182619725025 17.924408850496597
50.614559114875156 7.211426043663005
32.80904408478331 45.832158331079256
98.42290924676517 39.20452212240193
78.91191250401046 52.86316901015458
33.65660324927815 37.47066415515184
84.92982333560457 90.20675488184591
39.701161154135 74.6183345789487
36.29217904597715 79.7763027725618
23.21349961453272 55.08467617286736
66.73330185194794 18.33868350986212
27.753590065653412 83.15068012440263
71.88513428407406 73.22521807319893
68.78385376749576 17.664955895295197
89.13521772463018 28.30651179853756
23.548598046458615 32.86174877844943
96.20748859529726 12.849485531955196
52.4726672093295 57.02466666471031
11.606422838503594 90.50359640104459
47.95840332392471 86.18690264630469
76.12145033606441 72.48914089429202
48.30300050543512 67.60152008557915
69.89639790999429 2.064942923033475
33.67519436028012 79.55407965168675
22.9995402082648 99.89767594923858
40.71660365943763 41.31714698704017
24.641368532937236 53.61345682873016
42.391884947356864 61.99515000069555
87.74099520462997 12.423256343678467
93.47835246172434 74.91400998776632
68.22028323068692 16.79429407657178
96.57952074542537 49.1033371020847
13.21794215902823 4.431735097675271
9.739082803298427 43.12486748475624
3.551106922401792 70.18973312131358
84.03432458727306 95.71647202346713
80.47048877746205 7.8593970643527244
82.35778571881285 57.63942348374043
24.583540980339947 82.3272310644438
61.672084939329494 17.200508079451392
43.00968638956353 84.43610759948623
22.815546229683427 30.915050710671245
34.514548796272784 32.49185838524902
9.720139229921475 11.687644211142034
25.02143732370843 68.14322570971025
3.6776962534500246 78.06418002917698
84.769225558292 20.460880370779023
94.94242823598573 2.8751013214583843
86.38849114628357 33.105058700158274
82.42609053970584 73.28209215267691
39.59817572620867 94.73298133133528
8.205349600435508 95.43531237332479
20.658875736484326 90.0992384471324
25.453655015449762 16.624154921710122
70.25986184362316 84.6126376241373
71.38808215843046 23.573573263108027
46.251073983710086 51.33021441525714
94.30712632635078 1.8226566864936178
37.756686049869906 14.06404606092362
1.5967327868055214 51.529415304887614
6.868025011511114 75.74295999095857
79.35781351819158 72.3158509646082
1.7314716622804704 77.74069464209671
94.41127589598143 83.24351617840786
97.98245877463229 90.51190565646164
81.62895567734141 9.194576990155667
43.10012440955377 68.70290304506447
61.88755537439794 39.79999198524566
49.24463278082221 29.993596909602882
22.823668836177347 44.467622848907816
72.95158855692252 28.080629279957535
23.764195141049193 26.01182137143725
9.385314270238144 74.45656468452884
68.2312791723885 90.79449417619034
22.998392218656583 99.75552565116361
11.224248321897633 31.562401110244352
64.55835369855103 60.14836345592294
26.45627541394724 31.772146045255
21.07853167651619 87.34192923327586
13.758153156547404 0.2362322241646897
1.0560281922177284 52.823147465443384
64.79417469704882 87.83000730253947
65.6858943172191 82.8522683186795
3.438807337051464 53.71625866129814
41.629335086129515 68.01969519160652
2.8587748919778333 1.0507725283054548
51.91430062046503 28.009490787923987
4.402692797219543 36.715931423365625
81.21959986590551 72.16569872280665
14.894500355187734 90.34860860105145
36.22604444259885 55.818409671432946
96.85522500476327 89.5162207929341
69.95779263860659 9.668579141891698
57.62377071819884 41.57901135051014
99.60156111869078 43.34607868738332
2.7699446091233426 47.40615399509414
19.732123965553395 84.57571394364778
16.353564717957212 80.83239643689177
75.30719798997461 85.49127586991094
68.46723127054473 35.56904034100769
35.719759375096 28.111691380748425
41.22120706025707 9.902695925296712
29.41142316296974 96.53259169031132
42.22996366969887 45.10367268557742
45.167951072892485 36.837305688338404
64.73143533786686 10.442104195459434
24.31982923709168 33.48107364878945
16.16845412993888 86.88041096060401
34.325488312064856 78.13911811605838
26.934594719453052 80.20685526352756
47.2790039680115 32.48837336612582
64.54006626057304 61.89032622725475
43.03617717985529 16.540020412252375
28.194469013101163 19.051173228715523
39.6103170756384 65.55203506511158
62.39271191018463 73.92116706570566
26.410341057528484 98.75429698609442
94.58547145176695 68.52568151323317
22.012358308192013 13.49385825829903
56.73596442108986 24.82856902493309
96.6588967928772 50.266706325164876
35.46562362835402 36.79288306046566
12.858950274989445 79.83435996768668
6.034992190056077 87.76493840387222
77.04166326410218 5.953960673544723
68.35526564812608 11.941395816035927
27.558332104691008 55.340688775679034
26.749301395536374 42.26244800393288
45.54868986096816 37.224329158113775
20.627361764372722 0.1990423565860322
23.84298850187312 16.492622256206424
74.29882974795345 40.404082061642896
94.39860866885948 11.173736745219308
15.447576259829532 33.05256232025992
35.95536064042564 91.20898465404308
68.20318640182495 9.267380652421785
5.266004725256024 36.57807228118956
29.96144553438733 26.054664966054197
89.04671113209265 81.42839930517705
96.77597284293003 31.19237979042968
23.99250818627734 10.274450305002869
58.41568577589824 11.957589232158794
97.87060797999685 13.855192129578109
37.47866247639096 86.01850179162915
71.63112497096371 63.64727330747834
47.20001093677168 91.20155229786857
99.41554528869962 35.3201449036433
9.757953764650406 41.7038966502042
96.48377363827385 33.67494909301125
16.38700120897043 75.87080356512644
26.04971268615155 67.00186944127677
79.15626758329101 31.277167533007443
88.75160733467236 89.79594596292557
81.78453004624437 39.66595294606137
46.42834669499489 59.149092514568125
93.59806810144997 89.40367447470872
12.149333305867982 96.34988386134489
22.194892141032764 73.44537551629647
95.16407495402923 21.612049810909916
23.983016126497315 79.96814290743953
30.137426697986 19.065906034585467
37.084363292616665 20.333248448606355
92.00426396510599 11.499239723518073
66.53107715216382 43.79489565464007
35.60393372840927 65.46413237451397
0.5859703681214468 51.45652230510207
4.185065852234282 78.75230128649437
75.36629459939009 6.8265359311421525
37.88199646410888 89.54539864515922
29.66966977832106 6.012129173091929
97.61916268222794 80.6296368765732
11.760578904892949 70.60437567738833
85.32003801430976 3.0414452022993643
43.589489385293454 45.6251004998891
54.66387181032661 38.904783296240964
99.18569850531367 75.99246424582992
35.7931842666773 67.16077313436392
71.151840490396 65.3431276860888
38.804265832258466 27.735826848021404
39.9659494200707 60.88155750843425
93.84242245289447 32.4087782760099
23.672556740784103 98.61558562075032
77.1318324137759 47.4097758149453
63.3400716097956 92.00212186399672
97.00347404424315 31.716480153104975
53.41850620311372 0.204382653021562
84.47808497452336 41.88758475174716
22.1215248337163 20.403097778932633
50.22955435797236 25.261911082879784
63.31937586000409 86.49867843134076
24.31033760267256 51.07149015619166
71.22824140206974 0.793171984933716
42.0255229977976 13.29941843433351
14.438139444805653 10.632393224613468
56.76034678135835 69.93661109489358
93.6362762188654 73.5650593720624
9.471237172172554 6.498910426548288
65.28318716002059 92.96081528663522
56.53308577084202 42.18002320214866
8.406715780681417 56.35754429117568
98.14406530008657 56.55061088917961
6.435133716334351 66.19332074170102
16.316473814856437 32.897355874186516
40.238438222673324 78.91970454116522
23.289243716276474 62.77083399527432
78.9563780155493 66.14033475138514
70.66762474611497 94.40433976900333
7.302607488677881 0.5493193999223989
