960
1 3
27.42026166927538 28.028756620139973
30.80015673568546 22.39255527176802
61.2268139626448 38.15209564578454
54.64451038889215 8.565747685254376
98.69987215405504 46.7999900172575
6.667612395982991 81.98639604223217
39.316242692484835 59.585992668287524
69.97310464388389 97.43578809343386
78.23901233289719 25.10907663328561
52.39457700835379 79.803653745808
37.32002932578222 32.29031570552361
11.993425752786301 78.24897936891553
94.23732962102306 77.84038272087095
12.794586841725518 5.437310814459262
30.941320695709273 40.88300395769926
84.34720041802808 33.496661144579875
67.1812526765829 84.76630881648097
9.203620462515772 65.03231432438155
66.34222915114844 28.961253142099963
99.7199727993159 53.361471526684866
14.834891310782572 57.45146282122806
63.889405137771746 69.92602834082425
52.59820016819858 27.986711419383692
94.1967418717867 91.01213024250887
28.841124314982224 84.753914919463
45.27286495300149 88.92569655963483
44.36748429009132 89.50954319095116
3.537106090499864 21.566265628866923
28.335168113024324 38.88872016059135
59.43475966778791 55.98254878505586
86.09189142536155 43.180083954073424
66.39306458883034 34.75469112100116
4.320009006489878 82.2894291407815
70.42673516853064 20.804485948274156
24.52080279229687 60.983508544831345
0.9944336175370827 58.37426354793334
8.157523377781018 24.992589259021038
78.49167998407951 6.914648121282774
66.11492829957348 12.702302739608973
58.50673335965326 88.60290500897734
88.14224932394879 36.98103106442261
29.795056008782183 88.1495513762371
27.703049211588837 56.655558082111824
92.66293618117312 15.351265940483083
48.811835753897114 42.877215784147495
94.13597509277326 22.963666877492294
62.92016924070829 86.01050950889024
73.01725942654814 71.63257755993932
57.663921257390946 64.52626881468349
83.25296690036505 68.78011468832636
57.99943785131318 59.4668111331317
79.64558639034078 33.27886344654316
22.338037874115813 70.70581396905177
41.51172208648575 82.68232893862455
71.21999715648161 49.255003813726894
48.40468644260203 68.43223679756214
75.67718379709933 35.43298562977413
9.004571615971546 4.306662337576839
94.67125759811776 21.967115965360364
68.00115561010838 35.22078613723612
9.67844996333942 69.34210294577873
72.23746995341254 60.22911703324252
38.08013923094633 27.373524202519505
72.76429182817903 66.28913893839412
24.063144651551703 71.99755992847156
1.2305583410257004 30.07034725019153
13.442018233083264 28.62898787655961
78.97087822460101 69.46179875591503
15.29559252781032 44.62338742750123
24.7690282307278 28.16157413048184
63.52185168394988 9.375830837698729
76.94437601548974 51.16989150046889
52.990781815963686 94.79583124189305
48.89631800670706 71.21960233969634
90.4798296276799 37.08945933776373
31.062019922821893 71.92818478637135
42.203277227171384 2.8042120088557665
73.60573508035793 66.49165701886812
44.676328086762005 79.53939400871374
48.81014452252508 21.391333656656087
5.642788346526206 91.26911479403041
52.84268649141182 3.7027399288855234
16.531468729821917 60.1715402269003
94.56324209994553 63.36648065811035
43.52787921855483 35.813287359143196
62.481731866812936 37.81234474350408
97.5376189970349 3.0385054164973058
1.0970275511192007 91.75649152492922
94.37503808973734 37.250050931517585
81.38753714923317 62.733789259947834
81.08046386156825 29.47342326943112
22.410908651179074 7.584692909171009
28.216958051776842 68.5870256987099
53.69205972980504 0.32006119561032165
72.71879282025677 89.04692827866623
2.7927779058366964 23.61098372586168
42.14197632968863 72.02844483880835
32.61802646814442 25.14396061597324
30.809866911864113 84.61131032198954
14.817543742797534 85.99238298271874
10.855797649755306 57.217696982269175
66.13392908176831 83.34643302562299
19.246546249193198 13.856538381724315
49.65938788852748 24.67638085078214
68.44241522627942 53.53277689682512
75.77885225299188 99.20118126082158
42.65920672637063 42.92914894969157
98.02933762499431 71.27482068090404
64.78204353053873 91.74271641722973
57.83122835170473 21.55080004331813
43.35040224633493 16.55851720755186
94.48639862382124 6.800879288354578
80.46858516958395 62.15646037545039
78.93222664211899 44.24264026421585
74.14309084370613 82.74764060654887
58.337933746624884 40.880712609539074
11.964251173064188 63.3337557012791
9.158858967008122 46.10941854913866
69.58407923793806 49.20903374161541
5.263866659914451 0.40180601119867987
55.39393440175311 60.08834267939784
49.63631544994067 92.49188692312671
62.052642703650406 25.449305679779812
20.06193065742561 55.49876358429462
23.354108290438134 82.31382322066989
97.01594285857094 81.43031135826782
37.67447943167432 52.08365510893573
77.82936506142171 85.8922794206233
37.72860213256091 83.54426184207367
49.85895151175257 9.489255057627988
86.47921984216396 40.08171269654197
29.45753585350859 0.27948213120030374
71.72900208433408 35.04603604264047
50.090598851973176 23.089784069473396
23.247095739805633 77.06010814413379
84.51665617117072 29.634013442996476
10.600101197616251 42.08646616755893
20.652249433403714 89.40756154442562
27.583828967452128 49.96208170089362
13.184906343743785 1.6900661231642689
43.05165049780293 64.53632227118527
21.994497921695277 46.216204234004366
16.80617013629522 42.423241167669445
36.504218640612265 88.42670904544137
44.04228296681858 30.1640230135801
44.192218537056974 92.7071799516944
96.29008926309469 52.27139316723155
60.592286695615606 13.56081351003693
33.547512179669425 2.1924511937622126
38.239960493659076 28.174839060659075
18.220273138959687 2.980554666052959
54.829667159287546 4.841535549260501
13.725739907933242 51.81985479882574
26.780807727109824 78.19653709232787
12.181127019621796 66.6776044339915
5.2960109480916895 48.38901093128363
69.02892653781095 67.81300387843561
39.9188153233641 4.560278921384064
3.231096858100324 57.125347028813046
98.47498784955242 59.65000948663324
37.73272057737529 25.708722426013296
1.0546973397226989 6.933570330063632
55.698939430887194 6.9467825665505245
74.47635727990726 20.088689611463817
27.698931618197186 34.02706249354155
20.733116135540918 77.62752778516884
46.89445697447982 67.78347089946817
76.62671550495774 55.077015796222085
72.1808236175755 61.19075723602789
39.12620225083523 45.79270375214579
64.16342634510492 22.89279079808675
55.86541912449006 4.7077014140664675
15.267698525403905 59.57795826564494
48.02343563689211 21.632022665505303
23.529056939810577 88.1866708471637
56.88873142312758 34.74350313015147
44.45571766475369 4.980486472532664
95.34122163940029 43.36933101112963
91.89630393949521 50.20731837299559
21.20027197160832 86.85861434377699
27.80022809821108 0.6834292550471632
16.375172123200386 29.53052607312965
81.26662416890922 34.24113972721965
26.149240659250083 51.907611172694224
2.2202777860822698 54.45792350304017
90.03281233611469 63.06275953077309
24.815213689559123 83.19271853383816
61.042449301597614 83.50972136112347
33.60008987097396 27.75702716021207
94.00070646575529 27.227549798254614
69.17125014686012 49.62410759021658
76.69434002277448 26.018632088628735
45.6509388265367 34.51194544218386
48.287510181630196 31.979934481920335
35.249674329649054 14.245911195272365
54.56492995242439 85.96962261100596
1.5089967727812015 21.553042602221485
73.689534787953 43.10468907249274
49.09304107728823 60.006160515013086
9.55319485848225 99.53225257611808
51.75057144703985 14.887117639389391
70.96422176438426 89.19216638626632
86.5354041448258 79.13818591268391
74.12476806095101 19.05000227382283
89.1040223641989 15.059096756087476
67.53160696536573 84.64521757957613
60.10761724844256 37.019665163456786
77.30138727144345 97.83647156991096
82.5823376343594 83.97132802308973
90.01002086396792 19.197108001282093
12.482706938676746 10.638003617819747
83.08394040999696 2.273304816585031
64.9785080517433 32.46025029288406
50.34347729009152 31.41939546170718
97.68769576685573 39.311953591814564
35.149069474790416 35.48262158885438
3.6217095589624604 28.46682391452515
69.99974437882162 80.14142555573565
67.68161325217807 51.21763633531848
47.12802832245009 79.46011798265825
56.22539959086732 36.90963957087685
45.265124113760336 50.06460962477908
94.4021397065654 64.98810281254957
45.75519884062953 57.68283319653376
25.140633294952664 68.7116252499421
32.5570194009096 69.00136334018556
86.24642415377129 63.72707600173535
96.29966983194691 90.73478727045212
0.23484128728097353 73.42162021930807
70.5504547771429 59.91539754137427
54.38049634775886 59.972479274322964
16.258484161226463 42.25038649893187
49.78139846289811 98.97579875496727
77.66107946496248 90.44938243992232
4.2288648469668955 23.209152579523938
0.6597992198330571 92.45557681021819
24.337284671373773 30.05729759819522
26.110042739383864 37.22244580765155
23.930969656984047 70.47469740494832
83.948818672209 11.1193690453111
86.62188090065499 3.7701101772217305
89.09443281440757 88.04516366338247
59.07999637595211 1.579393120871564
95.90817564814115 59.87780758436112
56.75305987309807 50.39197485912978
21.724296213951042 79.9255239793058
81.31914921948945 15.247274006454937
52.392017210604756 75.29809366902718
32.18123934931945 44.461028358890275
44.838033600560934 24.897713781754295
72.77030066754944 98.29241286030947
75.9149914507717 95.45429767631109
48.31946775552567 2.9897724300834927
53.41308130345155 95.31211384509008
95.99156869365149 71.59506971444554
51.676108975597714 8.450707305446459
44.02412558539881 8.458895826028389
36.11461622185133 49.21890300245251
67.71810601978963 78.63300307116188
55.22508941377815 98.13956794902245
66.38936767055847 15.218940471029875
42.13049447367128 85.1768732867371
49.91700468494962 96.36592856496951
25.664132357575298 32.00440163747604
25.550457226106182 40.39394231823748
59.899875885533646 31.105188605363555
76.44990435443226 27.041753518301913
76.7637643617435 16.922118932381647
15.933063719535578 31.902923224311674
24.079467017526657 21.535229466109307
80.30370788304172 47.22200921894761
68.34868165351442 23.914212710447245
60.027276862325564 26.62455359871416
18.852211909084616 73.69729586451727
98.67322029949084 8.208483867995753
76.63698535011507 42.5371508163652
73.21879130676434 11.067422493385436
83.81224720720265 93.01060189270058
74.00602017989098 40.9214427449468
62.682526402362186 85.2533791397123
45.97564282729372 95.69622914188731
30.54474095539941 69.8722696791213
81.93824777715217 5.970366740045274
20.058960935761228 35.9525789170696
84.19730064496702 38.333128759440214
87.23053730467458 35.072335097319815
46.93700514232076 8.02643120970643
63.610930159677245 72.89540287432976
66.27144053499974 77.08488062842068
99.485712011399 97.83634374230769
68.97860199393568 87.1274013336448
67.22874592309431 91.96267315133642
45.83650570726772 69.2876936044313
63.37755292053917 12.17082630292019
61.901258389638805 45.589683917317615
37.17153456583458 80.71395559201495
22.876218614843967 95.47311142999591
58.926782523260336 81.23939392308573
44.835191958373954 11.365235788695083
70.24402832979717 79.21045942350177
20.69935741468507 2.0499045227639012
59.13708223660099 46.98325896629243
50.0899729789785 89.43303417088504
71.92039385398996 37.500998290231905
87.59272202498107 7.9194836279583125
8.651853935930198 46.61885599986366
77.10770259593778 63.5563184378712
45.64165737338111 53.885681589198306
86.76595326690253 75.15673508460652
22.164713579499274 92.39558577443141
15.209017813299841 43.523763278596306
23.53542128386128 48.208845572197845
59.577418414381064 25.93413925007426
50.99819601225426 40.41064558228975
41.6614669364898 75.15365981036604
58.641891700725424 46.05139236135744
70.05814388864677 61.162121715595454
94.65846611957545 30.73783814099236
9.857516546726286 25.680546111623382
81.49968076750291 69.04403574188149
19.14056095620882 72.15638159769358
92.0765680509265 57.02812728809346
20.33727962738221 25.062231552073634
29.479851631126298 32.3145607875857
22.077917171362692 70.89517971575728
21.514697699487705 49.32101785796468
92.81707978451156 26.527273647183325
9.164802093024349 82.10848596012418
96.87800184472512 39.070897825897255
5.012369860364818 65.22211643898352
60.640076073364504 70.64930531173974
48.91272557165782 65.95251167085738
12.17059152250135 5.321195229490905
43.75393244702297 17.093242347914916
72.17755404190378 4.398275173459121
29.33405110679177 6.187346096243274
73.41892796408698 39.9967638378246
21.944607166341434 5.096823901250858
80.5032404959209 69.67329041505579
23.172999887992972 52.01747928875524
12.017084446471138 38.2895177300137
89.2578446184761 68.51444946359761
1.5550719808725466 19.588264099029516
2.9448774735271632 38.039177210536266
63.79961274876611 86.06046475507156
91.41345704537099 68.11666761733204
98.93896048905137 79.69680485033035
72.23309272378893 64.24413762093172
29.097465868675144 99.20635090379606
84.90400165420213 59.99048920540253
65.61224931023564 40.15720486343537
47.54251658436004 17.472876103874047
69.32673610581202 21.842948203349334
5.6784394901620905 76.95628904594543
98.81896126183092 9.525074668001343
59.0684081520636 51.70506735343956
28.476790183120258 29.402752269260258
90.00485138358594 69.5219183966118
7.668285115583706 54.71605603706031
76.96998310571334 41.835944540725144
96.04679714154447 11.959319466891817
42.17644911018521 9.11681752824478
2.205412071379964 49.87816629201176
42.19827902001405 8.048833823723921
51.41238638702159 59.507778922972896
96.56533746809623 59.91180244050265
32.04963934527694 70.20766092725881
20.792066077056482 74.19154956385047
17.88568684999854 37.09510535103053
25.789582068418238 10.907822510100008
65.89748508201609 50.365506375020665
18.13023427239755 94.72548413471824
31.436291509342908 11.314920813995254
73.13403120372553 39.578183032859606
90.04812201028025 26.362395871214783
37.52513980443402 33.05654031782694
75.30450970205496 7.538982429329333
17.339135137677463 10.794688895433357
93.9191461816399 61.05934428574471
22.59015414516179 29.185879259237367
18.86877265343101 1.4089748556147086
9.274703027201458 35.12016878141575
62.01186888715593 73.07326031344378
36.888793760252334 82.00715768239613
69.2714646827264 8.49043370134417
63.34307124325469 3.5460144801803484
48.75096800478558 53.44546087381781
14.374706383954972 24.354634787047893
37.26747823275232 99.3643537654091
19.18048163944748 59.18560142352995
18.46443304575571 82.74883734792296
22.30527684100756 34.19398898784047
26.79894300331793 86.47379815097689
74.85373631813137 1.6456607702969306
85.89197068169763 98.45230572352366
15.686237494778531 9.678505519655145
98.40483186348492 88.21327606542091
30.305106414959337 37.62727583845322
92.9659579729241 9.937722236117219
90.86702516581362 51.63855647142916
14.982514941305247 93.28480172919743
99.34646802182732 31.123485606411293
89.18043167689969 95.22382109900506
13.061066666168752 33.80741415533222
20.658919989126034 37.65501816511636
6.239831661396478 1.1071960552816007
4.320890151278589 41.989512176020625
12.734887918507077 14.994289893419488
91.07660317950628 84.69871112991953
65.96512994663959 32.32325089062
83.39849020003538 57.82772718687505
18.650960312341482 36.04706352296725
38.198716019322696 7.077427776477263
13.734396261523463 29.411551712796435
72.60464068477286 58.1855902462735
4.203359781076599 64.33498402091386
58.41346335083439 84.99172046021334
45.51747283625658 70.73450097830549
36.248195568665096 64.88177881194876
32.14659503731041 5.613126034044358
64.23777513213389 23.274534913068923
16.36861780137444 1.2451729550617463
90.51334628582536 90.46716856890286
26.052663639468744 14.98047983148827
0.7316934045425327 30.79749408681993
14.75758406428669 51.224128486585066
53.168807066684565 85.70567050573588
8.353265164495394 60.671664129466606
7.645273977734246 64.42392689765907
74.98947146396904 95.02682166157075
89.49656931837512 40.524907173502214
65.19881697916263 45.74784559026834
81.8771867082584 64.43999153102409
40.033166784150254 16.753326522456224
21.58792555054987 3.820138241208726
22.776358117396246 22.94018857933322
93.01537918469754 45.52236783865913
46.77553446734346 74.83277086237624
85.75338435859605 38.431681335431065
73.31240627237835 41.69942198283225
14.202403833667354 10.681134313222529
84.85951097491554 29.769592119852128
64.43131663381318 88.50833527056021
54.953827135235024 66.97433190032267
42.244571960061506 63.30517373471889
73.78723223843393 26.846965554608214
98.67460459570214 87.69146642595909
51.79093548306248 91.49387963178933
26.676720747056248 73.40899050022588
94.15978358865853 8.025373683802407
54.388756801360685 65.82162002559282
6.210225630994093 74.99553217687358
4.302551995588133 98.45174832290616
64.07508515865983 46.214993734855405
53.15984555836559 53.307823181719826
52.929233711422064 96.92149439140303
28.96325660559802 89.76046543807009
48.86481086303398 17.53794773930433
77.08531241981864 1.031926643421155
87.81608074428713 43.95859401908644
9.465079427847577 8.798933951246667
56.827084339790005 84.4258389600376
43.51077410223147 62.141858743767145
20.40813260857086 0.08760501909710339
11.386640167737871 71.95797836617955
21.514998409393638 64.18183218337263
61.14842630907924 49.60942959049821
59.17314739516857 70.93757376548375
17.483029125066718 78.40757100833974
50.77828657172536 78.99170777766
31.81318741969448 32.237112394888
66.37265509811556 22.660914151722757
69.31595186094597 41.72799589472993
20.875696025356394 0.9696948448163267
51.834341001681935 43.38574710656125
25.26954844158553 97.47649991410438
33.91497744248948 76.3499979994738
66.57385458763356 38.89782756493574
83.75170674898318 87.06974437512211
61.55681067099488 17.09717661986656
13.028189220473152 96.6259042891483
33.625327505842904 57.486811501933374
12.121229518285936 58.05301014323514
85.57880857378177 23.0224530327394
84.71831128982915 26.2444318150052
37.31132287273093 11.847342061796118
71.3166424750468 58.37200537730074
18.608623794565695 29.546176640845623
51.63965348809418 85.65145366945333
7.134187225073441 47.816651306343715
15.65682746162793 19.1575357940164
61.14949007107131 30.627305470637943
43.758380647842365 10.986597670009646
60.87770188232575 80.34821769008708
76.30590625449874 23.80801998664639
64.22528095805913 31.17352861763074
23.228121870095375 36.57088980426404
82.02908056102206 3.1067295303068176
33.333589884355334 34.02639010617021
78.97645360458093 39.90698773753496
85.19211967417633 50.380794062282355
69.054579133891 10.81765287805152
56.56237861690991 29.49073671975666
15.558000030577478 34.954461681770056
43.97913908610758 15.523077989330304
40.51606128511036 68.4030579613279
17.292083264359693 83.72823748827554
81.96452074992548 15.336926713927435
32.71377481510571 31.502053636508464
63.640732512267164 74.09814265070412
98.50797593757126 70.6488328702186
90.15739382541912 42.21844601403646
83.77878984371834 49.71048240921569
44.260894500636574 56.26753778515907
45.43042559116439 17.0571430325686
31.149696248864167 46.45832956628166
15.291174234029459 23.283127765083545
49.116901064643194 92.47274211559792
32.89011597545053 96.41317566467755
66.281123832942 47.9827706368253
89.72996186609817 54.784818289601404
11.28127698929804 27.441961080565424
40.151190405496685 50.4902129602814
76.03528871677818 71.13853730548827
53.39831624680622 86.38090292010314
66.26169429817817 69.24838112759808
32.19220317991427 38.549826685942264
22.357944236760897 96.44986949664886
59.653532935358086 7.313704425809031
24.59283596495776 58.09801131334995
69.20604629623209 94.94054676650927
96.97017019323528 86.37145442960286
42.60659833848872 42.96672137442354
37.625654798299514 42.87395440969228
29.256879173697946 31.369416386855864
48.52138558402832 56.71314258106528
58.603903557646376 32.683292459045155
68.45768798534795 99.61271398068878
65.2961759641514 77.16727486627599
29.64992398763091 19.229018991723734
49.614383525777164 46.68859422372802
41.00221358513176 42.803526633174684
58.99097925935999 63.45726039370474
36.5591923477871 97.70481858646436
82.69979064382755 60.78605360064597
57.30490032025255 98.28494858849761
42.358985978022275 22.934871622747877
19.579265688127023 1.7381832525227958
37.62089993376667 26.671211121653915
66.65269324974736 83.17583872766569
55.65051794878861 84.05009768876177
71.26352453457933 62.0456526819257
60.81492692120565 58.39776231277549
48.05080117882401 19.39799395783335
70.94047755613451 67.64458876876618
61.684126790047245 93.79203637765691
16.23826232688139 90.28289827515788
58.782898046566736 85.3216607072532
66.65845230951516 69.67687705995738
10.70468495587682 69.1611777998326
30.93651552076766 0.4519978510170608
21.970406740006034 45.263841040548414
16.6529042488023 6.737957805606309
99.88761957859114 2.6791501204424195
80.98663865533773 65.89858210813313
96.4036457456525 49.243781668625154
74.58182714918729 67.2224608140376
89.09316478793716 4.736303096665817
6.611646960459439 4.390186820466435
51.33748133076437 14.198063757937485
84.75648343138609 95.06660058870867
13.603965848168166 84.75655752991456
70.4073128395804 67.9370050426645
82.21542046861086 61.52624757088816
74.16825082022127 4.405351289221926
48.854635141502236 90.13878227581466
8.95980992851646 86.51411534567058
7.389278329797766 73.66350480619307
28.35276147237691 51.000357197311665
43.900866736257285 95.8579149547492
30.129809424171516 38.24186310118858
47.93380446483128 64.76820211661465
43.08814159580392 80.37083417190793
24.117889006601743 16.85313759225291
54.08886195080005 43.456596338568
66.14632609224513 8.875123886047987
88.68622683034182 51.80158926265479
33.4756958816596 5.449131302338173
94.38076864043508 8.828698110845101
97.1259548896787 98.0062457472201
20.55994777273269 43.81594198550207
41.88576291449646 5.8008840804737005
22.94082357216649 87.53550941322044
73.88868791883836 85.22125737869928
27.162109384147158 93.3117680558649
88.53588705426823 71.52622079001728
66.53298977195945 22.95367563370172
81.87888860750283 29.6200793874007
37.170699272567354 33.99157059354727
79.87409877805793 16.45079598221919
43.41208149286084 11.258976738209526
81.7476546435891 83.3372739276776
78.23764971390258 48.55242123290893
65.97135666881317 24.129578460920943
72.53440788603127 23.703157359941727
99.69674264939974 67.22256466510647
89.63155747153124 1.7039013542205161
40.38341932809004 52.99273641158842
90.62133275239697 57.958121232188084
46.84180051472278 78.06279800237637
31.814372164874662 34.47652781125132
65.55643822174764 93.63401340400443
17.77631832891542 72.78374102665002
0.2305910763888308 43.748021767331565
17.417817810284376 70.72582808852313
15.125580503271863 29.018366217228262
28.751725631975745 89.94269335315491
84.71642929021608 94.14920547833377
34.326833061364525 63.97961257888449
89.38720192219256 71.23863011504896
43.191990542300914 23.278718926870965
24.984286422835233 12.531369545984372
32.87067855479595 30.253735113896553
39.55288627073661 32.87325954784484
84.33671717755927 93.49423168254971
75.22559636271886 40.89217437738857
69.46939525768823 82.41773275504194
92.80733902049845 15.127126152659454
5.041831723842627 83.19925014974146
14.84812798701709 38.82931086464152
19.608459208040173 70.65353773028842
42.555738186036706 75.68909589630408
95.03715869590101 94.86156234505754
63.79935287891225 31.61564224058353
70.54334136781112 71.03556986429864
2.4491554406047555 62.199332821717256
12.960648935460718 41.76518742794912
75.13320127290643 31.831172946904694
27.360928616065493 76.23486044143837
60.406040821773054 19.0067911133039
74.6535785239644 44.24750459066147
78.85187401560981 97.65729913824654
66.94135659962987 96.71446162557365
94.86005980608063 97.18663101320047
97.7224798559857 55.63415709241071
72.70767454996287 1.8728647027550949
60.751027086104806 41.035880880068106
43.24238819215709 26.00512820486154
83.67409574177384 99.06430706409199
14.757157480820538 28.599667535007043
4.811674339322236 60.03894377017591
7.181854399615029 80.0714135057359
81.3682366388711 74.08649345738327
18.541613982373594 76.1900948665307
93.2112822169849 32.49087110536026
6.50774004242527 9.03899747522592
12.593495691366407 1.29164196550009
9.280545608206836 59.29874394431038
33.33412901246457 23.07589724240873
66.7074543111949 11.820343690804801
66.73096899723102 54.35337197972827
55.333171523204626 41.30949126869194
95.98986185656508 85.1493416074001
49.300928842912526 88.59884080817957
74.45208714762161 70.9488879852564
37.7553105408005 64.60660225259545
23.54613924073621 31.730050484999595
34.508447216659135 78.74323161574598
85.51159910342182 8.327500354142337
81.74329222108898 88.77088315482733
35.837737182690965 60.37700973757991
23.968546289184054 44.010148859274345
19.443570011979116 18.46394739255599
45.0365289974789 51.693711905947445
12.891997883517892 51.58867318429585
42.36754497486981 24.785040370835134
68.92415575846496 6.439317636337627
99.45430616719912 51.310913055568385
61.48056200201238 15.390431993687148
10.469567414087999 95.95736638800103
28.154097328206994 87.77709967087581
81.01173016036753 21.97301302810677
32.794724143386865 75.43239767746124
51.34183762822835 37.9424953984157
74.3738436213328 23.12428653159051
27.88954898516691 20.534681181896985
53.9560083570142 35.64614544896845
74.09177331031258 79.63158775552172
98.58626601938103 23.857383199860216
45.708059687120354 28.061776264725857
70.32766723221488 3.146637050094836
39.51224607616406 20.72659502419727
53.74358899750202 85.98487307284755
61.002690776451104 4.284421655663628
49.506645897378746 1.6472525564207752
99.97218423690161 86.89006992837946
20.529635683465862 53.18698688192678
55.05057083045577 80.76111471662635
20.150030752019287 56.78207119267069
25.80943294090339 31.019133343117765
96.5184264173133 63.884020266582176
92.74937570104322 95.03624793653363
46.38624703792276 31.594718808529663
74.801027281951 24.34547818741315
60.088921705824475 98.88485911232887
83.640406081028 99.0445499867316
76.95543226267523 28.005729777442223
1.159630631748465 62.77866070443079
4.892203435994991 63.77715624736658
28.989953418685843 63.4813104067462
20.56705668448555 10.835696146801954
31.600835728495326 58.45582439931762
92.4284350347959 39.04916439883206
41.00787460737767 74.33822606880878
88.30492834301474 82.78210153206737
31.423673301736876 89.20412532702862
26.481798179993277 75.48726548726603
7.219265617321069 22.230346085410947
57.395601631757344 7.2996887975294245
54.920498934171036 75.56711273414427
91.23677297392322 3.116394987466231
39.749166050363336 6.910371831561712
47.230414324561146 71.24678747867266
85.27886755433383 8.107200280389936
59.9890313198405 61.08429454374347
17.024022695049723 68.91181896581315
86.73422797640364 84.34173690931566
68.57145044755804 55.628994607900076
31.61895485330801 45.35572771819887
1.1720372554693714 19.118034408754237
37.197801392693734 0.9161673409370463
71.36124118258186 51.69205209706404
47.81750137232849 14.385739990205359
56.38783150850158 86.62476081590802
58.9721727155067 7.639863302367833
76.09587977261339 14.21812758907115
58.98270221976274 21.138692487036593
29.664323096913403 10.594504111129321
24.160586289950103 60.27127246295798
44.91488703705253 74.39014348194353
85.61826941126793 90.08071437154712
16.761102367053194 25.082720521737322
9.772848877746497 87.46074894484441
11.090275961106055 6.485238615504896
17.254379687278497 81.48245753832603
11.705267349726146 66.93313810645509
8.070331545419606 70.37755014347033
31.430504977924656 30.068814298353264
49.62720291929668 78.78297412266025
72.79414806594664 92.28735744143756
36.42986817378038 72.98584394403295
73.40347758187346 9.436298742845839
1.9685827282638124 12.174211564130433
25.682074318656433 11.983472746170465
10.319884078714026 47.02048711039186
3.183843194152791 12.55916939140953
62.828759640637145 14.662759687884064
90.40361643778564 32.44972999416136
99.37823184194168 43.51818119220982
82.37173913161968 80.6924446672934
93.81153241499266 65.05102581493219
51.15578985328821 78.84004736534345
27.888641999747144 47.36719116958912
44.91657586123337 64.00313106274389
28.882453752141537 10.785917556111801
24.503008905240065 57.2411730763755
31.88244949849317 5.566638933712564
8.474468268047453 51.33286632097913
55.879726573981344 55.61701391589959
94.53592385436598 22.946304841974264
49.32390063306069 24.93635918629069
8.267576222137984 66.67001450096168
55.78799513502695 94.25791056062238
33.30949827926322 60.81584844931467
57.502446787486214 68.51520642815065
8.284290551027684 22.583687318851897
29.67200164001147 37.42958664728295
23.48392860405104 89.18966434592457
96.43216946719866 14.67082752201485
4.550175283147784 12.233906339391098
69.13823567698859 56.15954379772623
43.2545875093034 40.90420289413397
47.78399725504858 79.25932115527392
16.497704959802828 33.54292726485859
34.89881657348122 49.505576376644164
77.332224549413 34.58211876062842
94.95504781851236 35.823049905802385
19.95335781017944 2.894214402393369
99.9800598546265 42.49457351378319
75.68549987752557 95.84329447147091
35.65184489475648 66.00039342756361
3.5244405812806523 86.32733963585835
26.27910672848055 95.68670351160054
84.23003149956523 72.23621592990908
84.29561086715034 57.276737088193144
25.770375794648402 59.63741446412458
66.73462961617591 60.43455419377044
84.37104226386496 74.90107940985304
43.861336183021834 70.6118027004622
57.515353771423406 80.53109184517126
32.78588301970062 40.16148676150615
76.39407712965595 8.32416956025126
32.85746649431582 73.78308095987316
42.34081879064424 77.0216623805918
99.74258181152167 31.122856603728376
82.101008933661 13.400372672513061
54.96342957579292 47.472315385216966
23.503889021764056 38.905614479671094
94.42618099958766 54.47386410892954
66.26696609416838 63.67545691701872
42.45165265225079 44.217933814083985
72.1328057961634 4.648784513391657
11.842736579931845 6.865258300849608
23.648230458384578 21.210688950704395
17.795144287104627 70.10116514095195
33.890966017262336 68.17444477656886
13.562928835111077 91.76460348987987
29.03976533781414 92.79375222286781
82.6190949095533 20.161620405639134
24.051780694651658 23.3574510881156
13.784314059883386 41.39866629695561
25.65771827426422 40.9875157586975
3.497180411947909 95.8767747894255
75.08416120411295 82.91665655881131
76.20088892280282 61.989946531618536
24.012351177570434 75.99644791337809
61.04492361013942 82.23385358375539
95.73320614519179 23.567094620224836
87.26364876612314 82.9093498843387
68.72245491454423 65.30233055781606
54.8160921775247 29.023811953722923
79.53834927539589 2.7817596539148948
91.87938768880485 90.3742928058393
32.537100162221265 13.901364083675904
85.54408818815521 64.26166675847197
88.68055435199037 55.993919618481726
32.93124685584357 87.59178969177428
78.5266182719524 26.934711511584176
66.64232185597554 81.8550225780489
94.4447042294193 1.9766370140464895
6.281735122714038 36.17096315326158
72.37955329938276 73.46397920719609
79.1897354733253 74.94495006679334
90.20489003405811 12.429337505467197
15.398193303536555 38.71505599532248
83.51282261025317 82.73211325805154
41.116278312231344 35.95280605474951
32.179252162441216 73.56197674750284
32.99370785084543 96.01225597868763
45.60925605824464 69.26875523560936
59.14262298377524 12.792297696644894
51.66426647007398 46.90259250649722
27.63973700886959 0.3191465094820378
53.51186557684699 22.987173754929113
44.37403195965186 10.88413942019577
11.31662964830964 29.339244758482174
39.13310162217749 0.9158564136081404
0.1287616327091401 81.47764362685103
39.97678806258145 80.44607183761327
73.27178629106213 84.49638621844551
95.09825958769547 57.61243016386703
47.785790081993994 29.092857303953146
81.39184818624898 17.233558228414815
76.90205549887223 26.02411004948426
70.02498723342659 26.91655501647432
11.338261956317641 32.55520639960325
84.5746706508963 63.823426520533964
83.7908585227885 83.84607540920528
98.18871965461075 24.944322698367284
72.43845289021831 86.577136945843
44.55201264958488 28.21190874200703
96.90737985087156 51.173941099647635
77.54386987315196 96.87364149739857
91.31018223380877 91.56529843808647
36.0506265067865 25.94831384320613
85.84087861142598 40.29351643926091
24.285612688026028 51.731798278067174
4.852756341103648 3.5044474610115284
53.00365215999665 41.770301746390935
40.42573354615304 55.426740696419415
63.774872374376116 45.690749841222875
1.213425993491568 60.40183709811493
60.715936719436584 21.795561035555956
36.23925297839583 49.20703739239245
47.920767785381436 8.552055489717137
52.07315996811026 67.04719877586352
72.15171591573153 75.67572658721775
25.393230468680116 43.59439004520178
10.225780728137535 34.38984540108632
16.00045647338395 37.08961712006336
52.90551502761709 90.23062576029643
78.8960370915168 85.79088615364752
49.76962281365065 16.275686014053115
14.579135712987746 87.16230938810905
98.72996560238138 86.47278674633682
41.69229362465021 39.86694314749022
29.210567076625505 65.69855882893143
87.90281015734371 35.797315815985
62.066734549043765 5.498269654218313
56.56421342283531 96.46809383844786
38.02255245406443 54.53377505879726
9.07912267981743 95.06041661408631
66.31655573988711 96.17467741527956
9.52413314582332 1.5749743466562327
66.6349854236077 68.42141235589003
95.34089183418163 3.987023846258375
47.54635428339758 48.49558854751428
86.61962158595684 52.100411048977044
26.880584859424307 93.31798579221365
81.7445176764171 46.947721403669384
37.47442341857048 99.32578052748315
89.41048026921699 34.28961723701458
79.76774378068463 50.910096680208184
63.889566164094006 55.10623455826165
62.08599329225146 31.201134340100346
14.92470309047118 9.578823423286442
40.05539763640256 99.09426307602796
55.74869477185207 41.793939616613464
23.76451569534499 62.91667967659538
27.591299479656016 0.9543309134918854
69.22219763484254 86.25685444869575
91.67852620621117 85.7714876857024
78.8624347889594 97.87977063533056
82.41048232912367 73.031857540642
50.867781032545565 17.91589932212967
95.49544362232282 79.47511847598527
46.70421986899513 65.06462519127626
63.727714303362234 44.77390578467937
15.268616051658324 45.9038891879427
71.10625649205925 65.72191010415406
1.9568068268717598 19.247722236731747
16.221505206051457 12.670352357822345
72.45547085822174 0.4334547318868731
31.997947911479272 39.69251321577032
47.54989809737567 73.99089121392008
28.951859054715623 33.80530862738289
94.67243024894314 20.63064460763393
36.655272187530755 75.49286704653846
87.26935582962578 37.19068837528583
15.968335040466952 32.98510337189802
65.02670541185577 13.871191967274576
83.01776702432029 95.72830259284484
62.44480928928478 96.87321321351476
7.133541175126412 76.89461960249915
61.35616968075224 4.766509881216541
56.732227781792965 9.55270259027936
55.85014505899011 39.027124882885936
89.02426456673298 86.97163703971167
67.28612370573836 1.821350909783126
69.87807150327056 58.942556014344795
44.8978956223884 13.244480318915631
85.06701755607149 12.926444610077192
2.1664578252765576 18.75332645082779
40.40687360676909 20.19611715148042
76.86323176479081 21.49201963220144
61.008147888709004 49.44640087042502
39.85359768546808 12.13907262716447
57.47326240907713 55.77702329596293
3.441127535608013 40.06110251514019
8.181514440923099 64.59560479373023
