830
1 3
43.091177196597606 52.75945668957463
32.19704331624287 19.414611696784135
87.68070931100789 94.5403964761099
29.631919084190052 13.715895590662907
50.870962259097084 10.565855852163963
53.092646332536894 49.762038121299355
61.21539439153134 98.09329177497024
15.212477598247908 96.51170955384332
80.43336879826732 84.00476858338615
71.61050534202451 70.68584567797929
90.96044947218635 3.4011181353787334
8.637274069424983 4.658442090249815
97.57836658129186 78.39505890520617
9.667370762738624 85.44965504802249
81.06906845570951 17.75795546087522
90.69651235222456 3.0514405590904348
86.2877843577988 93.19986086329996
5.260782012299692 71.07157674859658
74.89729642975189 66.0097133234174
22.662359471949923 46.824391961549374
7.129911177037429 7.982884723754369
20.409078566491367 22.994018116733695
17.008272713413852 14.090675622732562
76.61568576153412 33.8450844706514
34.3276220613413 36.00719845591747
66.54821769237283 58.052907422211455
20.452438872729807 99.59229768637844
12.393349233144523 53.98191043278919
47.792027187975485 9.25865334052145
73.63911632956007 26.4603941894713
54.35244874475076 83.1654157736661
37.530183004349674 52.501678972443244
51.120812537344285 44.52646420760031
39.541089724977006 15.712631183083792
13.151948068643593 93.0134812518556
61.40187108166823 61.348268980449674
29.730378243718757 96.59047791038364
99.10076673563466 49.04425462741777
60.921374061944064 29.885469425182087
68.26150147303125 41.88026593777201
53.651034153159486 27.445281553672384
60.428067590177356 80.95509668787682
5.749490679122937 66.86955840243736
63.95875277602392 23.371510336741586
16.36000616193718 32.84135776659718
67.14066288483016 42.243133778978326
59.65780503786098 42.62704439815903
49.890804389775376 65.48248401461983
25.478152577402025 74.79942633681583
98.99091614800588 21.801614689679916
93.29553518129612 69.37475575637116
57.19454887353099 24.840378180712808
29.726083886388444 53.78182801799365
99.75616384545974 62.606463787268666
35.76958196422508 61.009207414383646
18.206179475531737 72.25082206317262
90.81617574088693 90.44768030743337
58.42017567367546 99.17185503742859
91.48758941956625 34.820193516589114
65.87391143941727 45.02637769683382
33.48806576447538 27.94853288406982
33.55100122136258 93.43788159243678
21.815594082058997 39.79635247857822
78.0787756156221 22.51113069826647
85.43026128053776 63.3008033965492
74.10383681645425 70.78266788668603
86.90577192272882 80.4576422679697
61.47188217516961 31.367105411947005
48.393355899615244 13.990653487143678
76.22684586797665 75.88467149716102
15.001212462005231 3.1439199723968914
89.29906325748915 78.67894463963314
6.7860948151290845 9.841579787563681
96.9778965891492 93.820950526519
7.425156322306337 79.32488808212817
65.26087914992598 43.220373106121414
84.79967092718195 63.65799672162906
33.18328721325696 9.515190922651628
39.48194751512379 69.11498026260787
54.0559953836331 36.38666592379458
17.157742016394906 12.808373577961273
71.84819918021694 93.72234185232287
4.23747373181067 51.60862758023692
48.941452265120766 74.92827536728586
26.646734778861457 46.570608755778586
67.06932872411254 79.71097715823299
69.39859909891413 30.64484685048068
62.26623116811347 1.2412353434833934
3.3054533281006826 45.05831226341985
60.28491104339913 87.97131685883303
48.52106347475369 61.004143134443154
45.9039197770156 63.27639843940875
18.144807744901325 5.57588565397471
97.21061063800676 4.601726603034195
23.005715179366426 76.44590967540891
8.025512776280209 82.63798539038739
98.56221176714274 11.823623657473558
41.81269413388931 32.83250646676761
26.47793657900641 83.1968482552123
86.43833326481354 93.42034790254952
13.673178606274883 11.578684583159248
37.82989516302288 75.77316656373314
12.349744568891264 82.87465359347999
70.4163972529588 98.3727105854258
50.77627544936283 98.31494214389582
68.84602635369284 5.7454503557755165
59.43521640847897 20.55275067002904
30.629151177991766 29.262873906942154
2.498606125817693 1.396043950583814
39.43430036613578 85.35656526768287
80.53310655036974 35.73245740396609
90.56058023978157 88.117365932884
1.054810525828609 9.595670683887958
22.628246397305297 25.717086278219693
99.77886693160227 37.959109656863134
36.552630105768344 68.86089549726431
93.13053979849917 55.71278346238569
15.791710972022898 39.50101807796196
65.11700429815754 75.97910367288617
39.00435886841402 49.53811671412986
13.988345530702627 27.0971828861021
77.30650968160644 99.12991755959366
91.27138673587578 90.47842591609378
71.81112820398556 83.4176033133313
25.145089382640883 92.14070102428047
90.10765253526851 58.02425550194115
10.004535479121014 15.74421287676213
92.27363100712995 56.06105690767489
29.059143737719406 55.692455486914795
8.879617593321276 5.09529614057358
99.72599577481871 75.17678125938585
41.101916847645924 17.785037131130576
57.752205645098975 25.808198637476142
91.17298136591528 11.945182918263452
4.250481045168875 31.87922875274307
90.74861034256129 51.23473260917937
34.798083331567334 52.45929247893062
93.3935867347077 49.11867774941927
16.39521156058319 41.570690023832626
76.5265270057151 11.293572250738038
57.00028238675199 45.249558493746875
83.72394471254343 62.34851922215563
71.49600427544958 11.771518966580663
31.166739901874973 26.20425096236454
82.74925727922009 78.6487935804778
57.62470828945992 66.34052521071672
35.034526505091335 59.609337666655506
57.12866627243574 72.52746309451874
66.81141417406582 4.465070173762209
46.58020238287976 98.73097659428099
27.955002131374897 89.14933324760253
75.9773974103969 27.80456675986929
30.580021066584685 81.38564441663195
81.88242363750487 82.56095003127552
47.41936948026386 86.90227232574665
85.83749892762363 21.806103904614325
64.33281192147132 61.12567430262092
38.64277345830851 72.01319877095271
75.88430525308236 29.68547942338704
44.02562855413257 34.496487041251726
79.35585010142556 95.54620846625409
24.522490814545872 66.41567744290249
35.61021607209145 21.101889600090495
5.347236607629857 83.605075950472
24.81730146567338 73.99165344043175
39.9847252042808 54.224438829768154
33.61524632790977 73.30140533890027
0.1886657002206693 61.607026473907744
49.282065614561056 75.8762614387483
50.72612840110444 28.38965835453604
41.64534376867073 96.75462251719358
77.07068743254088 38.65337195353511
42.3962475825989 84.67403868053502
9.931057384427255 82.48549734647183
10.455508808254589 41.32850451395438
50.967313043964005 98.20066827832011
1.4380900606700164 80.79320731777835
12.668686784482075 74.3007960790641
11.76733773075238 99.38837926708517
51.23644107176357 62.91301088244958
70.69866407761576 99.84668604118716
72.57294261790935 72.95173627144582
4.235438392681634 72.17362448124422
95.66924497729603 74.36261197960414
59.80914079420015 92.4474318817248
57.989424134726164 85.89034696793554
2.0957247598059947 85.08131552265046
33.88612780105771 5.632178513565189
41.190230023592235 57.58925791472633
51.97052039313543 71.86017740244853
84.52100981044859 0.9941773123650632
89.27961214706002 84.54841725502939
81.14808745512634 84.20123623735665
8.426630545778613 45.89311275594306
19.281191683696953 79.33281956224012
64.48255551373934 7.568191356407716
96.82650496757968 69.14577220483658
60.11014978600855 38.44966065875026
47.267553880377264 23.93309823514036
10.7030173748891 9.746025810137393
59.77912762299509 66.55461752497149
21.811106988614814 53.513989136319886
69.12720753275707 77.16295530567763
22.70111577463272 90.30662650397765
39.490936177090674 96.56756760953647
17.228997943475942 27.165762070898847
44.34440580991661 54.00977006837178
19.65948795608796 17.10695682204666
64.05025833420419 27.564251281090392
30.3617179244974 93.46453143720943
88.94185567730683 90.85825219646826
14.314797961166658 21.330595845523682
33.916807334038836 26.246344404083246
73.65920833166224 71.14236326747721
35.58966806949766 5.605838929950413
6.25062470837463 77.52766322799293
87.60822930237151 58.15902750395172
66.06147244149787 36.88090001355335
19.99227474438141 52.62703572681298
55.20277977119281 82.93995234440894
87.59358773757067 90.5316295392154
26.220660581004964 72.34881708255104
31.66054918559309 9.285210062669847
89.65409442844603 80.87409064449503
90.56642322074104 28.24711409757521
65.10330618348448 29.107338478273515
26.337334616230514 6.039124130924467
80.60278958178355 50.20701018878073
54.170197252737 77.39529860560002
69.1898475680264 64.0970631124939
77.98223985949863 43.56600383367073
44.834551688046396 6.591558461795843
90.7418355710577 40.8096134530848
96.09660168626004 25.819755888086384
59.500364517566 71.88174432427749
16.57270646481932 17.038770977961025
59.42197482708711 15.291243172121805
34.40025056305262 13.708508057462176
45.04233110331535 70.93918497121048
21.50618316562727 62.57678261368693
53.81352267005466 17.34858427132786
37.419777851972036 29.538138099442545
7.558905463254351 27.64720379072676
27.04467129151873 13.17470506272793
29.32648238370057 38.53999080853008
29.034945542958912 71.92351776800201
54.495517139579206 48.36647699142931
66.3617967375958 15.033780415192034
50.543001146694586 12.420880028790048
63.917082035028436 80.17861964688515
44.11911952510026 29.41415727865342
16.589147428399386 76.6686311337348
51.19778796209795 21.564017567468685
61.22205399217104 26.714915053653133
48.15483759041192 65.00839896365609
41.32763560192445 59.709140525537194
88.84695535376224 7.0750712561985285
52.95145092778082 77.1933531856367
37.314644995284496 17.56562793964369
63.46366950568623 98.63112879032478
76.37569328071241 44.94639313684421
17.62570718389689 73.74286827160965
62.3368030962292 56.35404322937412
41.70801759899769 87.8418286307426
40.68684036883239 46.05395630907949
84.77004386302565 23.70168524319336
58.765866412290954 93.19008650999005
99.13680769638707 64.00392740788034
45.37591218099277 42.14168671532301
28.973060499443392 51.816522179170946
89.2785707766939 17.36478523788316
51.93364127390876 67.52256905934324
61.133361279042056 89.85840651908406
48.40884557465244 7.824262236672475
61.001465713522784 5.74927374433023
73.93904654533205 75.11506596346366
40.97392974618634 4.586646482220069
46.16598031370371 79.14545790235287
16.390667621868715 56.04833183701743
63.8475715718458 11.327118660348434
74.43278011554017 87.52674904001832
44.44442347708852 19.12081766063858
19.906500164851803 38.73379618894113
52.40262288760318 57.92052114716315
83.0857463645717 65.5514077467279
48.33257552093371 44.64878633044576
87.82914431272584 72.46191140651959
55.8399734814099 90.57592747150365
45.16451368061585 1.9108344813281386
64.64393011504568 11.64071101742965
42.45158368542121 53.51508841667039
25.983317207339063 4.360920440018257
29.14739060079068 8.334036758199904
70.67775629630208 35.51101492690123
51.92386895559782 74.52428109176401
58.23728707495845 65.55891597536849
36.67130984258049 59.243284962238384
41.17573220214417 67.27118057558089
4.083815404541924 0.06527196714614103
88.24141279197669 85.69742959642461
87.35567547898117 58.29224400876698
22.119427622382393 50.320168155130894
35.095869445755824 68.67732926688657
64.72514664044657 58.02875611054284
57.84179737930233 1.1774107540980516
89.11863138939215 40.20210478651332
88.01740209415274 45.26362310573966
10.678422420696565 66.21332183510438
30.3285260573829 16.329540941853192
54.019840700964394 98.12727042756654
61.62398014969739 62.8199321747438
12.23717229400263 20.461963769568058
53.01993820699087 89.97249614228673
9.345248234528336 91.00737866998641
62.72238365844813 95.9529858206144
11.665100499061154 58.253677811749746
81.4493521351421 43.64971284865413
63.538991493335175 51.019707313630924
26.87373284672998 36.379754268496136
18.530121654396492 94.38095169449177
14.671824420119496 20.86500371224529
61.54540560482913 0.582348310969083
96.36070176118972 84.29407840677774
14.662422739131987 52.19803335569022
71.56387020466244 34.30463960857231
40.311072194990814 88.33360083572697
80.22544792029143 18.910679536050388
98.33373772704496 91.11123272458728
68.98668818857372 59.38805547251522
52.13717847860553 25.383606191961604
30.25291301974884 53.214678163155504
12.744339966527441 50.79291373471442
96.7936261663016 4.302661110457939
17.626452764696367 25.94181598087846
84.51666074037345 9.720950540295114
84.80296231552695 70.9511643478255
60.86045121439483 16.91817450865547
89.2917552849184 21.90220216866152
30.32264965931535 86.76752640709057
62.37727593324962 26.478686201299382
49.052971193985215 34.947811431804766
88.40376609366885 60.885745578837636
71.41964602470678 50.511953970931
87.57545807191407 88.81834137860238
21.77285371240394 14.031727829976282
81.38859553673092 38.929228731513746
58.93204300825092 7.201535610766219
15.758357012755809 67.95153829405206
56.967691207064796 63.028756914955686
72.56662956551723 80.9830289025375
94.72341555865226 46.07435975050309
13.297634689976823 64.32319052100648
11.872118816610367 21.11471333880943
34.6418790327329 59.895276350305046
87.02705710598818 7.487712151659132
84.4500225243787 55.30843835358172
65.32440383205298 83.74499775626371
42.33811344017353 70.50090742789952
84.79466899535862 37.075946413138894
67.79285100490009 71.56550480432684
54.18044764523475 33.47612363034735
5.422093388904137 49.0278709392687
30.206584357097242 22.480444975646428
95.9460753709999 18.11721734925047
17.14931164709659 98.85625941652691
48.30437989448588 67.93884868158877
19.363675113441015 76.27645344561004
42.26198290817123 34.729609376317285
2.373931139582175 29.49191440471637
56.5088859687334 13.9330606056987
26.587442737540968 27.4307650297396
64.5160608639467 32.00635790114079
34.172446779400346 77.6837101513657
50.477965593458606 87.25106380926684
51.87913377713534 35.15160509628965
35.860007853453865 98.37781714987395
97.15229112977781 95.4961634740138
15.062534042985188 35.19804827737403
65.58987712066298 77.13025253890795
99.49061150385141 82.57423004323712
78.15001896372618 30.79940982604068
42.06125169934989 71.20881960727003
16.634802025218054 62.46665590885612
84.65138491813435 14.373796145553474
76.21201216280997 12.488506828365864
82.81710655495809 14.104230279814423
53.023782216049796 39.08809339159789
76.73747247199283 63.8245964833736
10.58463917769361 18.192617974263214
65.43019453636877 62.282724654483765
98.49447245806593 79.92795271195547
9.883725628398231 40.105837324256676
44.72510458503638 59.93116311602
86.72629012476844 85.69127119660315
49.000237243668884 48.09017458895042
55.54364078628424 69.74305452191463
26.77907254227634 79.42913429611322
90.71511553839674 41.77872438181809
50.311164151325016 86.61730163070412
31.029857051380727 7.674450765051044
80.26092773780356 24.66537356019014
3.506306208425314 3.843955685449729
63.88534581774108 14.470215616554727
22.951386138112383 93.08875850583223
98.32520651006291 58.49089064383146
17.112738494139478 12.64008282465725
10.383046452668655 37.5412626714567
5.93329359368624 15.925371994094872
81.36836606049957 15.131095957399054
7.245236851514325 38.707388868155654
85.39293997231954 42.00290945451493
17.385573674822187 22.588659326340533
80.18105606709562 87.47481307034808
51.78771708892196 62.657514045170885
10.461183133255258 10.668399137558726
73.52656494588894 61.59549718469612
44.31476714222373 80.17366312449263
45.91449667964347 19.813286630902205
56.654294160729116 43.474242168278465
98.77411737056502 0.6590552739266897
7.618411103511691 38.40994418966215
79.97415140278589 2.5905786793695373
66.38114847386696 52.38842675510185
72.06592846094647 64.53958738127665
15.931787954913613 50.35126550800464
27.156252234215117 84.21247188224952
56.320193224906376 58.86930235332593
84.80629187401586 50.078322984832724
44.5382001266345 8.697385034687155
20.37167425533042 68.05523626354073
61.38025929963866 4.428895924339216
24.72246970442571 57.27141793439867
50.79341660914143 11.191492779034572
86.79329657357803 30.409811284587885
60.04963065179925 57.329314546249634
4.3016403084300325 42.59271531813611
0.5069297108269089 92.39076301810762
34.26147461719928 6.4069723366039
57.951959660818716 58.568704339332896
59.62138250082234 48.97835400077541
33.57138027218074 5.949670494726433
51.624160219338975 9.44639015644011
86.2423415549931 37.166893152133795
50.545936872948594 57.94503693762885
69.60273586963999 5.185057839787444
0.14766889063544397 61.785265258751366
16.79017197084145 66.90144394796025
68.20546115460256 2.32869358492489
73.23333675762171 32.45231298950615
56.129350985758194 44.04974688820218
56.3562212890254 27.018336242961105
2.55826364089049 66.18313598402898
63.89818937419738 90.40762874196224
30.98393314111223 27.317274290142237
41.16892283867659 98.9647075482523
6.745961158100977 96.03296804527133
8.857421901024075 78.9302093789201
86.44769331608242 62.31950034539124
67.33007361563142 4.01222849964209
72.39740770790873 74.78102333251653
78.656941543944 9.90574946114644
86.8943264266153 71.70418375236747
79.43188654392483 25.6609469320501
95.12560328935753 42.02333056595664
77.72752421160337 78.31279844910696
42.266036729728086 87.99530796153448
36.38134240382911 65.27021482233776
64.2687235817715 1.1452871719647817
98.8810517593119 98.25123517786048
24.0542996678035 29.478836681263097
93.68151261576514 84.9851523462041
5.612158451936899 95.17147831925723
25.605545545174646 90.33073948114793
68.41411740914121 38.355181858853896
21.36357812546199 66.55461084822963
4.64186969936593 65.12986851756655
14.587353204528597 3.469624666120019
64.07933431918309 24.86352205285518
42.99613714322148 1.4456819988113434
90.16812091356914 90.99562033694488
74.55245012722749 12.872181684372297
74.18596866848573 81.74555768452024
64.58642438092959 16.766607302745573
33.10096199184227 6.277481034895427
11.435859971211148 25.46997396747095
72.49216036724691 74.48923830067555
1.0237053892444337 68.85896169801462
60.30944436517225 92.58949031301277
72.76076440639281 4.4080894213191835
41.80044195119028 91.84031504585938
41.31399778074745 62.69581876391159
39.266940609016785 57.45481241675583
40.53856868006769 41.94659333280764
59.54926536118239 89.6681078861401
36.05013036554829 96.08071788526813
1.0849424630559268 61.33729986655665
5.252344794790087 30.57663918680813
72.8223754711567 36.28206787821819
14.859350965897434 27.247412892820797
30.469037944622436 14.623369243253137
50.805716516789175 92.84498790086882
54.207176767603556 72.70250540846352
0.4302057538333237 12.272559262061877
34.46382184391026 78.483673219486
86.63748447798237 11.916625791911372
34.57329026640832 48.273746183453035
13.710842047494998 36.41129526034119
5.328307676068866 49.493077298999985
80.24170837583154 30.47118764758372
98.59106957600628 58.6049702947695
36.59214322509978 2.5915553826212356
11.682158373233031 50.530753505620126
31.667318943496948 19.503203161799497
46.791332618917906 1.102364239742748
70.69541183298882 92.88445281756488
88.80657323850647 5.811427224715571
66.347836419011 67.14441319132196
71.87577722915918 49.43454976335553
32.680625465787585 51.60115917378067
6.7861771614157185 88.49004186287503
21.947127641789233 42.04034157040599
99.96235116515713 57.13512323826136
1.6605809371636582 35.01063374386191
38.8849616343244 10.839009309101977
66.11904788123557 92.58826758594498
66.90802286703243 39.46793297419
99.5992036205641 24.464667238433215
68.25690427085274 91.4143328753789
67.49862973293341 2.618558271055993
31.732787970374133 39.30162622722073
22.32812086335867 54.59433034326209
8.884858045673427 93.90478511546327
31.631774134988987 80.42232198496204
50.77681099256153 63.79944876390549
37.1737676398529 21.297760369154584
0.13945517979898625 64.14150170647481
94.89521739481674 53.18927262203095
46.67215568371961 82.18116759371341
88.39300454756929 52.800212982997266
12.874342985643228 71.77808828977473
77.8858797011488 86.56140372572534
25.470785610555048 12.304865264840625
63.974909699727014 8.393288901460071
90.98814842678719 50.123821560892544
22.356705775106466 76.85327769943318
81.53103518833996 79.49841567248805
82.14759965185978 17.62562204152762
84.38190111651942 87.03377531022187
2.773336840138496 52.396744457545566
20.85893429351526 73.09770159430273
1.2978967647472972 41.05523155119808
21.363785218584532 98.16422980225585
41.75742063618346 86.61002741176516
25.39346083079468 35.66697650327746
89.02966590203229 1.9882048135521746
12.440925288330718 85.75193728786104
3.962867024768335 73.00655123493016
0.9504775739367588 71.09588877847844
15.763247282859583 90.3944549834961
34.54210770241279 99.42170078497945
46.00681386782599 11.428099287914772
92.5389577557149 51.20073444715438
51.375535512619685 17.92872151346787
37.904495259457605 54.9022919671954
80.3104629909956 26.988820305405746
11.866029742388505 97.26145652224164
29.385083754613774 74.07794323800212
85.9747545505013 44.26317838968505
9.953386229679072 17.685418159572453
87.01516727346605 2.3290533242298572
90.71575847165462 94.48122746494599
38.745546774482584 86.92268053093493
82.52870607243024 45.21802805514024
8.690143242010517 2.773714678267014
38.38117736289686 1.126080848632638
67.7781215289734 55.52036803433016
39.719271514629796 27.86791898706884
25.66698888186698 44.529352848349916
22.89886112940154 57.45175945181158
26.302180485287852 30.364052378312255
9.236017065407287 44.675150842493096
21.80360322393977 4.349079440553916
70.25370523225796 95.82814492780444
66.93076398139608 79.00942306071674
26.271220890035817 69.50430253062119
44.15017555778813 81.26872689759617
26.25194988310373 28.202011499116033
42.82249230040802 98.42074784107338
72.87040483734337 41.6954839954464
73.93511524563753 94.16860905095035
37.05347689965481 91.55215461072336
41.173473854074416 99.79551440902262
91.50235752822633 35.36363755389311
83.87175405834222 98.53282855402018
67.45824264630325 0.12472064575008712
82.54414895024544 87.42527871265469
56.51344602630273 48.49950907150002
54.43035293658798 45.90946534889304
70.50387147388142 53.60673912347145
31.885750230965716 98.43968701273049
88.80546400280096 81.22946744537856
32.07056491604365 97.76285819425736
63.4327850228144 39.947276744978154
53.48476208408697 64.15190857456999
25.35829939093823 52.34291277216152
8.852180566548817 65.79912434373749
38.900320368071384 48.935393486042145
21.610182855764727 74.59291557693757
59.40475253945816 51.83531750393824
99.12968394443314 21.99804184769636
64.99766334846055 78.76276633553077
32.06916240950339 11.990652103661192
35.7505327677748 19.269050063316094
75.89552394643535 72.48591711255116
21.956579360374185 61.399602952628115
68.21993168165244 35.3683132253082
24.90930514452532 58.413318640417636
25.06776356373157 10.211123037047454
99.71061649955737 16.731874025001648
60.85094472051422 12.710167159283593
5.542204939506545 40.841749997207685
73.62214010180578 12.923427459918702
22.140319360003936 67.26488542183786
12.954193416523395 25.04900461891866
36.06354377980898 35.71426898273571
18.33355810010684 41.96592717946146
42.976979634585 24.872729249816693
5.728578631202397 3.387218744983911
92.9259014159669 7.157079477112704
26.31225095348335 55.37530062511713
83.13613522328407 44.22779585682779
30.49774290417846 34.84892363057674
77.36516817366834 86.28020395345884
6.8630751456629335 31.124573259638733
83.60625869545844 41.97590892314717
43.076176227302156 96.53262332085562
4.942146153876692 80.48809889503674
28.272538069291485 5.049955712507814
50.06174357851425 30.490517850439968
89.13473539124641 64.43428302261853
97.8527808260631 96.06587283616999
16.108179540870825 51.802054222763005
83.46467637754374 82.30531411921518
20.275654240435536 64.28291385925424
18.304318661694573 72.92059520416574
39.81823714799817 55.97742298575401
47.95355336053477 33.944811297619346
15.970967227657118 97.18605085091443
91.02398354496277 42.93575638024563
56.45953504786545 93.40275119342198
15.301649336500688 48.567935675680005
42.53037448362986 66.26757677035407
75.3680095386545 8.565110397741304
27.679354454417293 89.96304599539404
47.532719915708135 54.74649727819663
89.34327369660464 47.706693535345224
67.05352940691296 81.21853868409939
22.1368468525996 19.64302461137859
48.367997418915664 85.07686387950406
76.16687004346801 1.0932939653907514
91.00441467307539 28.079201611689708
47.32444668368328 19.850877353736895
42.232199397389 97.61752300363602
80.21771674213758 93.65595753427782
14.347968086131214 74.45501823994682
99.6732086026195 92.89893091351003
13.883629387525964 43.18045751049653
49.59873544327225 35.57319510782588
88.25862231451637 36.438421903148324
10.36516271221506 48.56519299180169
31.910207610291575 74.41847228111689
68.93354152046045 4.584580344545652
40.51762195532413 93.80060342339517
28.178278139571322 25.431205290048453
35.59830296836073 52.953754676461706
16.110742300648862 25.214610668713977
46.803547308438056 68.71076843022857
89.78786290273273 88.2155638820691
52.359799691988385 61.49577467864575
25.42712331302408 78.92730455376787
75.68405188170256 93.29659100884591
66.56777967239145 24.556324502687122
97.64409828880913 80.22558385229566
45.20813749278159 62.13945267974674
14.031184583922496 58.49483402762454
7.887495390522292 84.47718439912468
89.60011609919538 15.726046299930152
49.19283871593467 10.139525626030021
26.40150652197768 93.18641805780612
94.66019255590257 27.900688930178276
89.0840987339849 31.43325410722595
40.955533890020625 56.71851231070868
2.138092872146191 73.83232698481915
3.361538294484334 89.87093248793087
36.669773041000184 61.0506415960949
56.775520958996694 70.96015166883842
31.746441717250782 42.920045493686864
36.73835317292544 77.13680424846984
74.92656711732175 18.595643997728573
95.48236716678899 46.73654599837733
66.2914978698953 47.89562109497232
49.36471599003316 80.04447059653029
59.57166843057615 28.694751992556753
45.27907309835852 87.36247866270664
74.59344561013279 6.441175025625467
90.51412981401387 84.09144252813927
33.68015585115356 22.9719294596727
1.1872847593539015 46.046072301456185
98.00191677270351 83.6150519203729
74.83176001819784 51.81405282711309
34.21224646844798 82.58324251284976
86.34304324867426 31.609871268021685
3.4070359801195327 12.204591843836997
1.931274143970585 37.118414578436145
9.65621401306096 38.96026203422678
76.15929985591951 36.50116400854222
64.57730347900166 93.02884142868322
75.5955365519237 12.658322499734197
56.77115883757653 73.96253600124012
52.12552234832626 21.295562495495158
59.95882468602956 4.589805444509332
34.84340472438146 7.501135259700864
42.54531547000657 28.461507020203157
42.06139088844405 28.905966755977495
68.2577828347411 29.29912460827564
1.4944431438192574 84.13291151864443
75.05270236896577 24.995779420771335
20.331534551146934 38.452741758993206
0.08247995168921829 51.23040985776011
14.969215840251282 49.32716682226106
45.7490858304699 79.59070511610416
54.26050119041164 48.684689666792494
22.638039784260933 29.970323939319353
21.959009450823295 65.19835336059742
21.44713950651129 69.23892065070108
32.039867215202 51.65219716719569
21.672765750542133 48.04772102300316
96.3614447584159 2.303730538396054
6.204521818524711 71.7965051022843
32.247378967722696 85.35165503791656
74.23732557988032 19.28098809996679
10.904279840537011 0.7346821510310297
39.7188269410818 93.13754145111157
15.047656774589836 57.542312788938375
75.00367941832154 38.517778624839714
30.907451213955973 50.01080317300859
33.62826530146321 35.41823031023527
93.59412151107655 73.56811315345443
18.36048012406848 42.141965549364315
66.03107004920655 15.984102473406203
85.96664110929213 49.22257767314293
44.106454053645926 45.02522744629643
73.44591441625221 43.424224897522535
35.04847284786214 81.15588976612939
56.42743153532421 75.92548962514178
55.52356371070588 60.74114103875294
21.42753562667947 10.110245711715638
80.8750603533916 30.19600373292768
27.475441744829652 11.983156888211234
8.961985585585275 44.71394104012594
19.388996248694855 54.11566266544527
91.26315037067099 59.183598535945436
35.76165000053555 46.42654415600029
19.628504526430433 80.1049549353984
17.458236760858405 13.07485237541275
10.632609995481058 35.52652064184518
74.03145689412341 21.38363276086426
30.294387891261444 79.44628835402104
91.77093822585366 56.44511460566966
39.82589642725636 43.26318327775957
3.7521062039836517 61.95415702843952
75.77120131256474 46.4316302620563
80.11519893331895 47.30616201909734
16.60353452833543 99.21222251535409
84.48403011224772 30.85553573074924
54.134741500245 36.51464821998922
16.830287593869485 77.8128627954422
69.68813576254642 86.55169700462686
89.09034336846577 24.248129551527153
5.02965688495165 51.57325928319789
85.3956390584939 74.86614184178164
46.45963422711388 69.06241997584999
63.78796805796223 47.475259949112505
41.84850250031942 60.727808065160716
98.0832902447462 42.602299669385935
50.987533054887145 10.899881770838093
7.510086373815339 52.19737330099956
35.03270284217517 59.03590806082237
1.6121676350428826 43.246158584697405
73.46110460153827 82.38385327698164
7.33236225242615 52.81429231968939
84.14037839084321 21.015779979969906
63.42906057859632 81.41102230145579
3.1328858330637033 25.946696495757294
93.5742709928134 9.322182099287968
49.86494997221125 55.03690052943069
95.65529638673223 87.1525203861349
10.991983590907605 18.068623574688036
80.25208443774005 70.3417012970421
0.5153529630530951 85.66094344836715
27.356803361364367 91.31803895871764
45.005482109284586 43.47536877950204
28.397637126925733 54.91532031245967
32.93305947498379 42.66495262066341
38.67812552425978 94.8764055278388
53.42601062339567 81.58359809243667
15.974633981630259 69.75291438588171
47.0753500179917 94.99134886738727
58.94664470054587 41.55805097510119
42.72023542010852 82.12710609496956
73.61291604591796 60.76325281296568
42.80738176787915 69.18017233719699
21.656520188626914 29.787955320104253
32.29482168252622 60.00467977888731
31.85757727980052 62.19110276362556
9.002472492460134 71.77891845186144
28.28390594325423 13.563157870411157
45.52198966459613 14.745079517281013
23.36045951347854 25.17465438881832
20.024836056801455 75.3913239149028
69.00025943839306 89.16558546554387
78.17258961176236 16.807485847114446
39.82205664341294 57.29459029876309
28.288733028074088 84.37243706560093
47.83708957968136 18.928683069599515
85.84441644329415 96.06693599071983
21.55283262610803 7.2584030281671374
75.79931864549174 72.98434592175236
99.58556372260277 64.7270515289712
33.706528275468564 44.904965985947356
