840
1 3
78.84982249844717 93.72164300779815
63.478114160278885 38.342302397205195
5.619194556263896 2.0471882386108975
55.15356842097714 46.2781879781339
15.59330273310584 0.915105451963405
56.232508711105964 68.48219431849805
20.336038276459934 6.598784948995684
27.08447014265325 44.6797420643954
49.076315742352385 18.777898427716757
15.57357848889569 28.632387776384792
51.416454981224426 62.9943085582028
59.99002663857609 93.37940245343337
13.548886644118753 58.640498429652574
77.96929455408186 49.70595458702829
45.26012340106074 78.66507058923797
25.69066959918591 97.72056897881126
1.460451310498878 23.68880598531231
26.51445689111449 72.25519635556662
36.715840514430795 0.9176477433340269
88.2040061928123 63.27677858145957
3.9628982725728124 45.84375357551755
17.777599844536816 29.53833226090763
5.5775276810904995 61.01457894861628
56.23596813045859 28.943708064850917
55.56869827122968 16.08483564768859
91.30493426957196 5.761022725448539
3.0595756264006235 70.30479177195079
85.19073446412875 98.02393947906323
32.681776045516145 68.22402365564231
52.43806577008172 55.46045488922196
7.4113514984434525 97.85162857738369
16.64359607538568 53.13946177975968
62.27205461251766 81.05512738617378
22.49296982368614 55.927962586814516
33.62801730771052 27.985576927179736
33.786683072526216 20.712299398839495
13.158395948474944 13.045436290528013
88.0744927818068 60.944122290948364
41.82537850557209 93.4546600735629
35.56300334633562 77.19301502514612
41.92713228932132 70.00042109124986
77.66638767759453 96.16736312950923
89.88726285878137 4.211474672218607
0.145726464230167 54.44333064336864
87.14138252381132 62.13689378226981
51.98191367646896 21.316253208732515
62.530907646428076 95.11392297128909
25.732553698023295 33.31627553667753
19.69346067545461 16.194520763042686
73.92944696279375 35.365277081135346
40.41810253888718 80.29967116888115
73.40390049370546 85.69861299020917
53.85617495942956 99.16015025698013
9.838829668172222 71.30823860904397
79.58954533328173 8.200516040641359
69.455689962973 80.96757618648205
86.11001836877494 66.19020337552166
76.72280195720612 59.107019030618304
71.24307125449327 12.695314349791786
84.20926954673997 69.3170377237323
39.16143307144202 44.91405001964619
82.70754559728914 97.69282816392794
17.30716646052133 19.659095316692433
46.24339865446563 65.20847568757138
7.829778158043754 92.68673261591884
53.92147625549466 65.34235918717972
48.05094637105216 86.81186692789002
8.4288014272907 18.014052448325124
84.86039650754536 11.848056056123092
49.6626355330767 29.9321721516979
29.230216758366147 64.28681989635186
61.05821465076902 87.297682431334
97.76373207451104 15.899566107709951
29.994203681049967 62.49626908213539
74.61012689302171 22.342321577726555
41.20335764595162 34.92254242853085
57.685744663298834 66.82925257637334
62.92126569427283 35.22927685013173
58.713628911746476 16.15083063459899
91.82426937182706 64.6356296900261
7.9382583068933865 81.25619262341888
59.89136030246278 33.1992420405343
67.05540908393917 20.179005023224494
88.45109788888679 42.7033367384098
15.628896190896224 49.271369419389856
62.6652490242092 56.51854717931568
42.0077616871525 58.09970037900014
31.112859017781382 35.53712593672718
20.55432164658153 93.53143604472696
71.18431371320875 0.3907767772586279
38.179405029701854 91.39310444294225
27.017475622286913 39.262320839476736
21.560612347380648 18.269958451215416
83.05262371108961 86.55595992947036
48.5928778161754 76.03351050250184
18.168352327649018 9.081248328018376
82.44588751182124 74.0591278278778
59.748791939361425 34.83151099375792
88.83735860136504 64.00000335470051
73.24029403607071 80.17759627192855
79.53848756328637 28.572849736314865
78.9921726452562 94.6323719202544
39.17903859685612 11.584632937854167
68.81383587429349 20.557248150879026
41.18261019353011 96.97045240509681
37.81116507379805 2.268802186636809
29.51912524719722 25.098934205458832
48.08060009620665 23.454093883021354
80.53159773227651 8.076938789465359
84.76277394240464 42.491096860075906
8.985849030286053 20.743659114074433
38.165273654111445 0.5426146241130914
84.46995320293938 69.67420280245324
2.1380935227171216 30.49382936755385
2.951041511909236 58.106623997611194
63.92224420789934 69.4270647427293
19.094914278491814 66.87928385989343
80.86813176890493 65.75052311594717
60.386440391413096 76.37567463328345
95.8028807703634 21.3827190548731
64.54519176777231 41.12535738234742
42.955784802077844 83.15553944789843
72.31921716042334 88.02646730408912
3.8365211965684543 46.50196986656818
49.35710369689454 21.763669446047352
32.44834491052304 65.51378480073478
9.67365306350545 21.38527278582927
30.369533337160014 44.02105010261281
33.89331055241127 93.09174536195776
97.60986915861795 8.028518543785124
14.609405157410404 58.140533662903174
64.14467777464881 63.77170492027457
44.8672538098267 84.15982209696217
86.61120697639346 51.85492503465361
71.81019908484569 16.980951316672876
4.637072225979044 52.573885190791046
91.83623531930401 89.45129283326312
61.09958919755998 76.00375009478095
58.110860136240895 0.9422539844701427
65.43569373947238 85.95322499772593
91.21131765864678 37.33380793057262
38.24743794195946 17.187844319855717
36.80571055647191 17.41948444542154
29.59558825394193 14.67019054639136
36.14341503206215 55.43377959724134
23.79372898977048 24.3910039142921
83.47191003568545 51.810515538707634
39.53013008332131 90.12125397667681
55.10835624309447 59.654742222242675
57.57524577522635 21.89066850797787
71.9993840812851 78.22708168604086
96.185061916616 53.79411055592522
15.540447568201943 23.39299658905616
32.13941194031564 61.18945638793596
32.910833322563484 40.29555301698717
32.76483178475657 66.93858487772167
0.166380232590968 59.05869399687773
1.7388497356908061 22.372475003348093
65.05787959432958 35.279924445468744
21.575874469768852 78.00653779359854
90.955343706954 27.453414021394117
67.90555998576187 25.117183363392858
3.7017129598366783 78.45041738194382
57.513856925898075 15.901318149110399
31.190386161545124 8.22764254229542
17.59693394890316 70.6698774227143
93.19165381285694 15.746161695620021
94.0026158109368 87.86228819855874
99.97733467302024 40.669663063690734
6.1611668144627485 49.59007957850634
32.37604229698397 60.41193223560146
86.3092710070259 61.266386981657476
76.01248396306646 70.85710485412677
37.91695713939798 15.312022218812027
54.408495257372415 35.172391242554845
68.2384955996965 70.86215189022731
22.04459052590615 39.14398150972125
73.23617623166466 89.27443136312665
40.91177497196146 62.402681560366744
56.38056304925985 51.20093916454835
75.99519506937418 60.05783773172693
2.3150780793240955 72.39691486274549
35.3110237236528 70.05153760413552
31.845722754640594 16.643366698287387
60.930582120319634 47.149942940077906
56.87022133648683 91.25531331946365
85.04161453714 86.4304254491652
61.313231625473996 32.72556038460881
52.87654771553463 92.56171594791587
83.24854628030023 10.648913301251351
95.73363104710025 41.72395351731131
76.6488732296115 64.5136659265391
61.76505394114078 15.826112988340535
48.08422355560362 83.8578235212414
18.42950017654841 63.33854817370445
64.61953158746829 18.422660279734604
85.56484264910989 46.386055560245886
54.20172037936588 94.80750395798037
96.81762442356518 63.82008331661411
91.85499418432173 81.1782528198459
13.96738791280736 3.4091151015177346
25.818452715079832 78.75512773346729
57.210659276733544 99.51037461688075
39.041091601581535 58.280993467237785
2.423162364153031 5.1815900878618315
69.16531995606184 46.81114625488145
49.556632930917274 30.316412239994506
66.59720783329783 30.361692543293838
65.91466332367555 84.30237358165607
36.136786433939136 62.68291256232273
28.921751757676596 65.94116251549049
39.92448027776425 71.88490640161152
1.2353523460036708 59.21989137412744
71.17367435623399 42.73987773490242
80.8425991345989 40.315835642353036
64.34713789600444 66.84892632040456
28.1328410778491 12.489828041441076
34.38933684385981 98.22137587233664
35.76375967163856 73.879013607074
63.78251497988718 37.92880164674111
77.66181164898612 32.05058339893154
79.03893418522622 56.0593513493598
42.143474488358045 66.32680725612707
3.8869135492031415 72.92826349938389
57.87165717202558 57.27771155109891
32.955661226764946 76.84456280359775
69.78756924351588 86.68716467025695
66.99025332275377 40.6712966783026
8.049548827155517 42.55832527238359
34.87546852145415 96.51951785340857
74.22245867903456 47.54503220112514
87.24702315164505 36.26347106668677
19.392036420912984 59.57266949400073
59.62354055808494 14.677753344671673
84.01837945905766 14.93695233500163
91.5007252800906 69.24915600600634
56.783459136215896 78.31027420902697
74.53327439131827 95.94550843486682
73.52857172363294 8.761273134621028
33.27477534111907 54.25304721534572
10.356267359769822 18.556600967573765
87.04278408169257 28.987022201013744
84.81186351960763 83.27556561735065
23.846794094021995 93.12530021228234
27.660971268863378 77.14974709706313
9.158937206709794 83.08077504347327
99.93400211895644 2.5582883703090475
50.54971817390064 79.13786495512993
33.04675753792545 8.747145597545348
46.442272567841236 93.46744520855894
67.99126095024415 99.67650715753176
80.09826407727239 89.55410972429785
95.07660380991058 31.081570976737538
95.40613175694976 57.19077209150338
37.193890057287504 25.3428589206548
61.945033329741904 45.33278422422884
27.58253751694648 57.69951473270527
19.916923362781567 58.5229947322014
70.10745557048237 15.400411855903172
39.9067706434739 49.039321246248505
57.75712676485014 44.02397523822032
20.138311292547595 27.62260069949136
25.61807956353657 36.3843469305553
56.583073690729165 3.7339054984501407
99.12157941867999 63.09988964788991
3.8477118460069404 63.48383310198336
20.00691008608726 68.52375323516686
76.36319891946263 58.07101047286396
60.869057299990345 46.02465430314668
21.61770082794705 93.54140167305873
49.01668211727155 21.40025384473825
78.72249843074187 63.437338143746146
1.4823814174629302 1.7390504853845634
24.845808832250583 2.991953379964918
49.02901525499785 7.985102172786185
62.94693821010755 99.43904768698717
86.09485308517858 9.959242886360475
2.6512135328802033 64.96602456543081
10.800262546063966 89.92896502116281
32.57806900576612 56.666529320621216
79.10905314095807 92.67426118702112
56.81711256482871 23.94603699442115
25.07785577071293 54.24025285245584
4.583580159996248 17.878949789713317
13.20555987789518 97.70869533656337
31.070922109674836 35.83730801476004
17.06193115343786 54.41301360392967
77.8797314779351 56.63214391285116
13.05473290527126 30.362020072197215
12.935262167260774 85.39381008699263
37.418883325460904 98.00520533993745
93.18994890054834 8.671926885774962
31.98743710296357 60.149615225278666
68.25987510383742 64.66109515173441
15.94203174489377 72.45126996466718
86.13423228182575 4.436414498269992
0.8796776147494523 14.044718088368358
77.5823254353901 67.5720322872794
8.381650874423174 90.62978945571845
27.386580633870405 88.72250772309297
1.7735913036036832 43.332649963240954
10.354463409885906 10.32142271469343
25.990833085155774 0.45637623011878237
65.28954946504415 0.07486727446404107
20.90699638531128 27.100855741548102
74.40423357475684 26.99126401002141
21.878966669416133 23.53129057053076
37.48837907379201 60.67072637286339
67.70227611274164 94.59952263675852
1.912360774351174 11.00896999438936
0.5004400943040777 28.37416034995137
52.775469798719435 51.84453914902001
10.454157297391875 70.40588990863206
9.884223235489298 80.96447853691964
74.6448915298657 45.00927896098792
95.69588990534368 19.874323885725143
64.60298372240044 48.367714190410105
42.10162709892407 80.29806939241301
29.970920400579093 35.556108733120965
19.198528567926342 68.86950889016545
75.15583027277768 42.1772430445841
82.30703384512566 60.46772938217626
87.21321630627448 11.414906731148712
44.0675269026938 78.4089068347376
71.46153565008548 13.816478591410641
44.32648266352677 46.70979896653085
74.44085242444976 6.555538283419393
46.658987270196505 70.99982287123163
91.30239101839197 30.700695033645008
85.56565381067256 81.61197575889065
87.00105121761992 51.76906517567694
83.24321341810328 42.44294872147909
18.8095578693539 22.028290707395783
54.380435200526 30.568272356857594
46.03954090001743 61.17383908306604
86.26515203172089 83.3085208785617
23.65539940850607 67.18871324851823
43.65823413035819 47.65945134141123
20.228395996643368 25.00008248614347
52.652328656657765 32.50112063476007
54.221993358733236 92.17686127215717
9.45066164256454 17.86997262781227
93.69427435956948 34.89455148123983
75.41921685302482 70.96773253896511
40.860819295218946 20.77692355632972
76.33934655187566 73.63372917791536
5.116911541551183 62.73196157410119
56.791120120933904 41.76270778440152
83.05640906366033 15.733419608568887
75.60868039730649 15.453890353028331
50.90335060237252 87.02592269397672
48.423853380916285 70.74267997894744
1.2778830562984345 86.96878355925048
50.499489975505576 78.02565657235587
55.06097448338545 6.029025944176336
23.477646640854456 35.94297599032039
10.226685329572804 88.0218970744465
17.445359322137378 29.451501499255105
69.53559295943383 43.06246872114097
39.54865631456877 94.59346677445002
86.00396770512009 29.844189242649865
69.52951764204668 42.91482116205021
3.0228318111083174 47.765525857980904
69.67739512659968 21.724672707935678
43.45546828586371 6.312598579070494
68.84821825316479 13.951039056210579
35.532333231321786 20.2988842829944
87.26056729890234 33.620702450851866
79.41925006545489 32.582517704805426
18.1116213584541 47.59617854326865
67.84651653011382 16.851778653675574
91.14411805746879 91.39773411731105
72.01569737251512 60.394430561613355
1.6787704544552584 29.444837271282953
98.48927283393864 20.59744308921301
51.16490108794765 29.99191034906761
13.545804430011277 15.286114950770768
66.38987449746688 70.76224355001392
63.17281504777612 23.73198477543761
95.65751111735246 21.93385725073911
50.21705891626323 28.96675767830996
72.49854864303748 36.385401603046994
27.43975390463762 40.53792915259977
76.77632064442813 60.83977729535492
94.24694841193862 58.83899508870714
17.190234373972444 59.79334730457986
67.90930716697403 92.87197141276904
68.25162277148225 11.558559265237989
64.25128606188973 9.378693431889683
41.15358227369725 62.813634161173894
90.9462774931785 73.93562483222374
37.98100750434068 51.66135632837954
47.634416889802075 22.418001690883237
31.342882876447952 63.250083260529436
0.5857251965367016 94.44258167776165
83.37981211194136 58.260848441583704
62.17739364374199 23.26361029914392
64.80318350561087 94.87009613220785
80.56058966354165 4.960438820870605
45.48825506006835 70.09419965499977
55.99860969271442 8.393501665004965
73.0403184740329 44.89778833178515
8.732560045584759 4.993929024477151
78.13052979644849 45.94993358946758
72.24955341826775 86.34138616390304
38.37121050237868 61.00440041852009
93.35424338061098 88.48952752770897
44.21592489401529 7.05609558625091
14.56419119136756 41.68009481170793
28.580308934106323 32.476428024537455
69.39873549760263 24.536803650453386
97.97013039263321 79.44862393474811
49.7719886295273 72.74908240634932
68.28946717890551 20.642001930536047
36.10570223292584 29.53047695776061
25.488029055988637 86.50932220899273
32.59195897459763 26.80922171771909
85.85253376615438 6.165033796202102
15.602034829220468 44.54203385810938
3.455467335246176 45.30070531796617
94.59274054684899 74.75420054691442
31.08765655042225 62.87842367761654
99.06411120237088 26.856985991530724
62.940910204214376 70.43939121275542
61.16196920228565 88.68210376594354
96.18845351057182 40.76797911479302
42.354989426685606 35.77805838868813
79.39525445935367 16.551438531478958
15.510130050903804 16.08395478454725
92.23213315628323 93.95756408589688
38.825677950071125 85.71675049153534
15.420036696821837 26.393690901850555
9.868138878176612 38.97205161607551
57.54310600881567 12.424962265742678
0.17133554760948577 5.1287105910206465
32.95304327727955 30.299390644295123
43.58211576529938 27.101323885667107
30.50425962945822 19.722734855205793
0.39598282509936134 58.426881610696135
73.0757240892385 10.854768193760812
21.813679891689052 56.06455882390839
82.51268363658065 86.13224771517132
0.9343543664975806 58.88951859496232
70.34133352628957 51.32737052464822
53.29463896013422 64.9991454886472
47.69335619002886 97.94221242913063
87.1688248086406 14.617827607661882
75.90177151160982 28.431588150309683
15.317195217155577 24.654923205210324
31.052565966459955 56.42821495166282
11.565896250381403 99.10083106085335
70.02810245705437 74.77032357900923
56.83100987604583 77.78750226014746
81.08681066649623 85.14199917111434
28.761816949095497 70.30859236812734
28.322545859789816 52.19694617829802
71.08290291477854 98.32424702454483
26.400177348523222 23.775371899230848
52.95124971094787 15.979534904052706
38.59266780921893 66.74073095958168
95.97632374124136 72.90721338746093
67.79456148570775 64.61790615506091
87.96850728760961 17.609791550178343
6.790190649466488 97.27947701157579
35.75331619717203 55.12577797388241
96.22179698368629 35.71129468597485
53.71089366172663 61.15663610890947
13.265843798559906 97.54727552439763
49.59304266840978 44.4462155539322
78.1634630360821 5.769626108157855
25.26761464557157 13.8451651486871
72.12263558687577 30.672206569557027
88.13923678804716 46.1081050949292
16.729322539733225 52.12147508405991
70.94002216772151 85.35691426098305
17.82412873877601 42.025276997597885
29.146444662987236 13.090629336951753
99.30471000261053 57.9256131157323
45.02930186645473 38.77696093351057
50.95188752871056 64.97793829651275
41.56932913289335 89.44287830104376
60.08031087882764 94.62950186202252
16.150576015220473 29.002398043236322
7.6618045895536335 71.24465653206762
75.50032264976976 23.917334366786
38.547468401418364 56.224919343805404
11.560052008362586 19.416944744381315
56.237753583732356 8.587926571937343
21.589691869009652 9.607990305900138
96.5966842532592 93.28771690711619
73.67413195342462 15.480011355160217
58.84161784843334 49.47440624689927
93.54948882651193 91.31680620961919
21.577431305120577 92.35638128374521
61.80991874258854 20.74846030245765
77.66157334317793 46.06906220007168
74.66855622055111 69.6114546734434
1.1918237723468117 89.03144222140875
84.3424504441491 63.27731805177008
11.394753458499807 49.87799505568316
70.23475288882028 91.52562238521102
36.06412921632498 54.1603795840915
4.509888252048055 45.23088789990928
65.34227039857308 42.53590899771247
50.92416046338315 41.32483616824907
99.09690141866136 42.080107805830224
14.608610748631001 74.61838013684203
59.32970551194015 67.51148503468355
83.20369228622614 50.12131976811591
37.455304441020346 97.96897469860701
36.90599589438588 65.5576564843434
95.32084752749792 0.28913813740729655
30.929333779548408 53.72056772432852
19.519511777819144 11.913150452896115
16.047048346192994 30.647050524181886
82.53008085487778 61.38338010023314
64.10043174935878 74.35972261804918
24.0449239576499 78.81188215541309
52.83088207989983 41.51395056904346
33.288645013245024 67.0702769564389
51.16448951654915 35.26776981286599
15.055570710077326 43.54066100801332
94.28280768891702 71.36011610652363
62.5322064773427 52.211637764504545
35.805534997658214 80.31504589268978
59.6355746088207 31.144391129152705
26.67642884191055 77.14902457718615
58.74882294720638 5.125677770674653
85.90489504894012 20.545628274690706
48.38490162339486 49.98724334165831
17.305713060329264 8.412886348628067
17.225979209620455 3.7957842412152942
31.632670800735486 48.86977915210466
53.01994899527622 90.47951062162902
46.275690277572856 92.3635964391613
57.29626577173901 3.9776773122073283
54.40987765844765 1.006273422672077
84.47081229270334 33.12663449892233
94.85937024947543 57.96374168590119
54.18622794835919 31.586948174402373
26.186144210438922 44.758811063213464
11.68924468037571 93.60846566465571
34.61213220436334 80.22373581679699
94.83798210457212 84.09717984513456
51.670391917795875 91.1635350342731
47.58135567718151 19.481705481505074
2.82162680713538 11.885613920016102
64.77921772772089 25.8673942921406
15.634026666158828 94.12887766722227
31.49569944421371 67.81086822395142
7.352481590328397 62.82662974276718
24.6510073431222 36.001532526102295
42.520304561018854 16.277372335096963
25.1443481690093 93.36536196925506
13.692352901640348 92.94792501935763
45.45738806624471 69.82364683780902
33.51615762824831 18.17673321785671
70.71999057145226 1.8974516766859795
61.85633575784817 12.337737519826518
55.84483475137723 91.47255048054683
66.59470505784952 55.90427388044925
75.13016228812879 30.50845931925352
22.34288578704342 67.40702246519976
68.63161650427068 52.9598970559084
15.346505494937656 92.72628171929038
18.494026628725678 17.553528913852844
16.767340957018263 14.989688744518382
82.5888419680956 37.98803401364139
21.182791709916682 29.755614302294298
79.59862929699672 20.210894975709003
4.4260648790053425 18.375223362448523
72.21311131235456 10.964752014703482
80.41833511234621 15.440295368963518
44.96163061964267 87.88902815601844
88.00678436068345 64.60750755409434
61.740984708370505 95.61958695751622
62.951905092563386 69.8592150961416
52.15793899554231 37.43898698805381
11.653162497647628 25.35901993904732
19.049121168347916 18.426419327557642
64.72594815465867 85.72655925566484
43.891520514409166 60.874180958128306
89.21853042694015 86.08228355916236
64.15461656993526 40.1713443182165
34.43021583545087 84.21429384253159
33.554450110939825 4.176324531008935
51.53378107930471 18.03285370616605
36.477424206923615 62.297042210792284
1.023709154594754 96.62613646370653
13.791482727726523 23.07380651481139
3.5047816002995225 72.28882066146629
79.91404526862578 61.16760538561537
18.323184559589635 37.0608391503167
66.17360072785353 37.30634383336131
82.63869198718612 91.96568280261104
24.985443926478055 79.88693438067749
67.58009064141004 45.99749690090953
87.7565661293324 41.56087959313752
7.685119625977843 32.65949587612662
11.79782266245686 70.7883733681389
57.83598105851819 36.67142421496603
12.585277365778902 96.90432246975249
44.566006091941325 39.50039205704306
89.36626936783921 68.73004504555252
22.867341247008667 79.43361334925922
7.704637944700665 97.67593013010763
29.25934644997166 24.706192206266664
31.464636765887644 6.81452087709884
57.955605406707036 26.51728261482662
34.190848982442155 67.32786565441265
65.5066684689885 94.7264963654003
73.09080757289594 74.56233733624222
60.7966270627619 20.02352382798247
18.767783656624925 23.252704880055997
44.490512720359796 61.391410685271566
6.63662340303115 16.539225077113983
87.00285572467854 25.228818897321894
13.21342937094052 31.779740779365074
31.37600514221024 84.09482524880755
22.92311998700103 70.10781892840512
70.43224215826768 26.58806938986542
19.068581226010785 30.003195759987623
25.74502605030693 62.64299975813108
28.64021882767409 76.73569119386836
5.988409378771875 36.64424867191356
22.694619181591257 72.10107824314447
17.476979855081677 95.2934651807691
40.394697830799316 3.638534257949555
3.071879800618338 6.612411751455727
15.542049874918163 77.80219204632411
61.715917011984466 27.29735511851976
87.08160260836648 32.551556989811736
53.70589999971167 43.90759003752862
29.628679038104842 69.9214539638098
92.91906449946185 17.06904936644267
5.248419612630917 85.56545501776824
87.05627499296624 25.201632160868858
5.251644948994794 2.1126424230865304
78.7898301843293 25.304979865035683
90.62280492661323 6.489969203487589
49.22279383004364 51.144991006615626
1.1049240638606683 25.020739269114788
67.02044093581523 92.43639178546704
67.30658476957096 55.48010938564785
37.307285632966234 73.1746640430669
60.87146262241265 39.503611095376144
60.80641108007148 53.544871071860214
38.63123523563146 7.928244041135413
66.11022836130131 96.36759464372035
36.54532310876042 2.713675833523843
92.41596088892692 73.21260327069368
85.51396476023416 20.503757753177297
87.80193445845063 88.98755515071359
28.121103609178167 78.24143085728608
54.114754145622236 52.925305479318595
46.68144519850299 8.826090221461524
95.1523711566883 44.23110320468962
72.12521501170595 98.16946280431202
78.94658231558279 62.55673651972451
99.9008103062383 87.64811534737456
95.1322584339428 67.20239020030341
80.51619390926443 79.7550236443443
44.49590294885939 58.08911485748076
28.42791968838703 98.4156622110992
23.016920194668856 39.96344028575977
75.9030016069093 20.186981616914125
76.73804868062916 91.36277473399454
81.0981266192698 32.04873823789778
52.375750912370144 63.87269498472345
9.150270774768487 52.73416444347143
15.150911513901333 75.95328260325024
68.01644629554622 8.678593669235468
46.69890195302659 52.37844991954559
59.99603614347442 14.493565002383946
22.586051903653214 43.90781709424898
22.771759329433717 5.832182061698643
91.29706966081214 38.044170452023906
42.19558274968127 65.94681576227033
38.763723943246006 20.537638799350933
89.95378320498885 39.32597328803029
9.824143092360927 96.67141602428148
77.48883291314881 31.986447716916146
92.97742612099083 59.523567999181815
36.13840245011206 11.822076315026031
71.6659784894717 32.009345644212296
47.45345620445496 18.217347423029185
73.20462057866722 49.30040879431239
15.525573012832282 53.70896384703738
64.04915755240302 89.65437088003225
18.49677697431722 16.678819776970965
31.7743702940011 42.10959638810736
65.88844897457946 35.37388795398062
41.319960400403424 13.699281423813758
94.09988009507934 51.27887157366422
33.007623881765944 89.79089800435315
87.84173630103452 16.569098360898728
28.458219403560857 15.702050493453434
49.615052034232065 87.41560395046454
10.839379781170777 96.50901568390302
13.21980821690838 5.394919414258581
52.64767293880646 51.39395700027276
18.236040173973933 11.580918154124742
56.383073193586554 96.88340728275789
44.554283524692686 47.163662680024146
70.84776682333398 52.26182666891308
27.124982999735536 89.9557745677047
69.48898195360225 38.088690672997494
5.499469045489747 15.635482101521125
92.27032218785745 80.72812427478301
47.90607506458826 69.19729784008443
69.55150474645914 20.175841010133166
63.84078181182959 80.81369186789722
18.154157296962147 42.194543339931734
0.656933011189853 70.91893970165175
38.700056233316715 70.34867367175892
51.44578146109773 18.931418413969592
96.76093878965159 67.91404517865327
41.8150880522183 80.3602554390545
62.85434065125768 45.52316482181822
71.02810551026568 16.376895724465832
97.70788184306139 55.104636564422215
96.36355002724555 6.6980452073764685
28.82776262517046 39.44808155374038
98.20047878992608 22.48945470040793
34.49574269874698 69.03588699528808
46.96331333543735 25.512981063495353
90.87329477656716 21.30653860984939
63.81485737520172 70.3023965003969
0.5317546327807676 4.187592530638384
35.25515685940608 29.784439441310994
15.089467362660326 81.19142504386447
75.12791486976256 88.6890276725126
63.35054981520063 41.885214674552444
25.157938927994806 60.728116852194546
56.26961664812819 38.45031263016389
51.81907054390287 87.28942332808182
63.16603438532178 17.60379232441278
67.92713242193038 40.571439239543025
19.498812016733336 58.642183779415035
39.381528018611924 81.6134689586215
96.30610197917477 77.24698666781676
35.5730900480208 8.384629442158452
31.75350658719267 38.0313144367058
33.63909869005533 80.99541037029377
31.298990032311515 58.91684242846162
20.554202606841955 59.15648568551033
94.39919142108918 57.759856826594834
63.139349542450816 15.843651734285569
12.811461790346868 97.34261764315106
56.9098153200476 42.74795707006716
38.71012422574076 26.38367667559425
30.581474749484983 37.31698910569277
31.660496829847197 48.99289816530439
25.41589554102892 48.897667142307874
8.90958564696911 7.878863795651059
1.2393333465317236 85.61877370493809
29.04245681715043 5.078700763374333
97.8121786750423 12.942002818131826
85.57084220084764 24.45978585427082
7.673881558052198 54.23125447463648
90.22102191627724 94.62390445660075
30.77856568862536 24.556167807846997
20.24188169560235 63.678570801523925
93.1267663194677 80.46028432713956
44.44829133963633 27.086187873801148
41.16632283346604 42.88719421739495
46.57258712890568 67.6131848200614
3.8321912932580693 48.421230123633975
70.00856667601043 34.577240033319434
89.4175505759695 43.29939747244072
49.11929904754644 3.920303127344238
8.251168217603544 84.13773300846354
15.913002999048675 50.71898728194368
27.50329754510208 52.088348661353436
4.572971645252499 8.265537522740818
63.32812870971844 26.160366531708192
16.17037269699746 19.510636325586027
0.9718004514333689 5.66873493664688
63.431917601499556 37.16382367586699
80.54047931154713 57.9866870226746
33.58897229943201 76.02410601853977
37.951680847458256 17.765284846600558
85.88580625151074 39.84196108799143
19.930055658759272 44.62133840995299
52.9745402923149 78.77717231361032
79.07103665379714 74.47782352418824
38.50341873175831 6.618312152696881
6.996531041733944 48.98478380797322
51.481400544591516 84.40867329868131
74.97885628466938 94.38057588553721
97.73028126176189 50.598266819923765
33.96127703538796 22.959612562122047
35.87627802648434 19.0827098743654
48.65462291423446 58.63666830843359
97.33382111478241 39.24432618176736
74.25772208133668 48.65530361651847
74.91934112911976 66.63852615863975
3.774159335449201 87.84996514507574
68.05184784939505 70.8250477128729
80.43320339591095 69.11207743396301
68.8551354613568 94.9468910894542
52.95577348899374 30.211804552256073
47.52441837853478 35.618574653069324
60.67682353380663 33.00880082480768
94.26109602731091 25.568969115337236
76.10480404793189 11.27706904459307
88.68441595598672 85.76148700775761
36.329796091705724 28.148441636783804
53.08597891619682 87.08328719050982
7.8803539179053805 62.299763483694434
52.304427675958905 81.17902684052962
87.87868876380975 72.82780938627553
47.086450937459155 63.844050961263775
70.54274696863223 19.180586886365948
65.97460978583496 21.208745969018118
1.0327833651255336 15.292057364477628
12.605307795014564 47.693256447203744
29.663247543354032 37.224369417475934
95.1534756846883 62.424410830697205
39.68562471715449 33.89668373725059
77.09354020787433 42.471799479502906
33.64261512769957 38.7430377790883
77.49741912829198 50.14177677920968
80.58709576763572 22.483961551299213
10.902153705800854 48.936292728640815
44.170790734702 74.19204073138866
19.882075025136213 2.5929153065716415
39.619789631246945 56.93588702250232
88.22438530603924 72.59200329352724
7.796633118599194 80.03128588233766
93.85249496628836 7.1650339817441955
70.84509343744487 99.62346530920068
48.98569142559879 14.339103424769096
99.43453582371508 63.47009590800947
11.796909468579209 58.06451269606574
21.77146253546447 61.43381719943455
14.91656239776258 92.32243592867215
50.23243779525139 21.29839002759013
79.26495782470724 8.798300359303557
44.024148537902306 91.44531054994316
