120
1 3
70.78878342166138 64.34493515806588
54.599912452556644 46.26274416969351
61.42042636236018 90.07450825410072
64.10011247628069 54.16346165288475
40.937157122860704 23.088909508764655
45.79223638422481 43.14327869097585
11.752000523689365 77.16548284521774
59.55448412749307 36.08866468611207
54.24199673853993 0.5943146400974486
27.36512481069131 94.81016944268843
86.64581968991124 3.845247102839955
82.94547179706832 49.32673723172299
23.45994397402702 88.02410570840496
21.031686484006396 7.934062846533729
0.5332004148704161 19.912904662534302
37.78541467158312 78.71170130879656
36.73934110246733 72.62008727056386
72.86965247625545 21.57693089630117
82.96534674419902 79.32009506410549
1.951292704270613 61.43793036565992
40.09865621066248 63.82838514836309
36.07664704542477 6.139557717925692
37.04620558788299 68.42856933186087
0.26020912735049695 81.48799494660746
81.95653866788749 2.3524962850599573
80.26011814697821 22.09909452884695
26.953215394250265 97.86560983829658
45.20989470208321 45.82796953810166
87.88016932781517 57.42849314700755
22.52401446974215 31.241356253031128
23.54651459474537 96.16772402380333
12.32455624351443 58.32519920272663
23.942592484003477 4.851974461354502
79.31876361109052 78.71909582613475
55.31681770122836 37.45441658406794
96.4618661288104 63.66893679347228
35.98115430327928 22.709055083768504
12.375905583485203 9.78777893508813
17.547824191882853 97.62928051819692
17.825274599921826 45.87148220781214
98.02649961255861 35.93059221379767
41.69247084111978 72.48579752908955
55.134056783689054 59.6866799811796
27.719041557285106 49.07633410982171
87.01627869460242 82.7911610923282
79.99463544209806 14.33583422709981
14.766848814244016 81.59236088721717
8.783725310375857 83.93621021078874
59.19004459151622 30.43749155384321
66.21367354618887 85.24313598536972
84.96897355929597 81.46776988801241
31.208044210441898 43.53550610200108
83.98434622353395 33.322489192783934
89.06003712322442 80.0319875437319
51.74525153104557 92.72302641962659
77.29675290403112 49.356359654406546
44.73402138906471 25.573088269411137
66.42551109972908 8.412162039363702
59.71044168291917 86.11075615851375
91.14782646080877 53.752618000323295
69.82535867328549 55.98377499731444
8.40223703918561 64.5370673754172
9.855644122985785 73.58551681785057
65.83351554516221 57.009637743897535
3.4737220488782805 23.654397997915467
5.833362054757751 57.68734059116516
73.21328906714533 66.29501117913739
62.8723575915789 53.89591901963937
7.572050815590248 14.626428693157711
34.210795969389316 9.016851323324282
78.48902900200923 2.4665371571251926
59.85310645991715 56.854979564074085
76.41365115548 65.0322405466412
8.403093306248666 59.98165351338551
75.20898447438388 52.89325938117535
29.97474386875485 67.9824137819538
63.65601491903681 79.95305909209361
77.88265841448019 88.14879783299645
87.44013403097775 46.69681788083222
48.99820052167172 88.674272612366
14.630272378197562 22.710523438765517
50.696097473854266 99.74064102369718
0.5318835918423304 77.64799554184457
87.7833771638667 37.548800233754505
13.31714193252591 3.259225467549798
72.9402423568601 20.1543144155103
57.93945561344182 74.18651387416615
11.308050042371143 78.9860104844859
95.11581164669091 8.057407592939025
59.96023448121171 42.530533291904014
41.30259052398244 88.51845004581243
32.350834357410704 12.01512480262128
22.91576995231537 84.71135532899619
6.692077770798255 85.63713501566725
45.933428425721615 52.996609005200604
11.475859973503045 33.830318090365296
24.533692321697707 34.33969917934696
90.16752306052771 99.46649410073414
30.661245073888498 18.163590103210936
56.48009642435259 84.06978476122772
58.70159963969617 79.97467756809884
63.27217455904588 4.83782345920829
17.82586921630509 35.72545114688157
8.492288412210458 67.36359051964843
97.55114654387273 99.0823437703928
35.17693930822874 74.00535467466518
71.63676371807865 82.97914576823324
20.959431220805925 81.05848627015591
51.5756443183925 89.96476380010374
58.14915025086975 60.34675477676004
44.30974970334993 20.561499581391686
24.10260845219623 58.665936297415925
11.79107529610568 97.48930593475025
25.64730042353791 33.063817185326386
47.92381486403043 36.92719876147985
46.31062203732448 14.268981047628282
96.12107992772543 79.16646238155936
70.23509507686482 36.35370081246781
62.56572472656845 23.362789637321303
72.8023408645471 75.0516305424433
