150
1 3
90.15188390716766 91.77291608610354
16.94685835053471 34.849255613499274
42.36222590337615 75.55704333535004
18.11388331407344 20.577451082827558
97.97457823904013 95.44146793822912
23.16311429031428 16.349571214956924
53.03856348078011 53.92199290704072
69.07329752482285 57.33630527099083
52.54451810864828 1.8251176780913037
5.757941708761316 16.64460739480722
25.0767141473752 57.19553231889385
90.18290904927385 66.86108640798369
94.57990721785174 45.586707348681486
98.26894669280175 95.79134439562158
61.81787383078641 68.31284003201861
45.69939395775153 97.47323302550872
10.474928189334577 21.452955747066916
50.35032714463099 83.20584423226074
15.2917178991528 56.292211686191585
25.38443223754381 98.61240629071987
66.68631810720274 33.53213847827634
39.551181202527715 94.24521720958914
55.904000994993 29.644534168597716
99.94933772745331 12.609609265000387
15.044560058553614 82.6233729073661
44.75225161256784 23.016400578146936
48.5591980057926 42.118539601771566
9.587034035299924 95.74455036920426
4.526838412791201 97.31156366555366
53.760329783596596 39.368420885268264
59.23804206572865 57.488135204268545
69.69161697118732 29.142972908175622
44.23558881795733 21.185616065654656
50.84375956229199 23.606469617968063
61.09915036042697 71.91845198877903
57.384895928276755 76.48052960126645
62.038834341617566 20.946388423637895
20.502686721894126 65.76083332447828
5.827143956879155 88.60914369345791
93.56809260227148 0.31342985210189855
67.94865449652406 0.9906640370254349
81.48107639090863 25.205583360977446
54.969465003184496 18.20809610575558
89.51955698079877 17.157988314853647
84.06230727242033 10.143310698105257
58.29844555864456 27.483828889155724
74.9089201626347 44.93229898083422
79.92545813185362 64.84421120461587
93.3178391423054 50.52241636808008
3.014658627198785 55.76610809214384
42.23903992007789 5.075025158141111
46.81512627547575 50.90067246203711
28.189690665840537 46.84479585290933
80.11388328203206 63.45468755182922
58.529946027623026 0.4249299263768602
40.23788867950102 79.91513654466782
35.95469019513025 1.2258210162146677
23.494803991906068 46.07162846997754
83.89808896117191 33.31074430748862
20.724073430246648 72.84853663256439
88.20039930788171 99.2040677326245
71.36759237190304 95.01242659639972
40.672984329508125 59.48436198412035
52.485858215866266 13.760661680823926
59.44822505307181 74.07692817239173
50.60574683503505 45.82303925701261
95.02516081689048 15.545961718851832
11.635965859051378 35.77728210834379
1.5305946392649705 70.56255381189172
27.323144373181506 72.98864471156344
2.9337247670443434 71.43593593150808
79.41992147396888 40.022526810396556
4.762416122829638 80.2721350485453
33.73327455599691 47.05381844951597
68.31877117225496 81.64133696786524
16.097932448979435 83.30590435098999
18.36755219661439 83.34963890254834
35.01135872314396 70.01154303999336
62.38268921022281 27.220023021398674
20.335868709647432 92.14716117299797
60.45413952125631 22.403358813846097
30.545750877434696 5.632408017393109
26.311911789126885 74.02954803057338
64.17096966869047 90.38426621866176
76.63334332941325 66.48798394529152
79.39235637809784 34.66000998448471
33.026427631920455 10.192622169299327
86.09400840355337 44.30280372764599
15.004676438830899 22.84847692831431
16.25295614434641 79.93029661043816
16.271319648042983 87.72782600800315
6.464746918639075 63.85107194780826
33.511792960613505 54.56678080239734
46.051113692737914 20.318371447155936
16.645326235528945 3.3153600141369033
55.772137118815394 26.641435625613873
12.761713743509118 13.819737542904686
10.812194736005164 18.63576247610803
20.77139956384397 89.27894272577844
47.878962653437455 31.793175790197424
27.105136075882697 48.56514462163959
90.95715937269703 24.203463629093914
95.63792936588086 80.20736036044298
40.85060792304282 24.761438320811415
42.98792903009512 45.3474522041176
91.24257622405459 30.210898606433155
10.421047828097274 73.20522358529662
47.66847987761131 17.56061859217384
1.4964722578376888 82.48383446268784
72.65868988629187 39.23889690484587
44.07509229179831 14.042135466327533
19.94309421346625 41.396876597394304
28.429178494542896 4.505217102990655
47.26103146060072 44.96681959793385
41.44024965176285 59.93759741177467
43.68226690699202 45.09526092627496
70.6099472858609 71.30167494553754
42.54262746821655 5.618768357480519
55.378573386651375 47.928550487140754
3.828663847182101 69.40854222056876
83.08812794625571 58.17814379890906
67.9848736629514 64.46283463605813
25.599418206162227 49.94247677831347
57.39491621679964 3.2924710476828434
68.50418284551158 28.93631617534831
24.696054654337306 56.21291283436791
12.086534595054 82.47475762456939
13.539424797360633 76.33873384306762
28.85154942704262 32.657893143474624
66.7785612641233 38.75707700127895
90.97540569907659 67.4438058791492
21.505215058414517 65.23859668216814
28.690571891097516 93.72007142510238
19.711511103121282 91.44167431988099
92.10038467554223 0.5592052840065698
60.41888634884833 44.81974915721176
49.81091158591975 19.510567173528482
4.608632847341321 14.044845008073503
74.34486534559295 53.97201546901571
46.48809950916344 86.83078185037398
41.460899065761936 36.52567479516324
43.11931743129988 66.01806304056478
14.992185917584088 31.569130261825062
70.68361734532967 74.81645955931828
50.75082518977776 33.05253207993945
1.514374560622378 40.16514696469271
71.6350658134392 90.80765858568816
60.094990404955254 14.656095906265488
47.731500983144095 63.69329884188242
70.2847962488431 91.7193076077353
