780
1 3
6.273831922498352 16.94936287356721
60.34451555798277 64.0706929455541
27.338591201268535 88.8296872098032
75.65523041818582 76.01321874008929
98.59887250731269 68.93251122862453
87.48578071666127 31.56036637433619
4.705703618650281 64.87606684819818
71.51152381343235 45.66960908989341
33.567142041711186 20.551698971185406
67.10184380465091 32.23627869321282
65.94348629388473 86.32177009181137
45.59361673421889 39.44845352349782
14.028585807502036 84.10519888731396
51.29575918013642 30.460819608572454
97.74348939510007 48.02767955614544
72.3021746660566 90.80863068894828
48.16841784541259 12.894870419165482
36.405080228042074 50.31634635778257
50.7824217788442 76.37009788143723
35.392055649299195 92.87527831998655
51.13730798324498 52.06857061219217
42.03951637818335 50.278799640711114
63.83872926922531 88.85442107818129
75.63660788530542 38.524895024775674
68.00857385282058 54.521361467122965
98.4240951569747 51.27163344351291
45.82789142199886 74.93632789235798
86.54229076965892 38.708025034497126
7.855791213451124 92.96503916300574
31.40964749335069 76.49235560730396
69.34618765114277 40.52318550262897
28.190436767061676 60.846188504481425
51.69266601380755 76.5623500990892
52.441138189255284 33.05599647359767
67.05025067990837 78.11810230999932
88.82646976187618 80.25648054320722
0.39397193414487663 99.85017053356489
31.674573250006198 94.92253230598307
46.417363935504326 1.3326913720208777
13.11757397561506 67.41130742936477
47.93440869883898 93.13391520886304
67.34175306870802 10.781434984413174
56.67850673511321 31.067934939750952
44.04531973591259 29.838156701963968
27.97404318219685 47.09260363845347
92.39941227761894 86.0156019286049
87.47780289607209 6.551710449009729
81.58684527555742 50.062984661571534
84.57088857162891 84.40369712998934
45.277677027781984 5.745103658381701
49.76661335771644 81.0728838055782
1.9586751686408777 12.792731115427003
65.19843201703004 83.90534463176192
79.7254516368358 32.323377153486874
53.95658008232162 69.83920195876688
93.55872440412102 69.56649303970212
77.30735559946069 43.510901832180515
38.35407034708906 43.92143530896424
31.862850638610297 77.66043895720756
56.70557980831112 64.36121346196187
71.75273412410435 94.56895479311078
78.36745184818123 68.84225005606213
28.730125075205383 40.31026566942182
6.345519531952681 5.514754475929062
17.603774917949355 55.79368965403353
24.46537307993315 15.13857564235086
29.89712678653862 0.7184152136631594
5.485575584347702 49.10992930109721
55.83983056940917 39.17284468694711
43.34018921673599 24.401797193162555
58.995563815738336 32.656987413450736
60.35044755905381 95.69091015632164
87.64589336926404 55.429885982763885
77.9595285749594 73.14536851462157
99.99185694024861 65.41018728081333
35.34918848491495 68.59865591769079
93.38548637648552 59.05739263568559
57.79607719775195 83.44673828775333
58.51394973577104 7.705815196914689
79.33572379055424 21.534295455653307
31.08366109219962 5.376318036418581
81.47929236123699 76.57773687373877
8.489354073500932 29.950087508012157
16.79134270714615 94.72035755961858
41.23791892749937 92.46204290725007
58.07001176002353 56.60040477020625
19.458955720202773 13.740153929524656
24.290391992913207 64.68487233623152
97.16691710796677 23.601562419967404
53.243729743400436 11.335843560952629
39.299935381602104 98.13383957708484
97.52296795069955 72.948547101387
25.36008595510446 89.35597784400584
43.857913582899144 53.066755052341975
43.41116916789496 25.075293168449253
60.19301767126413 36.089953345889604
85.86303596652343 88.45179391820544
15.394447558006764 43.069959754715015
38.238438237615505 25.323062845661525
64.15722776444063 74.25690468221396
51.79511136284227 91.50528071183035
20.385120651343016 31.484132058678547
11.6349366160581 97.94113439130012
89.65415405465941 14.941200703747516
12.55937710432109 77.10891505371156
43.80181837841071 75.7385818204515
92.33819409628794 74.80089762875967
34.94623387834588 63.013356069808424
14.640945555533902 25.04180521149717
73.29096343193785 90.20979503900386
37.239309885941196 89.00364535918959
15.599764967678764 29.99009964848782
28.144146841306394 45.62182059049136
14.468912193267025 43.04445232433505
24.323140978907798 0.5214483722643104
94.31350656673642 31.93344637298241
5.976010209035865 99.21112670127859
4.391112227268468 50.74179826879109
18.725660346150885 6.483166766441495
36.041288269287364 40.92153988438165
44.73751424471164 5.706284523950633
21.870382609478867 89.25582067012894
86.29320372606237 45.36013193577091
12.521477433389716 78.81163231640791
10.929209496690495 69.19437270062609
17.825127765514992 2.898672767886512
87.91776694074468 10.15126883124382
29.835720838417767 21.60952788315651
85.69841123886266 68.94863277252206
59.91735416605049 19.42150873951021
56.74978841926015 70.72512918812737
80.21921765982867 79.36425784364478
60.21962051743706 74.4193684064013
72.66838066964982 13.214537424843865
88.95684514510177 6.169992452658346
85.47899058439828 73.20888512263231
90.71204649492908 49.34558783777854
11.222777781882542 13.225655610897057
64.66516663300253 17.461688067034252
41.34912485723981 41.955157573104465
57.68388432948435 40.75770750688441
10.967893703039389 32.932743072249494
8.15270564609496 6.621462159723146
91.69462319852445 78.20786662299672
52.508295930470396 67.81828473525093
58.504563623631455 40.25508022441435
65.95036020807869 72.72482035422574
88.61729629292357 51.86587348965994
52.706555076018866 89.76026982374728
11.129483497729531 9.38923870760151
44.42571828071495 95.86211590545126
17.029777060958075 9.116351226297393
37.37746140494114 94.14007874898131
78.69029984807601 25.34786452159303
15.04575996735451 19.402383638707477
31.02573511586124 15.7654079530549
74.93980414083963 89.64273968410043
48.459816352163344 4.738392411901748
61.04441144042212 90.37765876728301
49.73455843195529 6.403164952198304
48.42317906598972 19.627698732267373
49.68390407662693 70.51317590001173
24.972374566923516 63.75569660371858
96.74986406192801 52.57280383617571
75.04962751726605 5.420531590276512
95.08039011591048 30.96833544935038
39.822563028306135 63.644261864074636
18.826193435013128 25.699196568102156
13.530643354084404 94.11318436424494
34.89044705175894 64.95040926002761
74.68977018109496 76.81393587428703
65.64666052494488 61.808480939999
38.82360689125734 26.311533069326277
42.05095937817591 37.07602691297058
17.708568925670455 51.886167329864975
34.350824457131225 50.927107287624175
57.111391090777694 48.370791903020226
22.24519301079775 16.339029729037513
19.645605857365524 65.30677064809258
84.45031561148846 62.256137108188
99.41174146898688 18.852019777385177
11.384877971346707 0.8183247853688735
50.44522127967524 97.69189800852499
25.1264665727126 60.95155012998805
34.533880707908146 77.16636462630457
79.22198977425694 97.10110810742339
88.45078119679042 57.348541099435636
49.72577441971164 41.94435603041724
71.82039909859618 14.611643525716822
88.08215809012694 87.58728627927006
80.94187013869232 72.56612416578969
86.20093089580672 67.85368272518313
29.330697206799773 91.29658878318119
33.99197121581208 97.4692054959684
83.00810013718609 14.401862938748211
95.27243494477304 44.82236169994085
43.27065076037362 85.43592034329916
28.467135146969834 71.43822841109109
10.788488331262492 8.03620675949177
65.74671811249857 44.63465898699437
64.5180483660584 1.4366316600199047
74.32340137513805 24.138242291095445
43.18217549274124 42.13043732756123
80.1603464055751 84.68116903068518
53.445633215831776 66.64737622073471
60.95650688261287 42.47981459514642
76.02362357387405 55.01857963529486
26.316272815163156 45.074793475969386
97.89521873132931 86.77713703108259
60.79220973583117 99.52511488135896
2.8376386388830666 57.368736098815276
10.413067231104623 48.040397145470905
50.17803169313382 52.85077529676163
13.095326610208001 20.629017818017715
35.61336386056713 38.112419519911775
70.12349060799639 46.173392575621406
59.47704280991197 6.3103876676134485
43.411902371824375 74.81530095163855
25.025835617227642 53.48566166902864
85.61946666692674 29.339494959149427
5.129174988157548 74.15171065171613
61.75295380756947 85.9140441154242
28.378834010847953 10.524979779718247
93.3445923207124 32.554947686903816
81.28083502603943 20.920195167363453
61.389719422706676 42.505877582917485
79.79897730409216 47.50347280911935
59.02841842061088 55.657874893105294
23.410134608342137 21.747681664343666
85.76496414478815 84.7227595880721
37.518142055239444 60.248539344575704
15.253169372551923 2.323201551601084
18.50009616547812 78.23830487022883
25.096062967792964 1.52401100874342
16.66949363782042 74.29408360030696
30.572383404987026 36.89847547898597
68.24986354496423 94.82541297267055
13.72037265895274 78.3905751233458
9.195717257540913 67.19420645088219
1.555442221672232 37.951647807963006
86.02650684802977 52.63962430613975
51.01459668592907 66.57187678214551
5.887998807520045 64.0392853157818
19.445378968364114 28.16527206333639
36.6052362536802 51.90237872185855
8.344080802727616 13.329115766495047
40.0965719746363 19.315110840124472
52.64349315045409 27.650580279612313
39.115493891677566 5.177083437215835
17.417910500064316 2.613528179379254
19.596739122574093 50.22639140985796
42.642021158337194 89.4534517671634
30.407149949294187 8.688239992321488
34.60972577614554 86.28169632636519
72.93285438920026 48.038338424614004
68.12809869550954 88.06822091149138
48.865541681668766 94.61850705313348
83.49904177369409 26.8020767075972
30.649407388122118 40.335281286942305
75.61734070223751 89.80838007766259
1.3489809745625303 26.734373772911503
36.80455585833273 17.72536575322794
54.998421176449085 9.358892708890455
99.88417108079433 88.40757961474355
75.9835144329253 29.955938373885616
79.97020831766535 9.47983811314388
8.888061937728132 76.93720432235685
35.34934874529796 72.43672167363798
97.02992498818143 86.07402767944939
2.623097838041555 72.37889810747018
10.010570521035644 5.755156466148015
52.04097853979795 85.21232711820642
12.065319122639728 54.30310470946647
56.34609459985853 45.79549876224676
84.26712617763145 24.32931051235496
54.447320089707965 61.384098110603304
64.2262461083845 55.2033571123945
68.20539223623143 52.247868801183664
86.40881274795443 3.834426415015302
65.3461688215439 22.89818890870887
2.663621755708845 10.117098083813026
34.22603734334471 21.725019964734503
63.65623413256787 11.865787410471684
16.446967298447458 65.38177741967064
6.636324173661445 75.94159205143076
8.688695936538249 12.754398401313804
84.55263202203788 87.76967821552279
60.76586684949397 80.82225756036662
69.62191127847896 98.62443490695622
64.30688760930686 88.11327403110951
66.63751277213525 73.81154241893671
79.5751770187866 56.44254234209383
19.353192957053356 41.01150812641898
46.68817392451645 29.460299818697976
78.99997620929045 93.10056891910409
31.251549257969625 46.058814260340995
28.789980925848504 45.67855640909882
20.57131800476919 38.102249056761
90.05282053503191 98.42782368579903
45.706228565368924 40.817464311679075
28.695054417444798 52.78583027756687
96.7905744989435 30.91679820720026
63.64386849905386 83.55208139716308
85.17437779632967 12.97677061849145
92.6045166827578 28.374666697756588
5.356808002120683 59.751800257349785
82.11639664439019 90.73514136043937
66.41489757132743 45.063284666913404
12.942644480828914 57.421243302968115
6.101659204074172 92.95653525654035
96.67503030911658 97.82392250962022
97.11333806785952 98.79846240484113
9.738276072388064 5.078499406469317
50.52091447061695 53.561852315030656
13.176610453750538 92.68707986991703
16.53311366056105 46.611199195411565
82.0159503218947 41.14805996294499
89.2071517765804 35.08811123764186
41.745992105460886 3.5551807236083643
30.586859798308176 36.230006333649676
49.497507780140815 57.701808048783846
16.492017854759133 39.08518700039056
57.80130499828895 31.211896089938662
73.76307870774257 85.1400914779904
87.4300390675069 70.92014426866069
28.01637552789804 15.729861161094426
14.290623059780438 72.72335550577029
13.412275008305997 3.362809474048034
98.46606760682613 20.11719594108945
14.715322739761948 7.34406121979283
18.756756568035236 15.84787735216664
6.328461302665422 32.41537805200081
42.82912215667236 3.809488204960787
25.46975437953458 41.6978098254029
12.271114945803063 9.749257555867153
40.77156868879834 2.622944857978027
17.866120445904365 87.91532936847676
27.858629060514616 54.05701012482433
43.602143256526915 86.50608171296817
38.63573496596773 17.247259651761038
45.68662344650232 27.504019950746784
31.73834957321413 54.09047496364756
15.454564150064476 92.9705505857469
16.392276916139693 55.741436321145365
96.87815847871978 23.061921169365274
38.040919535211295 39.864760920637046
60.43376124631019 73.60306319172787
87.50168972565189 89.55930486907972
43.28408063648557 42.44811863122688
52.0038466211066 38.95223938998258
82.18362925229195 97.40941656464163
55.04540160007492 28.054123293481826
85.45577915440738 87.5000346729061
5.49092440289265 1.923428118489201
1.799207930955249 97.00540448130958
0.40290613462727887 61.44826003291086
26.302835748139785 61.19773126870393
47.97042218667637 34.43513571789172
1.509240971352921 25.746310956383
55.890061333818196 53.077568210355075
95.93510987312663 59.036230798670864
31.09454956576907 48.37620489648617
84.93783236708461 24.36060994644864
1.3756867146480056 42.00351998733518
90.39282307418624 89.92702650019781
77.69737006055458 71.27915445026186
9.192905289543907 30.093451468856603
27.19679949561509 30.974640315799952
21.70709715561834 77.07642263460434
15.905013424559321 95.86457997719396
77.79873716072132 74.31083835836499
19.710423565010714 55.95792996148039
21.00809395504044 83.5554186029321
84.24595342293233 17.623609279408292
25.400761282424988 39.54717481449048
12.826078483775195 49.36225658022697
7.9981445489035075 37.71089734144808
59.15087602634617 80.37218680796569
37.67181584765127 25.66809681007294
78.72040358863744 32.437540729450866
43.71004660575966 77.95225168601905
73.5868956382562 18.800405345785286
61.76192145464172 59.97613173392291
68.06129025246432 88.22009354099048
31.705937802092677 54.3949060117344
92.3626232906496 20.59269179632508
90.99093750983465 74.72544544988584
26.85550048429015 83.16625492949248
81.04615052035045 5.119923924484637
64.49263524142003 89.36408454727334
94.74988259773842 31.96405259236994
83.11552828462045 9.14268181534117
31.840382115265786 90.94782680049127
84.26802480089712 64.82491130911845
15.283949274218077 9.258010069132805
41.05167897357469 17.1802922581604
41.472558237325494 29.73762535969602
6.1870479691793046 71.30389517512315
53.08455077658027 58.88815333037658
76.94276554780468 24.115318748777593
15.535802294802824 8.48935500403969
21.901425094950433 74.09466546633365
71.06002365420723 66.35047599512522
47.44338257649283 14.81263887257711
66.17374165393282 4.245062562060609
93.68984910129439 71.29551115830479
82.79392060937695 59.35353471188354
68.1995254671295 61.99520987275411
84.32665331523263 47.595667305074144
29.04387222160252 88.96897896104532
77.33468157357402 30.002593188764305
2.0000008873876984 19.171126045053267
39.067550966864715 51.88734923001772
84.96554201815184 26.417362979474433
55.31588331607438 38.49208732489395
3.8721911935192477 48.69217977540667
11.398833210067739 80.01981828687252
58.54399086496254 20.332799062609187
37.69824147460072 58.05954405555988
37.041324236392036 77.59443952004847
28.92133147120626 98.44256005593479
98.21866404090511 69.63905538822253
28.61826311665949 63.530091132855546
10.10865359377837 8.965181698329872
93.8973625423115 87.85928074467523
42.85469359437209 85.48195674219473
98.81485860733854 46.29734860228552
94.78444861473116 96.59045555253928
32.545698772742114 34.61255760707116
87.17003640935992 22.54828766498167
27.357088147624854 84.25033672874032
63.71353254708758 8.15860470582821
41.03132644747931 73.17045273957051
79.4607596705385 47.79918460774726
42.97059760084751 88.59164761823266
34.5774480332832 76.0630279712968
4.51163274188211 69.56597367592663
91.33435860370143 45.33333291177104
57.802643843985905 49.19317031779655
38.07016235959204 92.69056006611589
18.354651918627994 96.69043520968779
35.10909535087254 90.57459148727878
87.83738349787875 44.147344538945156
88.33046825943975 35.75180325575413
60.68493143411222 42.02146681537597
41.560044811931164 41.64665757288339
57.28346742885331 25.939763853961818
86.01458616674655 78.3105506076387
62.58128500637452 85.09852195652687
70.55889695989154 35.21850656529531
4.98591202224743 64.48282228704872
78.69216850478801 7.838542989996955
13.357458645201724 43.98806851529782
98.85784818451661 88.3016181742254
16.52704175776445 69.71646219529013
77.1611844139618 76.63482703313129
37.605441396670216 80.05506117377006
95.77178445788877 68.04739320518503
39.14860160828037 52.263648871139125
51.153419582641035 15.976895568428628
46.19289026253366 19.954228436866337
84.77315813950865 70.01410325236237
59.78783052868049 12.09268508715542
75.11481630780743 52.98251758125638
56.26558070548722 43.73202656649544
58.737972206936576 1.116192638254665
60.689531566966856 66.16459633209206
92.28054604663465 68.35802996342359
43.47470005231493 54.45851315141825
23.064570403198736 39.65305111017343
46.434538431576925 84.36626866424865
81.18352333286542 39.423113480774006
93.82516327723461 33.12856271786193
16.157394938508585 47.80378419763787
68.10226955436487 28.160398861765824
14.304181667502958 26.913162637693144
16.098850881199578 35.99686461672693
39.68737697980602 79.74703738732674
96.4521973073072 25.465577630684287
24.42154689855405 58.52593120972918
30.825195101643054 91.3306537585834
61.9477419712277 2.5112019301866795
93.92064394843868 72.24847059103772
71.50431466754065 84.30094399980936
51.485340049233045 32.60587324684903
21.982520345102465 65.11760601825742
31.017076334408934 30.291610376458134
55.37203936102764 92.49040671128314
31.441368321462004 59.98442992556563
73.47017234825306 48.423490990761664
47.37005134822543 1.5351367466902133
52.3107542028213 26.997938893539562
15.247099966915112 90.62014920883445
86.02897264168708 16.489780095593808
42.16836545877756 13.401221637664506
63.06001468826996 21.427643403012063
4.425816738277044 40.80983430815503
26.22321641935299 13.263425389150285
95.24240966409107 79.17784319822161
62.92511529995664 10.355801224952344
56.223085056410405 0.3523680118118877
23.539359141751227 74.86115147349082
96.87973158377909 41.04084108901971
71.97061640563993 58.41154016498813
47.83393626405073 41.32688621830432
82.99923962355638 56.271898184223645
16.655879626310565 75.59509227598062
38.997286407789076 64.06463282749407
46.87885818011779 94.5830353084506
46.85634156968588 96.16266132752365
68.24848818510647 78.61487726525776
21.445134706058578 0.43254866532136393
69.59570252411828 59.54191401172662
84.14102006696211 80.4507710525848
12.328660239764622 56.51949679963333
37.23175800475293 20.615553751719993
7.027155801029683 31.77427733814533
38.93913262165207 7.995842695255662
14.578462361637268 38.595099548851785
17.97360428837522 36.49285944176172
41.543108326671565 27.423026053869172
67.83394278685016 38.262795602051725
67.399547089745 5.344806915149891
22.285300961312338 37.105731957690956
98.58892804508616 88.75844277331828
80.21179344174112 61.54953705457047
69.14815483026729 77.82987166155854
29.603652802278347 80.61556080557027
33.34171352166193 17.23819706740477
92.60066806959422 44.090885489853406
92.92160106274967 82.41539877449102
79.64549536415335 43.263082971795065
53.29816961232257 87.06019838905439
91.5549993522329 79.57653052106353
36.2885300411208 52.455279198464666
22.551783088522637 22.19024139205954
45.17662696312315 59.4768718561002
2.4025819208414623 59.17380182336067
40.6762034944248 12.546606594299647
56.62544584260796 11.533507523721243
6.205376172072308 33.258773591629385
26.585404864904703 0.14114548267409877
28.368754562681243 1.9457041612019665
67.81140580038266 52.93265340671045
96.99207014409093 98.32159967824612
57.10295890546562 1.8618152646783237
56.27263126350193 72.92140788170505
94.19699923120595 22.87575727032356
98.75526974051789 94.62946764212039
45.121599902408875 85.54606490921938
48.525978541309044 34.625800366697135
22.24182120484679 25.9532887771595
84.88343172833397 91.85042975294908
16.637457824929935 74.74674123622225
97.88991910824096 48.34047159969719
70.04338558357799 89.65330602407606
43.95634325000446 14.347867782751699
90.60811727432691 57.65238806006696
38.26158086473801 11.193891341487872
39.97320590999654 42.4739982863968
31.832411958703986 5.914273817191562
71.94513898542132 59.418956657993704
87.67785037177123 50.80107139551713
96.37035459125951 13.354849348428566
31.917058811666777 69.53353207711983
77.84556862060892 93.52790934849699
64.61760702280834 29.066053792820146
15.346345712548825 68.52791350044696
35.28933504145033 37.09598579839073
91.26618723057098 94.90166354682634
26.03870260171659 6.0007463902700175
65.72727411299739 19.24812105132152
64.26801792772947 92.65505848414443
24.644614147998855 84.21579888364808
76.40197359714367 32.13622856632843
4.612916829558089 71.57101693505041
8.905367588732016 49.69219496906485
65.92899263650638 69.4467711476548
54.707890648255855 30.644636772602098
43.606111425905404 36.08392508785738
41.04351696255988 10.622850233342973
73.00116412442561 79.6047100094311
15.237371289577094 84.06622501440691
30.50230196812178 82.25410141919282
86.08034446973988 35.45850513290878
74.97631506219449 24.652268684670766
16.315696031435255 20.13532477578743
53.910911470666804 58.97808345428022
19.892918809605774 15.113538255822778
78.42378795232057 69.54407634331601
23.354555989990633 96.39689763958472
30.09471691239396 27.878381006572695
63.792708082239756 79.2600043254825
59.29081121610948 75.51495427576617
31.441421539447912 45.034001016305034
74.75060880577801 13.942238486238034
86.88403001659277 36.768439343879876
53.808861057222515 25.63343372919773
67.43486374095153 58.106908440286006
21.20259268748388 47.346055362584934
95.59740429592279 20.204505986441234
75.59951743252743 10.043701731200837
0.7919525842489783 90.29899985411845
86.66544883455698 94.91331361612174
69.65538504997515 31.775770277174374
14.950307512015538 32.549394702207145
57.181033691035395 18.12039214998331
15.216938333084107 96.61117433662874
87.63537797505892 26.315210007954004
95.23787906112851 33.91993890452956
30.351681095702745 94.83653405338717
38.69077637982199 99.88012390024174
28.488243542643655 93.01553346420543
80.88585266927595 21.441940321173035
2.5693702596684798 92.85259250358004
86.33385606854075 71.28647162152349
52.283475729013105 33.507976591709074
45.2771692289821 58.245999842409276
36.518457731100625 55.14633793319914
69.80096291995868 42.779932410267875
76.90278854367753 65.96594866612129
76.17169150382193 48.03960025042684
67.33494959213601 81.1350675517185
88.24491754165633 83.55781820371475
63.04201511948657 57.4560885530143
53.00320984229651 52.212451335757784
85.2785678371061 30.216292832752355
64.98794883021921 99.70041184855182
40.923613440459384 31.774139869814032
31.926674880089557 13.385278158586322
74.27432296050611 71.56055083728803
59.93930505260347 35.737589274918726
62.62582914546984 85.80042634614584
7.679892924364262 1.059269458292178
46.98258208174673 37.11106860028579
27.06761073267345 59.51610418361872
73.07357574388362 51.33949932864883
34.515282568275516 66.57245808533506
41.9431616896061 81.61348774819635
3.93145791933478 43.142817623321484
80.34857171575382 78.14859625953594
88.71876719796998 16.26394132433775
32.16660755317666 64.71209358489729
12.926590616011913 71.39871431331075
52.643446301741804 4.935775283663624
21.457201668655724 63.87429785372263
1.8393182205247216 1.1160596097543385
89.94753058847924 54.51563141332627
98.26358933349579 36.82284485077905
29.251760082605237 11.88469053813308
74.2764029501323 5.725134830722589
7.705185448440388 6.936895373769358
27.885407123141114 9.171633382507526
23.01106985086465 82.80923935838254
33.367134810491784 20.768918482755172
96.50870560986095 75.93957503549846
82.98840746252638 12.485123481724504
15.759958336668877 62.10598015541502
38.60973144355153 80.99151463844004
65.54785812779973 60.5717584445661
98.85027603929058 5.834342463867981
26.739005445405017 59.37575223269334
66.3634769363981 14.152682092292013
69.92548417170555 63.24934635483246
91.17362972773964 56.871932271234684
56.037686494064396 70.29607789619234
83.9191878453587 82.52465394535626
25.506182691604206 11.969515409227437
86.90654247112857 84.5276319551259
90.0061087358299 90.00925618859965
39.79568001364233 46.31212621811183
83.49867112686509 42.99766837476786
74.73403684321175 50.19705224127202
46.33437727606897 65.81412256638582
18.31125688234623 55.88614419186395
45.83437317995245 75.41484729724066
47.036365935985636 82.13209661430881
34.105374298543126 53.04101842758187
32.361121710569066 4.08089182214868
74.96655273765911 62.90904843863962
45.12709615601751 79.42501624434495
77.9188752140231 56.4615539220773
94.90977947704773 9.388229494944046
0.5087493809136312 57.063949595899935
31.02117524520356 63.11381620784955
48.23552867605378 67.25294185460984
80.3237123387826 10.983865898203193
54.487640841078225 9.798073824719843
41.1593961551983 51.789188233874306
96.51811819305716 77.62407919663863
49.93715179343117 92.74586313427302
23.68753719404213 73.32867159438979
97.45624941836337 59.57325092552623
88.31698048500438 22.49098908863445
39.029373974084905 15.795647884363294
58.34757146073757 44.454365996996856
96.93793766961123 47.55031774029601
86.5190720825375 52.765935825148304
23.47090360159838 33.67854288002794
50.86543873455096 56.627717233463095
62.11889923938338 84.25031919578645
21.969988928431803 52.0363965550261
86.43486227311672 84.15980235156265
70.93655833061263 38.718806447848905
81.91335444776087 88.40711464585023
9.289558505332973 68.5357172146906
50.00455249396829 52.510730524882
75.83995718956373 35.03498539373125
21.71584994682241 62.12863317136195
32.1084509392638 92.17204494165527
74.75089164918907 36.00574877908396
38.50880084510291 73.73684629310601
56.27141076971392 46.827919112700634
67.82158304752073 38.87234295813937
50.894004621337196 61.249417121878146
67.24102305788351 69.89394046841946
9.878495107468833 80.77236419626928
36.34177058900525 57.8317291165334
8.514678024652621 31.927777798220426
90.95769277421519 68.4371881781099
92.16230251777714 42.8253353018067
10.340946893124414 2.6351463305604783
22.65124495514941 93.99462495568558
70.57957546589952 91.37608932820875
86.4792613873623 81.2129258544693
44.65610813054148 34.32455021172527
40.863231265808 10.271772426226766
79.50346179736741 91.69142499843935
69.22716462167304 89.73562763401223
95.7675554794357 22.009774487701982
85.52581996145196 40.315520121573
77.11881114038147 47.52414966785603
47.087267525790665 47.074828304742745
94.76965273431384 43.24216562918226
93.22150352162934 24.168042834319237
2.1165745048621787 86.49112778729449
21.487119418967858 60.19801728014276
82.77784640652268 68.31333178046741
56.05877451351557 16.09227070746233
67.1011324006593 50.30740761804901
10.686386166475813 24.00747760104189
36.46900223898788 2.2655719700818144
96.35345762807319 34.89904512366802
28.567720872026968 10.978801927905746
93.27092203410558 70.46006654362753
84.16896419118515 98.97044158607156
44.10832274380254 74.39240694061549
77.18644392020148 69.73804763973502
93.5309620245797 18.161465844020096
25.584657576049818 43.58508238491034
85.50629163026673 44.612265002610286
91.66316030171886 50.19531380636613
4.744262951736999 50.68623622234478
62.468768720607805 73.39810418003543
35.371104127578576 62.310109820758264
60.15641001347794 82.6505874725704
33.86418061996637 67.90387966141911
22.262560331424265 4.224914978100847
67.03748844288407 29.86886600218215
47.50068749328595 66.13110539129477
63.468387935224314 59.063575314769466
83.27538030426884 43.9646477423939
15.201315809219862 1.583973628555091
57.485621409637844 94.85071117196422
45.994176819343814 15.514531027573408
9.191205517364033 1.1695749577294468
41.535248281672146 64.92286683237676
68.21202434927478 93.50125750794935
74.22929008304094 43.57030723538933
79.00240072434181 31.93043750078346
15.647464655111087 1.3518897982660816
17.59377336616419 20.53355952797169
36.49126851340456 16.40065293194899
51.95530962019574 62.312723122888244
20.72167196342358 0.20429682666158744
47.447170347079926 12.938120769494965
84.3831003984321 69.50108648514373
50.54919620050826 38.13884661088323
15.405899720523264 67.5742386365279
86.39308183533466 60.62649888795675
