920
1 3
8.863991232449454 51.153174017894145
50.411089960122936 87.91819870448585
28.0476652105653 24.035063604397088
33.62139742181904 73.84445622940356
48.89743899646566 48.619015409119704
48.576675664196124 14.462371797669672
18.58934896457949 66.22371732733237
78.88179315600345 4.453400643951433
16.136481485761678 47.470987794606835
75.59122422740442 24.513875891053072
63.00404919101767 86.5135485891942
14.54067745390828 64.84250664138173
44.69324703587676 37.83405073661721
84.41428306818284 77.2072527185514
45.24536056575303 98.26068331274018
46.59832159547528 45.90095763850308
44.52490290196602 78.34521161588816
30.427273936450195 22.22553161709293
58.260987085504865 19.010190893783996
75.27014065825178 10.593922830543834
54.943985653839825 41.741133457453316
84.1432018169752 80.03898862614072
12.649955471244546 38.27804636221583
37.547551583835116 50.394535561960026
37.41340095883368 94.71042613645939
69.966614848284 29.64377161129914
22.987473277474567 50.751529840710475
96.77787237193547 80.75316026607497
76.02887664132109 4.79365953928752
85.52425967897868 10.142189322638107
76.23700420818258 94.30409645061869
80.20016161247747 59.94515918234329
65.50696114561106 0.3840663906696573
51.13943051657799 10.670198103305228
79.01674180900957 78.93241514770307
25.885136161026235 27.01086878493779
70.46563838398579 3.03007463584839
8.176242620110186 30.387688550392067
52.23889449751991 22.023889534159323
50.8215422016504 86.58733711747242
19.99702596084343 75.49185077197905
10.781121181975406 91.54399047357538
41.89846324859692 42.164443295124656
52.41780394671387 12.364020931032748
10.877021476800696 83.52566899511027
75.42809065738945 52.76438681897686
42.77996585811652 86.02435400398036
53.96075123601109 7.38317590540456
40.917127860738354 65.05377008566646
28.469415217351425 74.68362439865189
11.932954447923883 9.334351465366275
43.89792372848733 9.225986904863493
28.685003633404648 25.53240772831733
83.00216966729037 48.22734986331982
97.92196634800435 46.29669115345509
30.068329728281242 79.53296448947565
42.51108870163185 94.68757353883272
74.77471427664464 97.22705572234234
6.592712348325436 54.7388861030212
29.337516951895527 75.68285119780103
40.93806688033184 31.39314292040034
57.47523351608124 99.99254526765577
55.69652017663249 81.73262507887276
80.50443192607581 31.282761431912487
44.638739986098486 94.32853207809427
5.060915248908304 38.68451065319223
40.76750858105951 96.69898584788419
45.98132944660431 64.22943023261362
60.41126599189353 13.413301036779114
88.54020194307321 92.27026505886242
32.25535625492544 40.7865662147624
89.81803694954355 48.62887475894726
10.047060232987914 77.81669524167674
37.09146675729118 20.830956500042674
70.33676898085261 24.672600321593883
25.133773796527837 10.76055544004586
3.0505573004339315 94.55532138623313
7.154001548837541 41.7724686636149
3.9644913335136645 30.59911275648537
45.311682728937754 81.80176061050066
55.44709554634799 99.93026275220065
96.83429428692982 38.28059743674923
76.0256544151489 30.905525617187337
8.30944953853896 23.003864622153316
19.930171259313468 52.96839984442365
96.45310292895498 22.70891619701807
14.290122034289322 95.02050378067506
48.9407742506327 15.182054684812641
88.21181757156005 4.178167102743702
70.46899521174068 22.160672200057043
11.813693961061178 60.77103863088642
18.530424475028283 43.42479520099349
11.621872928511422 8.144591557752467
37.63783777946787 24.135104960770736
78.19695988074187 2.548101302676087
43.38526654621078 9.962859432411907
0.6847389442630414 97.66963702209695
98.20562638850762 85.51212805228133
83.83234981189882 25.465800338674693
96.79648532077235 54.9678788907235
70.34230118003677 14.493117948148626
48.58477431100325 75.24453603937162
57.52026088337081 36.532704524175166
83.74549467540437 20.01687120488458
82.70302430495545 73.27441645250892
66.96543318596981 13.211215706861301
42.02989908584662 88.12163688582477
51.89543442822322 32.020782012193564
86.28909031510155 61.05767428904081
48.493849224688404 1.4624638423764047
24.58441401375133 79.45017872033763
75.14786477811862 19.633848979606626
98.45615602398998 98.69284019819212
63.83534918577827 15.64609910188115
66.16988729742891 57.01683112173603
46.00443384620119 44.3742193309562
96.94298875729561 85.57710178366604
81.67864279395398 23.33525822034357
31.027122916800653 83.05759792014591
71.03981207311789 19.874996443951964
9.236813357427586 78.1879098155726
88.43124593518452 66.32573505326647
76.32810303816511 97.29472797537613
35.08811235892424 59.43471501106683
63.331614228634756 94.58083197150258
78.33043624566842 84.31793133026966
7.651469762670504 54.23981512329414
7.562205073152284 35.39219727460623
23.795724165948485 16.341409842217058
47.06272391178832 25.84125586425692
99.37939522006457 98.12577565704161
56.31092672360176 7.785239833375912
7.026814611339782 40.597572746634334
70.6471357418599 74.98043715438372
20.253726728844978 20.408593961834143
60.20178547613926 81.87018958871333
90.73302286097422 25.61079482538218
60.37983993789453 63.28478295149258
25.60545807860479 41.727201681872295
86.19700565677992 40.35180247388601
95.227835620878 69.71711382590846
51.790446286083025 80.35760077313779
65.94983320614539 16.251386872121444
77.12006175349966 32.91763741605038
33.903921748690635 57.730820691007104
9.292443105911197 37.225484555013225
24.84943648039426 69.91101753033206
21.900899199273095 48.74772353934429
99.88899946587104 56.69247832853501
13.009005747140968 38.12657094617406
34.23751993207629 25.418680336927977
60.44888740748804 80.36386747937267
23.081418125709096 39.10694973543982
16.382492805605175 78.65392925382366
56.55507004725171 88.83997436994386
9.052382851158702 70.8547781798561
99.59193525698137 77.85312739826166
65.66090439651808 45.4512197572795
41.64276824846207 95.73539125713492
92.34419920948002 26.629337171448107
93.49476600040015 87.24537562973727
34.22067351187206 19.4092703960973
52.75548856437451 79.2138419420066
43.2245314327222 42.673503015188906
82.92296486107256 24.69794324486696
38.866504333847416 71.6777246827963
88.18227880363483 6.119894481042709
84.94621934713653 60.83559369630001
76.21086225856048 73.35327710242554
15.744395679203627 94.6242312075154
58.626193057481714 47.544705069067916
48.96315520847465 13.348756142610751
82.57245241629936 77.15007818585404
94.90780199759531 28.47281231940797
68.85367846426689 71.38933094497202
73.8654953231445 18.596659809104075
25.05711907950541 72.07976267801305
10.689532894609544 39.96085605136213
59.54890115173512 59.86829511780072
99.87842766665271 0.014230758394462306
58.420877418414904 48.950212206538964
70.34214364444856 6.320598300825742
68.52334501972932 30.870737660543558
66.86426823738785 94.55810737825101
89.72660540960196 96.0475184795394
15.174668728989428 32.76346320996939
0.02254135971417881 48.42367934854976
28.836756833527822 75.65404157776146
82.74637486677673 86.92891601605588
16.491313153579036 88.96320609747559
51.897899223252054 21.39745362987231
20.379520414532948 61.98778466497836
70.20509952103917 48.663315624882905
4.677572826219056 82.40310476258969
76.58088333911273 39.31302970772768
58.03707097128672 65.03613729364982
30.473865952241574 64.50588182372421
96.73974062845167 94.46949282976831
5.7780415828464715 48.27568194058629
28.293359317610744 22.993773983786923
93.11526812829595 54.717622244826394
88.80672079794503 64.0738976165764
65.67733431466468 20.344442665345962
33.1418853801902 88.7227105899505
1.778921823825086 38.74034507753832
74.12692410156967 53.55040211581079
49.621485449289 17.09152279128969
59.23842615795281 37.23795293574359
93.85529638893834 60.604820264474625
27.872351968468067 46.63393002158245
25.296193535892897 30.203064581949945
95.65618021508288 78.56735573191662
64.88265152813817 11.913474511504019
79.86272064180517 75.9248382383253
32.7268264897139 23.917004200626167
80.2505232996068 39.699133128163155
79.19230399951122 2.47520806648438
54.65058597941499 32.13070501964077
97.89004073053063 55.305136734585545
64.47583539026223 57.641264857087336
43.164265754591554 69.00018165630313
90.46163134449718 89.11379884846586
48.44824386317648 33.73910100192374
52.80550037936707 30.80523545215874
2.313698088424032 35.16231002072199
79.80103033740322 16.812741168177816
81.19258003011629 87.99075648257823
12.942856439741867 96.45919485514298
71.87065246698535 71.37619393609059
0.45218442205789966 42.82288254115496
33.35255425684323 54.41217371237646
73.68486992503361 78.56311908416005
94.30820046995059 45.401807651563345
38.57556174338983 73.75930282138663
87.5077164144072 7.154976377399125
82.78322944503076 55.490020646450475
61.64394805947455 66.92793825487402
14.402936626959729 41.60837311256482
48.33065912968313 41.24114395621952
67.8016493533573 72.72526473902742
16.726289804356085 64.19074538926904
8.914324431023356 74.91750592638702
22.038972933558163 89.85143238679034
67.7615499025058 40.4081301317736
42.315970490925366 78.60097122516376
81.05550545081314 41.27318949494605
75.19905497977616 69.5754354463987
96.48382752403046 14.004749834790765
15.691704243669701 20.805650472712323
53.18282763890534 30.162833601473025
71.20007117053757 90.74435043843543
91.2965319881742 33.706376053619344
37.52576559623837 9.096129983713519
25.11978065789169 8.797360725170101
74.55137109414243 33.780598445038294
52.64481083347923 46.66324293233137
48.45122282636633 25.745788200230415
14.836524725440858 90.57169690805729
42.15254513236142 28.21831778389663
11.651610899613107 7.933736548840131
40.07517891157071 71.02132842650694
95.42351092187977 89.44791963550325
40.251603975711994 40.80053047378962
22.423107255448027 13.507013736652663
8.964731198180441 78.14565010316005
83.94816202654336 52.589755231477994
32.9599964307181 73.28286728811904
17.57640345301219 58.20637265109853
32.98777483839779 23.121345896586188
98.03184675853174 59.67585448528201
41.94992314169521 89.08519424408867
13.908011661792475 38.76893253598719
68.65373093768967 40.53940783250778
80.33701890041742 61.37885861913646
90.51245418712726 56.68247747579669
38.21009647248608 16.72768180790292
62.848154917220626 88.73940347218937
79.67762309176078 52.231539203617004
22.050634107894986 30.982990429215885
94.03946413516246 25.825838254931387
87.01758974422864 84.5377996670492
85.54891198588382 7.488733498496436
39.80409051223583 31.267722952514852
56.07523968238721 83.79630733661376
3.2349102019524567 16.934955699090516
71.83375343861891 40.30409567740059
45.7383900423846 11.92838101981395
1.3615806387919038 33.18481875425938
37.681360299604606 88.62180225525374
69.38850512097376 9.750991415482657
93.22271127248638 82.20207423455928
98.80998608164514 77.02653168165905
43.05288058450765 73.55838176853342
42.397292782731874 80.65292681600147
47.35992388799335 77.10987108253819
47.93441096989896 10.389817472684392
80.40168891171828 42.37969364415832
13.372026564006735 71.65131851239535
29.080450076951415 17.687860513755062
25.77441838890282 22.824567326306443
58.99399979606108 1.1628567765607833
3.2651706197387 38.480234274111865
67.59194195275711 98.4168844272105
31.989494958040755 4.84774746993748
39.00111700524462 74.93665741039742
70.65340459406617 34.8315308908689
69.34442706613466 66.16100017594775
60.339782073821134 85.09694884742565
17.624013610605616 33.393187825359895
24.28001233222179 19.51147413501728
80.519229077927 90.20637476387432
14.783940900050796 6.509458267125678
40.243780880639136 59.22891243995814
85.78587345743733 26.46944922035377
57.20097825805084 70.55650300238135
82.42283132999266 14.196991143311388
33.38927077388383 0.7800896139919189
71.15139251815168 89.17689460662368
76.32455921461423 37.49704242289933
97.61551796448504 19.83241208142621
8.734832795578274 89.775321866845
23.5465934805805 64.23403084818256
39.06823673041446 0.027865471275245746
20.700806102332404 72.7894922919813
35.00375003953798 39.794257594863346
11.587709734194164 70.31099719017809
69.93454041594671 93.63145330853193
0.6874451140321369 27.20152871452788
25.098703070383177 6.762809803524572
56.47259684055472 87.15302397618075
88.1788832635714 87.53939887475613
87.63444781209743 7.067199928672174
83.7465403424579 21.23982469134731
3.7175276517151357 56.63368733896246
46.747708542737286 88.05984612810241
65.27617890773732 7.687645088404671
51.8058745751844 7.014396604989792
82.25855557391517 79.86547879134349
41.955456329366925 51.992184464964275
58.2029788971097 48.68826208870474
96.92003871814268 56.357810584954414
90.43862228719387 11.23378376908648
41.48939601063757 19.771369138291163
1.375464535318427 76.04626740646694
13.559853065450511 64.50505917999907
30.56551903529925 58.34821042598701
13.144075077277218 92.55362716260547
41.03841784802125 25.38843820914338
26.06714070189744 36.984126237300806
24.685887776221183 44.2576940722333
32.33922784791285 23.010850248102344
21.223267331797977 83.31913953777598
22.761111199308502 85.81443514167948
11.73903902235618 50.10841742584093
49.80591652744935 41.89333685166334
90.44753326106189 39.55635136292079
73.44094204949032 88.90377824105306
23.8472492380589 21.253785071992848
13.955593207078799 34.70563587823439
95.30147983574744 48.25557281594526
91.13154071695264 24.075278023790638
21.41115718692459 60.545850855965824
9.269224155052047 43.275469593535256
55.09539547062951 99.33341459301697
50.58667713108649 51.84504746495489
97.55881065063248 31.76731566228874
2.0278842729627655 50.91239480627665
37.188842291732605 98.04086691901092
56.209323684976845 73.24653448469569
38.38915159627441 17.683812442086587
81.32046405280846 8.845712978066178
32.65243617934432 28.0271998820399
74.93496942132563 36.934259326483755
50.4607328647485 40.55415810619402
28.748645543894803 42.51572144942251
73.99313468679658 38.68763277481679
84.92451169585964 67.90931472674968
45.2285435697771 53.62961715393584
22.68667291955193 34.51223958408028
37.34347985307478 34.068522515902
28.020159736856833 1.6456156100281394
12.904522939231988 65.60060848178324
76.29192906724536 16.75147859559725
44.494725874257334 85.11024001330367
28.069296067814786 83.76989441128269
7.5017525116175765 7.425099442936123
21.00732089253068 99.98154868090458
6.382515916200293 5.085853069558466
42.21785843998664 61.50454617047705
29.731764379645355 10.200921486666648
93.38389922529622 2.787075172973741
1.270328732165793 39.909781394925716
15.651849457436718 18.11856146303952
80.71798760792232 79.19129270407801
40.53144834823952 13.709232218669754
72.04025486605036 91.39201527978062
85.38755441734536 58.22014590358891
46.6953331009839 14.99700596778466
32.487855777208566 8.252361071212544
23.801411658095283 63.558667999736926
40.23500861074907 76.81190555094632
4.425634131249634 37.846801498368585
39.4528080839271 67.51018680383454
8.145905325829794 44.615108057878714
92.71456999457699 74.25424568455344
65.10860190676904 81.25448649702913
98.67585438703132 44.153766662318475
81.71740673177976 83.03676465140204
37.233606057529364 23.66136851510714
82.0001194045198 95.16839746623566
90.30479155260652 21.148595815728143
90.09531008870839 54.962152186138
81.42953726333326 52.9327844156386
25.291703836738222 15.026007109123608
77.10278938658823 63.76728098928035
88.70982619057143 0.06518330132831984
76.65584929780016 54.94252544449776
31.661609145640448 33.55575350584796
45.31905083092025 76.25802443834515
73.63968192236766 85.87807970105953
4.735635624733248 76.46844021114394
37.23130739265705 44.645344928471744
30.673535118012786 95.16664487658693
51.24136843550575 64.26548091941524
95.03222413952696 5.593687964671257
78.64889557290925 16.634439648612087
86.09122841037137 8.002008269458427
64.27586062145892 34.19828898691826
49.10326989686071 23.977439449632264
8.311925448898716 22.013416379998496
51.842969476425594 60.80126707338083
4.732379450299207 30.596776115001756
41.46234043345807 10.520468773105641
77.18748475804473 85.44973696710039
22.829167181020704 6.237449495352121
47.941703805734306 30.74172840541309
15.363557131143413 52.21818130137543
29.358986964140964 14.758166319104028
10.847394743026829 55.8970512142299
98.95012356510226 77.13706923776694
38.23006333659813 48.76243373335451
59.274369354105836 8.977817255459142
99.66631556841907 62.9008879934156
24.47972947262955 77.69382777226765
1.1126134239421104 92.79427683123637
32.325146028782 16.33449275818426
11.197671462847225 0.05401235417605843
64.06918126535717 58.82244276069017
85.89915044840409 11.401240571818306
64.86917562081149 82.91408712714616
69.6887325652523 77.22924874627456
5.088853085320566 57.37250526617479
21.995677741556396 59.92606044050761
47.642548373567315 19.760045920015944
79.02973076506845 53.64978743129345
78.39461516557719 20.882492108422568
27.066776502978975 3.4662784814690983
1.4174007320085336 59.368148529984
56.45844307370553 41.27404685510907
51.82141189692189 22.258586215590846
16.94243548259724 82.3110960141579
2.58197478623019 76.71499278961107
16.308642211913458 53.435869513162416
53.208764161475706 90.70162913133947
70.68234721360469 86.81802212616445
17.21209580607679 67.23959222696708
83.04648411370594 62.262238577550136
65.89256190748469 87.93002972690887
50.646480360900895 29.285036068039737
63.46793810972733 24.26694603937749
4.497300411378546 12.471525487680957
64.53656552943812 31.930416168589094
27.079569075073362 6.514610857815795
62.10987693421644 43.50591618630213
20.33005944199642 52.20377113943249
80.1215518749076 87.51953186685309
7.8474008596690625 76.06015944317373
13.30631557762867 16.222628289666496
5.053616065213129 99.91841273376593
78.2731916849554 47.931457445603364
73.88949765780414 51.21173944616393
2.44474848437477 15.35055314312126
94.72868051823664 76.6819707467064
72.74829958407334 75.06398588657395
81.38743788028727 97.4368076649696
1.115990144527057 38.52470026194879
59.91707245989411 63.683421615725464
37.08835525966043 61.93149658249535
27.373832339549175 90.97329630630753
31.590720023733397 98.51047457152016
81.16797624518635 4.374640833750165
88.45129213777719 64.659799818127
76.4705299103988 48.474223097688494
42.22716771537443 93.99062931776672
19.40389314621187 6.717554003341442
43.772058354137535 64.0621285057641
39.251896586659996 88.4158680308758
87.09512895813386 8.248453116665555
29.848332457391848 17.268436357583816
50.359560418981864 47.81460958697436
13.099796292172261 1.5824854373313268
35.93992811367714 49.81868361576296
30.30765400408537 35.486843342687635
27.13949362406154 28.964282279902818
65.40689039275989 15.726553484510353
79.54402985303213 91.90375347193904
90.8260051874054 1.9490858669835687
7.264563313338668 94.27299036582735
96.752328938483 67.96244701229841
78.53202522503886 89.29042921737556
5.498713036674419 27.603358860206328
6.9011056050979125 93.1221967490086
42.881185637832495 37.12779588329336
28.76856693690577 95.24380701982022
39.723015690151755 52.363116393172795
39.128780944554784 86.50018783222251
30.130809699804928 72.67575258403612
39.525372304624455 40.16929129478704
77.75311886476861 48.96523874912469
82.63900435254365 22.432814409048586
36.524554119896436 55.88676402515031
8.213881302560022 12.72803200445145
33.703285694738106 78.3211411433581
22.572627683737288 88.7279069421312
89.30074890995736 34.01363745033166
51.01225690270572 84.2548714020352
73.48674083533957 38.51033321793844
42.6020195928005 66.11701060541569
73.23759668283012 76.82274518535107
4.677442808835153 13.778283625677169
16.046540283121026 47.07880349515159
12.16345420516689 52.639957805953294
10.648182217803814 31.71104310513271
49.745269001408296 49.54563995217958
98.67167270354817 6.782668528532287
53.58750433617638 47.670734160567974
37.83417337724644 34.118674946798876
3.2513754803726647 92.11201998666428
79.91365141963973 20.955432076761383
29.03753424586286 7.44445351486529
33.90120244504704 97.79583887200812
4.1417974814552005 93.9238172820221
82.78105707226572 83.38184092847865
59.89903319444547 27.696881548859984
93.62407142716553 55.284750659749534
80.46227403918589 1.3398572753519966
28.799155610002437 8.57668538095442
81.33762958573188 80.88032249983004
54.76580518695948 34.935680153252704
91.96991652539594 49.31712762539242
79.70007426450145 71.71864260826905
94.5792918281243 19.100208549372443
5.592852057399034 40.81841597263733
55.95158966700345 31.198430113960818
99.70582261338761 54.81158672264219
47.8403109163821 99.70936810929607
90.39188598758201 97.7493602025046
75.38775044499431 42.23102098014564
12.008637842546776 35.95966002777749
80.27950735470888 83.34987905613728
39.7897889304506 86.21849740654002
17.603037352325956 9.273304225537714
1.2050672790868466 8.218424948106918
59.38539557316786 93.8134810244645
73.447761472717 68.8790384314817
62.82865786598324 46.540973333353804
71.20675229374132 76.20015466003409
47.227364646205025 46.66437991184438
13.25172642214907 41.386784947240926
86.90240812066637 33.07274921155092
98.63179384702893 45.42671569798746
84.10567395581768 15.21107657628451
30.419253537738022 83.40523932538237
12.283983763264272 18.757182874170255
96.85809969967374 49.78010298877362
23.645638605389042 19.122083749507524
70.31131544189189 30.06167738440073
98.67098750096474 67.61747458469077
72.66062461910627 79.38307240215707
93.45636608796522 19.74008881225211
82.93699904212515 53.66415428142277
40.79196549589308 57.021036465855566
34.57575788855802 83.35760805457136
34.38244926928211 51.76289312299727
97.24777873859969 34.39758646184021
44.04886721988148 95.93971748696237
15.099868734900657 31.49139174148332
1.1189019352597418 45.845055979807036
73.43569591088277 3.3689126821953463
48.64615367898377 75.15705130023403
41.842307802047316 55.558934284353654
96.7852551976729 9.572678518707445
78.96321166596564 14.940318111853435
30.026035751874858 44.71897883063516
4.007476455139813 16.910713002187073
10.15351936613449 13.585911774495774
2.853565527113733 42.25081482798336
93.14078709407656 12.692094914861563
50.62305009049053 16.411682634926517
89.47602990050763 94.46905494942737
65.26116783943787 70.38180895421316
28.9369257686382 58.643764672036895
0.6926931914947865 2.1077058987193364
23.863249693127784 89.79394915447811
11.135966928413543 48.60084944014022
29.573547225585294 49.32081283135903
13.049460596167407 16.570688507429065
20.9402329664522 37.100934896229234
42.68208679771037 7.6041197511408365
80.36894276338367 71.2016047376471
39.193715307960545 96.57320783229974
33.365625348948804 79.83739554358841
72.78256648172446 94.66825964234347
84.47673942223584 70.5260581825425
98.1755635186762 15.095164435541065
24.140484369763037 46.90273746895619
71.67210811639642 40.05728642370574
77.20331367044804 70.55393745777168
65.10859848346466 76.70139456038143
18.1701979221214 19.847301670274888
35.27028849565011 52.31646750839769
37.49753021260154 63.44037680504322
67.14196171241605 0.4740353358866578
99.72466211532324 39.12578468684171
28.238896679102353 65.1189780291349
23.731235204086822 13.072346443304639
11.862981721149723 86.40899648532053
75.27581461679603 32.366343164252484
24.887533788646543 87.67183544636117
77.57541388104757 75.37722025820194
6.445892220357119 60.340440061185355
4.159416462691978 39.97756409479503
50.540634213836434 86.00293594792763
95.12002295192073 0.7734010924505208
94.07329044935493 29.732581804037885
35.139627145857546 67.3891130717208
4.049059959936496 29.683054855941315
65.71986273032971 69.3313030364223
18.05094282271884 31.976028846853378
34.564804982452266 40.445578842260275
11.09715002003857 19.99433580310408
40.53899833240333 77.92335325913034
35.342213513559706 68.07064339862727
85.46064113051372 70.66370243278195
41.51016878845557 71.1870507635594
46.81275335756676 1.773016130929994
3.1688459479338515 41.62381967980649
11.982497158151828 6.528402260955257
73.91364721946543 94.95469840032804
39.69345117494696 82.06520652535423
54.998615380046736 40.65741074419713
18.59767250786564 71.25671795681625
67.93435051900335 59.84629599297377
60.412971456658624 10.862478794762387
17.01844998733444 44.03752951395563
92.43773583421715 26.1381519167426
31.54460230428795 66.57384066834453
27.543550466625398 65.85800491719542
71.72487325232699 3.8449292028321036
20.67882967622918 21.256529874950814
76.61778595801295 15.652101011954333
44.34756908753818 52.840943252147255
79.77140406594914 81.69354000721611
72.86331219428716 66.1900038180479
69.12250015313062 3.26185158816068
76.6654064192593 26.228340480612555
57.369771865348085 87.27393281979066
71.52836497448192 90.1761137559145
39.6559548564199 20.237540620866532
26.710371748534236 60.91414728550899
53.12275852443285 91.97305076864657
25.481390672456673 17.322914925272293
62.89661461508038 91.11780189501184
35.67377773099245 68.1105140942297
83.47270635933302 86.2779375784104
10.166344496331181 14.825225927370433
53.2478411667682 14.451563111707056
96.0944134628366 22.25933018653514
20.240192413498193 63.918992042581934
12.988380394878662 0.02363328775913942
88.78669905481256 99.52522984433901
98.08659169249043 28.837340622329034
77.68584513428203 63.559547868392684
85.13434264978225 40.141448251708155
21.221091878433306 13.408644562789473
91.42100017853126 25.362203447230524
71.45363318365081 1.317845347473634
72.06254609820529 61.906380632772695
90.76534181198508 77.10287840828576
63.76038741060022 89.02312365649783
83.63150620347956 21.436068566791256
38.434464264860544 74.59859073394416
98.64402156215274 15.268458475510883
54.394390049798005 26.781718240207653
4.937824425078596 45.68790023635583
45.91672282942814 74.48690566042602
91.606698391417 46.62795262744082
12.167097810078209 20.272324200265036
83.7148103226434 89.76824536957089
8.750610733352882 49.92208613722995
6.16950420906337 47.49747637366959
23.33416956618275 18.799752028680892
9.109338270724287 54.08279100282649
14.3253923042431 88.7361375230337
50.189606658177844 32.595201889518385
77.54899862652371 82.37462212262834
81.85099566702678 11.973241436318794
56.78747094557017 0.3107200966425472
58.62679734831675 31.07511604042812
2.6114990423623308 28.925274345987305
17.91225487163468 39.30539560586277
2.1934487841940964 3.701282450762533
8.372942137591188 8.393844178713605
1.5090498659288798 62.6203594858062
19.18735544293657 77.17054496965625
74.43853002811403 67.83645943276116
52.20359620604973 12.659860719144822
97.94856859116103 13.355073708335908
50.90328518444625 16.203967953802234
80.64808672135217 45.8187079741482
17.31379824578476 34.61483097050364
70.34686043265468 15.146936874687311
88.17615674138341 76.91762136529015
81.52801230906068 87.02190324290342
74.78130632137099 52.02415921322363
30.171341135151696 42.66874830266527
40.86630851629014 64.10323104381493
40.865473264136256 88.04029453355564
78.4363999797703 28.43939711109693
31.08354439893859 55.33962911139027
63.24131589383877 74.13032729774545
73.3187314925341 77.52642888344536
46.825038984194876 21.190457284996135
75.98367781637685 39.124842618065124
34.75757447723156 26.633856464004822
56.7610925195821 35.36707078375756
60.19501622875127 51.77174265733999
99.1391491362843 68.81554415605923
11.66037565905491 73.32564515568482
95.94685689642306 18.63266851150367
64.65602710565146 37.824011410662784
45.91407773447052 40.06248142074771
51.11511461490797 18.439987680935733
97.68208006545774 21.252625727342366
51.530630529619884 80.6594875799183
97.18849505984521 26.735293861820853
2.96577499924493 94.16497944995432
44.30227696933349 23.633649347936704
18.497809111059315 99.0272588692635
18.375777167197004 41.105001362708734
46.51250206500377 65.67680602113224
16.219499249341208 76.38394747810271
46.53974158485554 40.343412364421916
15.77136899042011 29.821910213801004
4.265869264800193 22.710753256454687
56.37133024758778 76.51290538429714
65.9370404471145 33.424397719301524
27.280161371820743 67.30951526805691
84.42133130534899 83.80232343833815
98.02530250492458 14.754346382508722
3.6608773475111267 81.82221036766708
11.48884187294328 79.59536041851409
65.7225622785581 42.51710841576528
10.641583600565706 92.2367195636544
28.694524978766122 85.24035266758732
23.846973878826706 50.45877187787448
26.327871656481538 8.261986461673331
31.053025884922626 88.19688198231619
20.358483220281887 57.89313523799593
79.83812634528404 69.31553893210318
57.51297725249138 89.81386499554264
19.857488810378875 98.50266503516612
41.94792744124318 83.60453941862605
93.7574105627717 28.998321030148453
55.39192949951972 71.57828724016757
0.7451841972988316 21.377572130747957
94.8935707194281 59.998926585376246
40.939006413480804 40.80312865070121
59.26687956347412 70.69194224241275
52.09281632753018 78.90365305474532
77.42908031522198 59.267316117687315
91.78298802844344 9.506339865609803
64.35976650697661 68.12652281601028
71.1581729305254 31.80914192883526
81.01945511405341 3.547406187444846
23.53273501146107 19.501018573859973
3.023352859284656 60.00643206844922
24.631579355161914 69.99648234046596
84.69923243868729 15.431981613084854
0.8755748659092566 10.605252734512227
56.624262162488726 33.54733780648751
30.752421202102198 34.855607347306574
19.046759820626626 26.091288294313465
69.45301644818349 54.21685920064512
18.36183846473989 4.209220667749913
49.90651455726942 18.553017757757285
45.98528077371813 85.82496706309104
34.51817562618853 43.85004029522393
32.649798838836475 61.08520165634752
98.00584363145055 30.1266353056735
54.3728052662044 38.76093005352619
63.489234540165306 76.655197052771
49.4300382213791 1.2708228619512152
92.40640333734915 91.50495577191728
39.14397929927371 93.88068841156252
21.872902017732997 3.0855807426335646
60.65982006727406 52.854309465059465
50.75458059817819 52.512815918694656
79.81406633512475 28.798510910996676
3.8827295579762167 59.741173991447205
12.329412460200961 88.22164610356727
41.697005393511574 62.71362232964304
33.74414296649455 36.651303429255755
16.944710548202725 4.92396114638185
5.248631869932452 89.8656779436752
16.77345906278751 94.70657424599828
89.5123209010115 5.376647946347313
0.7323975577994579 82.82630790305289
83.55061223304492 75.5916304841522
15.61159737313227 84.71710980028556
50.148567749845974 25.8627500784665
85.19798230082671 63.86298110185926
72.79557833285521 48.974575290069076
88.1828685076098 12.288927816188068
17.941110124336703 5.250844746850047
43.16414213092481 24.88325346334941
44.30746672378938 70.10015247993199
20.31660110334874 84.21748347861025
71.64847626415603 64.93168216713619
79.0171883645922 64.80832281925886
91.66047166371212 22.219892487142335
56.41069343536347 42.52997436161945
15.204235195396887 0.4928748726424459
14.753225608706977 11.381375196827403
6.719159090574833 55.55078596615939
32.873485426262604 46.43445956621455
21.549089261982246 25.459954804190097
56.53570475524676 23.662350550343913
47.23231242792607 86.54452804177706
69.69243715721667 7.412713956333161
63.69345051223376 12.210491199360906
82.61121363795955 99.92236135540008
56.356776486220575 1.6591828766087335
57.6641102282315 31.658045146462044
38.86899516491362 83.04096091765707
59.8029073304301 56.917757878531994
77.32297380575963 21.07435385859253
83.01164161606529 24.927356961764314
7.901752543654861 15.226581820168828
45.43201377261277 33.88009725375196
59.69384511324181 93.76699042372654
91.46157141609588 99.15839466049154
50.0236103969254 49.090415046549005
31.305783393262708 91.39639857745692
20.466198054267217 78.65448860704237
68.80415253802086 81.55118984005625
80.36727933732315 28.068048362505316
65.40645345065982 94.41097168741894
62.431437756538344 44.662552506836036
22.391207797703338 19.26796312874519
15.802807389854024 74.142055964247
64.07777850142224 46.12146834672022
79.88353938138239 8.867355231874363
19.4292693092746 48.78931812085705
97.85195354680667 3.064023433264884
65.43597617122134 57.834664924843324
28.46996829759416 15.354192510654464
69.88799145808522 88.09127556240523
42.43822406495341 54.61098106755742
24.811152540106683 92.85044597203624
52.747768754954905 62.026164573636855
49.73512771630455 35.60136056739276
66.04467522114017 14.16029788026949
9.807712120742163 8.377630852898665
37.80619197011323 62.970322386078095
27.530762516039275 59.981949960935445
65.22463470298021 59.65303379188735
71.62611591341496 1.02773552681521
55.121433515228645 24.82870139608533
61.44331912818972 41.561190356765685
29.04011940291229 91.01742446678838
22.582708114963967 27.734088051270934
32.77319513003183 25.36714524091357
40.579863818665096 59.65168064747333
26.739468945782875 75.31988404529106
46.901254183984385 60.2860078440169
18.875318704410926 80.5980839451128
80.13950992265251 61.10642041195271
54.171198205790596 77.05368871099235
20.775724805699536 96.31950473960976
58.444914659883175 52.76135577288017
50.19376743994619 17.129576924926827
23.918971460727036 19.520762127606584
30.779044188632597 68.68581907889937
20.755018947519545 56.28521867982597
19.06633085846923 63.58702226196278
83.84790289097086 73.43892222282219
33.604484923201184 77.79885075584471
25.276007630717334 43.531516660642744
0.7467491637013879 73.67280872121216
2.693716371693511 93.22262852251421
64.75679023730336 26.465805333922887
42.34533545267072 35.41137193261945
66.80478605076546 15.085677299655353
6.534065737592631 3.676379353435011
8.169058196871571 2.4943027608606005
78.41081321354552 88.53070728944323
1.6902700828311357 31.187157365430007
13.461431279861102 62.68885331129108
35.39259372885688 25.28572792273309
38.63067451232447 79.6896468838366
96.00610819040678 49.08926420128685
3.377079720926268 62.374013467726726
10.504582967735265 55.05391903546284
93.67085787012495 10.209208479918752
33.82986673782076 10.149791778726215
4.949964499445092 27.622045031723562
25.928058000081002 64.50510934986984
18.084512861520775 26.61760644094342
43.99511940687128 87.01793785890253
