100
1 3
17.208147443211665 75.82729264020169
60.20505781293526 15.169045877845111
71.4398379950774 77.82787509065565
95.9161975215479 69.43906725038205
59.47760009507525 83.4093303557751
82.86541136152223 28.488368451538104
88.31096244257854 70.26176719074488
53.95992507921663 39.74781722439904
48.72104039912153 97.6378110997422
81.31953234275791 79.98763624321586
90.44210187562088 91.58599668787555
68.58237254346076 24.106486913794846
8.765215126503122 66.99463106512866
69.01402389050493 68.34933817640135
95.89756578195133 2.21499171246331
71.79437620899607 14.618662360642798
5.881971663075558 17.49711287065363
58.156297195603976 62.91532141717124
81.7744581982054 23.637468955747853
79.80889595994091 35.589956129441155
73.76938075496415 32.41716912438222
14.381325039477222 88.64870032141789
3.1861648858976688 50.81593243413831
5.205358967689322 12.800023290005447
10.262629491354613 66.54872296087223
23.128185150780702 67.48073933184644
74.07019921021936 3.1066887240154273
12.75503381960319 40.665615157262856
30.48635668434274 67.54436359719736
97.8812559253037 47.4459837480264
63.71022265266022 29.15620383496915
1.9541029126488585 24.988819085184378
23.509027573882246 53.42119496891764
75.73507173787178 0.5889783604435372
43.989140159209875 79.3699088433191
21.770628098593914 30.74029761623711
20.88755423914148 46.90502201028757
6.335072461059754 88.46437501578386
58.53469208613231 85.09328717462677
76.17638169781262 31.000720539872017
12.972101141596436 67.61531540765328
15.527841188185576 67.08583238312926
24.577906567518593 64.99330290160626
28.57856893786026 18.28696821471496
6.55640251890004 42.437306390534424
88.24822687529661 13.858600830891298
90.79781991575481 13.527960678934425
27.814404732283737 82.540684185888
45.64096123715402 95.86518846229868
97.89495164578584 34.95859702200814
46.801579739359525 75.85413674838671
8.055601418902336 66.28940186868346
86.92795873556629 30.66443311905922
61.93614127552238 47.739833800717065
48.39587234136391 94.85704692996985
85.9042251920303 20.293806606124253
97.34208609647865 86.62756789946255
85.84675583754398 37.554855201744175
10.088942919921884 98.07571721657699
12.037521342050606 14.2695769614132
66.65175580032346 40.93199066919644
64.42650669118841 33.46746808587171
91.12678788338843 61.08593070903161
69.82036138032217 57.73584412140378
18.035417051441204 17.753939099547388
96.46975019411799 19.614748555538085
74.22948237019213 22.51112767189516
7.208218354940343 59.687772643958546
65.37307895217855 98.45340566106229
19.18462549956532 37.932328698745344
86.17070019785025 64.39754588514468
76.39859066354182 41.56084329357825
80.33138895976508 79.64919373821073
15.608025140802685 57.50919568396229
91.78708221775989 33.05824629045819
44.265953028482016 31.967303394768788
61.50206318539762 75.8315513693732
98.02433526311506 79.80137499144526
15.094165516813662 1.208913414953261
28.276173123330373 44.22378424446265
89.61518784051006 59.055706991624966
76.06715708756853 46.60814553614034
78.84467692927271 3.6439823229842183
69.38067074686036 57.96076183529679
71.74020002598591 9.806969135007936
38.55599753128305 28.822090373678755
69.9671622042757 26.66595216886025
91.41805560726431 72.7362981441028
2.876291918551299 85.6373613145681
54.720995150512806 80.18244203437838
81.16504700428659 73.4194989032385
46.86905319976056 72.41648264950511
51.010016785875514 17.26390798785129
63.39764995741515 55.277755276663875
98.98758094806972 73.78911663445034
59.31046329427163 62.41507690134915
26.10551289551244 35.27437594027247
42.28212868804262 83.58418521225046
48.20074514581067 14.117057580660507
87.90167995265774 79.14712559223587
