690
1 3
87.32706497393113 45.08883379724018
21.36224299252829 52.165715057861476
10.067910714555396 50.58878548588055
61.62940532148306 76.61775036882553
51.73463001217742 73.3937561586812
85.02321307383112 50.61835999296436
58.38339175771854 42.667610502931595
26.89219590785541 40.567266844220164
25.7464312741577 24.514943095528928
48.07254271311241 71.06193017420112
41.617774351153884 72.5010753291667
14.178727655864343 22.250434865960212
67.9432595990529 20.092565706624967
61.12531344717323 34.8686009891918
8.809755499252692 24.79168536317269
23.018909939765784 54.00142299827551
75.70878400863296 59.8479318327918
57.54229052622928 84.44331097321829
95.80419697141349 2.9352079375904117
97.2520237462116 61.505372639654674
38.741364201876685 87.70309124893367
76.78655865178519 0.024962787934512676
30.248646062744267 79.2855574749179
57.759452256807094 5.488185465300277
71.87258720824556 11.078910837902999
12.168759910951565 37.47571525885376
34.050954099582185 31.431257721694262
28.580024442187767 26.660258979415442
72.26127098038728 32.20942899405414
73.846614688743 44.763137658338636
97.29308771032899 95.4678882562391
49.567725364557205 76.98347445823175
38.37675363726352 72.69298845891277
58.027084432563726 4.651723873536784
58.47782230384404 6.410811830820529
56.71662627494598 3.7512666305010933
30.649424807572288 87.30200307113785
53.517545818737 78.28288489789239
33.39037214307237 18.774318531092927
69.00729516028802 31.852702222868
99.8771503819412 32.157605896733045
5.21473115558766 9.303335365107458
85.04071682692735 12.696362429019036
51.41307592187232 27.635461912157446
54.31491741722423 95.87859086835834
61.10495037609027 11.954396334160066
22.965971428140698 8.10486019267984
84.56326851821704 54.32544866372344
62.68490191435103 60.122830705926766
42.60087747462589 87.76047213680074
35.17430896316074 77.08452180452771
64.22262153082603 80.85847041267813
31.23520463643232 91.75684592306494
35.33212245751858 33.221938411922245
2.451305743262888 80.02807804463308
87.4896702170584 37.72319933862669
84.0549170614348 68.25521029580311
9.710728158231795 85.48634214901017
33.60721087780221 15.548484138849927
89.59857777390216 94.56888709289133
49.525112594423625 21.97272066538083
78.01906013146073 99.21419279398134
76.97469931622372 52.72011354473205
58.1628777410236 86.12477468687676
1.0004814662458061 65.34250887071057
99.82168275470494 48.40115273507444
63.39375210231126 61.931481843505765
36.70104032598562 58.99312018659009
93.24692474068486 92.9310879331926
27.986983437737422 87.31259651648718
48.099383758563576 31.76604150440543
84.68132932104429 70.69944813974631
27.951166801933304 63.57138031940046
4.372285738514137 83.91982289332299
56.10718671328003 50.757422414690545
48.64413379266666 54.588053570380055
17.505995234872927 41.69984919233771
11.226050306669677 79.22729596516164
2.2578486698145106 6.9981978049511895
8.836912925191598 16.70818520018351
69.30874187627238 32.330598436793714
62.44099158304033 16.281810342087134
20.535563100141864 96.6397481662844
72.07701902950976 74.66570751189543
13.932480156803372 77.76586673216615
69.06958831979873 42.30723403339623
2.5453810597632076 25.736000978889017
24.991775629866673 80.98690745933592
72.23394432941508 11.750837901752575
93.0067427289474 53.74037126742732
17.23163654788784 67.6445087586654
92.81575612552473 81.90149615240523
18.278749253194814 96.18483362440745
98.9663885089365 73.41639459360054
47.485529915674654 39.971990017973134
91.57870301722694 47.17409498097989
83.43327111174095 22.830450257043623
1.4744244687201702 96.36328844070516
65.26095482708232 19.38302935514824
33.04086933419257 87.20789925878074
77.8357565893708 44.93911022773547
48.21534200627151 44.411891455074226
78.0327311277558 19.676993587766045
2.7880084632823543 52.956020806522666
17.702125228687414 64.81680471795319
92.76227287274297 40.49936766380788
6.599219938343293 81.36363913863345
86.72837340331665 43.38246392028127
60.282604588778945 31.80474787240506
22.61400270392684 45.0924682165204
39.00308225220568 92.41579309859902
79.35807749131978 56.66070033462276
29.443410424286686 42.16988621218118
9.818834470613869 97.64346948677327
85.5350303892906 49.61762806333425
23.88706421966953 35.01570243415642
98.88210920965011 40.058550357899136
55.299351899476854 65.17220281654936
3.177051744779824 20.61090962271748
2.940148782252927 50.04931387848907
39.745568097174086 58.577330966156424
15.913797882049208 98.19723301191847
46.01280044015219 32.485570531250474
39.20772851863135 75.15295370366606
77.20511214847485 26.06575107501399
5.780228668446852 31.25504202418894
72.82776163897057 61.90651976923532
78.25671808345847 78.49619791626343
55.66747021783749 88.88083372850292
23.81347929108899 47.98657965075122
76.29653942624475 27.997572558579996
61.58583994225364 49.889422558259454
90.25672674125748 40.401367950948305
59.18613948728009 49.564673036331364
77.38780929752502 60.915261450169076
88.50807201929692 60.5319390400215
86.78078736645831 43.604338655699436
99.00964555277882 60.41931955702016
80.69525999765072 28.510713948539077
24.14667321776274 77.41075600498304
92.86155538153442 98.26952769329115
46.01241973685184 22.823053563940434
29.713989660081495 80.4162188977692
7.349032255930155 97.01263630126927
63.86241886295352 69.50283657669603
7.7750908253072515 28.332989003738373
73.32744772272252 18.95858311374179
2.905904140387916 7.081251471618755
95.64358709000653 47.02311500452892
56.980133916478 25.032976273958816
83.210936120121 52.704723046005356
93.58853803280309 83.90719322183114
90.50389616452235 7.039413559081709
91.085177843329 14.821392110993003
94.17924212974569 91.0978818026265
62.048267632432456 54.23125462645808
97.18737231552971 32.25481818682346
45.81334622340676 48.89176728382682
64.13826629096262 33.542007642171654
30.86611093783651 42.233273425605034
31.643078779889212 42.743594041890745
75.29692788658396 95.18065476594468
71.0382197701976 58.93482519123885
95.12721421655633 11.81584982000663
96.9446248995732 57.5355290655041
79.19077699957091 35.80786912661811
30.22050370429006 29.57607878095616
86.07893704793148 91.6094199880674
34.94720722943423 66.80195810851079
89.71453540499424 15.20636620869611
8.87955134100411 12.1369761271235
59.616873048941834 74.23824224722311
34.00157272970177 38.52633013190307
35.84522243212849 53.88175726224771
22.158948273158828 32.09883972244025
64.90040747252456 30.865255796308343
17.845630971687633 66.5970252780216
10.24255034375454 61.200520823570685
70.25865073611467 38.16953366941298
99.79457506640013 28.418984862047502
20.65548470145311 33.50353259889249
84.32721337687063 67.51948987190998
45.38519179078371 53.37326580413024
93.39109538451775 43.57589397471779
47.73802100587328 54.73080836486084
40.39811736030525 97.65969299401003
61.85305308326656 84.30962950696035
72.57143639029952 80.8802803603455
79.92626646454653 28.847975006586267
61.984371712744135 21.017540181090165
0.9305249484062417 64.6459431694009
49.57708637222966 87.8985452704569
25.0095909988725 5.53919013863704
83.07016472921107 41.835603635981286
83.93737335634496 59.8736570449786
29.013385852666286 65.12199428457805
76.53221066722351 70.35063604810014
91.98144148929555 69.33083945210974
91.99639321252727 65.8679896575789
7.561986239405982 27.725579602403407
86.9519131863758 21.90460897878934
0.19959171270196308 53.22865364571297
44.04942897207409 74.24794575773073
3.503035793083331 54.29633288188713
44.2178123258762 33.991538800679756
7.877978237042904 33.212978277966656
79.84868575604015 40.47173715627024
97.96971345680443 54.090871135855004
91.59890682738916 89.83433272126805
81.7892562080851 31.286965601194794
70.43808543497167 90.49765858650811
49.18650311468979 4.049425258965456
56.16248504934936 20.274937933337366
41.91871948954944 28.981252339165444
75.13254189731316 19.932593536715814
49.258616512257845 69.5946194044522
16.077804445302956 20.17814596790304
88.5139739125171 70.7866652492436
43.69268911991859 0.22276200848141414
80.59174436102545 74.35225980727691
27.206338116054106 15.939613507894013
50.77484318743832 83.71961570668192
80.00899442362012 2.5732350450331065
9.96312969435178 78.62175653437113
15.949430540594012 82.76736594313165
80.6664119910777 49.555731573835814
68.66584333637029 10.404542136022243
5.872808784393491 63.164497495847385
36.2431700952863 65.71248910933794
59.13495148396295 82.91301381912703
53.86351894531571 18.69781485613857
65.13656824140001 56.89999042984984
36.19405810196583 44.076931025163034
9.087312268558744 58.40967394691021
90.57626811771047 15.503302214974713
43.31404591661705 32.79239055238152
28.44706109839976 84.31908443442173
89.4289746265056 62.25698860695119
5.751422406285633 21.485659821716553
61.6133111690842 93.39416888242347
0.7440515002725467 18.681896152799958
4.875346163234906 61.25584575031158
67.42639089669662 67.39966198199589
85.79097135114375 12.634378069656726
27.846325596917552 85.77936243779473
17.385435880316802 69.06286268331007
95.23944799885903 92.88422312687405
67.02514780395698 90.51175131472075
60.71727538919154 28.200879541050305
22.365440358221967 0.8789735366744544
40.142286154711606 53.55644033863105
6.768733514503444 79.18290941778227
91.47765884715993 71.73070243796333
20.783849551701362 35.72613026423792
18.959713467099704 60.824248442581606
56.911176473636196 78.83297148683985
4.036188719561107 87.46984270694635
15.786083594068167 98.37337985358849
88.03563217590403 31.530829232320066
72.72465812128372 82.71234002798128
59.66112218805855 80.69060384180197
22.109831486397514 17.73416616449499
25.540238291869265 55.28018597878739
89.66316411688578 20.82281713516587
47.91969592151035 21.190867117937696
52.260301337096806 6.72005812018952
7.72048234281264 79.26265094480752
94.35281634384569 46.40490475036814
31.600784029533635 80.5287198002238
59.92527895947681 87.14416463360033
68.90271384770728 43.597288882441696
63.98916300346029 0.2792612859762844
14.871493562472903 85.7331853995723
84.33508660381916 51.524993333445025
12.303069032154813 93.1332063956593
20.910736600395154 54.52380553264731
58.98429933778684 11.67270105843583
58.547409183324795 25.927005878729315
9.636140889571942 66.48745488717059
13.781236291612654 46.149516432014195
21.804205845564816 45.26173443530075
64.906239630863 96.83509374025977
25.888895331553673 6.539131607429938
28.525328961839925 90.42661892373924
35.92319009386507 70.50387850676194
90.92934181168371 41.710462509506094
66.57719023000124 48.01644608963951
15.310704180689939 44.13235212146673
52.86662757156601 90.72297694683982
46.56383689481862 59.687726907192264
11.107605460923796 47.78769674569121
68.38471835637263 98.97202848871302
5.778437208749576 39.249423149566475
85.39704565775233 2.657450471809364
78.38659707231163 54.31509427591923
57.66912193708307 2.8178010645365292
28.088498814260255 53.54018321465552
78.53961737101831 13.938788376860911
52.37017884398168 31.391627028505575
28.53500842874852 93.28099652481387
58.21130736004847 15.828973210762975
49.64921985640742 7.313431520321201
82.42209603288917 40.52476468314779
95.73911157828728 42.06527835479768
91.8407250110932 64.2343518322902
45.97996193150253 90.63926248446532
48.3700344293577 60.64105189726776
12.057299752250206 36.42629291845418
63.27186278284784 84.94510702848615
12.349538906369784 32.798330871564765
74.35805732258396 64.79519196143073
33.16546907521041 44.357865025445435
44.01575503706283 21.78456194656606
41.96617122679025 61.69075258955829
45.012903000950665 47.91521862175407
52.865706329617915 60.07917651483887
82.8749525700363 59.48266568640599
61.895788630110005 30.01515092978797
90.40360549525931 99.44402177736788
68.77340885882978 83.43938159449831
46.76456341774342 67.703139377065
50.80148264491755 87.28821451995572
75.79869234647457 74.85001338597974
47.512084384396715 2.077466891736157
85.89319434593463 7.851591781842382
75.26962993869633 91.48941207347676
10.693192734579625 11.012310543616044
15.238210257782448 86.80312369180683
78.11585549046771 86.6390528489458
34.3077410526839 68.07984401017444
60.034080316508565 9.97692939438859
66.10388122744607 41.55098361860696
87.31204001126332 80.77312237470228
96.1652763079337 39.56606598999946
27.727832516323115 4.773328967780888
36.38131020391884 86.04635726938356
17.573381815832633 29.995741218371275
73.89394886497284 3.675655649581322
50.58834454510064 97.89644247067721
57.01771483890856 36.54534715084512
7.995759646511069 15.073196586133841
38.477109191802626 23.54837980955484
72.64071926643993 18.647619057682107
39.07885156731601 49.365263860289474
4.445546757582131 88.38641983890466
1.3862481287566064 55.45141437806325
94.93264628066389 13.868415978844073
76.85967589917428 95.55269368079537
16.534872198301322 96.27883212351034
27.795165131927348 57.71436255050215
31.35667656498786 61.99650338824216
61.83172398892898 91.38376175257086
17.309121813058283 59.920968475831394
51.27085820087216 0.3311638941825068
6.991215795526462 53.81675402329014
74.17293472911449 6.684472372169448
86.47150181582761 30.746719005548307
42.225930105166555 31.704873904529364
10.586332874891546 66.42824933764845
59.29773766162754 97.17850891932265
83.19183807305413 72.30586452153301
71.6478368136201 15.009694681620257
62.393995581030424 7.282151353790933
76.38246799541999 99.9091531303484
19.49814201334876 21.81409717427556
50.03534549677144 71.00733916441331
49.99048812630522 74.59395636907298
6.424994300625975 32.44085782929955
95.55164253048747 52.44531721073486
79.53028384742574 22.35600756956797
86.80905299342419 86.85858894202873
71.05814139962827 92.02740603948838
98.42970846416151 72.37328561267266
30.56321336038559 58.98562830461458
54.835537083764166 35.89386185652732
88.47493495246343 81.94003360992564
99.57187579771268 2.4207713368284756
40.34608264024055 47.522142724316495
56.94746138245357 33.527754739298565
4.325142771658985 49.26454066331527
58.66240104887508 10.165986425476659
29.48757463040268 24.167428654011914
54.368228732602475 96.19641034243031
37.13167804058868 74.89671691043549
9.596301138927377 49.338283343975206
97.64868998462592 26.08008709167613
11.76631958347334 19.390281324769365
14.795400335069274 20.089731074127148
45.56357144829779 67.10205042976429
29.37651971455559 45.61957495942408
14.326140705766012 95.46114792376316
29.65202554991082 50.23315918770241
99.5627587195641 47.121712491952294
76.8153950408315 52.03812401106529
6.757500850424969 43.377411002680645
64.1217231583723 60.02954444483755
20.81650082512121 81.79986271600919
74.44470801544311 65.32941917338546
99.30226728982672 20.268019458622177
10.407882708241623 81.42361044513187
46.19999985082765 55.16572821918364
74.41152486721847 7.035189149544463
68.28105304745777 73.43818459462798
68.1343186302886 32.216206817486224
86.63636565487035 71.29231377051309
66.50269747452637 48.82037828218784
33.55791740796319 19.805104226824575
69.6538676222592 43.122256518455316
32.153800246237374 94.18727544525585
72.35067136973178 31.397521964993725
19.549461167537064 66.64381501809432
43.52203318462975 15.020255767560498
62.92074050184875 56.06754857580138
4.16821057420369 54.86963492547754
33.3362965862801 72.66071449487654
2.171150073907202 42.41142281941948
38.01836107448031 76.33238105461737
90.83564507356805 55.57879218514494
39.99251412987026 56.26622164559085
24.16345321529807 67.00738365594867
87.90928853812163 61.54447828911638
86.74395368127934 3.972888291490362
59.83688992573089 67.87348495293439
48.317448516065184 29.70946737996034
74.06366076824908 54.64475123463126
48.99690146722217 90.65182987597767
11.15443655458408 9.37755087611536
55.07437643489597 44.406252089832
5.778794489239503 94.18072910462271
86.39128978328384 8.08018444053249
38.01572779923341 81.97972482394526
86.53711806400104 72.61730847807624
47.23522594885339 28.34913138049895
50.073989452648824 55.510542321842074
46.993933123273735 14.19007676939874
54.03740393996313 14.585356029929386
23.226355034721948 89.16708116376222
86.36819930475659 51.79424657926355
78.65203772561564 29.888791732802964
71.15450716168404 73.6281756695754
65.10665849962132 23.803462561116227
84.73256409824647 48.27303132433873
7.28875824137738 46.30112325820519
27.829247670182422 10.843629319217495
40.28217797015237 35.116501439121464
3.2014363661538647 36.762726367506616
91.77337185359798 35.02283793386902
77.6001735997561 62.994155054423494
87.18875117635567 60.63161099608829
30.297524972076495 78.10531715442718
61.49776356407413 18.284907717327847
57.05724077977629 31.859412466390125
47.34212504593094 95.45634444367697
15.929855131210523 6.807367504687045
63.66238737774306 89.38640943699205
51.50343656832814 86.21089091811689
41.04408641664952 94.26637330600978
85.87729750518716 11.7632929241684
74.39896091433977 20.68721063473504
53.84877004868063 80.4446139485847
83.42667791956097 52.09808506376301
90.3151767641852 39.132282396682825
88.9569708741224 39.46114465941215
96.80745361745929 58.3586162279214
23.14857013899414 97.76077785615587
10.589036805059692 1.8797594314618582
31.453026201689994 16.984004018539057
8.112850596763742 39.18561319673805
36.662038065626575 63.26131148680307
39.69535341648882 29.170033011518438
30.925870019310643 38.3022467797018
17.823987762622508 20.056755777870737
58.90079407802817 78.5112576180645
64.62469668834237 78.59350907977006
78.76581201609669 17.35985597638079
18.238591241871415 50.41913278291508
18.60462755110326 34.94829011138918
41.90072726697187 55.23199457644354
24.962087018243516 22.87136925851616
77.26301079139905 66.1769300127973
76.65416322594778 69.53472080296552
22.063463788122295 87.05046282764148
86.87386038021168 6.880332244575449
6.165268022961001 96.32789396093362
90.51820007173102 36.447204160910765
40.49780724706928 31.29068467418086
2.7744754384547488 12.816833384303683
23.238516779601003 82.39874020650721
53.40725960605344 83.08133456123801
27.44336260088531 11.716503031151992
17.211670246606502 95.12478559541724
24.950462066955126 44.01155786983573
39.39372540133883 85.39371256781514
22.80764505695112 44.71849727604496
64.32793506863457 31.240631089854265
50.81869687412017 94.274247027829
93.15548290240999 89.76853222693806
4.302037831353123 3.5405164303297765
6.71692198715117 76.1355808398223
53.80612761549513 19.554343334789024
8.323835450175231 47.66617359231604
52.27174180645753 8.875484862099214
72.86212673045252 87.41432085973004
99.46797427652302 25.21946616086934
25.185490213445803 45.95700432755962
83.11389833728808 52.49581633827161
52.210623267151135 23.233476762950268
64.08788786459097 51.73851982294955
95.0357350085174 90.45431759836389
65.74329583987257 86.71423095083621
20.042722617046337 65.2168308267154
34.76592738920026 64.06811645166701
74.46206631949856 84.43807723851276
29.634191478055104 45.28061837623605
73.877841361411 24.738320475754392
68.17555048573291 16.827848123358933
98.63826134356466 14.484773554801023
7.679519753587227 72.88596948853629
45.05573839943504 80.81869538896615
91.26831680739448 35.48131540601345
28.198994974703794 67.71716324434753
77.32731169761671 33.861521381817596
21.25034652031823 46.12946551026291
10.218034517680108 82.18678668813976
20.091730189278167 82.76617337104062
61.863974555443235 87.2523305802874
99.39297396335185 82.62176985607238
48.11880554907728 21.57329099665828
12.891177545516674 15.021570365249914
67.13192556636893 76.77275450971126
4.553565231348888 2.5023400304353682
95.76749129331374 52.09137099903727
98.04012382085085 60.34577697249577
39.27487604669329 7.345211749589442
95.64599278147676 0.7783114975640215
5.739580929085308 43.31633851542214
9.085966738873896 72.07388294772113
91.72187170882293 3.8142430301087105
46.7475742338739 89.90771256529213
58.63331472360138 2.4259739394745017
18.44294243838087 53.47714005060662
44.873398789424115 79.3615916452453
22.523918649505823 62.39811531688964
53.51658246724122 4.0285033399661385
52.106462001043674 55.85301737396185
95.30340131329179 72.04116591159541
38.060578195577264 91.38128678309918
90.86647719510732 54.1384845010346
8.536621456267724 85.1205597658986
96.71544361496672 55.039157439113765
33.903691972691476 11.152348452099048
30.104600782346935 96.46365059710055
33.67681352795478 5.678281447081646
92.59805016455998 59.29427555644659
48.327784870306154 69.19331905938051
74.46034913251034 76.30219467424106
42.085247484818126 97.87640714000727
83.13139586232843 29.473600703581383
29.722358943587324 92.84273934064957
7.215435279102023 53.395440548404416
20.58171644322666 62.2546030990486
14.02260802209061 68.20670454255182
38.91665488384681 99.3374703911446
31.516812046052365 98.81697150119872
14.452774246674638 25.982760956673246
82.31339335327026 99.09377168926878
43.256425060043256 50.29487903082532
69.75142332421555 37.626069437310484
95.26381318194868 97.76653216198277
21.886217995279367 1.6983292258892169
81.84565049346755 77.29607673305887
79.76556762795055 29.35991126761799
2.135023522528634 79.71184777161824
11.734264031447994 16.269409628044997
78.47043080784333 69.79074654661099
37.594567347015825 70.46244748365919
77.53530107573587 17.601923107216955
62.90439295833199 70.8022095094124
68.12947259135413 50.77885912184641
84.34309840204878 2.4272835998784714
65.21309572653853 70.52141435725127
51.23927331618179 43.79918315826481
90.49769594612482 79.78533722210837
79.81600205094219 80.02078516156917
2.35355967796651 20.396894625031294
76.95105992442551 77.77227004660381
97.22548447783356 22.787496211992988
3.201535739021444 6.18965275021055
70.88314993288525 12.265143273025414
94.11179669726997 23.917449842774595
24.87862847241391 36.913103884506704
58.917154128327695 79.9898695937775
40.97055734427932 58.79497232381119
43.80907191186678 13.834137513338373
11.707071958890513 76.49956322059803
66.30129567955174 89.31174943199093
50.92136317368217 22.56574298015941
36.77984511417252 81.17631034992331
88.86842524735752 65.90419942027266
40.11622423468546 8.573046526652828
72.93215769686363 27.618959602815842
31.639193856416824 95.84698940982454
9.233863247483276 3.552173498861899
14.253352118506024 67.08869276687382
81.13869718401419 50.52819708787306
44.87529489691431 87.50183589500298
11.312052815041485 35.298707688670476
78.35152416727948 68.72117971553597
17.609331651397355 11.493868709383804
83.425766504753 70.92058657599239
64.05018164218414 16.803114337509783
46.67496760605347 61.03481178573447
31.30878846048979 39.34433881766761
86.36083971835309 2.0216085491547853
43.04277226657791 89.30377552094957
6.28794580836658 45.269153257619756
15.074429563236812 82.38243032894292
57.55080704146278 67.21966873265477
90.24273985697224 62.65537334255629
92.71546637085966 23.676405685213343
98.74379812592471 40.08644177662084
41.50569233186863 78.64599386588603
84.01525042978237 53.49988978094311
23.1969890747888 53.82796193693997
99.60476791498172 40.1309597336466
43.31388189879108 89.65641930334216
26.85929162302221 42.07748265746618
30.787209945298134 81.6939341838621
27.19412432576298 5.647562964391284
78.26781970060024 85.06964657217588
96.03585914575763 41.67921496593519
98.4421717171865 4.007848562371619
38.42795634133085 48.45017941662613
41.252848299666866 79.91940130372777
23.9082300174581 38.02810419529161
98.15319271601078 77.01064138355747
25.042274837028057 81.01334279437715
10.637258774379287 27.712241207675838
45.185497179768944 71.43313109214844
94.07027674902201 34.524544304765506
72.26063825993123 24.79694188954824
60.46747264594945 67.35117072683448
0.9028434396155971 27.026061873873886
32.47892617607589 76.0909628603803
39.16468015819217 77.00489882324955
13.086791101820072 51.122456593353306
21.90759795178345 48.66352483384537
61.545774262884414 71.0835514716719
34.52666121922714 20.727042289581664
48.88438637331654 9.699711833762148
72.36424466856435 7.125764133535495
69.39945848140493 76.08500102085227
10.793007589584768 72.14869913902757
62.74942232483185 71.56344106171706
35.295427945096414 36.670563839210544
18.061891807398922 36.477760592363516
62.45512719177435 8.678713474640464
25.277766178368367 31.239731592037657
8.334467942394497 25.837042534133438
68.93538433880302 35.481640255450266
41.54793204766878 67.56449306192111
16.206003616813902 59.44044553499095
19.44045760262696 59.231668110456056
1.159541782323914 65.68598501596314
53.481738383286604 55.66567056100349
50.981701957039945 25.30043591623432
71.55338234844481 67.82514004471649
33.181398855631386 32.977949749282075
82.6352984787998 57.80661250002177
69.34751955296825 2.0329399484842803
93.71581585639998 11.798515135192854
23.478925145174223 13.314789754192713
11.49376758592564 90.56388485233862
49.92264544917939 75.20795531647944
67.18593092793768 9.744222910706668
77.29737949186001 95.26845492522517
47.02367943679591 94.02348128542657
3.9221041591934513 22.653686180103104
43.65610820178061 89.53374096004289
32.15786212021698 12.433788469455553
13.57792785276779 36.599333023747846
26.834385323793054 8.24432222198741
33.38931778820409 76.69728346265936
92.77133400788232 27.9631176173331
20.037508929039817 96.3633387880619
11.429122697761262 69.48700637551919
27.48473553934052 89.40057153635938
42.240601173951696 67.86075423086754
61.7143513095783 75.87025141979254
52.64319748768811 3.1697393186418843
