690
1 3
44.70992492239985 20.116528685782132
49.26652681901249 54.10683795271181
42.034182328965855 46.515891112940366
49.100003984178464 78.22563647700807
10.617207025779706 75.38527643447573
78.91003678964894 6.417915416645381
34.38492487950609 4.995172812930226
81.18635556776556 51.311275862802354
23.021822741433073 36.29237209718612
49.41996492122334 0.5026933464546968
50.59681446746169 41.34894229219588
76.45278937574473 69.45551963998689
49.27016285575883 71.08324172780571
15.059584751680678 6.048250714430492
71.58009295099737 26.660061045946737
40.77240309470624 35.71605817507275
69.62501345634591 72.15111315055248
84.12198394693043 37.556355594027565
90.17807271048137 84.7295489530507
61.44175945839147 16.807733883100905
89.93067733088232 29.01951252286439
19.37151551337204 44.770790468365895
77.04831587290457 64.87072170465377
71.8353293026676 36.911191990626
54.89140143325051 54.21703274619492
50.43419324922367 21.428388331847014
68.15492581787865 2.242698226654416
36.26778004653968 19.998497812410587
77.09880284475223 7.160214580579005
1.1971662608628808 39.89493134427706
59.514589173295995 2.8701530571185296
3.4574518247200814 57.71766714210167
59.07988738702517 55.81196580533185
41.94112178904399 42.231953651642606
96.20259728451973 54.866953154420315
15.78603531084144 53.0502471677895
7.371031864359101 13.769722218914438
41.71568334244764 39.28168453881735
98.58939337736345 34.49655582481805
11.712987968418375 51.93995971529666
17.465709580292522 1.59215089543161
34.150933043562716 24.14158814123162
83.034136280285 43.85313013523648
44.98795907316839 23.21798398255477
84.38407989972205 87.09800971504697
18.97318321351149 57.14862613358718
43.94585146357226 30.652952044284888
21.08746874353389 15.40433695029051
13.114930074847809 59.38027764768214
40.231124726335835 42.504679462978025
9.31043940369225 54.627908765646204
55.80826157544501 3.1646037132861293
21.372890979747062 34.65222398936729
21.606375021567437 82.98508399568266
6.97851796092277 5.989798121114243
8.688143958534766 34.11817118887414
13.17062055353755 36.6269180080518
13.434636749782358 35.567119320973916
67.24918922630683 34.11422929457417
33.34648511966192 68.01786980112993
61.40215417796671 34.04840334514938
18.37598610761464 46.77268782809199
33.61485058236842 39.79539084590522
85.99304415169233 68.31912489060086
48.29301987101042 21.71310601081753
95.75826675413151 76.22510169634269
85.99700028938946 59.156386393058554
73.72401761528289 11.322971812629866
52.024433802146696 79.76660877010447
8.977434551213225 97.36121387074577
9.482274824894542 46.616416541662
67.90951398519995 56.517071172102874
65.8152585902269 19.997895922653107
5.624102551772547 2.1244244169627224
15.694472476448308 65.55591312810263
41.90141012819579 70.60019023601376
49.69911793021793 43.763957483051996
79.07411573083272 26.03353415442924
23.354704858673394 23.88764323398911
79.4217396312175 56.52132121854763
18.00813936506771 87.61025889695225
43.89072627297481 54.01695643852158
73.0076041550128 25.90868304242877
13.737127960287122 46.393128684056336
38.928990905924806 45.525354004075425
82.73113739990268 9.853771176598002
0.2695499446539351 9.624342369496341
10.459185939270533 8.157397930336273
18.389995437640238 77.00990036971996
2.207201277378412 27.833266219536966
66.75507883618752 33.19959972554069
48.48983476801856 56.10518521026739
27.783879810293644 28.803755458719692
49.92549396830992 65.01348675900518
8.171603176077635 67.03679416982415
86.49863406721737 77.21716108718873
46.20423197133916 4.471138589484314
77.93072281789412 35.67888804407704
13.82962983896865 64.8738688067864
62.51079090339506 65.65283225164681
73.68998693240121 98.22653257564968
97.762057728503 32.275099841052544
57.08081939859848 99.31676555868825
43.30685496094318 96.59331482067152
19.034815246443593 63.717725396444514
3.816465135375502 77.86723665511477
4.608200020739739 83.14898937192297
5.812772169218117 52.449488950035295
68.14968586042511 12.229452152878117
44.69606929252426 64.32219137399035
95.62026710376314 51.98029843602847
84.8019072561639 3.322014165258702
4.473548297953522 77.48463802777769
64.35419266949482 89.6841337836493
92.10626077487669 1.8507437946383876
37.644275970407 12.113686100741283
34.07341593001012 49.573318227077955
34.07231948409657 27.577660869982857
35.9037573605425 57.21736573237608
75.05064249558873 94.94703639222605
97.48884382149245 6.571827244052453
40.239405451053045 87.30464242060809
38.031561830344884 30.712052852261774
4.530017779794049 76.93231391575335
56.020443935124156 7.447192978258332
27.228319848350303 23.48820882495415
94.89018492340297 68.44086911354643
18.79818303099392 89.45031776023178
6.426148307978408 81.93769971842926
90.67809371729145 65.95650878585914
1.5666289496045094 11.71421374162771
57.862574112563415 63.23026216467063
5.513117893909136 65.09047261400407
22.87781209995594 73.23503025885307
70.22378288039863 34.71502990390507
76.40323381870991 67.7332957143013
59.19110853232392 41.6411968544655
85.67011508178659 18.731268523892087
45.226953069455675 91.0791561242753
5.389893351486674 22.880745136200996
59.94307585140226 60.541152368286475
18.94989751239553 28.816663484691894
83.3386459800648 57.5320325064346
22.342004493634416 24.629788140685328
65.530054526096 62.63383085608724
7.914053651024333 21.286249829284777
23.51567616754011 66.56595971879169
99.53716514125 18.59850026336005
16.210958950840592 12.492854658087715
3.3397944125570733 34.506076142207306
41.53507764530471 89.76581101127721
30.985209228904175 94.10388985258611
79.0676889902251 49.64365337654107
50.16766850459491 48.43476599847774
45.46063363929056 46.98222466489288
97.57165161098442 84.43960389450686
96.7971034391773 91.49551454858789
3.591262995159372 3.2858968166509017
73.16992353614624 67.613210043239
55.7042481117749 57.87112664572418
43.002349912046434 86.21202085670757
19.659175435913223 39.46016987578431
78.15675084322564 56.90046175151113
18.121663058243808 19.298557525268546
27.12714400125582 39.715839784400345
61.26164183895773 24.09062791034906
93.80166102280951 5.27082886944823
87.34852454395914 46.59281673520803
48.25066196931252 52.77920083132885
9.024358552490174 45.09231699214733
87.90782166174264 89.73404474941695
20.281308316950366 27.230765154814705
10.281152786273395 52.81722261706305
24.058701257544612 60.249290076624206
87.9556321606231 69.60161257527892
38.15394743174143 71.46674899905084
84.77017875995878 25.64693124735795
50.823111952803316 59.68198354497933
0.8402640025260144 25.440118765244456
8.95389328325149 26.746086721666494
28.551631068669714 14.989679737435658
88.40106565373654 47.95059062130036
97.28006061297725 86.1740979500511
49.882887615427364 22.286615162226276
33.73724208175175 42.25062900511891
4.340641306270299 80.31273552772645
2.2406991847067292 77.90471646473947
9.653657525559955 78.14061322031304
47.85564032097205 97.30625554915922
82.97444818660091 67.5180626393812
54.87108203884448 80.67784080782276
87.17800598112953 46.723521691395156
20.055488339088036 51.64330476555361
88.9432861230749 97.78018932336553
21.360984241338944 54.16829686544051
65.35295975571545 60.65368180798194
79.0010042935569 94.77903021349665
93.74653030291694 6.189910677208976
40.87161983145009 18.59943156496231
38.65241436326643 80.53299163694527
28.21901313572488 5.815927398067355
23.431325344514132 70.47482480028049
65.77120753466713 92.95695579289247
93.96256905498146 41.80383907680876
45.565901606698155 89.03208584802597
0.4468627512102863 59.692310354833886
73.14688283126445 75.16702468555916
10.168550868419235 83.7484958482621
40.10201332903935 92.9457094288131
76.13641631304719 14.434279698569586
39.95111932467488 97.96316567249809
22.483941823552666 12.169542555111779
55.58392991232388 28.621758660611206
99.50411671144586 35.32192685867557
0.6154936337020356 2.03882604334249
50.7538014842924 23.538994505781208
7.289430497158933 39.67940858734917
14.85831013067791 5.428279953027992
37.88875172867383 15.963219523784433
12.888286484372946 45.545341681468955
54.93202387735256 98.38639545170751
62.14065921877561 58.01388853207137
19.481090200800978 24.512868639152984
20.80944481556608 79.66351189956087
4.940540746819333 18.69718572911898
38.795166902418245 59.42985084384797
77.26835715901494 57.074478414880915
22.235928101733336 3.993186387245329
11.602495583440952 31.984005287576277
18.61571067889438 86.4061140391837
34.2471126414629 63.01535521554098
79.36896513149523 15.80432775661671
9.265191795848903 82.92635940220687
86.85820916798093 73.57110725255535
65.0297361947523 11.011832090574858
38.19663205136459 96.98658649952108
69.6557749757942 2.8207029334263556
86.45790533552564 22.133685652176773
14.619458759038007 39.49470716875647
65.86955771031482 66.8047312684469
90.09931978803093 87.88816553834393
68.87317579860715 63.27063595346021
14.13394636878602 85.86841159875304
43.57776230327644 19.018049982845532
15.759391308833104 42.046789376398806
29.966955584574052 81.64909719464501
69.07436389232863 88.35204572944035
94.08645786870508 18.19169681052124
36.49288943345337 42.12890115394554
2.084171060764062 55.847748839906394
33.720758348144656 17.424424409393268
85.30480299339682 56.48745556089747
83.42763737142471 75.74899960106312
99.1469213771053 83.24564007508262
3.52810106562087 1.2400682744615255
45.41361674354321 35.836772172979536
75.78834692400274 10.871197067237425
15.26588908281048 13.536513936203566
94.54399569320391 74.21927556397121
74.4402669692441 38.807070761982466
7.426787490220921 43.22985114766493
4.519702877606213 29.35878306075683
39.21270421379042 89.1157874576019
44.91862215797331 98.59128561378657
76.80033266314656 7.76778131011977
97.42014343991501 61.30586997252892
55.57496251671215 32.60213408150654
59.78230778132541 83.81198063612194
48.11988078870088 59.152229221736064
86.25775549871186 51.73215181220083
15.202723974010857 66.8104723592354
85.30773537595387 23.91773531649084
68.64295767222362 83.69115937739484
23.6073782580829 89.98727803578863
75.45014762164001 7.52424353696346
78.71200516587689 13.485939366902699
36.1754839497596 50.314135171633346
90.01475826144059 47.102054526487166
88.65361102245201 89.52627959053197
48.78084028934244 99.03261725788055
57.66782022926944 55.197168848971124
85.59248727803279 41.93120208771941
77.76027063035667 31.17509437584205
13.48856720968894 87.48246445801433
82.17604833098771 56.11709211799565
67.89130469819344 13.90381130969034
53.52876445257613 30.95002503860227
40.01906414274104 93.7028866142929
45.53951089122003 48.42958372008395
64.1585332314398 36.51490283952972
64.3424203890933 30.90370585121869
44.20828294393353 43.94650040778145
8.326990340933026 81.03027921647599
46.6880740163931 75.33948406630084
53.20818768829163 93.63622266590869
32.69831031790964 60.29000754745737
76.0460589988821 19.503281282239104
0.37292458962685515 91.40436621345454
96.29881804029856 18.06550961774931
85.655050051388 47.01354060183145
58.80163132811405 77.98826989866552
34.93490713441749 96.50104218716578
20.965106424328983 96.26251202540223
43.65780174218763 82.9141056165609
54.450038219245364 19.874065610096036
66.90775686414207 59.427655307020274
55.414811216334556 98.41960215664758
72.46206112289113 13.827417849380218
56.71212144226534 60.352707322238295
8.453654831618685 64.79350381451869
42.55617036589374 33.82288562332403
97.59851602605609 3.560883634303469
97.14418497584903 17.008940661557247
34.206644619618864 60.10058342823501
70.96166565080664 23.75331144805015
27.628628689466893 98.21353978149541
11.519363953327577 53.543284976439985
36.95772097939651 27.09305611941726
44.11083574583663 48.51602091505818
92.01663473420474 44.61600069369207
40.852506187827075 59.74237742181325
93.29366349422519 32.81036195256868
93.27689004674038 93.72532524975665
60.07606121501905 21.710657995658256
47.46363959355329 4.76444952072268
38.99034122783844 59.20963413494971
22.202575307986947 51.81969332787229
78.21981819493169 75.06131565350185
73.2737791510193 80.25938714681023
69.43929015677635 18.198469998023704
23.939627040168276 83.90774518038515
44.44692108031067 57.082854585500286
75.65471676732527 9.101832057404025
47.62846695509313 12.695530405979882
89.01191498028138 39.74125341082253
88.11319694846777 87.67368404720256
9.079638932292934 2.1514326833865782
89.58463791897415 68.3561865774246
74.98655374462768 44.342738220931174
83.27704765593447 36.25890000324661
54.25875609707296 51.00994274596924
68.07947341532248 85.46898046297116
55.757530225339266 4.894921554059306
11.639998468844649 24.570787220256875
72.84757334179926 7.290342571738995
29.41565225610163 96.31953927925123
0.6328853931385714 50.09610622599181
21.378901159471297 36.56391721705059
68.75529129650022 73.22781125901385
14.443252581281607 60.351913082436766
64.1934944083341 86.6996775373123
25.193595848190565 59.604222489537364
20.978607817162587 70.66591914619542
77.01795239924797 53.86767413325055
34.18500976201317 97.19665304868114
26.86806949783056 22.200511887597152
30.644281933084216 6.254494006669686
61.259369865713566 90.61900423231542
56.06130788076147 59.37159372813778
90.01087882808187 57.039454426582225
64.84809141932936 0.9224115222047136
62.92944497858714 21.61523931245357
4.568964701293998 89.1785591536696
34.625867226512376 89.25972736910141
81.90620066470919 74.70292807656574
6.0983585533468165 14.804131734670012
69.27070860266005 58.92448342538734
61.21689567637736 78.03480993072978
52.91617586549569 23.189194404148616
16.958886769202586 56.5300902298004
74.54805878682419 40.94566516282816
94.9617680484177 27.392350893718543
44.97676377809281 53.08453277728826
37.01403962649727 59.17776389530414
67.23729574399519 44.81539714996949
76.55518530126868 76.19645610686851
21.383794326517425 18.473526845206734
84.03854571869348 94.8399750203923
53.91344249054251 57.132016181439546
1.2862522843909652 35.96880026594897
45.21375281841023 98.33132777948907
57.2377331651212 83.16056832044225
63.462629394188454 13.97639357232119
74.38886857241722 22.971469865203087
55.52709135369707 29.776032537068954
37.63901605652256 99.34607487668063
33.03228088966313 72.36118933303852
26.804092448523555 24.141879340855297
75.99510519043787 35.044651904946434
69.88290016204472 42.085368147743594
67.2228294696519 80.41742453983576
97.23454120630272 11.984759649518173
11.88000623660126 59.77469686326762
27.082827760236672 47.43015621161049
22.21205366000907 13.683605829390078
6.396443560117859 87.61023692013181
5.974589446154566 56.467604114045585
2.39485961692969 51.49625694127384
75.59688096113352 46.53305241920209
66.5244736043881 85.75393254265087
51.86789389703155 45.4768968711347
12.783802248423015 51.297052147609094
36.75889111324619 67.78381980369812
71.35706495547656 4.360408470443611
81.78370665344055 70.04500192266028
66.38051599820534 70.17625321593934
41.38614345908109 39.544647329618996
93.54218751304688 30.84014892049325
64.99005909956325 22.021631266791395
81.07038946809264 51.77172248747603
79.98826580874518 24.652983491902457
37.97838261998332 5.649013504685074
24.380674287868075 76.48672811418564
24.96540541144403 97.21745635159529
6.222815711750673 5.58747697651838
96.95497093016603 77.56528637001053
31.044043920177277 21.639262149833183
85.07662362309362 37.68959039020772
24.78854940256403 94.79291023685911
38.28807432525267 20.833714804875992
22.610484910299157 27.30249946552479
66.51667826569482 34.01734527613265
25.910141814702637 51.7442123629603
91.121494945402 48.523497494020496
78.96426657917341 4.09059404380665
77.64098867837734 65.63751033661191
13.619996385549538 39.60818544665561
61.91703892705003 3.17331021574212
58.968920703982654 51.80046743820752
64.67216633424285 6.473403262502075
3.9272091954602795 6.452051985384677
95.9560808999606 40.519123634826016
32.60282552191847 32.050553466661654
9.340387176995367 63.00948427325286
20.045078586023312 74.30976362545665
97.42151500058407 4.964067918227899
99.08481782199394 66.69305250742386
67.49738589898675 20.962279676777552
26.15743646087023 9.944205348598501
84.01186099580376 26.223240059098774
54.13323423190484 37.38671666351856
28.757060146842562 27.768984783136318
88.23158239405511 71.79199142855899
38.097200713406835 60.691669605557294
62.54076491749707 32.00688431175078
63.342813990472216 59.163457516122975
4.386486483427499 41.265280408064164
31.51793715893787 75.08833223120857
74.31563765066251 64.0863216068434
58.47424584034731 90.58946136004913
72.60102680183496 22.332349164119904
43.41762740445123 79.27781529774207
77.47909992910805 50.083870658421816
27.39396269207146 74.76274636522379
34.56336800340012 13.310388882608027
69.8596553517828 85.14149047026169
35.86918172715197 76.98676217223618
57.62823232064955 5.159701360415547
57.76843039356487 49.49431404622735
46.92643888607601 23.384841904757558
29.138795762305204 66.39752793736362
11.071600147799309 97.46844557945838
94.4060571933258 64.05911532027737
81.7440718651208 58.929988039533065
86.00121194993334 72.90547735971384
63.039348504053486 93.13513624369565
49.80857958681082 6.4288983710439895
41.03100005841629 39.341925579970294
49.967287568967734 19.401184284125783
98.29222777468243 3.4390354856402183
38.08826386320114 98.75698709807467
52.02804679160693 10.201853079444213
93.96600272714157 58.94879000992288
51.166092017033016 10.316781608165048
34.7349799516762 38.085669024825734
91.99541015377524 63.100895785761146
15.774909483322986 39.43382597684468
52.02745238085136 46.54670116597903
89.98604243396424 92.59825318137416
98.21235097612558 92.33625824716431
5.321399154614226 49.118451183347474
90.06489275620464 34.49486252863429
30.541350424772663 16.39163463947151
56.026286394792926 85.58028053746747
94.61638690256228 26.243707344180866
46.438950078286 26.554284298967822
6.115036465925172 49.16883116214894
68.2117394302306 48.113081356283935
53.832438978234734 31.787267263921205
91.95872277038764 42.40984236147665
41.96254593904616 54.29067950428872
59.17060547786932 85.18247058159605
44.773506029633396 80.08032775146702
92.27511030153184 46.20783955067893
29.210803993027113 53.39640475745606
29.115331020402245 88.13623421563454
81.12640973374094 49.19890993982501
0.7269752437198296 86.35006881980787
56.701728944827344 79.8300641349978
24.14813154444959 1.5269055066359227
68.18983482503845 24.17408355864592
40.0105447519507 77.27485068771414
77.78522385039659 86.13818082806202
76.06669042333675 85.00138188755935
46.57405340155112 2.9990891932173858
62.529989987612524 74.00044829686294
14.692415147074378 63.86227832065676
74.5651181570837 61.932376469957504
73.86503631955526 37.44390925622254
46.51453863226003 53.69357226296023
17.80270962009873 78.1880354355688
17.57156847819399 74.17900094279865
38.66228491593846 58.27453819291799
25.017148607326245 56.831851167361755
81.14648840712691 91.57061219180119
68.57514404785539 10.428292087678791
46.28526213775616 83.36815564538482
6.155591453888998 88.19502187258661
9.033266582801659 29.217072052285943
12.868220987211476 50.03331350353315
75.40625108239038 72.38745226315424
26.827695932054763 61.266616107109485
6.181039895462348 19.725309117182867
15.994132227540426 82.46388666410267
59.12382846148483 21.89451737792836
9.31609224384362 5.902615773877495
0.3326433661567929 17.418447972467412
6.704087382844448 36.64197791842092
78.7273997118791 68.55209569997405
73.30942555685935 70.25590550030039
60.16673253102538 96.67351582482698
39.992704975054295 35.535225471420674
43.49208767572419 52.145949990619386
87.26110085836606 28.209407807507404
68.9767329794068 65.82632317838248
26.498781980608754 78.51676038678319
47.968175886470334 97.0406114405201
19.809788549766093 42.10924276834014
73.8258321777167 10.13287506865006
5.722733312462047 44.650762906441656
61.16546315843241 38.59920753541917
61.82947719164169 73.56621652881547
27.550114699136685 25.35356910561135
59.72063114108204 7.813922499431003
44.69852572209949 90.57344299721149
37.18911401668854 75.50051522590834
57.46235304996085 73.44801417769608
95.19427369520625 27.67838424793714
42.08294314624752 8.95744600371382
73.38739577138445 96.79648007287997
78.25673153420493 23.60241140296202
67.22608781101407 63.00102508468968
92.95025785551105 1.189731921762771
32.01925536666819 47.28505056586749
68.13712284565472 15.63087073216687
22.258294162348324 78.436345788922
44.97271061460732 56.42684700039262
3.675288053446435 56.50227103622236
53.759904087841434 63.03946396018794
25.76666366762317 75.83149580830806
26.216121639464763 55.951293279460934
86.15415971672967 25.507196166085166
14.691242820203199 62.59835778317646
13.711343976110712 6.66727824339175
63.70113890220453 98.35687195469735
97.65902287209221 56.43754830586285
29.06518643734173 25.709638990061556
3.955531444956728 66.51312497257945
14.395708271907036 73.96675098399304
4.963356304942379 79.52665320672436
43.83630404301482 2.9380066605339428
57.57541478959918 2.8064133834087013
90.09688836921093 82.79074326762148
47.68725933958411 20.18591756369592
33.04198525308959 62.63564762753735
84.24071794658903 11.0680450548577
15.526413319405163 5.899176177565457
77.46039197692485 68.20812921209114
39.99726677437212 54.92629713618107
18.70953573750107 0.13974010049768726
36.75681662016335 95.61338418809027
30.47295060571824 99.15487567157955
84.82574653757729 6.024279515742603
46.20792072047766 39.43575317143848
20.123299257813176 13.142674235990137
87.37939616647559 49.944862684444224
2.566285011679259 15.207462539696937
31.2563908258946 36.19107773053214
25.17380722471707 15.457726874783638
88.61420169554938 78.39763517295665
90.63919754854233 11.699758082273547
75.59847123146896 25.839909568452548
47.770113254067105 73.53814860413314
58.190394604548665 97.11294188319681
20.370965626051873 0.8351481320787002
5.574823127137263 56.12795635157668
57.50890449263915 90.60048318648572
92.38744368644576 95.90688725593755
10.789112819373226 33.674431723238165
28.523466237646346 27.582656320738174
79.43110639869693 32.60912947625061
10.760342211772866 72.3724569265114
78.4531727064825 30.1730141666954
14.010356479353735 42.71478036527034
52.661699758112654 84.150089831769
94.17286198384205 66.2978870487968
4.290580900416607 8.47350403449989
49.30525873769254 79.44091570232372
26.773594818729784 44.3186187593201
23.22529266373452 75.43399662341047
13.040595743906858 25.81724266648484
32.417715204771454 71.8720752449763
85.15547626298915 35.41600996382827
15.435821660519355 60.17956838198122
46.24746827907862 60.58262716766263
69.80802572500156 57.630766585536186
12.978356428783023 50.53140748183844
79.34777708666137 13.061283444564564
88.1071553005801 9.103815982741747
84.24964061967866 61.28602384607093
90.04075315474907 4.059087594717448
65.61289180632485 76.70960737291234
35.83123823825278 91.13538927409346
83.46068378088707 56.303925921037276
10.616675365610394 98.11134262803063
10.134902927414235 38.8514913216629
55.046062503700874 89.52779042689
63.17054577589569 83.40181997211798
43.30141224798487 28.092588588032275
67.1525529933553 84.12388899449725
84.2252702727982 22.062080353776192
58.304487369605695 57.61104454805541
14.975053834534435 0.6081687195802044
59.58458221603209 23.589475704684016
57.59937497952179 57.38552081288961
93.1532725470704 81.51942341574274
97.42686606417395 53.69102294939858
84.54836897386792 77.94815806576474
92.1713988640273 34.18393530504258
4.348584996112237 78.41616214060653
7.051413632187709 25.90470116537651
55.3993449749427 93.07118608270606
22.451148342507075 30.85694848260534
98.6816686677319 55.15998418096852
43.37714184921004 45.056473281333645
30.497490175049947 22.519042397909917
23.77120428936006 41.50950194177226
68.9629860442812 48.32811664442467
30.574196581815727 80.45974819800435
33.081223470485185 88.95479656617778
71.60049339188686 94.59089930132659
71.42582346783415 13.111732037305913
43.15829143140324 44.57963632093473
12.542069570257542 14.01814691537966
58.060450747621275 27.111805351877937
70.2587389376113 0.6758844815505372
61.45445182428648 14.838145232985834
40.0323838962714 58.88469847802911
44.32773136908197 13.9769782518679
75.4601024365148 34.13521242424471
78.4712785237881 87.60181849933618
82.86051241307948 78.21010982646541
72.91095201010226 88.65558764620671
31.614134372351188 0.15680806967444116
35.20557036256624 87.83956229631107
15.135388265947803 50.180280820031584
11.313470814568527 61.33837882564388
34.796844003102436 37.72419332053987
93.06559750615324 66.8364378700624
54.09608658985292 34.52676250466313
73.44675179921222 11.254772606125595
90.84372156675447 51.19482443526571
29.47086825370837 85.0995526641392
61.63990437551783 63.41954182617864
98.06573770694706 68.61065287909769
13.81111166569806 0.05516824011362331
78.61513975239633 49.67820130396758
29.61786296851625 93.2228516149567
44.30616804446785 2.69721424351288
76.94802482983918 71.05948507039994
16.64964716291484 14.70476783060517
3.296090740546287 75.96914173370644
23.79175244348124 9.418319810403641
12.770850678263578 71.16316527939472
7.210121498989319 20.851500467414176
89.8460969557308 2.8471169843047095
12.43179704219861 47.96671074985075
96.54907474375258 92.51661273632894
83.02260589670011 36.30776026110125
78.89710875867655 28.016027422224354
