400
1 3
33.458143199759306 27.187919415014328
49.800888001245404 37.391969618059996
13.568668448430943 60.65162598896177
4.9688334511208465 68.71788116009017
47.631520885688474 40.34930830202394
28.283074755561486 39.79741404572212
70.20262560496282 91.8138597502468
29.122343690273134 91.46944870917098
21.644022894220207 91.80639570446039
25.436380536561387 35.98972097408102
39.545320036442334 35.88432205241361
90.04594896831541 17.083953725898525
21.553058841064733 7.955249440447698
94.68579823634984 39.78821282523333
54.379908928821784 9.46253738160381
52.55655379178437 60.72341653786917
72.06525461565751 72.01516220627944
14.141037251248445 79.85488987560404
28.13433784112722 8.146740318346414
98.88157179877925 39.54975026910843
29.004389947851283 38.47218036445608
3.991717418957741 1.431320847551576
99.22688202960653 90.509465320891
78.87895415481923 31.269171844728504
1.8763711444714781 87.772933311746
2.426689580495456 94.75378613421096
41.635131467106554 7.637303259878303
73.03817788376044 52.81573899297616
63.293111366923306 95.74326701302572
48.31403429352279 30.49444646651651
59.9881646656937 5.18169965232933
33.44479996916385 76.03535449601422
99.97328312215488 61.24957913955447
77.88747926738544 11.887680919294308
88.4522209359949 17.925094855705993
56.50759278365649 59.380701730197714
99.08488025617277 91.10160214869892
59.13075516410085 34.78186286141831
2.764486608695993 44.5192866520475
79.37521311497524 77.46405699530384
30.475351528861427 40.48588903806811
50.15376987416336 61.52887518524117
35.68130994767762 25.993925000343964
93.30136979273892 84.72976383790305
2.0454081566235516 60.11880976633024
41.62886044437746 75.69946637686087
36.5793859371542 80.23607705007159
26.06092198389911 38.55584012574889
35.20723177423455 61.33556159309688
40.65902775556813 32.868375503963
52.9725128297752 48.35757140090542
46.245602209869396 66.17926816150006
10.998687998784362 93.63879479690522
51.21970556480615 80.9255745241223
25.52418879698335 97.22805411424429
58.939842710150515 0.578719776941039
40.18689375071618 80.5261084940842
5.1810247985881075 94.01449649449054
89.55810997750899 0.726676252480507
69.01935797251593 12.520221428093414
23.026405191393916 31.66372394308614
21.299334509357525 75.55565671906783
23.729191364654678 4.91653754091721
99.16731419800333 94.09971039582364
21.529385169320193 51.864044827110554
44.752957518017936 2.539978476478777
58.31527598586228 62.75551263844281
54.62935838117324 95.22394745314872
38.55789959225915 65.23331590165388
68.84737122053161 29.2033052743224
45.42224475714492 63.819844712624096
66.65889200720537 26.31994783390801
23.78461801414684 12.610426953635256
58.2355140059017 30.368665872833134
34.650970501193456 87.0728334854822
1.6177450348884292 19.84579318292916
12.071804062615588 72.9250445818239
84.53403570794657 39.2847760510695
37.03648472084837 37.42956940650475
64.90355762468451 6.034499923947578
88.92078519384137 64.27978547804057
0.23058197003498204 98.9967436180194
51.71262717906187 26.889161601446677
98.71317482248023 20.81514057737277
56.89017960428697 79.97677290673299
81.07882172935265 28.303322994801718
33.8305588626794 4.993545317595571
80.22119081224173 3.11132755023642
76.99894926167461 72.82220088609743
27.224174220926155 34.63625919955913
27.71403729081161 43.27531424291324
92.28567378479944 59.760333773617205
59.24822057194079 72.57307606850138
47.290188381607656 16.647065406565886
0.6924299303983972 5.932259709547538
29.060433856219703 78.54039011999039
74.54336634528953 62.83556784295272
84.4614458981383 54.53982039999441
79.8795475208018 19.987137849725013
56.72626156346923 14.110964722440201
75.9723226062435 83.41347925164631
75.10481701567282 33.748854154618144
32.9881471431398 55.96345983875515
40.81621878005712 74.02904919289921
72.12199033982694 51.471949829674045
59.0911734741534 14.820099645457741
31.62674707136246 97.04131020135205
33.27779141175944 16.600472253091205
77.13067963834408 9.597748491511094
88.30337457617897 5.153258434538377
53.67311512203645 83.82954755519296
46.79675538140036 34.61631899762014
17.874969572650823 32.09364707044404
94.30657925367791 1.409352711603895
55.63031465038604 35.90261896372742
76.3777572806754 14.050506427060117
47.61914612354248 38.506005835783206
29.74697891022402 32.32432241855374
94.11709194455531 24.5663494203352
66.82469521291867 93.51795828985188
45.82426011665017 31.706771470875506
83.00840169756482 59.595105079764956
24.809231789585606 68.30738441622195
57.62402635312529 95.25827553519535
59.98953691319435 80.50927871497693
86.33084002665514 13.315054263552595
95.20937572781894 57.10202788064767
39.092732780484155 53.28918726991747
4.51266630592233 41.50390435769202
73.95021742166719 94.73073331208074
6.1437877398301755 36.60267092376848
98.95150423360025 13.433765836292434
75.34258157559172 20.658358962986068
79.66575549563476 53.25878354073639
53.694158665995076 54.020291684710074
29.92466089458208 33.50334852737793
12.4952517611999 2.7301583421987408
18.326786075319657 94.06994608859895
69.43119713060979 29.802698692055586
13.603510369475313 55.71129374991506
99.00952113865327 40.34223280290965
54.829265473802 49.34027654023196
40.51129026624673 6.988576875695607
2.483633614981917 89.60521673154508
94.28749702429306 12.787212510665192
70.4246449902066 39.77032559998732
54.329333027759866 2.360271825314064
80.7039866563352 81.49826310470544
83.06358800397855 55.24649544078848
30.317547532223553 85.98267357041203
33.56905702946034 73.735640329385
78.38924084839141 21.34544114230237
53.39634285300614 34.34892093023707
83.92977019449943 69.40500983675504
89.74834830366866 53.30707754299524
53.684221770224916 87.61591647527219
76.02579524751249 80.4678010057617
18.263485585088436 30.31315123441678
98.86198561658755 9.687944326779064
58.490005271621406 36.8060355155672
48.612816115093096 74.55748982179134
49.31341182382789 97.07363458368175
20.184109680801264 92.84573311477457
12.521806653679812 37.77342625719577
74.22547050472433 69.41776850380595
70.49068900307991 53.58633426309063
56.401077121723596 4.357196312720357
27.487225210892795 18.04178025742098
73.224108056619 46.654938399682
31.867326720007384 43.96803790674883
90.75799248735976 51.567390583655516
81.36645654621717 26.213879046566312
53.732080764536526 31.81134213184784
20.353874125406122 77.72908075257601
54.1150818024478 49.156937710802964
58.76267961199133 42.80287212824203
53.79154125640684 65.19930420095166
72.64797237408244 84.48203689391435
37.54353518437055 70.00847425713661
15.372760367056436 76.87088685439724
52.860943393826076 73.7675129480859
34.770516850179554 37.8921505725293
97.15860963021399 21.44812909549838
65.08485098251815 87.88220518779735
94.46066213474114 77.94617698925957
22.989512358399942 70.66662624539879
21.70263820179581 4.554646244476457
99.79305409946804 89.54881506065963
38.73975909428873 3.1532357715597925
78.41564012381906 75.28047830588204
59.113024437700126 63.612891649708004
86.28751481406593 57.18873181592603
13.006082559494981 57.3000923923358
21.84790671478791 45.81522781299483
39.494950644259184 69.0425744321207
27.04994064085422 97.20830626930021
40.32894673373726 66.01049573810185
37.08141746723701 66.61819629645575
59.32797766811553 92.99590939210157
1.4933892085887246 95.94621704931217
59.03028893988063 92.70328450017008
14.628855171629596 82.83159369024456
0.3627111749659573 44.46686691292649
16.328611120429095 26.760169802717538
80.78607321041949 22.12075803463538
19.65020629539471 76.02744385949636
94.30624663398018 32.19378184335646
17.738306343455324 71.9909149812745
85.66956243171178 0.27473111668356864
47.60382626217772 13.444552022579593
19.485036087789666 97.59198339112949
99.15052981029513 52.82318298192325
88.11753179785444 9.592025446207074
43.22128212769301 73.71493533260349
1.8670055163479082 75.9101168489301
95.7298642943777 23.349839547803896
90.34854125900237 86.66197793389254
54.08705066934019 86.81666749933161
7.631106682210298 12.80829788997746
95.96759711826333 71.42486247983611
92.15993775335465 93.23770445931012
66.86636478262886 53.83618615243091
4.528500469477259 69.76075972062728
71.29294531400924 88.44374753189467
91.82130122553333 27.86699974651292
86.64976232409045 59.89811416852173
39.689238913471094 24.194693716457394
42.294911486149964 69.63052741420768
95.75523270763074 19.750117561616932
56.28739489131016 22.01031988886031
68.21543404168224 21.477765600303368
41.61606462901884 93.32557668749233
66.96841604084909 79.25768895371684
88.95957872588092 21.00235965978927
51.47678927778869 18.778666717931713
15.14665690952759 79.60808056951709
29.277884149466125 9.119224562847483
4.220978118837282 84.60112076121959
85.60847503583273 76.47883197951826
12.832543762894865 5.71840309081737
11.135582315210591 85.83379030042664
97.74250321118659 18.502275368163403
48.78919048785744 48.67921488853861
96.16321345061591 13.580906946924287
70.9389851623685 3.0669450072616344
19.60183934322317 22.628357434906764
72.48022610884328 65.63625788812404
34.99312986471672 35.617980536879614
52.37377746490412 4.352380619136698
98.83976743626428 13.961847975232944
78.3666818910973 11.123653202820073
5.959140842777533 81.77303801632507
82.38046859095154 99.19585948429557
61.23319831873639 34.68384664033724
8.915943392944015 86.86168974678179
58.567871667835725 70.75378353064825
84.4049063385319 59.10178348543826
15.948925397105086 63.53084005840011
75.4307937889161 65.52990795660745
91.60923992916234 1.704492138491931
55.2686427917495 88.36671683649442
22.247092910581912 79.29119378121936
34.2552944179122 17.109389526182326
7.957294298577833 99.87067496604452
71.01826847816193 62.519152132996524
82.02207578916017 3.5344589951252114
33.10478048116175 51.785161026854
93.08119011110546 82.77711651199854
3.9615181850261916 52.96875646032235
21.3275913632923 6.324865501959853
8.28425889745732 26.337447390286293
8.04096181862677 94.63397913910055
6.226302898703007 62.17594090198651
96.76301709953012 29.654099813381873
38.03795561464356 22.589396145965335
15.268486983318752 16.025584405213735
56.509079603527 95.95570733219856
80.04303587497633 88.76924016749155
8.450490089964191 6.614021214735977
34.85028137251349 6.7326967723440045
35.99239276780304 18.228118817655915
79.35656469495488 76.29706594405799
80.42172594151764 44.46812892787799
30.811308786298518 30.99122952063349
29.14809704009582 88.79307884046315
78.60590885843197 45.121211686649
59.72058699428151 55.726619530362285
53.94504318544622 28.40359496970166
92.44373389887915 48.67195543670195
65.43729951037622 67.91343711328473
84.7656838919791 73.63509580444986
79.42781718909124 17.578085348214213
55.17288484389344 54.385897127840074
38.916340461323664 83.38229139085786
40.24657214025606 0.4251340026124151
39.03833132451866 65.78256032919391
74.8355900056029 29.22521350345111
77.68926539515459 91.3021400787275
44.35645361743947 61.08386087539226
1.5574365143711244 37.10181526955631
75.05709684540467 16.08448571704557
67.60161136778807 80.33111659693444
8.729256245815264 76.07269636675599
20.617083712405204 66.95333880388752
76.43443801633668 31.47106015803267
61.82528826714871 14.09009602353688
46.561757277331075 41.764141034639124
98.61918524119812 38.17965580093787
69.00888460240392 64.57833988057244
82.71193348401806 41.9891686382655
43.838274289130716 91.63442045280506
7.423699909063908 23.916532102367395
36.82633330873466 29.30036065117385
68.7631594487081 62.875796614622374
45.656077284780274 53.308072733869885
6.252246328605593 16.79329400982148
85.79835529288671 20.678659359046826
97.0264334363658 34.38792485141653
82.01545696511579 97.08092880874372
18.65851286007363 84.04656383395381
63.99058739111623 74.63541627814261
25.88807392800627 91.44611153149941
55.72650023434795 33.12791075708266
53.29810328651114 91.85809981049557
45.530321330944275 75.09899368240649
18.042779588009683 88.402971591846
4.651544769211813 45.89986338573697
22.79691147226086 74.81229174744153
29.88377249916061 50.281507933507896
85.66210859336616 92.02228126513512
65.12580927694758 8.11050565283018
75.15959280721398 92.3768744665497
39.57407650485945 82.46226031231852
38.04853140869042 69.55352266471257
20.153585106700667 42.42657391962143
33.62581946664598 56.36195050082791
79.6933822709164 93.17780849264608
98.98412932040912 40.60391851713019
38.29691819516612 64.3039338858797
13.767820279757359 11.290240859248923
55.748475460947475 48.24241519155925
18.042087577362608 28.7315398724298
39.5091190407677 25.714493515842474
36.942915777657404 44.58462613015794
10.415479723314913 14.817237597675703
9.296772474863314 25.952392089928455
8.79582525262428 93.72267546573012
38.13008463287895 40.487730325910974
88.30512606375578 23.648464519925703
23.689313684094703 5.537404437047688
32.7744296741096 12.544397315593736
28.520004841872716 84.50394361697253
41.762094245570026 95.47608073830658
32.63689538826424 52.2577568551486
12.12987795848257 24.419043816610177
98.7992616677563 40.64683993717513
14.240169907718547 76.28656390297452
94.72805642811319 68.7205507293293
58.91319861813302 27.99036894521416
59.35885397160521 48.86202020162702
32.12566555023753 18.284628842438643
27.725038401498068 92.26070168361021
86.14532714484626 27.41868857649341
9.012864141024757 5.281494742578774
50.141861763820714 1.436107802465414
89.54232149650205 7.4023533303329
58.665889766044366 52.42047631413087
77.53828946482622 83.28328671788987
7.050853043746552 45.98429685864236
70.55943333999741 26.042218016456985
45.21454899348576 86.44080287094773
49.21266612008084 23.945260196631214
94.32761670766222 97.9567444750867
68.3897655117222 22.398546982207733
67.70564980185412 3.003945362777616
60.60181144575423 32.261154395036606
75.33356065459131 73.69445336739903
98.89980111666384 46.45991590582179
87.33058989807583 26.425275450430206
22.666706403024726 83.34052525556355
96.96171687380142 98.80375408342952
22.16436274138016 29.385874818736223
85.19731608561581 80.737272355904
12.36012706487295 14.793210958762138
29.089161425895437 98.73218780633633
7.344628455104152 67.81828333752094
49.96565245402556 4.565858823132296
80.09270452912311 42.503550914574404
51.96386397009971 39.60911825906541
64.4112037448343 79.68321933059075
70.2031896256322 26.637476424680596
65.71408868976371 15.056597551501083
39.22083419344688 66.98603427423437
90.48424002588511 70.58297580634152
29.640590771380083 67.82459725462515
80.94063710969567 73.6758390328637
67.71226423776177 18.74064321409259
68.68600485973853 5.56314919571852
67.29718223327497 48.474723458675626
46.84747838639074 72.84670739491244
