990
1 3
93.57178653833067 24.4210650320686
50.67903488668533 15.640392256984526
79.73502346048708 76.46950681063771
5.453196535367244 42.491423405729336
3.6449646778217826 55.4469221022053
19.36121311972867 33.421110740413404
92.37152073687453 4.52720857233162
37.34685717232891 78.3708818475635
5.20866200473824 62.24139960853785
48.32313160636341 7.986534523458011
45.072815649074236 86.12932992842741
94.61373109741926 66.08923128281674
70.8023777724619 94.12647744473077
43.70407413652973 92.80442638121882
10.209794519580061 42.23639415976494
33.91465743273261 50.04307489778013
94.57571447737926 95.82324596408165
66.17478658863337 26.72789707768455
60.79502283223772 43.82038792754035
51.30724627941476 96.67672658557709
86.27119470454487 6.8801013500907615
59.83842014723593 36.2572494650528
79.01149480111759 19.640310348567212
32.64879451555327 67.86842928611891
78.36070622753977 27.970496457065643
72.69051684597126 59.7979698325513
82.42494575975108 12.238086396426894
57.9327730387218 63.724923542340605
15.7615306379572 80.88406114678803
9.997639499776078 60.88253413054101
97.75681413950737 38.413776077766904
57.29203856821488 50.98182380584335
92.99785826897437 25.5123449754052
86.87065279797959 14.74346729831928
17.72660226676752 18.29660441671257
49.06166187242984 76.13490324418359
43.496952008202626 61.32334019110826
33.09116539314259 23.06700551131855
90.05785571604932 62.47601366372824
97.49054705200699 79.2864216417423
75.01113785706555 79.92578800111585
47.12104288572745 42.20812485482068
18.195699103570306 50.322795411288745
24.121510277762724 30.34240859527062
83.35616172040368 4.0880172907829415
87.32924865185778 49.37541137216308
39.17821980520506 36.929690801208245
88.89706575184124 11.036147645569706
43.459049168832344 99.61222079631236
5.405554251298783 87.83970204981945
72.11615145365352 65.19278005920572
85.04699106558584 49.1994204768097
65.81796060986566 50.52208489792809
85.48493722957859 87.5624451704891
0.8970574285074973 81.10053646069184
21.018162422484664 15.559118608508381
60.41853290254533 12.496305890186932
86.37054916310909 11.022043281954886
48.4982456380886 92.70221087580053
54.9501152522806 44.31977254061425
78.42915354228242 67.28684455034606
7.562246267375161 0.2870219733434043
67.48099832656904 92.46965392177353
94.58464250987547 80.82378673132322
93.7109971630636 65.07251174443702
36.154862985803994 33.88363110675636
53.77442663945695 32.823311929464616
56.51765378741822 58.098307866594645
72.589503560898 74.21019925974359
35.82131897900949 13.968020113147904
29.732308958423825 22.90354196502149
8.652914734051297 13.96722078425572
92.36384822566154 24.243658275890855
47.60034515125069 19.80863502476986
17.027587186726212 56.43085573369433
1.3232392860862197 41.425536132666686
4.137873895245869 51.46319391519405
37.01883351534201 68.14001964551312
95.73711620901715 93.01993330749447
2.5850380731440303 84.2047246989486
4.212485620771833 26.167396986545622
15.964446957210509 59.32540959989802
77.43084108821871 84.78277485323149
25.498893450613625 99.12030224943102
64.44479904462406 80.90933336295285
5.696908842645709 74.79241924535106
64.66143793316694 48.252798749309456
18.211957033303207 76.63279259196464
41.2071152180735 91.06555859348302
26.749423393275684 81.37896096589982
47.042333709642634 69.11505105757816
28.0582272821297 5.4155318182075085
79.51366665724566 59.46533173277713
3.281722545497656 81.30204078259966
61.82166689858737 93.9965832003751
22.18325243734469 89.61799964785884
74.10571902259801 48.55360406699199
96.81713106354559 89.94184277547177
0.43864109722473454 91.07390114456608
80.1529729311682 12.738429559665153
24.633475601139864 43.94624523663116
1.6149364670182909 16.216249564337893
77.98431670918792 21.20006666909433
99.28488518695072 10.669949024023184
73.38711293802038 51.96171356683479
20.394145894082307 62.552325396996665
26.441380030727004 33.79292962158977
7.14382388089454 78.46755095702082
80.4836045528468 20.06742284607965
37.94327616881752 49.248216675296106
60.99412240758832 20.731889740239673
67.70652608286713 60.99669734739604
35.47207310674172 91.62512073439524
31.14010763284847 39.73128366029255
22.712156084197854 61.978491718087625
5.426407028009184 76.63112243668397
53.692309417019366 70.10108454142767
28.243547825259174 36.46817329624581
75.86675873972109 30.988742652831913
91.48762131361916 52.15631138980727
11.288867595595885 34.16246649699308
72.51496052970143 28.535610772657027
0.7368700897778302 18.58678761213861
50.39787524660855 63.85023264017584
58.08326883294483 9.861446774475935
79.85095668584621 17.117016215918902
58.624205978582886 48.00677704032314
13.069215348762153 29.160930683545438
25.880125813764643 97.87880539148037
50.15483133593608 47.678049644294674
12.043808786646126 35.80265073909128
46.9166017470875 30.393155584994403
2.363418669088957 60.67635509915456
9.756445084905007 36.44756436562817
19.15840572949794 89.21773317196191
11.282039453867675 73.95054993394561
62.89948982848013 20.64633437824328
26.193551863860122 32.58321939365003
49.89594916074924 90.04142310573829
0.9608087329569859 40.52225676804362
90.41449067709102 80.38951271556729
65.77238636985537 14.937743038730854
48.73852696939902 56.91049196133526
96.45751108551117 39.37619387149287
30.12080589350341 92.97179342307011
34.56840707256856 85.8809199397244
14.436703407308805 60.99594411659619
4.588330565984822 39.8375807492094
66.39681697462083 79.56126402593264
69.46893614274569 68.24032893579574
43.10726454590807 45.43429429916761
99.77805135273184 9.64728545520208
99.73256223653296 7.752664877073534
97.62790720905147 48.06107446078369
3.2133639947803383 74.37827238697538
71.05052036903166 70.64179789817176
42.93257896450273 32.696599653227
35.3114271590109 0.21540410799394394
53.952477666086885 37.91402892067439
96.68445875426377 84.97645067733939
73.71955098754093 52.967984685398385
89.84679152226292 88.68251795808719
31.669359140651785 24.717115822576474
2.6161040895034793 43.550852942794506
19.28629682257348 77.23687849632321
45.78586853276083 9.78530426874169
51.42876105408985 67.79783064665604
36.39063543317389 32.2220103341984
21.047951525680155 63.27321756657933
70.21031407253263 85.94134425195526
36.28605935883928 60.89038792090624
31.944231821475412 14.510055138181176
71.3154810399782 54.88606337480666
79.21433754987994 52.47568892727059
3.4338778976850115 50.8516983376742
22.28418730535575 23.767042073046895
70.61693477098278 97.6928362140624
0.8248451263770606 36.79719599659392
35.287032309852684 79.20665770730457
89.27232462031192 68.10832130016968
16.80824148393596 14.287822378895054
76.79287208434953 47.536955506849885
86.43788023043409 28.72756869243598
2.9013393485987082 34.37911706500589
53.384814885335 63.5250514187192
61.17521447533542 34.85977943362328
29.704162444669137 30.064469491231893
21.435203701050053 37.14249086072172
68.046681412376 88.91454529150525
73.25184584307436 41.253803264361636
8.350657412971852 87.39542362931824
6.098573522312134 62.683654247428876
69.13638933985308 72.72864283549876
7.1545985302766235 42.66815811343982
4.213835567534119 7.977553423355199
77.30834178699422 76.35942903130093
87.75489884075239 33.209388434796374
47.63854556834764 50.37610774798698
63.30529697293639 60.87993882249876
27.87815555753077 17.740590421299828
80.45403355281371 35.98649347135336
61.88697967890644 65.9659479959456
53.26990158382827 18.560793589228332
85.74219179986318 58.830168090477784
7.452389548398397 53.20192921631541
40.897473535821696 65.53243149084007
22.352354903508843 15.09869809851725
19.900347280769903 26.41292813831113
93.49081565339796 23.979470687906712
94.64693746054729 82.32536138493325
44.34028949857498 62.30786893641256
68.24247782647778 99.77617709905164
71.9494856671792 28.170557494101423
6.429292558186606 29.880917743922076
32.08090492622831 94.54738000562418
27.853953808078824 29.418542809716985
52.13300097292495 97.47546758570897
2.2525658456604702 85.07395498469756
44.681421955710874 52.94302655252674
72.4995299931676 0.5594178587174037
15.76057621279261 80.45845023986517
85.29098315758752 13.047527278663985
14.536459533014433 29.683783268819287
45.39799484876595 9.863093023765312
85.3074758171215 88.4935396735733
81.28893433716415 60.02217336835638
23.09327462118549 70.5963872863705
80.50176314924772 54.00329550122072
77.28629553928306 75.78266129498445
71.05464158989882 87.99398451557843
47.176248849478796 1.2079806087873735
10.169367556837816 93.35625406483143
35.08856798750326 50.488025166893856
2.2532433055413525 64.42399989901726
9.655069702439611 42.22321493195393
42.7601580156641 55.4646095275009
26.018681225979435 48.72843989366484
27.748579959759834 33.46367630713556
82.04611605932106 36.437338506771134
97.97792997341573 95.79811920512797
59.67561422275507 28.994655216173303
49.99207795689973 60.23041367884909
69.27070683702436 46.068152724877784
85.55397705748173 84.22914654651512
64.97439620721266 16.018165676203022
20.05342469725273 62.72515194048091
20.34925823109628 74.37232922204353
50.09362031446572 73.60384161481093
24.42268584882392 97.9099566536358
87.75585728998348 22.883481710795195
24.728810626250784 58.65458007196354
56.53268908788674 6.847063222927385
63.95857861232186 55.37528767783642
33.698893982864256 3.7960687763288314
53.78907549608476 27.105184558662486
17.002058126820273 25.93752613876772
45.39974224575543 40.93319014617285
12.232858506307176 33.149622830194026
49.49421486376673 81.41050645111419
5.44267649800354 37.684845306619664
33.85329534598065 81.21350654909168
7.757565758925433 6.375541441828991
55.6427642907106 22.906318715683803
14.559321715194429 92.70169791061957
43.68475456829706 44.81313325641736
98.76827917070568 5.054996265542799
11.807003669341153 21.537503061013965
26.401171409121215 99.38752077183896
19.701761285752006 4.326812780383049
38.04879635007197 46.39701510954597
16.64273256975366 74.68240822017603
73.70856853394017 85.18726005767331
41.86212192814966 99.89236340888732
92.90155323076046 31.789289705191948
88.60370778866422 89.53446520823134
22.493493210524118 24.30518476505292
79.58062836565618 34.07508602586595
94.37755746173346 36.96117767787979
23.54529308736657 3.5925310828501145
65.69441763613824 47.51138720083878
74.90386580031058 23.292768116592868
26.443106380610402 36.07903959236882
4.361240503022756 9.041198243899817
87.14866577467286 14.530477306755785
11.8894020893761 61.61071481394165
22.934225493052885 81.41040780664011
87.09106367864452 91.05160613902801
99.86862881237715 44.631189543851036
1.2458132114476328 29.204649952464212
46.40914224911885 61.15067963450558
78.32377804194846 99.37808769210807
31.791860796027628 98.32870303864898
99.75798338062506 61.264317525357725
70.15413605468814 3.615054097125836
74.88023424073754 99.3046513701266
21.376733431660956 46.111668428139254
28.430077041368705 42.91794639054374
11.340204829223088 14.048822572852625
39.26799239968757 78.54336860077302
32.69716476831726 18.390286801571463
34.694924177123255 16.562744147843667
48.23163933517463 47.68991683139872
21.15681068637325 3.8274130737185885
61.0803951773222 68.69414619505707
52.31808032427805 87.45708498310118
58.1235512808278 77.34653828901779
53.37485717912962 41.750333585312774
73.63256475458219 7.171860724774559
15.305692398911063 39.53255500874499
44.017865395006275 70.2127820301972
36.486812666686916 21.645314547720808
53.123555986548524 11.223036908148586
21.467542046120847 17.488825906659187
8.147560113262786 20.459201147281615
54.020535277033524 37.74147777052439
50.941821115527986 74.6152049575271
78.2120386705714 79.49479197363935
60.46098956554617 47.54113285793484
47.78364355425857 69.45041459799268
68.976644346079 58.34786408107566
74.98552257092557 88.27284602362356
32.94963879509145 7.051380194024781
24.948456720687307 21.559375627112765
0.24631472767049356 50.46113892241368
4.6558695957637175 49.78973709952601
82.21218241148736 98.0829057026376
95.1690976894051 11.831124433714923
48.89002046581206 35.285933328098906
30.319507355341123 5.389151640750889
30.98227348576803 70.82179753885356
44.51210935214356 1.6330364450890977
53.847305776552325 39.70293027661997
68.98152716096718 56.25829785486742
44.74688643728737 30.093548222634393
66.44291784715959 79.74333725945215
56.83549314279062 58.69751576152999
96.6399427355541 0.8370176280860786
97.97395908963202 91.19009005758878
24.276339309274576 98.16601154536286
21.100756967827206 76.76934894248444
79.86933936010865 48.0271216581738
54.70809761930635 14.925651945006123
55.300324997072515 54.34806435232878
88.85765812763688 90.398135388101
78.78581112847323 10.226781990060264
33.50239392034664 54.07708935636879
37.26394530869561 54.672118778901414
72.6608615328641 96.8088796245598
17.086372612347066 76.59599388238418
73.27558539774977 67.24145354318102
57.97850982426085 79.62747523808132
26.21158161862813 51.59047973865996
80.62235370842754 49.58708632517579
73.71339936519708 42.753897308827014
19.334392035421487 25.12731186977004
94.34760842135749 3.9140314458663505
54.24147632962044 96.87727834762181
76.89121715055154 0.45085471689350065
60.85773718462235 94.8742242418741
50.10207923302945 82.57067293211394
39.6880929623052 0.43550038775703737
86.68944077156944 18.45076414040916
45.73252641454728 97.47610878084491
9.728407681514106 96.46993393350422
20.89222567430784 12.82562898356796
20.54045981279522 59.20212314522697
80.64582086187161 57.451971216978116
3.5077454106913653 48.52849523558067
16.438714376741626 12.697108088348008
61.086068663146165 84.2383072279519
43.43424941726357 0.7432777165690352
21.8525116727452 28.90472250382303
8.842527142447265 67.18835977332462
37.26156659732132 90.8677958817749
90.80580726464605 79.98632494679964
50.127787261439785 35.10223374585863
84.79205592230417 12.080562110424653
25.18983213173882 25.717699793126968
22.256718715848866 87.4200545254733
16.396281032874537 34.180988972579904
90.07752530403363 98.47803547832274
93.23907197292836 93.72158441235159
89.99910557173098 56.83627312573558
52.064464490577045 10.986523473085064
82.08798699082172 55.16327885705046
67.50971208321008 38.146693814619795
3.6911594235552903 18.41820337563036
12.423221410589601 79.47535245601085
18.691017859423418 18.365316989830415
15.693804369570262 91.36715863480049
35.594405364791285 6.802151484487662
42.45856195681268 64.29550906644606
31.17422564230492 77.98609024288501
23.303055909889547 91.62073037744514
27.45288675084239 40.81594293412747
82.57412667452132 51.844475595652554
28.5988136010221 61.408904757114335
39.3692368321352 9.271290588439985
55.00926786470759 49.956876305623446
20.31010047371653 77.2407393173753
31.625711401824198 36.23245821552001
48.55128252649401 84.5516966614841
31.17203202623624 34.949319347621845
72.5791337800918 68.85895229122232
59.67421232776506 75.32848391377327
94.68975099776355 12.25327664491167
69.43816087857778 45.28366740512544
41.536915211071765 48.786348113072386
49.994170077396085 39.99855734841633
45.78333564159185 85.2871202112984
30.965111442688098 81.19318855735698
7.818699634839965 31.133728028212325
97.56886218084888 50.69601567702606
39.09320916087209 48.46799481251869
63.82160442625873 35.199163147792454
14.445965420037865 57.87153140476278
83.11018274481421 96.30072352303081
9.739950717530842 84.0300912779853
67.5308438719205 1.8164912725281424
79.64869178085215 89.25421880393003
8.743223139579225 4.8365451746184895
76.25227717699073 91.37657418081106
81.06864537485268 42.55480212539737
63.2553969187794 79.39893374560502
40.91846620540696 27.147573320025554
6.2630724578485175 48.99246937450465
50.54200575829564 57.2635195724162
61.48766170543682 37.43219748191642
22.607799931465312 14.963217706821164
78.890391912975 35.19297824322274
31.22713024388657 61.45664113193345
66.2571648565381 76.7680593317314
98.78914765216302 80.53193437740083
4.688740896514076 85.8916795625605
16.71123151304894 20.874258244347786
15.29366795230227 86.78095496120343
29.19994100613501 40.76774909457976
37.364140820250725 64.22465175346159
84.67278924033023 14.887294387842843
82.05352529540512 74.4341254846941
1.3718069874875782 12.961824368488873
30.46613851186215 73.88416658322674
16.66623237852416 99.85036982614601
7.837787711963795 52.23189736966032
78.98485442233995 18.17179700877134
77.42682203105345 18.24608361776532
24.39847554521306 26.84362855678424
25.515476004794802 26.903316051415516
64.98977292828644 53.15966583903704
18.420675878733505 20.034780241582272
33.63989098585467 11.188440913812038
71.15497280644949 20.211859350837692
41.57405251871922 82.10756082706563
91.10640169597488 8.207103655143143
72.48194139445947 88.11574688531971
85.10298363845716 33.55020002619005
65.02972985582971 36.45121818106958
60.11785906868317 77.58475322686922
3.065853759010473 56.91992510978954
8.460310925191926 67.02242289073885
8.212619042513714 41.933949723416994
63.5855713686456 99.73577587280207
46.862752189368706 11.811107695792856
80.05885756026458 19.463590074662452
35.91196828831518 35.68312704106176
5.681275080210857 47.60080160954805
65.9221585306177 81.69277876458263
47.58187862887373 13.374650174331126
1.913935859006144 92.7861354760005
77.76907450672358 58.574432320385284
85.88015763522765 14.552672831763536
85.09889098637125 10.025511865384207
6.059658661119238 68.32026044839812
24.668812921517237 23.5807314834668
44.24719839824491 34.25939170074115
26.063541359974394 27.668548517841685
85.95880073465763 52.7865468303651
90.34551189171938 35.23510227679303
34.18641609414406 80.47970782476644
20.58848842626435 92.37168954462294
58.36254835683823 62.44623890189327
16.192732965771217 9.311542301757058
6.629525512206813 22.237377462162833
36.02076452662513 24.55790129464841
4.838374126745082 47.83756243322126
3.244750542047181 98.83090228384226
84.34240530792204 42.48505814325403
23.126404699600634 6.48561722536285
57.99206354065669 27.64750833404779
82.37838684184658 44.25967942771529
39.63751003677631 96.07655620836293
76.95306561421577 3.3746777053547783
58.038769388914616 41.09486369443198
49.635006077743896 10.491715928266965
63.15499733987902 90.958455711993
97.99783193715356 32.70598315770572
46.44994076081941 64.20238555343659
88.91949561885536 41.673176958744264
46.531480468580085 79.01232772371291
28.664839958172973 87.08190634538838
35.13042465928669 63.90902279640773
95.87375058219297 22.5221162260818
27.278896924547325 77.5888452356635
12.58298770851427 48.97517272875533
93.14772791578842 33.685605350437655
97.23547879089473 40.26737034250889
0.7574309021294967 21.767335691101074
38.41803337429648 15.603587540877562
63.29766067858766 51.53601270711494
15.68016154562577 43.71878291885418
25.858549378497763 57.06559815063144
96.99658550291579 98.14331878429314
65.35319858385135 21.40075919384048
41.24841000563786 37.54841897423222
22.501865703666212 39.271928928481344
38.60980552150799 82.24171336481072
90.36570411788152 11.768401011137097
20.408780868525156 89.70307435768628
71.91096552818419 95.04560334564832
43.08361535981795 97.80442939115075
7.226239073377694 86.05765277061685
92.52427231791694 57.74954041106051
35.828483173922734 20.670511788935976
73.03875946272727 2.765850294669825
84.48409871578058 73.38871438652042
89.24981388552939 19.52400429518537
38.14093834529888 27.085869963048516
16.33067559551147 3.524221193180055
67.8926104371201 41.966520533914384
48.621213839283904 48.25097883450022
34.92467723886992 19.196901765624965
93.0938466136083 79.4557575312815
13.740792093291354 36.1704472679869
57.182762334666705 45.14693973805897
47.32685283617446 59.58860893469791
18.698171571761858 12.256154769878558
67.74429856126693 1.1081330963288005
70.0257716133064 47.37063886016235
57.96152537692565 54.112617694003305
56.70542679773993 96.04345278841824
19.806502229400724 29.935591756947844
56.74110499547085 51.910211619561174
41.797392216585024 71.72685474178925
89.04818382528535 53.28205855097104
94.46039248200135 69.94448958572895
37.35115273452383 45.29504143445984
40.692031939220755 22.10393834329396
60.97380057369697 58.51528920839784
17.75009024562564 75.43215621313325
7.0839829818442945 76.60413000628094
6.619189226744804 51.33198991570536
68.64103770373016 54.981944719752775
40.33405229868157 27.625848999881384
66.6083598574997 23.522186935622624
69.77808743091694 6.064818175444953
34.52495325668519 87.86342015747657
54.53365668068864 73.46721264117816
7.586158678234534 2.3706731554444582
14.035868794004692 92.39453575052798
55.8135075824975 58.24671995235025
64.51589155646118 21.679996905551448
71.41261485253136 35.576139140981525
55.062826154312816 67.33071140605857
94.33449209005404 27.093029513559475
91.22703793293158 42.159756996273416
73.70050398657948 18.409833492448314
40.89832155766571 97.88867769854188
36.14006149524727 21.604953711065498
31.291511192141396 17.261342763048717
49.49950727732815 33.14874943249517
54.912501478880095 88.58901224041259
19.063296898182692 81.38424414821233
62.650786865266014 39.00062852528829
40.64900189978815 66.73236178897912
46.43331086659514 83.88416686438333
90.32192920610984 99.16647367875042
21.983998664497186 45.82536826877246
54.97257517702143 96.26917616993993
26.3900450029523 18.006904577567575
29.14141538643602 14.959178794015337
22.663737367571212 20.598505940798173
38.292552134405526 71.23175701046634
95.88641465535181 56.937424078420975
74.74014170516693 34.03843801924759
15.384698155761756 34.88248254089057
22.513285135836302 66.24699870686379
49.673701424889096 60.76213364387277
27.757549368101976 58.47751516069452
1.9617810430013982 39.06206734692099
33.13329427291289 13.982191062098837
94.13358076724923 25.957625813211926
49.61105239114227 15.704706953738935
5.79290954949776 96.94514423905014
1.2945581276449403 84.69451121831924
75.05993745265746 47.67686384306522
33.51123405568215 35.38736541466434
9.13752624193862 48.5605259996519
50.501343412868714 67.96372564935356
72.80418835597153 25.31481670067204
42.786359256031005 92.51835857121517
54.64604255278229 12.59444068787603
84.70509871359764 81.52201599603137
91.73533227554157 80.37821116910904
85.89413292016299 33.1352658949094
17.565124728735437 24.93145319729613
8.101692755924606 68.29699791058921
32.07783196759819 19.960598650494312
96.60038081065557 99.16029012035101
70.68100011684967 47.491911431037394
83.29744080112972 64.7451624349363
46.25789480231235 11.083288859229556
12.385330255406423 16.20413628130035
85.59209229364942 30.383110282815927
16.640667769538187 67.06735958793371
44.44535740626219 67.52266925287857
43.278479378640625 57.93191687889243
61.489295778056615 91.9207199760465
92.27778871636765 33.082500556273246
25.90752964016845 40.35520170373772
80.58793910628293 47.66863327911577
16.087385095452422 60.39600233240372
37.58696428187272 68.29545594358557
19.24121618284589 76.30116384916991
49.66725564192676 85.25546015371637
63.51138043687163 37.144225241104365
70.75144441473293 11.11181581100784
76.01046082723362 62.847276545716646
60.709654081220506 84.1518892441542
34.75527289842171 38.587863137200685
23.070969233118177 55.08702535413228
70.06676121188136 36.96283096343655
78.62972058228091 3.1259728866469327
30.66928988138582 64.98012129172501
85.23297707693122 21.975613043373876
16.86081976513265 22.626481605740523
93.38109834121553 81.0420940956204
43.35779687678145 73.47719527442989
54.903700468757236 0.5850532596898272
95.23549592408487 66.48447193634748
47.390438472050334 87.55443086377599
59.19597863512516 42.77841026570262
78.826972369925 73.61897084526474
48.64179266479296 32.32487942933611
9.088568386882546 6.796570025936566
95.36121230945038 23.631076351174073
90.82692071866403 17.031259006787568
4.008897288491697 89.52293116682438
35.81137894175328 45.72157081671799
5.590563246014479 85.85781039304192
57.49806749438273 76.61711509770718
72.30261225723862 31.36519104976019
23.849061478752187 37.05742271919317
58.269614832965686 11.28369831149396
14.224924845823983 96.4958932234342
38.52234800681327 11.138981622653787
66.86733879940215 42.41124824032643
72.73174189664455 2.6176280451646994
45.7214805365095 69.55361686228834
28.35708035717037 4.180792086171503
78.63275041648701 69.98094681467694
71.05195793192532 6.583873754380276
9.201323973931498 91.44369492001641
9.626414462175426 29.562084097335518
27.174736593558958 87.0407311307839
98.32818101063903 32.84175266250833
64.68493628573033 9.988972678868802
26.243864043964837 48.034331350865855
98.00070738101212 1.7893724154741442
19.07205100275524 14.461999546309311
39.82810805382526 75.81938043462632
25.070412760464443 31.60538459664948
18.321870248874017 43.11953418904684
47.1136804515468 94.82588314092268
2.6312557867134823 10.732929111254986
49.70165137040923 30.12166695138334
10.800338161489776 91.11500108735784
22.77154357119837 50.929974579620676
35.18383434969687 85.36843171869783
10.027512367180913 38.806304188431675
57.67104903685305 46.38591889128516
55.671020315106155 83.8742721322127
74.5815133784227 12.990149031269894
30.31402014909803 40.93068397542541
96.03556933756761 99.00696235349619
27.069485951343264 28.22369563914937
0.6325080162696395 44.4800518786036
71.41481056014858 55.96006630563575
31.518886175359697 3.496571881668409
92.0979726207216 13.418992027599707
69.62075622639836 67.18111341045811
56.28049765246617 86.83114344501021
26.685881047007175 77.88635008562576
54.66922014265143 89.13329073627445
35.69884409939683 23.791177047524492
76.80300275100309 11.04517684578834
45.532102954975365 24.98248611803895
37.46073398826133 2.9082819538864157
52.81271304748469 2.9209018750641746
42.50160716970113 5.895161273330873
16.322218089109874 44.50057518353982
34.154722346595555 99.82284654301228
67.61394275561936 93.63348355301963
24.504756394203177 46.94156744346001
73.69890464819096 94.60387244163225
28.62212526577219 88.62403754868704
0.5495216531359759 36.060538075635876
60.707476347954746 87.40955662465477
15.89352892654048 20.478693545008998
13.147198307530505 48.79200788963163
45.16432146000204 42.51382798788945
51.50139002203784 17.509767704161618
49.68306847193702 97.71170109114064
59.382892843711964 43.02674088308331
59.80906901090657 47.518200560002334
55.95910204911163 17.237352822941677
86.63372404140468 50.071674986252354
9.900211339404507 40.872564393948885
37.22128477678026 41.86325471558878
82.66845159646981 59.616651708068204
10.057137330769827 50.187066319131944
29.889232687847556 61.63324781628996
12.685690174245213 26.37941670051862
36.96557162967042 49.27678341096089
37.48671201338914 34.80468154414671
99.62516526921736 89.61741980477132
85.8333314863576 55.579977729384126
1.5808991453732268 88.31566616118648
47.52572488390376 86.59649886784084
82.94673978317545 51.73690907343822
91.89888526178238 20.760221110057575
3.451830276392842 23.903555857668835
94.53312564265586 36.88699998464593
40.914747246923945 76.65372228897114
91.21287377243736 18.761633373677
6.324532611769129 91.00265319534306
98.68463381955553 77.97023618426564
74.47378505671749 96.26700607652194
2.2206977111061343 24.49728490176135
41.614863509358635 4.201890533531261
4.3254242510595065 6.535058027638074
4.9683972201183035 24.377235062953062
40.87623547607158 58.1185048783039
26.90964858260305 30.95799300565436
16.207844426383524 93.84782423800611
47.69010889950975 33.90543930211265
90.48301201207525 38.07986859765309
88.51468706101578 68.9895262190058
66.02473167196123 43.19634325988251
54.385385178380986 44.25845848570922
39.41687131312695 47.178887860994756
77.93918822966744 36.970485102009846
40.71534883638055 86.70088477748973
97.9363742553494 3.4914637131645554
53.68830694390048 9.955354207746204
88.32376295378212 7.003396072323276
76.58794062921 38.99043266413389
45.00543478172607 51.918927096082946
92.5368679153753 60.489752103897686
61.58973203633447 99.99017455543489
66.70163361095041 0.9348139576330627
13.273305341993158 23.74747006489979
80.97591166868207 53.57009340297687
16.689227001557704 8.271137047907672
58.72107219220841 48.95174615267304
21.73849687382723 91.6333571532745
5.595558439384041 6.10294379230234
77.57093604753386 3.435813658033182
90.28633843895659 76.39311276932146
66.95139909455405 10.232908443311839
28.26709294220613 89.44901945829113
89.45368097508153 20.939344615820676
4.195235995856894 67.95529696123883
93.09601353140526 84.43994102200661
2.7998471303577244 86.81649288434731
70.98571307324282 13.979106867452739
19.05854463253318 90.80890755232511
10.219454519414173 35.182569386278175
10.498730012838386 64.51683015771481
61.63259889949124 42.098111665747616
89.72215333502933 66.85489474995543
7.800460257554076 88.94731086421955
50.381357665238546 14.026379401272981
80.07245865148886 8.018418331178424
73.76543787924588 21.208397007792247
30.00138297804311 51.12655390805103
89.34858473285058 87.07704622809177
77.57211183186973 74.52450304038487
84.83692886584899 76.20642919786123
7.166198419239489 56.76345880342997
25.021115719885767 95.73332968473079
1.071161333019366 20.121294280722978
37.57492316438993 55.042885106383736
26.023280185828533 31.43478677040854
29.3729101104786 34.44387358356267
3.7703251439463292 60.270953604635324
37.7729262904281 79.82395512766132
24.341739234918002 0.39188901801716636
14.677415486398804 99.90901486326015
23.429495576397375 1.6619220415863278
91.49053739880708 34.39155566632952
74.18878731502502 5.492522331187799
72.48024861286564 12.900148185732153
84.35642237930654 6.260155732470163
94.54807391721887 9.546337319300324
14.415578925630612 15.966688713584265
82.95741550670566 4.471079898284613
46.744260587843996 94.00971985543035
68.24119260995734 51.73367609269419
47.730399073683905 51.9606112605141
93.08213845683319 88.4459189820884
3.3640121942144052 27.90499428354467
60.322442453858606 60.38602576937207
10.534879078361858 22.944961891174366
89.95173646006351 99.67914108478931
82.94293686823883 61.71287611975915
68.35878254063215 72.45171995722501
86.23292086055629 68.42741071226514
13.528949221231223 95.27692573073764
94.39836422562402 82.7999767366287
66.49923906246265 93.72862410009881
76.42118349141423 39.083201420189816
94.89780760451264 67.74495520455469
93.45744364754889 3.8044034199016252
64.41102484511948 56.75802400923822
63.345783007260835 71.39014116120197
83.90604077926866 57.04111172840256
78.14952923142431 82.7993715907293
14.711834873014528 59.67950015232362
68.56542777651433 74.08250089591486
60.734304632708394 76.68307001069188
74.2430669081589 40.59540566391215
96.03974291266802 58.441828323631185
31.51799133648121 52.839006067003695
62.786546366446274 54.898889877827386
2.538769099931759 65.19447483596481
57.112361899096676 14.17783739164924
32.42289632534927 36.62883077290069
44.78923803719921 56.049337682311
23.133202737491487 22.005496209116004
1.5629145545159373 87.62805189827563
19.931942942623216 35.38795398062484
51.5085697349108 3.1019522320063997
40.447248018829995 81.74112736302177
27.34441854577461 77.06611610605252
14.992379999674155 35.893310288955746
95.95649511389881 46.23809796976139
46.93797609860964 85.61244716823609
69.07843692926714 63.69894856257328
33.26234737730529 10.839172860541368
62.798035899539514 8.7676269147398
90.2263404491674 92.18218894636561
8.591635702861877 42.39839798392382
73.90348836984471 10.455010652281116
17.48801600552248 6.28153763271615
80.6715979769901 70.74219033299399
50.33114098161489 17.788936679319377
19.43469524043384 94.66575537422217
31.05822802811471 47.916724950787845
34.24560319796759 90.44464852992988
93.9274682648361 71.3692516663948
18.555505587615873 46.63927693619358
47.62979075225788 98.37937238003211
96.09216253414472 51.699187798035176
70.39451872485142 3.6393817660643313
83.14714402076903 88.73188149721332
31.550095264277743 97.73323829490428
81.99751901011861 72.2956174514553
60.81350829108649 54.45578846736772
27.976812473231604 75.59033308054146
22.768688086286247 4.403552757295182
1.5950315290255812 8.040525347482031
31.87176332013324 12.409022211014985
94.40128601214926 81.52148719453558
49.86951198216072 56.23990591722847
78.20555811987123 15.546452998521065
89.56774516344228 44.48636799602848
9.526015235983376 39.387108144475526
37.93775448082422 43.53374065810398
21.644579602030745 73.29368565046414
78.39581052710851 9.983274188649505
38.85470301462697 84.93671215358
90.5583579197096 29.612606538346718
13.5095340278504 26.832695253216766
7.1118405838412 76.46020115229155
89.89221248020614 35.95529139347131
1.2348802875208564 63.08641153059871
39.935271056950825 7.712704454504715
17.666748129702103 83.27153063697882
89.52776099758928 14.295448019437028
69.04955689187666 65.85712188519754
26.127106975581825 52.84097184291632
31.795045286032497 84.28228103625246
25.054717850075093 87.49165577224841
84.83937773386725 60.655688965869615
64.15354617469255 66.69084227159685
23.109593689159457 47.86848662866494
68.77162392238706 95.78774556233365
88.21095046513261 43.687367602262725
76.62332174661574 46.29386785826688
64.59380033501243 69.56573958852286
63.66978702826236 4.677677383029888
38.35135448997357 12.183113510483068
5.333750371451562 33.993647535054315
54.8177310536141 7.338795747029403
14.369058817717907 92.74163161990965
90.47308320299177 19.032934693469095
50.88868281792682 50.86041600291695
38.95010057024129 99.31600493550089
45.787450067507486 38.22274677131154
24.097769275226042 48.890425666290824
55.108811976278794 34.910153524744715
99.61010854993026 66.86932688521405
49.773823037422545 81.45951482498586
1.9025075712642225 86.68374914159729
48.54396129313807 81.03644847934308
32.952974160192916 88.79346030313455
21.3927247157921 72.25227155244103
12.341075501640763 30.924259611524917
24.699194098877598 87.74838020252851
45.70862080964155 54.72024215837492
22.9122720786346 91.02871445712385
94.76449503548885 67.68302686989085
34.00026015881865 82.19307620723977
78.32753874102221 91.20675015635263
47.28149390563885 83.9327344649651
81.64695384174018 21.81788239573732
21.503501964140636 35.292208600281306
38.046502125532776 86.59246704187788
58.4383621620745 41.997995525494616
71.13927776321911 22.26385567312419
83.52052340957015 54.89908880040715
11.471963886415404 74.66394009817476
68.92576720125632 92.27207695274397
7.466703009034048 17.10054796559264
59.06168999793451 23.855406205205544
45.003727265929804 30.243955491448247
21.34512214939559 93.25057525474901
68.82145846549005 78.09907650952242
39.174805856802195 7.185023121428991
78.07922473991103 61.019410180294464
92.0667590701351 9.814777811900989
13.29255326587855 89.35064921099436
93.89321698395435 14.822958455022285
33.09007780154014 44.206180628847335
95.23606185787064 86.5387982519139
41.87112889004514 99.6188258551754
10.211158344675319 44.32877548883225
59.47241015293343 19.66872040820251
18.706948495025255 9.09709042566551
32.01438839408111 45.40843833433637
24.952637496143602 34.57116375428095
43.39798403934654 64.5195665929889
21.80672417574656 10.591502951251886
55.15344770505379 32.31313725163365
84.55888979824917 19.917508481156144
49.148193046686096 31.63917036344548
74.10050445072605 3.9934322525529087
99.22103503285726 29.090290119666484
16.691351069599627 61.22114059360828
43.183528362891096 44.8459526452041
46.739067619623476 92.74717699460349
99.9780282966311 72.0946932735656
87.47696138825107 30.672564021290217
81.00649669501614 4.536429917621954
60.34803193077596 56.60792956941181
36.20017101976592 28.998095142607095
99.89664188274168 19.44878011287465
92.36160102608464 68.35031279998425
33.1183965399467 4.238930684465569
26.041085282581157 27.856911591446366
22.540832686538216 76.3168421434649
68.23333694685816 35.03788297989105
89.95249082826142 15.97748198352762
31.501868426528755 26.148040171048372
32.44993022423128 56.338516483821536
83.14416390023507 68.2820677416077
27.948110645301426 5.985862323205082
38.35215861795815 34.16969125201121
62.302251769852205 74.27791485417539
30.677129043927252 62.98535076165093
4.01362497673472 17.936012342869724
3.8006547581031613 85.52641400660895
52.86423699107399 56.05284313089689
10.93102299272719 61.48565530990901
26.65561936453633 76.79198837924197
88.77926016345918 17.01777122155532
33.31151670239147 13.032307557465339
90.09089296864161 0.8395850436776042
9.217106553276878 82.46787305851475
27.153576190556294 66.49627196551211
