200
1 3
59.21008206850635 75.84962485162458
44.12596810245548 49.40547996749514
83.45468640011977 52.96034878768492
30.6638146551268 1.6066863880879634
9.2150608769346 27.660802136237383
48.54519118759673 77.59532895215871
43.23142701408309 57.08316441358041
11.414434655169314 19.122846125928827
53.662680554065425 87.33669324662114
4.263891354906546 16.31222705305353
2.450529394865164 59.48920677490006
26.818229776835878 5.496243187342076
82.56541389520775 28.196297558625496
56.02632634344191 55.66734952885477
82.11255875491898 83.10545264672555
67.94063280521144 73.4289075300207
74.33122385316544 16.988605112694223
48.15906251480626 26.593902720726593
96.54396097288316 78.98008442741344
19.62654945717408 9.194256154838332
22.71171621569583 2.7358168972060337
17.146029291288478 75.06403843964631
35.69376422792008 16.727407914487948
22.63719588829005 45.629411386296105
55.39966232307898 98.07990979818257
41.59907103290372 81.11064656107116
56.431722376365 89.21120733709893
81.5654680879152 48.399108071284424
28.328135313125102 4.0644449212331235
9.140272096185488 17.216383592948304
64.44209419079326 27.153910985546737
80.5659561211977 93.87556553725334
12.924455118020717 68.51086323893195
24.830550847874623 4.927938961517597
87.89932252820383 42.762375485089564
43.34579794074076 71.08191880540267
77.29342961894142 83.84500480100039
1.366631782028005 75.4394624800108
29.085141757209133 9.064613303058255
24.976938692983698 52.23561540969126
86.16374611702702 58.089903225505864
9.674495085526091 50.74214004675408
11.586636949407358 65.028818981402
88.0574040357299 93.6087359314875
52.54700037743534 79.42420456140502
20.540962839437515 52.1220626544499
54.498697416998624 91.32887216749207
54.62732979773517 57.27372805753153
90.9903604432946 67.4954973733751
95.12403874739621 85.4905517874059
19.416697165885168 34.51795377849083
64.97727232172402 24.655638941686362
41.41792751245952 74.16176204747178
33.26994323458485 89.67045908874454
25.60265838835285 75.16696405888071
19.672425109091286 94.47592363247863
99.20757912830732 86.95096584368554
8.53489488195789 34.000432639633615
53.10559864386679 12.359939081244885
74.97162298331743 50.71686849258133
76.36007226733123 85.79976948185252
8.58535167767014 27.57508020130677
20.365035694256896 72.81856932777173
14.487763539517683 83.04936268889011
91.10476755970036 78.50870718433556
96.31115466627602 75.50366347057775
54.04038871358723 19.679012493463333
8.603310711495627 23.93455945512062
75.49085939387487 54.02596072376467
22.42366986108786 10.05402975236449
67.67928808594156 6.436765445650461
33.29952295674974 97.10440042650355
80.34664013152444 82.11059137811188
55.038532449647136 52.31436857155474
46.28875604185681 31.362832334562405
48.96558347611399 45.66663707101297
85.17916592702284 24.077081862437065
80.37223955340187 54.8758011860379
54.47553636755269 68.94266784231007
67.29522667448451 29.80679999533844
76.42393433191647 4.533732649014155
5.787595583924521 71.29813726891163
98.1202323290107 14.546994083988963
53.45775006495095 68.46499684238651
75.0702394135345 6.971391102542501
40.579897950710645 7.793297632790996
48.32249492347942 79.15168870616004
20.79205858288158 64.58458227612476
88.09739007543516 89.70008032512591
36.493281788008304 40.05433699432921
46.33710278572125 57.4124162602123
3.0328863184963195 65.0392150781538
66.87674684906501 42.748802161890055
25.783354401951964 83.15163981552831
31.187283436809032 89.15647581377841
20.507163634648595 3.503187337805236
11.845590993827715 12.104048635236108
90.04709292977819 94.8960334589242
57.89492636789306 19.254216393749424
57.12187029105369 5.264797322869952
0.6182294935946464 28.460137197651637
42.442340511288904 54.51371570160828
43.564026182781234 2.152261835838365
42.218338225635435 60.492206768186364
59.98779817969364 54.13813138013302
59.86897558101902 86.1800984925484
41.700966745285164 27.776574668632527
99.51514686787894 50.2497119424669
1.5335073509584962 19.311205592774527
11.907789029756731 81.18223565844467
85.98565790972688 66.4103739064578
7.719201784391649 69.21790990239967
58.40826818078393 70.1048874559399
26.725304905050894 79.83499483801337
59.300443672365155 41.4506382772148
74.32524295692424 42.92490242320903
24.59785578602631 30.82876755735264
23.483500028813033 66.50112119472715
2.2119682381145367 32.81465213810759
99.89844341050448 22.04548465914218
87.67330594656018 23.48871696030004
19.120549703903222 66.57567323817113
98.08115335194579 46.07810222327138
83.73841055300983 73.53920291083152
25.669186042315562 39.11252406626813
31.69345208604504 68.30533663529465
56.45329446612377 42.40009694327791
70.59622955736037 71.39520044877938
6.83687908928019 23.541177382420074
6.181777080498563 73.05421089697805
59.200755334309974 81.27488711215283
85.33686435361363 16.102674037327613
99.78502575269195 66.58722124779935
0.9607235803024361 79.23470828948864
66.17628150472459 40.60349109189936
81.62457136752965 83.29507155858846
83.54317383049388 73.54855452991941
86.6833191065031 30.11889382594781
16.664884454736573 16.294036938280065
97.04812249876733 66.26444204770567
22.041218269009867 17.71777797526315
85.91201937045625 44.75574445914672
97.1333399353088 2.788193027657271
88.99269590560084 75.62794387875891
6.629393032931286 11.852323741480909
98.68243217424899 13.582032365234674
6.099620024749153 11.35697929081143
32.45051256219542 0.12041774934394844
75.98783114053023 93.47979937985885
90.98328113968337 89.00042083145354
28.727258777469842 38.281269424939126
14.71866992609554 11.019392238778124
48.8078403520855 52.59823817428464
50.4289918990547 76.81774951843016
3.4504224815991247 46.76109822236576
12.628717476597107 98.01179298044033
74.7331398669846 2.7844470940711075
76.95218894494423 75.2044605040568
37.66201705863581 20.714180192809863
68.73613351145596 57.856019104939115
91.24794541988703 79.51369434696443
95.3842443262553 72.55804031188222
28.806233981434115 95.24689042398681
94.9629730500215 62.738096240283234
21.890067623328747 31.93521974377116
12.780022368187783 48.69258988158591
56.46494356879377 25.341538642317985
85.34314905988423 57.6364513122688
0.7142253563103607 52.777423515975364
63.856609335173744 48.33715599281665
90.4548363380147 18.67252294041577
0.4362080276137492 33.01631267664735
48.74634358638006 99.3601831023694
34.08234836029702 71.58188364762132
37.52933731179795 12.028533857341817
44.43573709745443 39.998889362129766
77.52853776341297 82.36893675453017
76.69107290966133 1.2468238580079394
48.08209669772292 48.48018905673932
49.78683293868378 34.38153608592114
20.424805427978598 51.57161956680343
18.510019724932004 26.378652555814377
0.27834591851698676 56.25536225081768
53.14214807954771 20.014031365815256
92.85767761796744 84.76278611901333
30.17458755179019 92.50810887572105
33.35647564523485 84.18993244117878
35.88663600977624 60.75817285859853
33.33975410399654 66.50720481048896
44.64302190625069 52.68851575722435
26.03096366350599 82.1490434080213
27.92610623217806 52.12407398034935
86.91791102963154 34.89817992477797
32.05511826031926 59.17376920731834
41.352284626070876 51.949534305225534
91.3367426339106 1.0245536469553285
52.37693423915309 50.95181866964826
94.58957709499576 37.17909737064558
29.711172584250267 64.89083698886573
81.50162569974553 99.99885171259162
