430
1 3
10.562854798691589 8.882269613516748
10.284361761996962 99.10402204441611
25.805019118505367 85.98584541284622
77.60993085683212 95.95494701668548
8.516367496511702 34.83402673202243
6.6325634891511775 38.34070446003797
82.73788236211543 66.97440467562103
49.64260040283877 17.690714011161447
61.17096293777351 10.520934020782757
59.79181155506523 59.46037649593465
94.80500000323244 58.78273413552273
72.9264130802833 73.00032272951348
15.86798815462027 31.857914098029404
12.873820409861402 19.684419946988996
13.591558853840535 42.607868532285224
38.322260366989184 59.981507841461394
99.85859429729058 95.26117379034255
90.71192371184486 9.418574580090343
25.203096491494303 62.59938125140083
72.53177815248928 80.71093860757159
3.535800065833783 75.43103953930326
36.20460680397124 87.61600179145883
14.881683985362603 14.462715840165119
14.881015638720573 98.75020453909498
32.17786298051271 76.58653016277938
18.048913081422533 14.64784886260093
63.443055000337424 86.79288789262304
20.3280525950567 21.00818871513259
55.32657487328328 77.98549954199225
84.51193621015776 85.82752658461834
13.295015695827473 83.30568482630063
3.6750749253662507 26.36929878708285
82.58634298069684 93.65499281683643
12.558460262283578 13.41560655115186
4.150667380051565 80.38602328048319
33.06937372192198 26.918144938130673
88.5786336713858 35.74634584678434
42.66209184332379 66.4145855657437
56.23460612707143 66.8514913735746
86.88603788156864 22.09184654775125
61.572668123856666 93.50495161972046
31.069160961842137 53.181979963928995
94.74840004146282 69.67759603497777
4.786067738268107 93.73327718719435
85.3648600444574 65.29252261017187
2.246400306404994 19.248207658851225
13.546297668336504 57.631522051908426
70.32863447578607 7.872575920643343
3.056530462602791 57.45718385862097
24.813600752269327 94.2122831922474
30.031063398297775 17.939822402515794
89.18050393360527 8.220315040931991
80.92714816945683 29.318290033882178
0.7309196462433665 13.873979355488375
38.26745838276182 21.599416784786452
7.738883048575129 42.56840156608337
92.49970862145165 69.64266314503843
43.198652352965205 69.88145893802975
23.96265098995629 41.916591043462546
3.5661701647875965 11.356956484305481
62.069698206470214 40.16935881843533
78.42188160968418 87.67157512317998
25.593122970712546 86.39869229363629
78.99640035478524 39.11405232689229
86.87591141483144 59.8749188596851
14.192856295828937 92.18923943698553
36.24275455102604 27.272578013313222
47.714089400404156 53.66060335213496
69.33965504665662 66.7420982879002
35.18747677870078 67.53707719233056
84.21537495028461 12.066413736185154
63.41173991862337 82.9642769159405
66.06316803134816 16.46464016257334
6.174622458607182 14.252422992226666
56.17534722517152 3.973244268482068
32.33668302170338 27.612829119705594
81.6167431932096 73.69208320501926
50.84025668288319 19.77600612262378
71.0840162901669 46.5456358427611
77.56368056938673 93.96378130106638
29.35018476743021 96.00969054213029
87.75973775420051 5.713807355076628
81.8017085416766 55.23139926237022
87.39388766996589 21.3067158475813
37.49129052381996 37.95919452699361
77.87176637951916 95.55387488664877
98.32220949545616 49.1087352144749
21.379834614337454 46.18339080620104
45.682974474483686 36.17808455610958
19.482612386372942 2.900311037843961
81.43089670378802 16.70357144329262
83.78749131794478 46.58209336664891
12.88653418387602 62.799310981471265
86.09783498770396 39.439966693921555
60.54534602767554 28.115491519130288
23.954469568948866 95.32833094344775
39.44840121887594 35.468546808762255
27.354300143398767 74.79336760915591
58.249717137448684 5.31263095384551
84.98124454721156 23.731067626884617
24.373606005378832 53.14913257896647
2.95834613741659 18.73404025308705
33.51810596767621 67.25675708420789
82.35954868161184 37.77430070274017
9.304049727635654 93.02150400975113
52.21679774161985 33.15445230778775
65.03078397685711 88.52856977452335
35.7236174135112 36.799128909648736
49.9023116730299 81.31935914112465
21.83955110484488 84.53981456980193
97.61217139397773 10.134039917492931
77.3825658466914 95.73985718215667
17.70771359864691 17.900084574764307
6.666088604158205 49.7376355311292
26.609675842589976 97.3540572853692
12.266138173460162 96.63024750884522
64.9875599127155 6.968888654964189
16.21231571725634 8.37335471667966
89.71058212898662 28.103599256130952
3.6926227985874194 77.64907266847653
96.97111418311788 96.02511181502267
88.96179702720086 59.52025669994594
95.69494449006164 76.3246202137742
53.79776671166185 72.58026223023018
72.78991773209296 71.86205846077416
62.8540918856213 76.91478625400494
45.406409058035436 37.772613682767165
65.58002557295346 68.3177972865878
12.604353961926694 39.82905002520503
95.54156400752501 54.954524827955886
47.691689009800676 86.6834671961892
54.77032547929965 59.79979446261483
70.30570459521013 53.802469776125285
71.56163287536788 70.9710920610421
23.09397688718913 88.62436363642594
29.53314029526901 48.15179255006552
5.437461729309012 4.830308602776201
40.824548713284116 41.28248844010296
19.437533061022805 1.7586491350889188
10.828408581042726 35.316663228859625
6.328822776787346 0.2536165864213791
0.41539735469948713 73.4755351388132
73.95333569765992 50.16917299715426
95.71580586266948 1.8288102676456308
63.287933522403165 13.191587171085661
56.39929821928791 79.2805535502342
40.26458013918215 79.75741735445774
25.412767035266604 53.60745373808342
16.673248966011457 12.084773834310258
59.48931896945058 17.40600200701301
69.83655932638496 14.325828225197723
2.744757177349566 61.29850060243902
56.88024675722725 83.35528811043037
63.03439100827506 38.005533860996124
14.695024351532737 78.10504596503955
74.41561586617166 61.35732038721267
19.227668535458275 78.00897089994795
30.04224197705989 10.17510264356658
8.544855480626513 62.84078991948174
72.76655896923796 39.24346892666277
45.59169154593927 7.049246752081562
36.857937064127036 42.11443383180842
45.82131999166741 77.38962461213357
99.2086763361455 76.21243940802962
57.567025005542824 14.710673623614557
86.73232389375455 79.32874148180456
19.065349480647598 42.33078627294595
41.96403995097238 89.03761170185214
7.512078859772586 98.98058341651075
17.60366586736024 58.92657195039828
79.52396939347348 1.4449770093175829
20.409935944253267 79.4721582517963
87.69138236826082 65.96720340630735
19.098577929456305 77.75601637829688
52.32411630867706 79.88422735372825
61.94011842547038 37.72073652828887
52.3942218715763 48.80647329537382
37.825703019080834 39.10093840364637
43.230245564548355 50.76885523813333
4.587312900563845 21.333794784709205
22.21402800851915 78.68730223144631
12.364482779278596 45.85282953880216
40.517065526016836 95.35244725154128
77.23285211730118 25.480780388497216
79.32461889890628 93.27487152603283
82.09770291350553 62.79026642307386
70.24588390004696 62.11770310891984
76.57019760115551 57.66144398086437
66.34683064599889 28.93713333893766
78.29549086347632 84.66247204737358
65.57478370643027 49.641684084035106
76.07854839465924 65.74140566006517
66.3395231237477 82.62000330252921
64.6380155568995 41.382607862651554
49.51638388462467 52.64182878352892
76.48186917232948 28.780486844408813
34.00836403555119 63.22890695409207
92.70852212405086 83.9243989781304
53.89087395472485 27.306935675757703
5.750010217157353 64.79542025495732
92.28774948958241 77.3926769285991
5.931499855340405 85.7907282670358
94.53469122167823 56.49687300971302
60.79779059265513 70.38434522073602
57.51914360891437 54.87505832757731
3.2976665253608317 10.604643635672462
85.06667265526258 19.672064717272786
65.8678737400689 99.56946767261216
84.5105819681668 35.70392084758676
70.66410833868875 0.4045128827842026
17.502645827274186 74.1904080137903
89.55702406780533 8.231441719946897
24.779243219671688 32.38605373171715
70.23012858457041 6.293918741354543
83.54106048947487 23.327131872105443
74.93936416777491 51.184010583112595
42.69686580502612 54.04158981629645
75.50726643262226 81.4352107556559
3.644919566145566 10.517514776172042
2.156145036319357 96.4059566835829
60.66860588118812 46.94241888463675
91.38043907321264 55.88511449186559
98.6062784189514 70.07784292968505
79.98979237666958 24.975325607767406
68.6790431409974 20.131138447278673
81.3990312663353 96.0189910766502
24.987893853749842 93.56085265670124
8.69925341817217 66.46162611104174
62.27298545665227 75.10660797566042
98.7673890679585 18.07826644729409
99.15293845737676 76.88255903249868
91.50696598910275 31.783542292635538
24.800503744389314 25.812803597585933
68.39418005691493 88.73554590022381
81.29194297208355 90.5461174283114
90.5509165252369 29.800912448752893
77.41602118743852 70.19792902962352
76.52906744907477 18.136171206971753
11.706503646806565 58.79559058068791
62.79908760221633 64.51463149111699
66.69754421743647 95.70634932150656
42.14007971364124 29.597915816463516
41.905804531069954 87.0406744840015
83.17302140236171 76.83051275425008
82.2506892253439 38.835011480356755
0.8208813476151766 44.782801949384755
62.24789598824927 39.77905591099504
13.685583260467027 41.234917906989345
94.43872888705582 29.364610112950906
45.434994577272114 56.73359089038601
54.78203119473122 69.89013639115653
10.545562458790592 87.06406626043446
30.007742675088743 57.58084093758815
25.67801755502486 59.481085166048246
98.32342864905692 40.70310127930592
64.27849537323331 97.8664805106886
49.400085692343644 76.4193991856249
14.87675319544779 88.24675188575226
52.4677859510384 73.69707383179329
62.780945121391966 28.483323241263726
36.08197621875402 78.5089898046813
43.51377839245991 71.50304687009297
72.0211169458793 29.62250194553322
70.36428860673792 63.208573501054175
92.49316653108433 97.59968082743697
37.96580320804787 1.1595888316661362
45.52101765516614 50.89903909386331
33.6638129549804 47.84367936843799
10.69442058626089 82.84436663270955
42.589932066316024 67.8356449011261
52.51075623871111 2.7712866575626105
86.83735842787792 88.85812950841026
85.43656216321361 78.65755396425953
2.606945876353728 10.117334412659051
66.43666469435962 71.88698357114522
13.826694030573261 62.0614743756087
37.24577617429521 3.3659973984817793
30.457543644582085 10.87032459558317
64.85770100425748 10.402716688279789
2.918009013988465 87.58537161585369
44.67066641400797 10.865936190953573
53.01056187450259 36.374868756792324
73.50018209765139 29.359194262545387
10.153540962499164 10.414205107936203
7.8998157716384965 93.18722479099182
3.4711846011623138 16.91348741082679
12.197216707460834 15.28762259619121
61.41942136928993 21.789494346801995
54.01506809708734 69.08612333754334
89.37713266556639 60.49602827303766
78.4272681364132 79.92152079110258
90.30845844974375 45.996978271364576
68.93821231965289 60.350035053016036
6.521459522090667 88.08542273634794
16.71788730042605 37.57876228180588
78.92236961745334 97.84545482554769
0.6757864263384539 20.960441579408993
2.966260467764137 11.2988395272557
16.512390369976604 0.2686093657705113
51.20159181498201 37.01902692841159
45.4596983411897 8.495337342797527
46.30977652750161 92.24471791645101
49.62766073768605 93.0896978489651
71.00010365103067 70.39827355897256
51.843443059452746 26.588519061853646
34.21493540554521 33.740636741311604
57.50748204803897 91.04086141425181
13.505338901187613 58.53414481282315
29.579910674047326 72.46324825624053
84.96110166593343 34.57802500358875
67.98261139075747 28.888534941421963
70.36136239015968 55.38243056270873
16.720160615949474 59.74420423884097
84.57138444921921 19.986402983265307
75.61783498696009 8.979539361255462
24.26359310633346 51.110236366823436
70.49614341579904 3.337301867881748
39.74107700171605 54.84766760227582
10.093214490478486 60.51034515013933
41.0590856903917 34.31354199591532
97.97567207647408 50.89928795768375
46.018367920999204 96.47951043706638
52.57727755068149 99.23006595766006
66.4440683347576 79.74604877482693
28.28730168741027 55.57427510306652
4.245941205315273 54.25296634589027
32.309605225267646 93.0568876303739
38.74587246421226 94.88318103808287
92.79889084848851 16.260011407926612
55.08380014167786 89.43737803717875
25.523654960890617 93.93147741846289
12.657729995680844 28.18528954322361
85.83223266525198 61.59210348822104
26.865084717240585 85.1623065102445
11.534132920760708 72.32410344812183
70.65728619667597 58.76559198951155
33.44049482185163 82.50479506165473
54.78170411205689 36.19311447165459
3.012537645050961 71.68970845789534
17.74718166409659 86.93952162933924
53.03351225086694 40.84677750590502
60.68399984956514 93.59597760450097
20.705805481695783 39.95795369527411
68.65758587940225 89.05552316821341
34.23932462813997 17.75590710995767
87.5076806181811 68.69786917383979
27.412730510240955 95.0310280667283
74.5217036771567 37.21971306006022
7.26406526594312 46.45660915757421
2.1774930940165804 71.90111115548157
90.90528210009539 51.778343448610364
84.87589337361186 77.80643769019888
12.501118817794543 28.21157703141224
25.80788066035451 67.42873498019672
1.9059319934805474 86.35148770081838
90.04187521993217 48.296824102334334
84.0262518927108 2.2237626412887623
69.0340098926787 78.35539857365336
28.534522160194207 29.603276729417782
17.643453971689205 16.594459817270078
39.58507310656121 68.70465747844214
53.36483307318187 89.66716311458987
37.41577876309046 87.71882974037095
81.06723986430833 78.03276621486867
80.40519094727937 7.824485493522615
42.3882346695873 77.72705171632543
74.62090431485639 81.00677009676302
21.64991658270463 58.73150067413202
16.062758671635137 2.5248613525409302
7.1076043411267165 33.32814289179069
3.4813080968436827 96.02487382752713
44.270682943266216 64.27097931916626
20.447721990534685 18.537897583316187
56.876099902614556 11.580886472161467
27.22277397687254 94.01314601137152
36.151713689498585 77.40398939694333
22.133168938447344 44.06661355751218
81.43320285938024 62.76457726989732
61.35383727500972 50.27730645874955
75.87590558530171 49.184231312639184
23.354788448390984 23.8759158251864
59.82314542263501 3.0550217120598466
22.05225170874987 56.01322700214357
84.21091814199377 53.67696512591349
91.89196987138506 29.327792937609544
25.083047070685183 79.79637908625243
31.775078185887807 11.229341603568699
59.123288134129396 87.20568999610148
18.50133323870622 54.46476281232522
17.057386143856945 81.13033892745875
33.264171126016294 44.59070038791113
3.135858113296641 57.42783583128461
61.969212667181715 43.55977631410952
22.04351904996735 67.6828766639315
4.422623019541905 99.21976039668027
11.908660850981235 83.36285052906594
45.54758207004412 58.731522661389675
28.242901751535253 39.43469421938519
89.59639405835476 2.1239591350008524
16.99350172649645 52.03889651990361
23.29970665379031 17.24048306452286
49.88258524609988 11.722253857985843
57.878524870317435 45.1078217100735
11.688548674478948 63.17656504030531
51.29795816865461 10.323268889889148
58.07574634811561 70.69849490183111
17.371556861811044 30.03208909876225
43.81405065270763 1.0103333000623271
89.11727199158163 29.5252766850453
46.65941681245436 58.787741605705875
30.24184216299961 42.596627598681415
92.19379434822812 76.91470237263405
53.450149480831975 77.3816778273094
49.17553212051733 65.03037484795908
60.885357442974275 92.8559247241732
91.27393161498357 55.74529262376453
18.73835419533696 96.96378710696305
19.238780790417252 98.0038875498795
42.63099150067768 11.275387352123856
56.897997780367525 22.172168172945472
6.159687964586924 79.29145070142769
30.303042462086683 76.07290577271853
45.63244050086324 30.662453688733393
70.69235598140192 54.20444970019389
44.61417389357276 13.145539928483952
64.48049981962325 27.922975169909027
93.96073302203862 90.06900986108737
98.7159213134299 21.68538199107828
96.5286552845543 72.22687683636163
91.09884754221711 79.45108325482973
