180
1 3
15.868381005326636 32.967556252359365
89.84036801746196 91.25477485521563
84.98395175039842 68.16227958553844
54.49495725334226 59.7644518093166
74.54222049168182 94.1190425530873
8.788325909988458 92.99933740663009
51.19554114333307 87.78767900538557
79.48407816299223 53.89665983450791
43.89456058174923 86.61193503536708
27.055283333728177 86.98684018636152
42.96738693163813 22.281388401202552
29.011580311519978 63.97529520558511
19.093639609432024 98.65864473742758
44.953731239060616 6.1955801457104664
80.41312571825343 29.169686100571713
93.52409807580429 26.079259838804212
47.78319737249201 68.52591723516011
66.3236134774251 10.822156875071443
93.23809478762035 36.70642286702592
86.73430008098626 9.061166513063057
94.41482342821203 43.63836550273184
25.771707849433433 45.08352125728878
80.87731684963289 90.97402153330077
0.2793118156853902 55.8839647984684
58.88649583690562 90.00651766126609
47.429074380351466 11.786721334975269
42.310312537310764 60.787558654345645
21.4689420684929 53.6815663837747
78.78679738091611 48.23336514432539
48.4265020320626 30.098877346089957
11.35591752764653 31.400248577609545
46.8031697002812 15.152369968414536
56.0557252212474 61.47974329199508
58.98023337215441 13.829770119511542
4.721450359228441 91.27938612285217
91.71400962339868 82.7023933606678
28.383501988735894 16.596439041472678
14.832278499969199 24.240801319379514
63.57128310151088 75.17095378511718
59.4948387849555 25.174638849441244
88.97092252527369 26.75486006230672
51.04983299539878 94.58459697285116
89.20230205919837 66.25090273783681
2.684954245715665 6.617813082585844
88.0568698962084 93.5519757550339
79.03713420707501 50.68317492070968
96.5273016599136 29.19425884184823
21.66028174464958 32.02358327304526
6.932318404239646 52.34612580664928
50.553090245289376 22.66871514399973
59.04654216745331 51.32000715862406
2.7567334803315635 35.25664003123232
90.02056356044062 97.09343373350463
60.79177552388981 62.01558882890927
2.9263535290453335 65.3637144107244
0.8589346632211337 70.87398557524634
37.99852553061258 28.583439072390206
32.040016073571785 6.150283828724978
63.169998044122465 12.485133909928292
4.693976924028886 49.36000702605159
67.80656200765654 19.518835334455954
52.56703726059791 47.60805094306993
95.10933402552264 72.35457463258001
36.07001577658768 9.338042416256641
6.5473581502484945 89.88203325912947
47.71811760846214 20.966897653731074
39.903517101698995 36.219646818603366
22.868828501630702 56.22820201403662
91.39770887978666 82.2498762396969
46.12913580116753 42.507113507151175
23.00730408049576 76.9377616852391
76.2464322574675 95.9436273190753
75.31963085519513 93.85140417286222
1.852222805590431 73.31800924130374
51.26368209138155 57.58268018307178
56.26221333735513 45.542060739810594
49.40895667993064 23.67847688059115
74.29665869050146 49.630623306098244
21.27347614494135 67.88713636440417
70.444660797267 41.924196089167864
18.08451090653742 23.23636175562116
63.440663248863636 26.820839035974785
76.1006154811769 98.00573300863181
99.50855719290068 79.50515464708516
78.30017191434848 59.37854959154014
6.068584546889433 60.84778768205234
17.69529328686865 3.598764131238097
6.875318412724618 82.4833458530194
61.62064754462202 39.19916293473478
15.217053402671453 79.86597726443361
69.98072175095693 27.743689349690314
76.29612577370463 94.20809823229573
49.523544485062374 34.83881970329443
2.3440100401738384 8.459113776614679
72.68116759980413 8.66625992677179
97.24945363235067 88.84729118344137
32.307455459449244 83.07572370288253
33.175963009076526 44.46422336190279
46.73770522410674 16.45836267938272
9.271235104150799 91.86632437095071
78.39492395230015 69.14933776473582
51.342849035558594 8.687673301715048
27.025398343488227 22.597478086303035
59.88417661542675 26.58086103984003
14.988476676735264 14.971560622917046
16.188095818403525 16.086111103049873
46.73736063647378 52.14060131938707
8.88656224447477 94.56362030514069
98.3164621464343 60.40824362941066
34.87307594955742 1.6011452681009786
43.73701089955253 6.750311337575066
73.30276118433711 35.76416051147462
17.87968678260492 40.78398457861865
3.4911777393873633 99.36065894410473
55.967996778025395 4.059964627685231
97.88391163455492 5.435141863137027
60.62598742183778 57.06234343168184
95.9286001981185 99.46207956124758
47.61446926707269 73.61919016876308
7.890027267746769 18.31928928971831
51.903466868107806 70.07789186983764
90.5585325554002 25.65487361491241
22.928431296717065 9.62193811350678
97.84948381107297 62.52946105829813
36.69548063364252 86.21374098512402
48.00962919229872 60.05659194730697
87.78779046985173 77.80609517999375
60.52673699010409 55.89275774349443
56.24914992418311 84.86634297044216
15.943474534639869 20.27757384084412
52.920992356450334 92.99620032418126
11.19822039245908 55.65352914813288
35.36394309182194 84.0507876045282
64.5253537990794 77.4262595738614
29.96945544903895 85.6408185182389
50.039857619839225 4.011334527881538
35.78789034074647 66.80442892625533
67.56348830556682 66.15655510898672
32.09767945376802 2.859213892033652
93.19337629213977 81.22561503463356
91.97946719636553 9.994644268638698
23.093713025672425 91.02609702636859
82.7648192560764 7.97495632276406
31.671091553447027 90.7985075607516
84.84237154472038 86.45405512672481
28.988951997677127 9.301656749251652
2.1923165022303515 48.49090051316014
71.16165242457231 61.915297548927015
75.31541951504546 73.21912834158412
51.48460021409937 29.98363225166083
47.53485483269784 47.74232534177727
42.01365135946262 13.180408754450724
96.81590665309992 49.67953982275108
30.309346931451575 13.119439430105517
4.8387930304135685 96.43952391032653
91.99679796859171 0.6521482650021948
70.94199926873945 92.31387480006433
92.63881525925358 16.76161077982574
67.82837629197051 35.27419244222365
58.20437844406128 45.44561822551236
6.643587723623834 97.37539814991125
56.291390252810515 70.59811412700554
90.94256509783125 17.227153351724844
25.86394848965261 69.74243038606186
52.488489679818805 3.6784014390113473
3.54121874014528 0.939388028983501
26.497478756378158 22.00797579343852
34.288583957376375 56.76650978005837
83.36781914789822 72.75300772693505
45.82255053347439 95.70632435761459
42.22726481842722 8.470563923149687
26.498986912971766 79.08723318777837
52.56444438238304 33.1040998990678
21.039660588778663 17.127250546637907
15.860693749895582 9.364666422627677
91.1359199584948 26.537338889160743
49.19841323320906 85.62611159148976
63.69827809765067 47.469145347841945
65.26152571131978 30.7794471515362
98.64776491255454 3.469008726594902
