950
1 3
97.95147090663431 81.81011096598579
38.71786102456538 44.48620042560485
60.47102242247442 91.21192417529022
45.80115581877266 7.7993861264438635
28.013883096191815 84.4597460560559
55.61820422467423 56.751420940430904
95.07874014708146 54.121632479084724
54.225343627214095 14.882077556357975
42.01829014118523 78.88031317750989
86.70443193495325 29.762017041502766
36.685225104760775 46.498541105766165
10.571094960101535 50.274538039802906
31.948980990432574 69.06361130116852
3.1931212353675464 16.763951017133884
32.73016308681853 74.9472702974123
90.79625125456768 2.3905119516059337
11.709025980625798 82.58843434782625
45.75448372819943 62.49454741669571
37.22951750040142 49.216796617809266
16.392396857611715 57.583360021567586
92.27800584265258 14.706215683547796
82.4790121461342 92.53568694015712
92.37359112133828 66.83448069684653
33.11970366973922 73.17124684809784
35.38204226903638 90.91377050077656
35.785845011344094 57.13059849791466
82.9077023429839 45.33793332108138
31.15510213398711 81.931626956247
96.76598184888556 10.649558394692349
33.05273699895015 80.17749445892899
85.8253099354942 25.385182790457563
42.05866560703668 99.11301959996264
81.40289740102307 29.00702689893113
66.03596295926626 66.96718513671675
22.57465589695633 99.98655059117732
84.09709459638522 1.3647517035234813
47.25834092008863 62.68132467916039
32.42178604967925 50.220278041366214
38.09602537951247 91.35553030658012
19.34413648900688 71.08748549031665
97.86345510709286 70.33003490242432
80.52653334279007 88.37447392938206
74.59585414101433 54.4486579718719
35.697906766474105 15.972494716747775
90.96421004041831 83.46655448984657
34.909588159995344 97.33722755000454
7.630796707774823 63.302362405948465
71.49298377148419 9.44069004060768
11.68986791372124 50.90485974565908
15.1854637540076 66.84978387974165
79.87238840262354 70.85629706745927
59.28866682207477 66.67912308108342
68.61914235880819 38.998420378876645
56.65430198338295 8.001976864226258
20.81932795973973 6.89509119599514
23.59742433034404 61.51750431320255
46.780857425716114 63.44755973284022
5.847772136131701 8.624928495534313
43.38148556261394 85.64797860035567
55.81818229166022 63.79569284961868
98.94688029709964 97.32071973433779
57.877876883015574 98.06008467959819
87.1236240630837 60.67972226646419
24.206718866226673 26.850157444715485
41.35069752123519 81.21499075869967
43.74839002297901 46.296184136894894
4.3443496276941 46.35895820253706
48.41384604521295 52.40294991237704
14.86102091957273 2.4247557466631875
56.922160658917306 74.77730371549534
49.53570935267315 64.50431525499243
65.16508551951492 6.669854703960776
69.25534829357582 3.518059729987999
36.002859314837465 24.883410043732024
38.89319500942159 95.84895408788819
37.802307192915244 66.6770523705345
12.107503345754566 0.9143484770466781
98.39961788840475 37.56009219939585
9.044099378032588 55.726351672030084
42.21493436970258 48.975206762881825
58.5391931856353 24.97718407247833
78.12564267828171 43.53659298247186
31.18838309941061 1.3871250051400885
62.64971292093728 75.19522898435666
8.403276079866707 47.96435207406664
41.072387020262546 28.13960379956082
96.4779647949757 22.47896731082948
48.43293357354026 69.3785895084829
81.1269232511714 38.62305890421147
26.5182909887685 57.57813194273314
45.7385068539442 8.053472617447932
57.534178691674654 14.404554301897555
39.47726522185684 29.830427015775207
57.14516965973759 60.923456020667885
34.02639734225077 86.30256471173612
2.2197551485727107 58.66743240166361
25.566507499036994 52.55525225323223
27.880020264309646 69.581039088271
24.178124428462965 18.070283821813394
84.43225901195979 3.679763927284063
67.6643858599978 60.09304405961646
78.81183489424141 81.10138098543958
91.39291342587236 14.850509749177053
94.71503956618277 88.47605098759443
1.403466167048606 26.638138197179153
90.39417403627617 8.934511108018794
21.80195335813535 54.39813276604504
99.26057692529395 86.02851757282714
56.51421464096309 35.85609464236783
45.58346306746872 97.43006143222186
5.415331088568576 66.6578827094432
92.06563133535943 98.41159980628818
0.1816894701873517 72.729195145724
32.90287855206824 92.47044196670866
21.185271301262443 45.59202644721236
15.943269573979823 87.64387044257424
46.38448646748652 34.33600317061656
23.273545558869312 97.60090692272357
33.918749488590926 48.39057457898226
6.188458289131704 42.317435951723105
24.18391991432134 21.244592257817718
98.16681629490158 34.98459055031689
39.44152538154342 14.669514606032363
64.27847989361659 80.00395004882064
95.71988148196749 88.35592843292972
66.5582985861652 60.57744042821205
96.04498900947789 31.54302266563107
61.060277927164705 58.555552173430335
36.22425789221786 0.04911396396589662
33.86473445745841 95.7186474475253
4.704507205066055 85.2509129114634
6.341826751054902 44.55968207059753
80.08691275588127 62.353685789042835
64.16075599551523 54.944308294166056
65.48932766241458 30.952305650012725
43.97759478450125 5.791302919743457
65.4248948749509 36.66863671843454
6.413879884265072 89.06368837911842
93.93615000128021 69.08229442227226
20.93551668410427 56.4160463839547
44.61667127582505 67.3381499578261
28.357936143623654 78.90052836404963
7.75037532777314 91.33856020156024
67.29590172184889 62.458166685473216
55.43287858682498 11.7921108584911
58.5767428000981 31.338928653282537
87.58780596988503 86.83355125216265
68.05272323118474 29.867028165514032
9.450585715602067 47.13736950983789
80.89776962328754 34.10443654362902
68.50016942786894 14.1257793781143
78.55864996699675 42.97218162880703
27.60197899962431 22.735743416639643
15.2191241771503 51.10380946347139
26.932935390480562 68.93261720400679
53.927887849176905 7.685441114375879
28.738323100908246 97.81415271973901
87.84542952187606 66.48564023574399
84.55816270736743 79.60937946787898
76.62205702704416 10.363777735739156
33.276005709400394 78.21585326728797
2.418437697674225 25.692463890878425
60.586621380451746 60.77427146213707
60.13107464586158 70.93033100583423
6.696443457275336 2.5034621782889177
40.44755144921899 31.32450960228208
66.95343447914213 53.9662629352027
24.751058448781404 58.11192762571387
78.7618094094412 55.0073149440683
67.12176567254143 62.18065988871655
25.491911513249875 88.08644701129931
65.20533150419527 47.51611045590527
84.09392202988435 72.873986204705
96.85818302109581 11.979783520815834
62.51870096855343 92.37583103345084
73.78337093328868 48.120210788027464
34.216278426654 87.9475601391851
53.80467170730048 31.276872943028145
6.799856211202204 3.46268260650322
27.773092652017837 95.54594884066067
97.86425906994872 44.33918124123277
19.817310095890804 1.9761020024642306
23.730246534838418 5.114815985534449
99.3212739876078 40.08782781209026
32.35571387729998 90.75248432476695
1.8596772450887755 30.20639918127688
26.95354391994844 96.54776138531709
11.164204989477389 89.78869826926636
10.773674575033043 81.84892658543626
66.516955979955 47.800571884216204
73.02248271574081 1.6157296805893617
77.33658373995051 83.52561901751096
14.95286542476364 8.98336531515438
44.94054192850929 18.677010974580654
48.0006082265013 23.686549740489337
47.33313261895393 35.74197028330619
5.684298716249181 71.4519037888281
33.852982197084145 79.10952551961165
18.621222713616415 83.01915450970507
39.772318239395624 85.29120873070795
43.024944535999495 30.060658639408167
97.40757405215874 14.153094997434579
10.211965736205997 31.451245353274103
73.61620623638517 87.04348959916828
42.87756491589505 25.50031223546876
65.77622801046792 14.516746197665409
49.12378406636157 58.44032441795315
57.84699971956056 76.2064335931085
47.08993417634164 34.712552356180446
91.18214704140424 44.15477515073045
7.8026022209673584 75.62816691344831
74.43794654479213 43.76338944004041
10.316817355719277 18.370446711103373
52.41028013915911 46.27269266791802
17.769907026208777 89.11329017115912
77.8054571862171 83.85638993661078
93.02072222467459 0.7668485278772286
37.17897403426713 35.96235035827651
60.5686922582503 13.533373856967268
77.29205372926484 14.672607852447527
30.69554539172923 44.99178800566914
14.6562660643486 32.822573971721965
17.17396141799641 87.63880401134539
29.717896766722273 99.92617319957174
34.11880972696992 51.21436014576262
67.8975609483761 8.276260524332436
70.07447921315321 95.92483020247752
70.71267116865101 30.80358561977188
22.161270854717685 34.05587258708491
78.55006547197156 20.958620854331667
91.66669443269879 54.624607064063426
79.70384876609214 10.490651009551977
76.60764969260268 46.236833510802654
29.556081045791636 98.67240264484802
94.2556961112527 7.454585246853207
28.64847304471574 24.450597721097257
47.430820481636985 95.04914855815478
75.77173918774685 83.05972163956379
96.09711897939594 93.39662120375583
46.730994612645404 67.19489330226614
0.4958067233575836 53.49642029985944
52.07864430405647 84.9717314601768
26.921732907956653 52.64353327565032
75.53771298966751 96.12642133024897
52.547971011017665 52.16879176102256
83.61468030395964 94.72634388954286
20.06095325588859 91.15704360978987
11.791601803459528 44.03472943222888
41.564617136247264 63.91819518240216
6.133005021515436 32.510269233905206
11.72292253079421 49.10898532436796
88.55783531286536 67.62823438297461
51.168480361297284 61.894423760002915
77.57828115137077 64.49268513402112
23.789352521739147 66.66080679439195
91.64571507129824 44.741067251564814
26.428723271502342 10.57536237590897
6.686944380560522 29.962570651506137
53.05200205548868 65.13511173081885
34.94559335117411 57.36621374648869
21.507588806275592 14.58996025712227
24.257194598315568 58.10226521159394
8.521173776464064 17.40226921055228
9.629090384279992 59.990234320157064
8.183217024833311 49.482649805108856
85.63508685788335 90.9310105510235
66.94193656301695 40.28856079424767
65.0721003417231 28.690011183424357
72.73521323257275 5.60646349973517
10.937137647477947 61.21351641608754
79.87726268408872 96.60709140953132
93.38329003974073 37.06547915240452
22.88181335920867 59.154467250824894
89.45345690777427 96.68812176777766
1.7000065585661917 7.28312493341805
37.193322395749504 9.22508870917298
44.265867065252976 93.07095381780168
66.52072192885771 6.471304687783452
20.464452994940686 74.241912295177
96.46988110648056 7.132459449038953
99.19197846637256 33.76775404493368
94.35871948306047 79.37104079945175
32.63894486170877 86.1553692659043
77.06982087936632 19.137708621098337
93.8539227785881 71.97294675435921
52.16816686513253 38.42203771538053
68.99604321318999 80.04932612938147
0.47464556388654433 30.951506973600384
72.78354804043789 11.58151672009129
66.45283630651919 99.4404317314763
71.23841692860371 31.672420447838267
10.102967513159932 11.254055089681536
78.5622989098272 96.64180446908273
62.52167427707151 44.85532596337703
47.36775587139637 36.0335933624859
30.454645707512682 98.68292618386579
91.3870931670318 58.465155671471166
72.9052558171404 9.834537257090293
78.31755849575038 73.0575574700068
25.732475492894658 6.1782845244560125
58.03936215126979 17.685433803894178
82.7684212729632 85.81611703721083
28.19592927723653 49.34886756720047
55.317849454042104 13.18085346484228
52.154560214913204 87.39298121870705
8.461096396904688 34.04499488588159
65.07514041311086 9.911510470010686
9.911081015808133 37.81406270830805
51.991850234733114 57.03551569431604
78.04537585250182 2.6303152520530837
82.22544445990482 93.60932757415993
8.582162349652723 10.549223522064622
40.21862989648879 29.997289720864973
35.84481144400249 39.913726107800215
72.5597430023428 98.18701532818727
66.25325944410874 32.45458034591897
68.79621087290614 16.85356181351714
55.54008808071313 36.451354361444174
58.45284292782724 23.54105252158709
43.74358924296104 15.136804505343072
8.840406549824209 38.81188652101704
37.62648267657911 19.913269397395794
29.879327095934947 54.21013068095253
51.0028793071849 13.737787590771378
48.40602660844069 55.50287318810783
42.451165889882205 51.98132543430456
74.68853385982013 9.646615672537994
79.47376586083779 75.12438418756555
28.935288386590496 52.816305184451174
38.106884664653506 89.61758903772706
32.08146969912662 49.62201830976194
29.262310815875246 29.350065356829337
53.45056586149539 91.69637211146451
44.70025072488231 77.4291241254204
24.292303822462323 63.85117836073408
6.429752621280915 17.54113956607135
33.17502999480442 64.62348489029478
87.92894073076923 35.49747715517621
84.47388097666932 63.51606558523084
20.647275804878195 14.62828221123651
55.99885319285565 28.671619603643617
80.52934311514785 77.31176041537515
14.345783533766188 46.99297808302767
67.18543356327447 15.125705098063836
60.770192497212136 13.503063614711252
91.58734667042114 77.94940652301644
43.38649966697985 68.01893778288112
84.81880653714377 76.63914558489586
20.261882985024272 60.99473841871222
42.34031010476564 33.59097032439207
87.32831132281471 88.82764704914679
99.05478256415962 5.0383565448081535
39.590352212880234 25.280973828573217
90.53642147576026 56.520777479399165
62.166766324549386 43.89603384117224
27.475808909703893 77.95560114604554
22.96934639683603 53.84601590425291
64.67020281245401 16.742076409047236
10.522677189931517 80.21219868412712
74.94632048554575 28.492616062369123
57.979555545609585 94.13104010926496
42.705926021036376 82.92492114758629
61.40781529932251 35.25325913351227
31.894606185663154 74.08196201026183
98.24149914085818 44.98586523539183
60.654981123032044 89.65796980247356
91.6159298849424 55.02375751405402
29.1652637266421 73.140039089026
94.68281129444505 32.67038051366664
83.19175155350354 26.315293347064838
3.5735756075284675 62.693313046475005
12.910720154286093 30.553976168720975
42.72517174293839 72.73844760689796
37.765761505094275 97.11000991888518
30.234641958506113 76.78808029506574
46.281441242848295 82.98742628924016
77.61063850053367 21.08206522060103
73.44295107934246 50.84104165525996
14.184841186429642 85.98878137447186
71.39916375918243 74.51639259162629
98.7021557534574 35.20829239037302
40.16428354988264 95.71373000906537
29.458073912217554 12.604622980470026
9.175808336704684 7.06454008842381
7.12039278458525 74.38538413952789
11.231149387221318 98.91853730873814
53.59570912544649 35.5663622686208
10.093002377428316 54.99906517125854
89.29599134291797 39.98531946260113
82.09550443084758 28.80611594043252
9.150195548190144 6.574912501879893
21.896060665491458 34.30493520988007
99.48567941128239 50.1686165783928
32.51677341419394 65.50466304310774
77.01246076225495 2.6696241831835277
69.3626123201372 0.6181115551446625
71.04515433127479 19.639750572891046
34.208803194532344 63.765557604274
0.7606451122982083 42.85420868943475
85.95350902209537 31.440610731311878
11.579903997396457 20.790859568871234
13.346778088880274 20.39046103596562
20.635773916955834 63.96040317006884
73.59483168750454 57.01869734018259
38.404208019088614 79.74637827051588
30.292420320526702 76.654787885359
15.858289560290206 3.129015879500252
86.40779381009156 54.27001277263281
4.66313191798764 85.17655349439137
7.096438929105076 64.03911845408503
60.86545078623187 95.56117451821136
76.9565215975778 79.59094332168178
24.70254611858951 23.928419226095343
75.10309146835887 22.60906173484889
67.95047853220633 5.073402121176773
31.027547391992893 8.46067387607281
49.8394031803292 3.025148894159968
7.170878477517739 89.76602563762619
25.07605843022429 76.24038746310563
55.2739138124815 51.75074817863321
42.659507711066816 12.082712202804192
39.74256931515505 4.454818403288918
62.3920296028424 45.948990851595404
48.378500231476295 94.20761166206672
2.973542527080042 28.326687485683077
6.964609724635462 13.696657107917876
0.11358824128271383 91.18647170698706
25.862711595201283 43.930533111218104
90.70026027902178 85.6513026654675
32.20388711796236 23.326464230499333
29.332933982530363 54.24050500684543
80.13426106798651 62.17729972722621
26.98689197987727 14.042556751743973
21.191932767239386 59.61867172253616
37.369743095910344 18.19471838610147
72.37435563325502 51.228960736963835
37.18074042159068 95.15679188717176
57.00181967000801 51.831489004134326
19.882349058600536 76.81629785002062
77.69010750317476 34.563928558853505
55.87298210283651 76.94765335886873
53.047928279497846 82.43357244868339
69.96483928457404 98.70596972613268
77.77513731003044 56.66577319346744
15.552348440426034 36.1992536156051
27.73824516163803 7.41242003224023
0.4034763223025317 15.645693313433862
60.19608918291415 39.9684384029195
99.27937862903487 39.84493372693012
79.3418808475976 46.69024309362826
19.479247576345095 61.823880030603064
2.293130727400694 40.420416527573465
28.33495440049285 70.75428349116342
61.45897252131094 82.53751868230297
86.67587228343065 48.58311479402025
66.9578110142241 54.147349260464715
47.32036091177356 14.374998306754572
1.5518652971639124 24.211198429171922
1.5122768652385377 45.926904065667465
16.411523448027985 32.96182496300326
74.44708513737761 38.00750072419496
62.36992893066742 89.64017659798597
76.44096381063885 53.779849593548
46.3559796828779 85.78128815883188
84.9065303861601 74.41231623885531
74.0480645596025 69.02922219213796
82.9783317910225 94.18336790349684
35.30870219109856 50.58122330119828
7.925520303817257 15.112985966253056
39.74200297815749 8.690920755251263
61.49879610393214 25.17836105686102
44.68082129244071 62.506332121066244
61.03252057409465 67.2778156634602
83.14354204569399 60.583999201659225
64.73842941919361 97.06681068051155
0.04296151010305671 69.97630765108327
77.45303221313667 40.4254486823044
52.23131531449647 50.59827767713092
79.67016814153997 65.0868032595486
97.57511923044109 31.539620738456886
6.572384622538419 6.2329096001087825
45.50821477940492 40.16131395591731
11.244893897088449 71.3312069648259
15.361076511369177 49.59337408958881
77.71507030284302 59.07582859360991
61.1770815908556 96.69185948659025
88.44507588168855 42.4091754415068
11.589230131169458 78.02487934091258
50.848326985831726 27.745315418915272
20.967242980811474 87.82050754572748
1.7639941976063334 32.50097290177234
55.5357757862043 94.6924560742959
78.41971288645844 78.66486460713892
32.23099971681129 86.75243152292514
9.66088207511271 24.033944606066537
90.09667926187852 59.79225612221559
22.145657377488437 82.05234689601528
6.648952179678136 36.58689570392279
89.6974431072476 82.71768902363945
37.94728542461332 31.383323454554592
37.37461244789466 49.57904696097333
67.27581295568694 28.93003684035982
88.3400601308306 20.675002124022356
49.70850376798532 79.03492384020288
30.165274157599463 98.38480458845535
7.3337159453571 30.968263908779914
79.61613455497113 81.96206862968944
61.62235846659836 98.57010363369776
26.58269839434777 23.916578882916607
61.49368570225806 10.400568021775625
17.575362687246333 65.96107899467516
60.01977593991059 88.73423571654166
5.611486049205827 69.13057436684163
4.383746247182607 50.425811006966235
38.840426096822725 44.24386408543437
22.023143467065175 69.37482036202059
21.973077606909165 25.260724112017563
80.20597629934703 47.93666068745108
98.61522090467167 94.02276623711889
27.146431901759627 59.66870851689625
26.901415259748028 3.047453094284003
48.692922252054906 64.60804375611843
23.03235178039744 79.40576855021679
50.57572992156831 0.7053561724590596
45.58000777377265 46.932760764635326
53.603305471008575 91.05248207910101
60.96235488692008 82.73815266772391
19.920227699211026 86.16579916946947
27.314209823714776 22.976659421942223
92.7938834132077 29.275388729340257
29.41844720654847 2.4878106612267414
51.39467888974971 94.73822266988536
50.42578919094942 76.62892856748371
15.471997440907703 26.73645800082516
14.115674473583507 35.720242594616856
17.525744853658743 21.105965142640095
11.980062252259295 45.75730822267437
68.59510573944472 47.051003989515024
29.446650282894037 19.597669292546648
10.392189490274738 82.79204174362079
65.22468574240455 22.53146445528995
23.40073462877099 84.1279218284639
24.088615293668813 22.718328936415833
41.49617021634593 51.87052199124129
14.828432414802673 9.63161922098661
34.28585172369012 50.223993879460835
65.21570922573761 43.108702945412716
94.88495824603025 6.334566879277048
63.99123313396562 58.25193916808566
75.66923973239719 37.86786045514372
57.91812914160597 43.11752068333898
9.369157226819812 95.2244638133274
54.08104169884511 75.44492318777141
94.70560720197545 94.55077592415886
72.67734733777363 5.555601270340271
56.509041015962055 86.63206443424183
69.02335557660126 55.30546305451449
8.066928000324758 41.49101805328641
2.20135109899533 89.18238978545897
97.94611723051725 70.70245440316954
14.202629045735172 58.25151529580839
6.751214316959575 49.09820120879351
46.41667464017771 63.527413807638375
62.280139294649395 43.059870300270966
29.18168041010729 90.13449162229325
53.62949450242769 26.307674509524936
96.05326989127126 78.19969298199389
32.54374813998766 47.78498521007937
68.17925542920051 72.29880850113426
75.75390485213897 94.79947645396578
13.943788791725865 58.66835336786027
50.95604103335689 55.331819047662066
45.94429591861113 70.85704354724389
85.71843488725214 85.94272261094353
52.23277510627795 32.75766886065505
53.11355362178247 96.37277269471736
21.682568269006808 82.68115557592175
42.062695177422846 19.01734185470052
11.04210350661321 0.7216444940735034
47.81448038367642 18.057861684111476
80.42195205537274 56.48088317578783
45.40635762195766 61.25377112619512
32.76932802723569 43.26008823655088
59.03952944365447 78.69808555594835
64.10526651531005 26.673339460005963
84.22731392707551 21.21007007175266
87.80777267838164 3.861056830304177
40.47669046120739 34.748984572295626
16.265796754360373 49.02389917722623
69.60757723796236 77.71432876424214
6.6987067126685895 43.3676475690594
44.53031208989386 76.84243397925661
61.25817443011725 83.80402164318915
89.07978699000361 46.57730085482439
76.49745815867335 94.24861810916198
73.3266512801332 36.361131906560495
16.30050598787376 98.03271433591729
83.03307482600626 58.22141822037439
55.764422402612055 38.43324554371041
57.358656002556344 81.47821976050705
38.18964966903782 72.960764021232
37.319237377711055 6.948870445854216
29.9027675331375 26.917198458539392
16.772653395299052 84.63348001032094
59.1387841869838 52.07354143231107
80.19182913996185 30.500164941699424
55.0901098892193 72.43589271067631
67.40219109859689 94.99427987695613
17.099844214058724 51.10419373072401
28.285416246791172 71.68181814837628
46.58330514252762 90.26261930639737
27.260642739944263 15.870255555648738
21.367458230154224 18.162279259475866
3.77725961877009 9.17609849749077
60.44224713501165 86.88469963497394
14.891656351000627 84.5554393807156
55.32181642938265 29.118940206479984
21.255344161421874 59.944494013521265
65.594660985599 36.44403651386388
8.208334749882518 84.97076100085476
36.00842846659411 22.25902980551453
93.20098258272557 5.277141740710767
70.31412570315607 28.00181887130899
21.173201296720357 36.21562961515876
31.226057604308053 53.003494881253665
49.7980105515059 25.11960995989133
18.859612117494294 4.369206632372968
39.046136389631684 92.32988622346694
37.63532378434227 39.95549812428272
49.40986880424656 37.542274167816394
90.26761291544405 80.45736303465875
2.959460456937779 35.714168767408516
14.008571543579995 50.708503729320874
71.41859384205524 4.8369392847277926
31.43386678183755 33.5873311443349
34.85795670977632 85.90651529836704
65.75725143825176 39.47375876017398
56.00676290723121 16.19965132373813
5.448982776405575 31.611173274680905
94.57017047984031 97.1559974500725
0.11397521378930797 23.670067053013156
86.46006086688733 56.76304081981547
51.455760704688714 52.02313520540369
24.68844865444506 22.059417709896167
16.465839344402333 86.7428232010915
4.594366187011989 45.56007453529751
41.53590160967353 41.620536398096355
19.374024117408496 82.43600065768422
72.0954110168996 52.267222448399785
58.17541348507076 62.70231390651637
77.81801966558139 85.30545413579284
59.04851436883411 86.70923812677674
69.83887196312463 27.211118980627937
12.724967355600425 65.89854440352458
74.02469759686643 54.60459374111941
20.9598693514913 35.67611395850321
63.99534089961521 97.50767933625468
64.07162392473586 17.52203728832682
81.40500417761977 66.28910723998567
58.19021905089614 90.04185521285099
31.582982704481633 91.0355238758104
88.19503027579192 81.5143293706202
56.38047422144172 75.26419515437195
86.64347832640355 96.61829737673871
65.02676642925466 29.825666495096126
25.549248392804902 80.88636275552597
16.133733398883532 5.611620769705006
25.13642185323124 51.453367935249595
24.48439967545337 57.0797096129535
44.2065937717468 43.20976844491462
43.01803461844666 80.37495341354268
42.95162152824723 99.55927821439082
46.419186761354126 3.0230712228509704
82.65989874151585 36.620559322957206
8.198806996176966 10.014543113654817
95.58585790509343 0.6875895860688042
79.76695087996026 57.09783364045153
41.65824739400901 25.836399430588664
84.08914799016584 8.167002846282445
28.21124240978483 72.96188404689086
72.91096480715045 74.93092626596471
49.48226055235008 97.44288128034479
69.48144772769125 73.69661226774802
9.41905144252524 66.46014576994874
3.1299841731281086 50.34516172967227
35.764290378411026 39.98145420612826
82.83170509506787 34.53971239460836
58.7668769836011 99.46962729511296
56.95500513380394 34.22771239632498
6.175343062223848 45.33696780965819
99.71588826927548 79.931533642884
72.31954717448299 93.93924068112993
69.85838972755715 99.80524929013977
30.476216555643056 95.86101859331866
97.66136135688394 52.32662391831842
40.29449570069621 68.47053454114148
93.02251088616751 81.00641363943426
94.09697298104409 1.5674615244786638
63.756674909900646 12.730991359459631
48.81986064843085 31.79339662490188
94.95590174354606 20.26226151752595
13.331944124508732 58.35200126906588
27.86581454481034 36.91238333973828
32.86367812542941 41.84612385291171
42.438814663259606 61.32446983738233
96.46875404763024 80.6331541324585
53.9815535235439 31.50213627565115
89.55904777724113 8.086691468636165
39.2507384587935 89.02962026982534
19.393509692753774 10.04668195950047
94.55802447716763 12.797976597719952
67.17101702595029 64.91678411690276
58.5167975803343 46.17344655242539
51.10586080763664 78.65365298188411
22.29620256574536 55.38714329095815
71.51135988862849 73.26198403351802
42.16964303369566 63.53468201734416
77.40102250428573 66.41064202417309
13.204663984470733 56.87840003438931
2.036137260496629 56.65366911819465
32.205943510803415 34.570520768127324
36.901867648515974 93.14523658892453
18.908296807018885 71.72601905253804
6.877292830986059 17.59310540470096
83.41355254118467 88.41552318179704
32.83086482033906 99.79161311123323
95.83117430504606 2.181276628450357
62.93437918450806 49.521733408299816
89.49042434389168 11.387134570033908
90.04060903566729 79.71452853131107
48.063584063880185 3.298684123774165
96.3427868060992 9.383991229306709
65.75017155155803 59.98517792541449
89.75402696990882 93.6759559976565
4.8697572171378045 2.3038453280690208
11.589991477139261 95.07439799365835
74.31681160538508 36.36640067887649
51.45972848489346 10.583347398606868
6.372774358982536 21.606462519446556
21.915460070054472 91.43921324530737
90.37051551281307 14.023386550100515
45.46382332786756 23.935680822646344
24.734616641097908 71.0096198357913
62.58357813393989 90.50086859308095
66.99739689560916 56.53972687015014
68.04389389066368 56.70257045303826
65.83043129402624 76.65047730275829
63.94151516591686 80.38752266709146
53.853156447726434 33.8563781276811
68.74159057437623 25.294832367493257
10.282566127965787 20.18279540741048
5.395979847339416 44.183689240221554
66.49789840842324 40.16923976740892
49.57497971963416 21.884511786545712
37.95549526503168 7.446371356214221
3.744409911761104 11.291795650782
25.601800920317007 74.20026705758625
66.72550506789752 54.525303521900305
98.84637035981558 30.63860632046509
21.986514465479836 17.945896302210528
61.97436542701924 0.025378690547483984
6.366944169366273 26.700937296929904
92.65852875684234 59.81351906854149
31.815132920984723 1.033104166624077
40.29043280819795 47.446777898701576
35.67856028312772 49.68702731080803
12.310860740216189 81.24788209273608
32.74516100966729 76.85942176768243
69.27361459001746 4.841456432505398
30.351732135577624 78.81051338293565
45.93408868327595 40.78330435938413
94.03805384026226 4.763768085978648
11.895348588566135 38.08120162252171
83.2172046945097 59.96767934518306
19.719616020283027 27.14534826512487
76.74105886872451 44.59353861688577
1.6407828605559782 46.513527425016996
77.52548480179414 59.04205410218781
7.2599282866240955 92.27369294421321
43.066472093671806 46.7909223208399
49.06321130820004 78.37556475227372
16.99688448932386 48.787012452056054
12.749475072601935 36.598444051262625
93.29184819201963 5.930728357139103
85.30434719488696 55.01150228744132
34.680330322832376 48.94744298652422
15.846769732473277 24.319762252056876
46.20309736516883 46.1243429578976
41.50283347239683 60.23858199109633
84.46273818376613 11.493457806814678
80.69125321231942 19.670830323545708
58.39136440755832 26.89669078806185
81.10987680009802 0.5641139349056301
80.00975767807546 14.26228836566288
88.0832795530601 1.1444757650581616
56.885845177459515 32.9911537474834
81.58540721415764 0.6698330740057434
29.177478137439316 14.54585790653702
96.28844648599804 98.1962837073324
35.324804662715415 7.278010581806549
97.89953595228604 42.214221591818756
76.51214273697036 48.43385570915244
76.48726413824957 76.4118682532839
46.54606050565289 31.055091019219596
82.53885056130935 1.2476769635861418
32.486311778372645 59.20192818585588
71.52546203528256 64.40729096498102
2.45027803281308 39.490339496928996
93.30789125190462 78.94209613148328
44.41124628547142 22.037134927185665
56.54207084073337 4.89171197632996
33.97906451106696 9.068590686199208
62.33291241540264 88.4876818391829
19.094397502902982 94.02702969612405
87.06948016537244 36.686306226985856
22.072213412437502 47.03547131752157
95.3673159574408 54.25391509785804
4.110456469136037 19.58459243537849
23.08849034840661 40.495568093057784
40.36563551683601 86.73220583764542
82.60757162081013 21.77433625893135
50.59603349799777 55.7521376619823
59.31642830166626 79.49560531383564
3.908143209496817 97.79955734128232
18.956479118282154 60.54333632781492
32.887466904538385 89.01752152354261
5.328305023252078 84.27128359070319
95.12700084801043 34.78116007542218
2.3168546425219594 47.27714616799712
68.94830983849951 79.5883501970732
10.434019278598395 59.965967777363026
74.63637304278102 85.65174438029479
20.915904689044318 70.66543259926476
45.23457869303557 33.09488877238556
51.55439461706586 68.54975858051695
60.81459435892636 47.532510634611526
9.981463218713692 68.90762413564026
50.48880424567723 73.69999018890525
53.45735168896859 35.83181770246235
93.76841784217073 49.91523411082805
95.22409618554302 98.57794601261747
78.2892207000236 22.043832591446378
10.429154772536808 37.61556613011283
24.43580393717102 58.76173421660289
58.01084437888036 64.22423707856761
82.53774504908769 39.338806411815995
72.42008955187582 20.01714956821705
81.07460135387765 55.44380128467985
11.09537131989149 82.45867490436322
16.20820624950794 94.70784987396242
37.91165447341434 35.024151601926555
52.36006576323269 12.939291750636617
85.10425208243353 49.541459052172755
94.39148723142603 50.86936009661045
48.37990151255516 37.521048995463715
13.025303488592588 69.12231715305967
15.782815571310671 60.01822338321527
19.422199658637783 90.91518313172213
47.560615638198975 63.44107650191826
26.902290863146195 35.499310782646496
32.38393484972322 35.99669354126442
86.31060001888716 50.51077679827647
15.884465375849533 60.09178466320986
74.02261099209299 83.92984584497174
2.1899661237609003 1.5695805113597805
69.48691663921991 66.66700561085183
20.92242315462043 68.62664638397386
72.87581431099142 6.916206185220286
95.35063684298433 37.28763014595271
49.03381416479118 81.7042210592291
55.52158351180052 46.01755014774831
51.87563737900183 81.57860706628206
55.16477260463597 49.0319467427579
48.405348950703655 96.99562001000066
7.923661945640403 22.73863639162681
21.466762222045443 15.917617163692487
57.37635456246601 16.163717726107674
1.1902045089599689 94.83480688941843
8.779860269093497 15.147431870631301
29.547225750201832 60.590653850950595
27.525414335125255 59.92793927986963
73.04998515632977 57.00559880555915
36.6986237774598 21.682046040326863
95.51139815884426 35.36457224409113
33.202538721354856 20.53051248464326
33.72217201594352 98.31498013694964
53.11086110113605 57.59329345480497
99.54856261175931 82.68136795218122
33.03773118387498 80.49913724236053
19.867032348133385 61.042181533027986
75.79119819104308 80.04746752306514
18.466181427882255 4.064130935772647
98.26229093938996 32.65424673286495
89.2322425264142 52.54867871786784
24.25888056335246 30.57941352306972
82.62179664481717 65.82834056199867
22.15156357954018 15.318317974369666
4.113934922705487 32.42608046765161
87.02015630477061 32.363124746276654
57.71610611895066 76.85994556401428
54.79381422879344 79.16576254783311
77.395029993601 89.40170790219331
69.83533358340708 88.44538659722907
14.240611142714886 61.27990568618949
91.31791348648943 50.48075801962846
60.19543802460652 5.418724521905682
58.455868207378224 59.80171426681813
60.75212655646784 6.94722356270443
44.474123523192866 15.434613945513531
55.33841887878657 43.2731310736846
96.735984110633 62.88256751376162
39.698198175428544 99.75166196252331
72.20260858139231 42.05207151358032
47.22378324287986 63.46150820881622
47.10712154699672 75.23425173959268
22.449212031005317 26.245634558728238
99.0297098534626 54.412411596262174
26.573711644273644 80.28346713725783
94.51787234241998 70.80063606384108
29.154426744963203 64.54195166458906
15.17534975181032 91.5971819177299
48.63628896709773 81.17123788661091
88.39422968584094 11.744370848664598
54.86734465878629 41.98751680883126
75.73348150902413 83.97825119509021
71.54527008980295 98.99888853425065
14.906089041918612 26.880660246318833
45.80819651406009 23.107157800992884
32.06777075585734 23.521253764605188
36.37982157391133 54.34954652233313
57.42179638276714 95.94972138264815
8.91566180274086 27.1487237056083
5.026893502814511 76.26056236618663
54.127787930155534 36.17717024776699
19.58268696432428 25.64859846987013
39.246826542950195 24.63250415536318
32.449758067799884 4.739415926356516
97.49789877331771 32.5706192375764
98.08716783083413 29.97310454893991
36.99426410885902 37.92179343308513
19.42467840593767 87.91504235587504
64.33447349195131 22.59116315128784
99.78701574192262 69.85092684280359
52.79061328267905 10.49282897637729
72.94478589965306 36.56948279975361
79.58156471857178 40.73135089166722
51.928912445553024 28.62724428425796
81.02439493449651 4.7362809861804855
52.02648337562474 35.28860463937078
62.34840982577259 10.871759142646532
