200
1 3
84.37672015091849 70.67228705678768
5.8685116814013005 45.39880341866414
30.111678058650693 26.049469889437347
8.736226757042642 79.10329836851548
98.78425520311286 13.661458038062225
52.2145310063201 15.463751138299875
82.84397459521786 6.488505641490994
28.255087438711634 56.855119254412735
59.93042408702569 51.16791930675302
9.706603096164512 36.504435445414444
9.593435340421452 49.32563476957217
17.31439194955462 30.335433856526596
21.775139922780617 80.32298908551876
93.36819475741788 8.893899323667664
25.589302679867167 98.05912459266438
92.55868783730521 7.684525800467079
61.92792860130971 80.1021970393591
44.632437490122754 70.25174699386754
79.7783908644575 73.15214909533272
6.455946183363248 97.6916187206879
17.506713770103776 77.27180534989218
85.05757010793201 19.86895037267933
62.222269442784665 95.9635135068068
72.3880429346592 34.824508605337215
88.60730261952395 20.112182199987807
47.985772554815085 10.211469743461855
61.279891271023246 99.39363121849934
91.57325778602323 2.786006242951111
56.13211624799277 92.18569183293042
94.09926172016807 65.40954976912978
61.60013428793849 39.44693271785238
52.296017276127536 8.910476327919303
12.789884525996076 91.93153343203133
75.91741137612895 56.099202048076414
29.605548013741156 91.65815540778866
65.18169412979469 40.50174258752466
62.098070838200826 26.39878316765667
51.196981109584506 34.68209925352965
49.85263712521429 73.13536803173271
40.628490172414836 28.450936461791887
89.09856011595171 25.061998901717075
49.17456709239851 21.51465559250294
6.471843479798345 77.96503010525255
40.59530590126283 88.47928945279327
90.56415306926162 34.88115430643559
41.67515244278606 4.365985318608034
22.970099230490693 95.10135623214741
29.290220041002545 93.51167607823807
97.52599823677156 74.27639934580144
0.932810853243482 76.5454325209469
22.4714443129594 78.12143055385067
59.35637131753264 7.606425039398856
90.7162687055995 39.846291225521014
34.143545602607375 7.9832700081468255
65.73088747285831 94.53662600868896
58.85295900408949 3.66087587631152
99.46503488084973 90.65320179755072
87.80300165177937 50.79850413306532
33.84451921431519 81.40852595555097
45.64272109722538 20.388318827438347
96.7598650021912 41.58300214637596
70.0294806896703 99.38718963457556
56.06312814600016 75.18055253791773
45.68429044183269 78.39741616079172
39.74041542136164 94.6486518114328
77.94355656221101 89.59955435442825
85.06859858504762 17.693920020515396
44.2165519092016 66.49143044815709
83.58780679062501 77.96614185022696
95.8149547614679 4.458076952252532
63.05831533954822 94.04945555398415
43.813311358223864 48.88297500804808
74.33265548956183 15.636252882385415
21.24038888738189 62.43815509565736
83.90518743474453 94.04388847090279
52.24108514228314 68.31625894085933
67.50968079780523 27.22676499756995
69.2905236438978 21.36807946632475
98.64087500577459 80.5718130401889
20.846777954357563 15.892884873880764
63.65025955746408 1.8850803491192947
90.56839571777533 13.127008220696169
83.51849357503522 71.07121275856862
54.94516949678578 28.436030829100535
58.40926889388356 49.25239117599993
78.83351526283941 79.28623230929557
6.323307365248443 48.623679702523525
5.09254030185422 46.15856425580975
96.80660703338168 73.60217242521598
9.793657010423896 45.99729230731007
71.10572889879529 26.33953456211826
51.75626202467522 40.52464094529991
0.2815591804241846 18.542716096274315
7.976482227415338 69.95546631905367
88.24182836176327 39.2186348488764
52.271177933026 64.29395039364172
59.48954640100119 66.63374258165614
35.48937127148386 67.88567218615236
93.21880472339691 38.505993830927856
2.336491669646734 51.92224996482162
59.68023443212442 13.171322369785688
1.8970025293664206 86.23351484867719
10.209321291963057 34.2883108203651
15.300453442401874 47.69926516314846
12.339773817637312 68.05633881151645
20.695603094746495 41.11200693261099
84.1229542976393 92.51170799965833
53.080726248022515 69.0562166742902
89.70062167373769 60.38598944005646
87.06592820414856 6.623308247396209
58.42396273237036 10.25130342456466
22.6596204337441 19.37629496324089
14.133859192291865 78.89548854999946
33.71670947406198 11.376567063305721
59.442424300360244 7.307585355497648
66.42197040045026 90.96864530957602
52.597200764413074 69.0110673071304
7.045834912587945 53.080834079660065
79.8951589886252 46.4683500024236
46.84245452456815 90.44871568282427
44.17206732095886 81.32366194679528
28.254313915387506 80.15608483713932
20.41544041330978 12.173592559579749
98.66412318133526 4.295988238448456
18.19844367423178 60.04433881572551
77.30272501529625 69.41834553411196
75.08614482496245 59.5371201576439
50.46869813571491 58.91072289821424
97.64347734539145 60.23900114923795
7.991601645933066 48.85348140969368
97.16289776612015 30.316537457234062
2.632398359327781 89.82657854171524
72.87201936278909 94.60263915655109
13.98320307976575 38.47875005831425
5.583990604885658 4.885259203674619
17.53207980141973 40.988486205941356
78.93085146695877 85.22067488949152
11.403170795544316 29.199568220466254
69.20962094089234 73.32427040959612
30.47923776974306 51.69270358178839
49.63535098158047 80.93453890791906
34.265033341611286 51.01226486284845
61.086311630820965 21.666183342350266
13.927642257178663 90.41545665819062
14.076560245983071 97.85581415281908
87.700902509477 98.58910737014699
51.60772262891169 15.594182183411531
3.0318347390772216 53.387344257796364
56.65660988709731 7.311566293034533
26.029820456442998 44.58535566793837
38.47180599198157 37.82400666004382
19.926527273660312 81.59633112696172
98.59484746900888 29.14357433568715
66.13735849688973 61.26779361272969
94.70590832613222 62.169472302995764
47.24151591064847 25.135780492098835
95.25098370368177 21.79906229554853
82.69539097522502 11.548508014877168
35.11232183510289 12.801117995089694
60.211773085076814 14.439490948444922
10.23610191403157 1.24901493434324
10.353257899186286 82.96908287905136
97.40509310829407 6.685247081386758
78.3899936655517 85.64822543240041
80.2232637100722 86.24303027484923
80.57211269676925 38.196620840623005
99.34737252965262 73.7354647647273
85.6588220055505 68.31936366664505
31.066525838630056 60.06999634738084
67.44694317365771 91.64730770655049
89.25327015218735 58.676481810844614
16.4450735538874 80.24359992587773
43.893335436439806 94.96865599458553
2.0998270719538636 35.0883179722081
58.2233668461283 46.5819226514002
83.53536876409274 94.34356570711469
39.02726617209851 16.927260085267726
99.46243081906168 42.378954413159555
89.05707383085047 91.34460403881354
43.75177863056867 96.35745259611885
9.578165733327815 51.01405811527291
8.646540959714777 30.83309341220568
25.918968432262645 40.25681370306084
40.4872958414624 56.170157205449755
15.806082858933902 39.281799743492506
16.86709359609302 87.18160477077058
6.013288635543912 55.513427344466
61.16407608448628 58.599469447041926
41.15675362116451 91.89098328601608
22.348121727638958 33.36370881162365
98.48549465889347 17.287328427063997
61.61588548055374 52.753958638819
14.449244485380097 21.847530870683805
99.87545492557925 63.74737727609878
20.190080870479022 31.920085900834305
76.36893931915279 73.80897211929731
57.47949620738928 77.43014959355207
68.68365827820409 40.30770751320236
69.98281450383799 29.70101742282367
52.818414477315656 0.31890559729723655
