290
1 3
45.795279581355366 90.6480631324705
84.4175876379563 26.914950242883506
47.19541342520284 74.99839475709751
5.91891888313445 18.486079563740976
7.527516857226035 44.82315035296458
75.52422145280597 62.488043476810915
10.052849249403106 40.43769526919752
23.749598486402146 76.6293065851382
61.198862960284075 5.469809005930593
25.136184668324123 79.62140269709053
57.27640676416876 85.87438945310315
69.65790791601465 36.25663337083791
69.13579704181714 55.64022207598396
20.68109326623089 69.33060268338669
61.321400047211114 10.422551019785931
25.70457238779058 79.03998849278705
18.19753554108372 21.728763389667606
56.63129980952741 47.12607121564278
74.3617663201069 22.50770889739442
40.60689023570803 48.5403968801742
74.79550507061975 16.2226268112601
26.554624553371255 37.729326621492795
5.98678559443635 50.055602084191484
37.52122602440726 40.7528467374745
97.9948310177943 16.306789536500887
31.719061777215995 69.2555449752261
98.7646624080037 61.5125286665263
23.561539101739882 85.93143472955214
60.20712345588646 88.38685767966868
68.12983278052923 60.0317615514923
26.54495392790157 51.72067406208238
38.114206790906 4.16903653719225
3.0257075499669384 49.628484720114365
10.020277434980418 44.72474123330501
94.27558836357524 30.207254006231633
3.953908504657244 38.15029830614449
73.63170669375856 84.89451325616535
62.51252733594714 8.799112807634014
42.665653516025 59.010986679524734
29.568318074382894 57.72960921548482
7.765075502545482 33.749347748615996
64.10810293948063 72.21174262076397
13.57004026840456 64.11460345763807
25.74802744678484 35.79920950181565
42.750236323465884 76.68986663885295
81.66398447020275 11.100910415106501
16.826230349406135 70.23694253084986
54.33884032630414 0.8964004761235822
83.66550616675426 9.568745173034099
73.3482702593627 55.85813078609447
46.54498260546072 46.0616933728905
23.871170165762724 84.69338742074663
37.57292798461202 51.31202832892618
41.11134100266052 61.1045062215406
32.45053267941351 91.34522151981604
1.1504525748787575 26.74310554544215
14.657010342683696 99.00194611130142
44.33034144508532 74.16726496277322
74.95676560107762 37.68743520953892
1.695185017564227 47.65323805036512
39.814040201065296 96.65949464486641
91.08663168345204 14.550633233492526
47.60883159484952 42.52389274487693
93.04967005928309 3.0244338240533075
55.461386876334394 86.38503154089712
64.76790772880146 21.26088742642318
46.91402340164259 91.75216334015524
70.1906126007842 88.2540915558667
35.63241056878741 23.44590722421691
57.19495760063636 24.434450684142718
44.810538373934584 11.247131914015496
14.65790642218565 5.451766556776039
9.127978793375435 94.6282350472651
86.75172642000153 15.700339756032534
41.07529792201567 32.86521092910695
63.4431197986268 82.17042477471017
40.071441759887264 22.65300185589174
68.1170084107646 2.1937531860620307
10.461432985921238 18.763644912460432
25.401121063026523 58.81682785271833
24.571958304781738 57.212055773820005
27.90046382347262 75.00197572573153
81.73989281964589 19.677352897656952
71.03441682330278 55.02480293727352
79.22759851845555 65.6754095326036
39.955568778736364 38.83712176621088
94.36960097938125 2.500873078541943
44.55912309712762 42.344393955900195
81.40549549257139 78.02424358673787
73.8221148340263 10.841483128383821
44.67308966981152 81.7957399873553
4.68735699272651 6.033555584337091
54.95521014894642 66.16579739012293
80.32569832306358 84.96876349012066
27.614396233917372 82.84484160203978
7.289173784506819 47.87611662728661
40.41512538920904 91.1736873979255
17.99355060508678 58.506851281280056
74.97232191793624 49.78099882415701
8.55857219838201 97.59248024793692
33.47053642786464 53.12944608612544
29.99175484579315 53.74802154038174
19.573958430639937 58.653138255731285
27.684549968969186 96.8363353391461
22.80763062545228 71.31190346906548
12.571854575411745 81.42864823963008
20.69060037561272 41.988890719747694
45.210742370695 31.70175172977414
69.51081311070544 1.7238156995103893
28.52969187468959 56.51247729612206
91.85807756401528 80.44196350544719
58.844674711628286 30.558028279285775
72.38348389766584 91.50947284012373
81.16088930412629 96.34302593681548
43.04802772415825 53.8521787905609
62.881932609004366 25.113255587160733
37.953064603114406 26.207877993708873
37.0703667989545 66.58890623324906
81.13552892996523 51.13942284576021
23.625089935617183 88.55950867947307
37.56707889148665 14.021348505338116
44.15152030014615 30.44990163577872
8.743838086164523 56.53419755001894
18.62068990656194 70.31667092555433
44.60392763368824 42.12118621639347
81.88252621405378 21.908845430835978
80.11692095524012 55.60202343631306
90.66218435895821 66.51680022867812
69.24214146456093 48.62639806216431
95.81779483723484 74.53085916708324
38.957259281268364 55.49164857443279
92.29312193013719 22.31327548494406
75.6258353850367 65.08498242377433
27.189392403675882 89.30692215848536
73.63746001689566 43.85542481546656
44.7644031075211 99.8518467707083
6.603897359432609 16.65871741586129
83.98030901299323 21.367986708085617
4.551721541739973 96.15282162804975
3.6361256111826945 65.35963580011699
37.66075281476904 4.519447615688454
77.14885868337042 50.998402352761495
96.21050643980853 92.10405669972236
77.38980644748983 2.078293819527044
11.834526518395784 44.29074201721341
21.416311444310132 53.1508234649553
97.72338908101399 22.298466846907218
3.018209199575339 93.21964787533241
39.9295256628891 71.06844399537049
58.180630908921714 23.7000112614006
66.29899131113719 90.35150183070468
32.83343679641646 97.2456474567272
55.09662242258078 69.76042285636834
56.92621532944604 24.635489334662086
19.942763594543166 6.499525001305817
59.09226253721338 26.968027231855764
77.26400802096049 83.9894636764868
6.806637887265277 16.19532479802457
90.34323994049194 44.00840476702071
71.56595705874975 26.774939509280227
80.48048722463565 72.83725785192097
16.95231090556546 7.121506120532595
25.01294491781465 62.7056606641218
75.89166139459978 78.1031435682652
96.84809922169984 37.57576641327576
88.50068996465441 68.54756336916037
83.25184256584576 7.4912484745705
14.536212285409423 57.03473421477157
3.391880011895343 20.432490866597398
62.46607862705278 68.04331130612849
31.46180067040467 89.59440036636643
68.9508511511446 16.608756123680667
49.79323780895706 28.69302220191252
55.25811757860677 96.24674137967502
46.966653295887205 96.50327589536892
53.733454595928755 87.12813323534203
22.768859633796446 98.90424164300455
71.2495238038645 94.11097157609738
3.35540716893159 79.45823555372313
32.23060608000268 20.16883888834391
74.46428370827351 76.30841490428841
78.8385172953322 6.490346421570625
86.43440078312624 53.58312591110439
66.25294975221732 89.34464150848956
22.065660664968778 37.65519165772104
65.37741476114867 0.22821648533422056
97.63397650573393 16.748342123452375
50.759017664259495 8.027251133157742
56.376045287912646 58.58809974357122
38.153637868884836 60.54348252139397
94.86201530039742 6.311754558700433
67.62487272655268 6.238232174554725
92.21971645062897 87.88105105506993
34.60799694509578 7.560163299243938
0.24744002356125172 58.403733804705496
10.992826856053028 37.98441262957617
73.28443646940374 95.54786437819232
29.289469119135703 29.1559544680543
75.11201240721593 51.060110686733594
42.20177554270095 16.108305235637708
98.41449267013806 67.65572125326595
62.97632650101532 97.24896747956322
99.69630053262668 94.73194872881743
47.05973234355179 8.733172051755345
86.94515445728666 76.08897161317665
58.683661077117264 23.734348149468467
37.9784510277295 45.96363704707427
87.02787075138181 97.86843884843266
28.333124018242284 20.578383418081536
68.50752618699958 60.76785180121558
30.95847297202767 10.923788819816703
6.614804710588462 36.3072604734161
18.733307341336094 10.94543568125017
25.45312063461582 40.95464031913914
44.575563325388586 44.05836976271673
46.92698639607193 85.43896315251938
26.08392424357502 4.524683788380934
70.53940685515985 99.26996319193381
8.173550826728725 5.250336076922624
23.398983634061786 95.18138115616668
1.012614115992383 98.86229922772152
36.442398342326655 55.06857755749866
86.07712590160965 29.647289632266304
59.33753062950511 78.84782109156534
84.01550356821816 57.22830867298294
93.7696168645038 23.622764754488944
51.074722196672504 93.66372244122259
54.80873861686106 13.883151956328653
29.514625167020704 75.59374924926341
75.72359388909753 43.116025477492514
76.76130200565605 19.34777243444834
43.43692429842798 81.31223930918543
89.99407866122233 25.38167164177787
29.909752259721813 38.305147081991706
15.715516515057558 69.96024109659578
32.52137176255761 53.347385242766585
55.92936227621335 42.538359632401736
26.18189179643253 45.343221526499214
65.4280246310983 28.79167206516742
15.698219100278266 15.213448860709766
96.37889848379355 17.028200206440314
56.93345842540356 5.687271111395664
21.855568422625993 93.86139797645767
11.591985589805986 62.57563070375143
51.26353764661133 98.09151155835589
77.84470618817929 66.91865644379882
33.910699130767206 41.96688895533127
11.204569921927332 51.898901400321584
82.55492009687156 54.82617404657164
95.46868049458436 17.733945341475742
23.28497613445468 93.74569433510787
87.52108581297155 40.48746302178294
94.92594293988344 40.75574084452249
86.8961289888438 75.40447138251898
49.05185013425637 7.858487569169226
17.43171402532091 46.11763529558495
49.24600703167965 26.664576787067816
40.62941246846701 4.786160076877932
21.00752330301823 56.49597314060326
41.73895146333702 57.35016156319232
67.71193067024332 21.2576468132059
0.09632379504536104 12.584538700194647
10.407483619966506 51.750163690946096
11.8191653429909 99.87014400792992
47.62984064833269 19.608185919007283
36.51835097128742 63.24548326162744
24.792916052118397 68.9803751239878
98.7817269507355 82.79007358432162
68.18594734398478 62.069225883430136
45.06613987115644 27.687341786914786
15.517325636765245 99.89485309488941
24.043703088777146 1.578362245145959
62.90436804359434 38.419160841777476
60.28237044230191 40.73344006237822
66.44095176189187 63.80166354829804
73.2575458169955 6.686722530021916
76.72601262056659 19.288753773364853
80.1479269401993 71.01826104756582
31.58447296122131 87.11137987267318
42.91779088253498 55.778337068365104
15.476885856592082 21.132577377273588
30.072809954011248 21.070919049143487
72.46834048781862 39.49034226001591
30.68874996354316 92.28236136289618
91.82266165239852 11.248426169408553
85.65434739542242 14.9357691851961
40.36586405211848 66.71774697786176
4.125026782869989 27.53300530189391
32.74165506974058 1.4875008435534243
67.56432416131717 39.592359962071114
