560
1 3
49.913483888206535 44.78619308900278
47.06967971566196 38.26598194871431
65.74132579079111 69.53808815336271
69.84661862116074 96.76706204060972
83.06316146616591 70.84853814444448
40.1608814986514 25.36568844820215
31.421125095878754 13.69871065022268
56.214311033984664 77.9738978455935
50.468197617567554 32.6866244874497
97.41618885950236 96.69238652325569
63.56603242576422 17.855702362143422
10.844101155690655 68.6042483630694
99.30030805637298 95.52267590218632
97.77338316624338 47.28738746781733
2.618585829189257 17.86809447819373
12.296520431629832 80.1603729935476
91.32754513790336 99.60610019401179
25.834561309430004 53.79860030094123
32.91721080396661 97.47592087396046
90.48211816959584 68.598458508162
17.002874007202728 34.88542781648736
60.95494807072892 22.260862832020358
27.532213665455572 34.50041572141447
68.3726289283424 66.79751643915672
19.76347091312265 75.04766089995563
81.8703504553386 49.76841479997898
4.978380988166076 31.919220754613242
50.37767161476514 61.83346491464621
30.64158266036221 54.7659814093018
32.61649724036053 94.0734618993882
7.424820722676406 27.494324570519147
48.47235198452533 5.438470086481884
71.62352610068992 39.18592200450202
74.68774864077288 92.521375618582
31.556135497396998 96.5113918073854
76.44858225961595 16.228445020511174
65.94947927491943 33.958480143590954
0.6679266118062577 71.38629061887907
33.82491139606189 72.99207128791683
28.339761028268185 88.27159548374523
16.89242955883281 73.56774706131442
99.94261113543197 43.603768836761915
6.586320770330301 83.42907615682986
87.61115099494627 35.92362012287986
79.74716473189729 40.29388259975415
39.97441805067097 18.522499514120593
40.59038527358081 19.083431886421675
56.923729877991256 83.8670836419177
22.64663633670587 81.69367288244942
18.729910894966515 36.66546940150355
28.992273848576477 82.25398500371139
2.774313345319146 28.98410441424526
30.45008123412085 58.13255026518704
23.265611804641505 92.92994282410774
35.42031439531939 39.04170565127847
76.45868831383859 17.10732435371152
7.316402844050773 51.422230490333035
27.965005679953748 55.04081787908939
74.13865433864173 65.56738165507785
71.59374961885314 87.71565188738859
98.61442131545728 78.69387984423017
98.81644407275934 43.66814161066732
5.401792510787939 12.930269523107896
59.573035266564254 96.29381371380359
57.076451439221934 31.336801392768663
33.89969651432465 37.106848454316264
72.90160639361933 38.16950550653384
71.2581426953152 37.37416286429303
57.31432204761335 45.20687210104251
26.171766913267234 99.57445488675496
41.687812175806286 49.09754717483945
78.21516285687895 39.51382505428291
63.04026748695441 84.08149041208233
58.365049877648765 24.434545824194977
6.926032956679373 74.99015146649666
73.50581151754474 4.81854151465666
44.606980797647175 75.90491179103351
29.19305429632577 39.81633218043874
44.94993448473923 11.260893620104229
24.36932252529711 97.88340689915816
51.38293577254829 62.99367122611561
76.07993261535353 43.57070887333769
78.41742621497418 79.30529649007414
48.43326263705734 17.709623937442952
44.49772524021962 19.40285334164562
32.6251060442077 55.54934672190648
28.39910301824926 62.70558630677638
54.40374653224418 52.30505092661608
64.31424001470228 94.59630568354886
8.816818061705467 34.566940772562084
70.07042693513428 86.66187863444479
85.19576594532575 50.38037413425176
98.0288851313464 51.31335306832185
32.12324700233644 60.08853610412104
84.98612099829144 87.48730176296363
49.23201736513663 38.131181226534515
57.649763950791844 67.20763428894747
90.31612397467927 86.73570095454754
65.98733688502516 83.363252348779
47.11190707276205 80.01612315290888
75.98996584941969 74.44500778801371
43.275110622894665 67.90426107806744
51.44160236896362 67.91354841695534
89.4954962736342 36.36635234847467
11.673162806848492 83.664452463571
99.66726946174711 69.75933620456883
1.0042664856843908 83.19978277266253
58.09688165194993 88.51392272816278
14.20735026519353 30.036894755892995
65.34232510190607 97.49881057837888
62.85079011767283 30.429183165753336
89.36400597207957 28.309189031002834
17.932146828909048 89.67386412230978
28.78488875779692 0.9242901660995173
55.90552483118763 85.98724708352441
14.305647120662801 46.465430540621796
71.11424272011597 3.8590563540009004
35.87112430352963 17.261664217295426
75.04779489073618 71.4056046715966
51.30608824054499 70.95603379103798
17.957549161839314 15.196800841568049
7.227246634550499 30.79338061450285
39.46435117141427 89.46591049641547
42.33075898165606 29.043369507141037
92.25404865794458 99.69270355019361
99.24887339626561 34.47459930206658
63.36801207339002 50.134850666717476
62.05777865088973 83.75975891267538
26.56433757279233 11.11903066177533
38.952528609204066 81.41923403523903
26.043362110657608 57.34407071206653
4.153893200072356 91.98737210877925
70.73610514066786 54.23454504963019
95.2472794689434 23.402274115440157
91.73427156058716 33.581467633817375
67.03414020309788 28.637228923812884
99.07672319285868 54.031921057698675
99.97817090733822 43.42659570983001
64.051362306546 42.58889303247917
15.009130577708806 1.2724327567988913
55.098235413663474 10.90616876373618
94.99721044742513 38.1307697906577
80.81447992203772 10.813683814891451
35.628530005116545 5.555488776454287
17.91622412619538 54.71084536615158
56.23358230778801 64.52825574590466
72.12024529854418 71.519116605452
26.185699303360987 99.4239214121884
32.79272135735232 99.98900172273284
49.14326295711617 79.79032712534433
67.3087663513919 95.02711556749632
41.07222723348245 88.48371422867186
74.05795266065631 57.92851499871634
44.66724163775366 24.91457323739159
64.26174732529692 58.6342688473843
43.73869691135237 61.59214228789451
17.62899874452899 56.972334383921506
48.68024197859475 21.613736926046712
54.107065276075716 72.39542388054548
19.904657662179524 91.07232083504148
56.83930822478129 19.35078683428093
67.40846008491876 21.858443342386092
98.61269852942578 55.4217164270701
73.89031206337387 50.3255593012174
71.21875247174142 73.71934121188409
67.99751283746956 40.14303260159324
20.515819841271533 63.24776270109638
21.638056167467834 48.7218481061404
97.3566843265156 45.583642873795746
25.525176601836996 21.8840780013712
58.45729245830069 15.488596995431125
4.252828359011529 90.51173292953561
96.74293872533735 92.54691410135452
74.39897362618959 10.017350479495546
16.849352078063127 12.98880237934139
74.73935147624844 50.27822199181075
60.14365856733661 29.27128781254671
26.72217833284922 97.09908777898768
86.90835935734864 49.50954326533714
59.30977764435481 10.158839006673869
67.30638160740085 27.35346874749427
30.113362235286246 1.6066973153601394
32.37947611569749 66.81332568727515
27.047215541374058 78.57709251030143
63.58634256911242 6.633385166126038
12.392736615267431 94.28917300665117
25.043430782266608 90.31490186046216
79.01477686037623 26.470440010590423
46.081866506024994 76.31679668455291
10.854058941160694 14.609464824479046
26.462286460034857 13.369215778949117
70.2592585934743 33.43195661464933
24.392949340241632 66.83241140708589
82.68925156661213 31.21340953261722
43.817121989290065 58.62240977809061
7.26377749864664 31.499943997764788
29.718563078529357 33.12860895832779
4.499760914285589 35.565066866415826
60.711851036342466 30.756211286428403
19.54363318640584 70.50710352637314
94.10102764840799 34.41404579736371
83.29962714090675 39.15303304149567
53.75637615317353 88.30822140974475
3.033976801925742 84.05611863887029
48.67007814978912 97.82452071277798
1.0894278104279342 21.250930442830818
85.40072986673913 2.142426319672941
14.895508810127112 8.99641829267306
4.433033589592417 72.81982172595787
30.249896294746947 43.433562877489564
46.23075843541293 56.19578864532073
3.434696734829612 81.54282188513375
39.74669162077147 60.665082738722354
42.444152015148596 45.06979148361261
70.33792221975312 52.008660304990315
77.47030904794583 58.58863760804456
28.42325160496395 75.53522502567832
93.50919831674392 83.74519138009964
79.82250741040686 36.308229240682934
21.5896336704237 18.83397484486529
53.69721301578214 54.34273806515395
13.963905879058448 68.94670631757793
24.859383022813873 41.3646855414344
13.050499157344353 18.262023115990054
7.789968034204264 70.51925413503591
75.46168227207279 29.287686032305295
28.224045793975773 41.9979467441759
54.46738090542047 14.957679296841796
19.967290308566675 86.28836713746382
71.91516238007911 94.76205650722656
52.589160488511034 59.66469783606869
76.41669838117684 58.43346780461744
8.335026830726534 25.134440008653968
76.1427259085111 11.277803576883972
8.562041554189959 50.667529893043195
39.82763906512088 49.6135169816442
18.6775641511844 19.992036383855694
25.130203759027147 21.60657521139875
53.41277467620091 5.627037122050504
60.937096571977236 81.29269714511034
41.343708123445076 13.07000899901627
75.85097963756134 27.303608992966023
65.73213657955532 24.875508077574395
56.9551283596222 83.14140983837885
4.79712214560768 39.05994871952703
39.91619402731299 79.80770112495534
21.946290395913426 59.277421724320334
39.52278480850933 83.56220130720303
73.22167286498522 11.551668221724466
81.91884875657229 47.47170957828122
50.961901718946145 62.83302895762639
95.50589732071766 2.5235515799221897
30.596631870195033 8.695999052994384
36.14196908341003 18.68816574092349
79.47682489507615 84.8902962089594
69.1371448444033 66.81300847937285
1.1103417026658624 3.5794068935756096
3.0040001095392066 82.9610704196232
66.11005901649676 49.049513530842994
19.177146365554588 79.31548391761909
22.491194945961258 82.4986185970491
85.19606165521687 53.386231862896196
90.09392502186786 96.99124396065382
59.247980107475875 6.316243438691527
9.648694618253684 78.86942071393041
60.30336176162281 65.06972969590046
0.6903710342108127 81.35811961763848
87.32642712818944 71.85427775729396
24.42437817595269 42.624357967571555
6.372961686207446 79.00626919626477
6.117342894999878 67.01708221993088
0.6648584820528436 15.989851825008095
64.43116061839491 36.581831424211785
12.909278432178883 74.59040085275855
90.83601493532048 5.049441425939838
63.20134026862125 72.2393609921488
13.710425537757942 39.56707027336264
99.43022545599246 78.66253787377664
86.8754657087105 97.23905924799665
92.14007095034636 80.69662603580684
30.39423338007854 59.23462445543821
81.72878245838567 4.513689602642135
29.360603184763278 19.496372963842056
63.72255401985394 87.9927759250646
75.2839543482205 41.29673806225726
91.24428171354906 91.49617059687554
35.34404501311397 17.369812087968505
73.9020415034483 94.72217822716121
77.33121190465037 93.756918252902
37.745989322942954 6.857950188271511
44.19756459649351 97.40329208166149
31.41400789704665 38.68047164377426
47.3804639239358 20.046806253827555
48.78129450652804 42.35612903642194
63.80290452688187 84.9473130700926
50.3115630626388 91.68395580224686
71.79575510153167 16.0905815749961
6.141314151863586 45.78141704634524
92.0632583589448 53.06655843627286
48.67458077450972 29.09324716052697
96.86445263509012 81.18351458124083
8.281279275579134 60.81910507301416
41.96691561025325 49.30630819577617
86.42867822448001 82.60793113016564
32.30790493893141 64.09106354791119
28.5845349903439 77.79947107842702
54.39875982767499 47.327798019243716
0.3331652895036452 11.327880216231389
38.857686383497494 77.61853228512238
27.97996680260897 21.892554328551682
98.83481713911479 89.07231556709493
19.084232904188504 73.17660262057942
29.764661414434368 67.92297360715109
2.1267209465009262 37.377125327536056
87.99658443692178 85.77612081085613
10.165567524322604 74.67148956510951
14.66207010509708 81.33306214805668
53.70276680164163 67.20578442406774
61.964384936845775 38.085300241226406
98.69201351447354 94.02898646954941
18.684595324363904 10.243080187781484
66.28530864936937 13.374517907212159
66.25001571644407 32.23283964807797
34.43938677681402 47.16054184264977
29.99053815503636 25.173289285781376
61.18391959154297 18.408308689876527
36.52987779857604 33.99902443178209
74.4187905624297 1.8252426108714914
80.90543579618357 84.80869279718426
52.56182873290225 70.65422960765441
58.54703790616125 34.18917897702591
11.366076286144832 87.14964617888863
57.979936294796296 2.0394320739071325
30.644627251714553 18.183476858560898
13.583637941223504 34.75455544445671
10.589061994989613 70.40447031566517
17.591767288337714 35.30863803598236
38.949558816269736 59.92240910727207
92.2346180691831 74.04466355108372
54.728477872875516 16.822816834177857
38.30722017064927 90.34336116721921
66.29047055096595 49.34009167335902
1.4140236651616345 16.401842999836113
61.16950502869065 57.885286761020225
8.621769221855512 58.626197065070684
20.43603022753244 83.02584715301073
78.60026257363701 70.79022441564851
42.10770237313051 94.27853360142448
14.10529175139943 13.208593355250686
78.49387479078148 20.237650125665006
96.60348437917021 81.51327061455444
33.1122270811 75.25110323180242
12.824421283053034 63.60504729674932
13.298944948205227 51.76467270544227
78.65052035289173 17.079019253330795
13.773660173877843 24.549861334392364
9.937064914504035 72.37430034020366
31.117294239650462 81.54981619148984
84.73967368593249 95.31896801993508
21.21314009222186 2.502850330067985
92.730231297166 56.36999092796131
90.7211100608502 12.48820135240727
75.4119137334747 30.379585060179526
25.426872840444116 89.64211926253579
34.20289948663593 36.13667663547084
48.39603681424825 59.0500583286429
74.24907212504566 57.93966508806654
44.654038782394956 78.32703500658313
87.20923596623744 57.50982839315488
54.90885907561807 59.06656896966729
38.13883071170115 60.284885439836856
5.295167827855596 97.10386451270303
51.37161121777049 35.7440865419469
93.80631665271903 89.10706617393829
2.4930566308136504 94.14972349526882
3.8382644609851635 80.59934193280066
22.19550423767014 57.83220226719463
54.73080829223731 14.336929613382509
99.09967261329331 46.58914903257303
49.185674649375734 35.93753817061673
25.829607000629395 16.798915968285534
48.204299115996065 74.7806791994709
45.71601128838538 67.9390471338879
5.907465642598964 65.74708539987373
91.97436918002144 65.29187141285651
3.015053780464938 70.79463084437296
93.06579148538256 31.477375917041385
87.56607694742684 4.611666341698295
93.72053009180988 0.8654166398567087
85.4265479585468 5.483131134760222
89.5838643809434 3.666392666226259
21.08566954360116 9.594551092062641
41.13383421377969 22.25602522223282
78.05464165176286 23.104845022015663
89.68959881653684 99.47322694836662
6.815719866455994 58.548887863327835
37.0619092000789 26.59310290098795
13.082904197845524 77.63491309886874
19.563759743454987 21.48893071870994
20.245429224024104 15.527434328693923
64.53186221720905 58.266231521749305
82.02947823089445 78.17610493267392
12.645102973542844 20.96039233831921
71.20954017351626 19.27887570630975
11.444100048083339 40.00811582985941
54.711737510762816 63.33025383931563
48.81281596921099 29.71149777142834
79.23247145274728 98.38438159030672
74.55253681334699 17.344364331742867
96.4887177802731 7.160091803302682
97.03480585435919 91.69298154778647
18.11854784694722 50.381339756558184
78.13059942457534 31.777635778372982
45.08348752805211 31.860662834743426
34.40702855853039 89.88936464146073
65.06058498701111 57.410181578730814
23.304808260841426 27.178905102179108
91.02582211099669 60.252850841886385
50.91005799226127 10.661170617916582
49.23537055070959 4.906751060142023
53.43818191571421 70.85015393874161
6.20241185560948 11.15578891705773
58.53574684401688 7.081898347428028
96.65037594356252 96.31282358037103
2.6231059442076265 95.72900448131587
73.98662457973695 12.309769619926158
7.56387880763143 33.60317467575498
92.2230637552505 26.09292425853922
42.289442387870494 46.46702957017761
39.83393828544679 23.26872734893721
89.47718792497137 66.93189282565865
76.74116135193667 18.00296346592729
5.3982380950363895 55.82188942746495
55.32662335737506 0.6362489733001908
26.974293355245127 35.9391702856402
13.081708269217597 73.80708017140951
46.79154708195203 4.813348108158255
51.01915244643909 95.50689289159608
60.29057878746733 68.17763413766941
96.81356497079325 98.87694845108301
47.25014176911691 87.25985903118956
15.508546338796148 17.051679436797397
1.9463894863162023 32.866254088445125
14.85771630880308 77.34349933828379
54.68569846582025 29.35531684834718
85.38336358382578 89.46393714778573
20.279375739423912 86.42894978685125
82.45422881589937 51.24246817568982
55.342303083416496 4.215307008844382
81.75886559620437 99.1243919917095
31.081680727761697 59.9153346337735
88.76640487202165 95.1900905759229
99.59198586505276 44.11760693431035
74.53863406752845 5.009233080255382
89.39269457504204 8.40292023540028
14.289323718021162 47.198362054863054
86.96245685158888 42.308423191602195
10.760715651410502 13.010009432026237
80.47139182850822 64.73723461908003
47.687336296347894 29.69883796714603
40.90244869743702 30.01330808576177
70.99833090503569 21.25822857137947
37.54372844975327 9.321936535545605
94.09682307827931 35.25674125051423
85.59570211051077 26.374244952949866
35.77453867442539 38.51243695519722
66.28501997820703 68.39208601537959
37.638764682886496 74.87271619095823
51.09199133540976 77.30251368579243
10.974540219000396 54.0821331935784
47.014472587973685 37.83745564807914
10.182636233167642 39.650023167525376
31.59202325777313 88.06140354635723
61.44886514270485 90.87913633040485
74.30480523549177 43.71807622518802
14.032837544124321 97.28672154693132
31.829356991954107 81.61211675780096
0.1920094981125553 54.522733274556145
53.11922130244038 83.31805125775197
10.647655035663451 34.41913488324673
98.56480095548439 72.24052373644614
7.074129875278734 79.1743776774874
71.27325030714147 44.90343685467324
98.33432885772484 74.72111655211624
76.02708759704325 51.42543280768535
92.61239925352282 71.26417836996328
36.639912758333914 55.39917880830125
22.291044542806947 77.96086362609427
88.49484362958535 77.63235815188469
5.462775134246178 54.65447483176911
3.6060010751022276 20.41059929884217
68.88531724885098 53.196629142637455
0.16572977424222923 58.82754336344895
77.66354680523979 33.95117414018607
40.87797105847475 21.151436316958417
17.359126817446867 43.2866050863514
71.72082150682488 74.15757855616687
56.455932335737 48.26785443962996
89.18814284108952 38.01483964580783
96.32670664269409 80.07174711276188
7.447957661760696 89.11969093147376
4.994398819054302 73.618846851713
58.519026830528276 73.09444685119502
75.36122867327802 1.9104282025210084
8.357725165394525 21.350772496778482
86.91931492243503 26.40714552119401
78.6666086459404 78.13745201416053
39.39144044688152 12.95652610289526
99.5049343205513 39.555407840451
65.20249979933708 13.031830271522328
56.04798964048345 57.61110309085422
7.044679182639735 85.21438437355336
50.38454956955598 75.41824057367606
73.32978150764143 56.10238163789043
1.0081026670790694 67.50016300940996
99.74513583261184 22.494798161836748
34.85637925425944 63.53158265718346
85.02705227506253 70.18769727749574
86.4198882570851 88.10962035595229
3.0182451452446024 11.200642065571632
95.57164737511077 35.633549825291496
64.12325216050701 65.97604018677987
9.441485686623153 93.78938468323932
12.649542922855295 5.898546375765568
45.304314551207135 73.74439071514982
24.75035654523903 78.76099466314854
14.57189304973876 72.40319333258904
87.65774685241556 92.5302402790575
45.89655082240773 41.48491072577587
26.2053449647768 73.85036456129343
46.26437717442635 31.83245333599909
65.20872461645885 34.05537089146187
52.15028657208287 81.93945242068006
8.565545643110495 79.76033195856695
5.375897472551028 55.393340847769636
96.0490021095296 76.51944336638007
66.94948330604696 89.00674753031437
15.858745984989241 87.80203242387597
83.30008635967727 68.11693592462697
6.336978675720872 19.077506562928058
4.235070082534498 75.44323545497693
95.20333439565914 92.27802546356646
69.0309213449448 96.46494520522803
92.1055701453321 14.347345888686714
71.40841321788724 89.61642973584252
71.25834847680557 88.35067928363694
15.015754196192432 51.48282811302289
87.96513467323896 12.140504142031205
74.09164068879632 37.14992076064772
51.815052398730586 50.317854155942655
63.1901768509092 60.81267994576884
95.29974472571251 46.82040646557868
92.00681376348018 74.44001957343114
74.73394101652286 84.88994501335935
39.87318459107758 53.217807334063075
99.40513325596679 25.524653543745867
34.68153854743481 80.78227019171959
76.0085234844432 42.51390865940073
5.810381247982455 52.64021845024036
79.88966008908393 95.55028893005893
