570
1 3
8.277834749387857 22.58221696588638
48.03754395964228 79.59155642109572
48.992665182290395 30.61241490906863
28.128489346098572 51.749830189740976
62.9872403161609 13.06127559478063
0.4040815251203922 38.31464123158879
64.59934514221872 0.5204729126895735
41.762755123241526 34.29510684463217
30.427145622582774 27.54557140810978
78.15658771863497 65.56108061327083
17.852309052432204 14.73966494722272
82.36523516324696 45.49317366356367
56.788007130823146 77.86646572074854
23.371241418185363 39.56517597816864
12.373981678305945 6.04868855785774
64.27139729422426 88.54220744538561
12.63681166509938 91.99951179523498
64.25736411939091 20.28629992722024
77.94695024955107 41.363688218231644
39.137792080223875 89.11434779762352
55.68360804177808 99.93523640567794
16.53777614439602 43.07728841329388
61.837936807544835 36.53323770097883
49.88424360509662 69.56652762440359
25.97695994159426 8.69319157871773
31.9797582820031 67.54549148795421
43.353298514980224 7.513657342419111
63.31982564286027 26.387925434357395
66.77402390546344 20.81246142426558
21.317837917076176 34.52704354115694
57.51179399308726 76.42498237771204
57.36489644539324 54.59962067085791
90.84208238115023 89.35912005459691
91.16465256557518 22.59517893397436
81.63634771826085 5.255583664804142
50.99383660786789 3.143422100255755
74.8026997444644 7.729441561237693
29.121408217372945 45.350290552668284
33.58612234378737 2.79362593856487
68.80498058409295 63.49446912618875
6.175733094988534 53.62654504360975
44.3046889546971 76.00504479385125
56.20140051991309 1.3274819263769722
10.44503808557673 6.283170112922742
54.36667233867525 50.15561942030489
6.377653172155395 95.64370031201825
12.114549119831652 81.10421203502295
23.76097274037374 96.28318183764
5.130195937808146 47.298257348839016
40.93065495949624 25.051913889305478
22.85017621113823 92.25596336980846
13.925434749633482 14.885120371243165
19.593406504765042 49.77177386811553
39.52215837643891 23.02226824033451
99.6096853329323 71.82139167963794
14.461573184721189 58.17728430748461
13.217597259191649 35.14934146496651
91.95526329079003 86.24224302258743
25.80494780980751 51.815699290844705
44.079100726575724 41.198510692093215
83.48892362047992 3.9124330502676274
62.15115275562451 12.501225345961075
93.09209333397331 78.90031636766277
42.092172179236485 21.532995328423034
87.61486577799245 89.28099589385378
68.58968645741076 37.946553285485905
61.56651016001757 31.835438996354327
48.40458151846603 73.25868688697655
87.64846954094936 98.07006834150285
41.433052282747205 46.43797840147583
23.493585159220775 15.063666757478323
79.74640795177082 78.81136623185961
27.528578799923366 36.31802809041855
67.13416978842952 90.65718828036917
63.42257710899335 4.818407328357677
77.09806683860026 30.813166956719652
90.20006938191602 13.349545270172536
89.52809860830864 6.959716003965677
36.1263779212607 99.79838322417083
76.1091142699412 5.48483557279702
79.0680592958384 88.69879481097414
99.84171509115001 27.98460157636804
82.94903920220892 78.59537732885344
1.1259078350895901 3.65223553300138
2.675116739556138 99.70433979940583
18.165035812362728 88.75646170972769
5.087634424505616 90.0208118137073
16.391019708710353 73.42636087273628
15.688445302142107 9.444296604828505
5.083753257583012 79.85791241925023
60.85399733675592 93.4941884767088
83.34650114961433 27.010973974700292
75.37083102705834 37.16251774438055
28.480006574905236 8.530763052864977
28.69256929986539 28.384223846967327
3.3836588393405087 20.867497592952077
80.87678879297044 11.873278603629966
40.01637904709951 12.478835031712055
5.8963990501634145 80.2347509023907
59.93583895860664 56.34432069903572
43.86408872831391 51.652103390720505
50.204141486515994 51.8703652113973
27.773338568020822 32.33114544488656
81.64183610022333 51.004670370847684
9.868073873014783 57.072131847585574
80.85477641481033 99.84396652332188
98.25738204752197 96.04534665264428
28.79109442243348 37.060010243603855
27.664452034312916 32.372330142497276
13.735620559242822 78.76031867898652
44.4553635529046 50.56736591594824
55.71888968346579 92.36494145789634
43.549578331511604 33.92079658804297
58.00577640538462 86.16493567418163
11.895880721820573 66.86626523543026
69.02205856805088 19.311522770798483
74.32161178601804 50.705937538654446
9.182101941664445 73.91649253383719
54.11893193667912 31.886009749657983
1.2166200536601002 82.48815595210996
83.91436195036977 66.59937821687177
60.98076550804264 18.682593617331577
50.75500885355704 2.7330154113587746
17.39679330667221 88.64062690494077
14.74755593426571 83.03128564890537
46.54895101755283 39.46581232622863
27.24927555530512 52.058272374952175
84.41631492574307 4.496988385918721
98.93925978183711 79.52967994488777
29.870078885333818 44.62532721507164
60.86546680986085 84.31520059550388
20.586120755724302 64.26896250000856
62.23126296047254 38.4509780649128
58.42681312026781 92.39298909201656
62.19227740154305 42.74868473537738
42.83480569948095 10.391037954969718
95.40453075385504 22.43713364545279
72.88627395160891 38.05442972996915
49.79003034990288 43.33325045725724
87.50039668707367 55.34817211228986
10.558290514754653 23.643503072347684
3.0160191600649977 82.18484742493526
22.833353889103392 53.32672963348992
87.42687238198332 67.509314786266
23.568652214816055 65.15555656903724
94.98786080121273 60.254214542298534
20.864068486611174 2.5531105369719143
89.72233569971992 23.54817192206129
40.06539788516501 94.18235604207096
29.295073024988238 43.38562060801474
83.66787200289009 55.50184473351045
86.87752810280752 43.14061993670582
70.38501793702166 89.80421092622095
8.375349531646915 5.0521171177611235
96.58160826193772 69.56298794372806
82.5944588866971 37.13608514561311
76.58891898368681 23.219790781769433
71.12404103173498 68.64258142075079
19.026288089447775 6.09954813626552
12.220841057288489 44.11134257478029
88.12793162229502 19.353719258436165
97.18923867943903 75.19642706331157
83.6986367095989 38.25113292761635
98.00669571955684 23.13829330494743
88.10750277550711 17.644210124685557
78.75548414426576 35.711720402068316
81.30748984455742 51.25979581531745
50.09785262716275 48.84576246971175
15.91473796969507 14.779251969039864
72.60452462698753 2.1332436144230416
79.09739175206268 22.137891720014878
97.96965022844783 82.57211893444574
38.248391347838705 11.0818882084031
29.542191621806623 27.923748779320313
39.01849414805532 26.003338161995913
58.15255178310732 18.739743640474614
36.21137053898866 2.0961881493351653
21.220570150819974 69.09659223657445
50.67750028599733 83.17652526232784
72.04903545909673 87.59365689397728
1.0093010632922672 83.44355828932028
14.249843301127552 90.55932638177899
78.13801111346564 27.091945269115758
33.19098951277548 17.030786859866254
26.13524242865557 95.93388707771422
89.68193534994388 16.076871941309534
68.319896666555 62.34182058043607
19.04156364983194 28.054215180768026
31.47577387713827 94.6652128090296
95.42116967747964 37.55310838372081
88.85210449613359 43.467450174452196
78.25263774297542 0.7345924298544526
49.084508802780725 63.730217644081264
36.06536081014473 12.15404207931945
27.17599100818029 95.53054458072012
17.129810264372658 35.12427498696098
37.45168312599105 76.14139436312033
81.33510530599615 97.6920194032288
62.70274183185123 24.522444238735552
10.081524642538465 32.10738107380422
64.52072822013581 85.8935200633689
32.83535873865277 60.1853067596356
75.57361796677044 76.39310662032581
9.74224973789215 20.135039274447287
96.2898856263273 13.681628550777392
81.9833662833725 20.057067671392637
78.67475486906552 55.306630360194035
74.03561911281452 19.347300969831615
90.95316818296688 22.004998664679064
26.078040393375158 45.87737997034189
43.9647114498688 0.4980136863290907
63.50727875300333 55.28548865248197
13.266846804408704 70.65649594541843
21.625402776115376 85.84558055153666
72.48132683355453 95.80183085645642
62.7150351689798 0.07562904029718709
15.366260397740295 33.15621605209071
96.6071087362533 7.907008459180531
36.25151264487396 51.564148653828525
82.86825690759838 33.740007767706715
97.07787109029911 44.4403367389961
72.42296214335882 17.126127744120012
33.094248797365 40.232514615946236
53.524957824168354 94.98058983139212
61.684862113288744 32.887088592833045
65.80525568574186 93.52460032438852
9.336561853492565 64.08856909745144
14.518309754980363 16.38568737027779
59.537262536946535 68.90409090196815
24.327958043192787 65.04894270197164
83.88239188398477 8.688773841671416
75.18339170087005 66.19861041040096
50.09537554299441 79.37289466417137
6.07829673625373 47.30650869638031
45.41649225704973 23.55755190271962
68.7420316906245 7.765622289935892
37.242302422670704 86.94024682287814
7.81458848574117 8.636893520379974
89.26728656769829 96.6162739548053
16.916333036626853 95.25012346155496
84.03427052728038 89.28070498970398
63.45320449365781 31.86647234692972
13.584066699052189 79.444430444818
38.34587014244369 88.6113926953219
45.49940109531332 77.44802203542098
7.555816205097021 37.040441378068124
51.72718436964408 1.21104230389244
28.820374590814858 5.919981935120311
91.77815771276228 63.59423083427747
0.7729346414970584 31.358667807575525
43.937670230844915 5.267896804307015
48.934749234057115 45.38168473518738
3.6693347581254976 8.103966250881921
55.863421609123606 16.860719973882453
19.57339463723351 91.03989648108086
73.73422777793088 82.62171214229241
41.66181136718203 17.280268323302582
17.214876257098744 47.791944115044394
72.45711704809312 83.9192205716952
53.264036928598955 87.1266119056046
30.26541631518105 74.71531987846734
9.662247864048922 7.370253788246606
81.78466093977718 51.256379350452704
81.00162255516938 68.1970354720864
23.418681492405756 4.638063323510799
9.779643698542406 83.71570554578909
99.9381752603538 52.45179312976236
76.51515584424529 19.78491617055549
37.64731098583978 83.0898638117721
26.623008372866487 53.69272304144024
21.096576429454682 50.901148807972184
53.25316410684309 61.95842374929592
66.00589652639614 31.472363511571565
94.62926723698844 80.02065453630824
65.38698884621827 16.867443720135867
70.78549882459764 63.397149626244385
19.86181894639354 20.753939201137594
70.74660362373118 81.84471865296888
27.353358857199428 77.2606744501519
61.397627608559205 92.29747714416396
32.91815324077403 55.797158193636996
40.048618237455116 44.94459475234764
66.55177685155948 73.33843621658704
69.49493887592976 3.1874854445500977
90.50782228005276 28.568755700252566
95.45663585534045 68.92034930212054
6.082073356433781 82.85256225260251
34.25449545082429 97.3584322841873
77.528251250645 59.261148651861404
4.9425004864839694 9.373623161931445
52.71276118338284 75.74543527881801
3.00471821141457 4.217833694462403
55.61066166192346 34.20290608697862
91.60539751106025 39.27380481962661
80.35675498438151 12.681383556304748
5.753617501807828 19.775949964546346
6.614226070111329 9.46833564027072
55.216367547869496 18.015578335270057
50.7206942885329 58.555604600033064
18.022833917036163 71.26906666027352
13.260636440745554 58.25145401421916
84.60384736531421 23.48038093471636
36.581950111118466 50.4780325265112
36.655444759761814 8.360109279582751
28.64516151538656 58.477505008615196
40.40021095819286 97.1560856414371
92.21472156162098 20.595047086750682
43.76063197899567 65.81814526985646
57.4080553518221 47.66032356127643
49.2074967804905 95.2338339722077
0.21144631694816063 36.86397361628988
74.38776413726889 44.55708914789742
42.994919515378996 9.261572292458474
30.875753055765863 13.016891353360327
64.76764508005186 7.637843536267108
41.9554443785541 42.53411260515585
71.71865212163264 20.449849415867448
66.64005940290343 65.76911015081652
19.1739370639753 1.907583640379773
79.07414191692932 23.147974888958387
76.89896235398874 3.2982992206573636
82.93948271187759 4.130908373761599
67.17530390337372 96.6829203957773
15.549709860843276 73.89643627352245
36.09780534626188 90.9544385613371
59.291517074907006 2.4052780824408204
18.12855943287697 16.34088990994451
54.39469821155143 37.3028422650779
22.204349559532034 98.00760250617013
87.4832780208244 35.98564567498603
31.697532162368148 82.00494422915565
89.1345615314419 63.24773148858749
30.772135436257543 83.81212754966259
51.00292077062396 35.44016968475931
18.38230451901721 49.46663734015671
93.1142876919527 75.56330941802926
69.38282036303617 39.579475094333105
59.68182983795663 25.944709687060996
9.335377637320153 24.217671160117526
12.370048564645586 65.11889481405714
45.656108287376625 70.14600010166625
34.58440488095809 34.968983092830605
61.89938170395006 26.975070735951935
90.62322384697863 9.940400229755753
26.899450109700297 0.12166823819264039
23.27591125686328 18.91217845204349
68.29630846156472 15.788818583018394
59.208548267619854 32.1606686093862
48.699370643648024 51.93797829714437
86.34086641216076 2.6000343123127267
37.40621197924423 11.073825835515905
3.724976656680057 72.9922971487252
77.01456000182863 30.034263217924817
88.59226266933729 88.40341060402493
94.23042693460764 82.48693389610536
67.49236770998073 24.42367280474158
82.67002847817552 86.64790615596105
49.929825659102136 66.8664798220452
92.1269809985849 94.14342564040979
10.404648805059091 38.814739985831096
85.6463229344433 47.23564359233203
7.466478601183946 50.382850442969485
73.49498353532692 84.3041709765207
11.07207312951719 25.9292837902551
36.15321687781081 61.8172562404818
81.96688256968929 66.35597515943938
95.67860985674778 40.200463566211496
79.20720405089554 63.43824939092404
74.32982016822447 87.51783771594846
39.51793058093509 26.141872946230293
81.82341498766148 89.9400255457954
55.46707761617009 65.39102671193663
36.81902666360273 21.38490442885179
28.892791001485563 85.59705130304327
6.253072925259895 41.35510725789611
76.78104696873551 5.648441978650975
43.341325918895436 75.03293185506121
70.38280531235606 73.3215437196155
80.03288657345946 71.27237501346657
71.02855351563404 43.989030825347264
41.16138597334222 45.43676256669777
95.17076371285418 76.12725088343065
87.75285401966705 92.63386456360432
38.838914929351276 23.772126115219926
11.267135981038635 94.59697990054032
0.5053609543831605 74.4113808189392
74.69921328353522 25.92314218227363
96.73419824327331 77.6120268470444
72.34382027016241 86.58972941018277
13.311188201817824 48.874187743124594
70.45593953638051 75.67043948009827
41.32876058529629 68.11140857840259
52.605300387312056 21.337814913920617
81.04630059035094 16.77958204309946
42.32987575884171 70.00122761702346
56.79032226676899 82.54079771662792
37.47887844571049 23.665675994797297
8.625984742722736 88.32620848748076
41.01215110465106 79.37905250306419
87.93322556567094 65.56100032360183
30.200553376141272 23.594341957055143
41.04855404669176 14.911334017445487
50.79151022273902 88.12783612151307
24.722591639017043 7.609938667749572
93.60313793106923 17.576364631239105
19.370842149598076 73.48423077495274
75.7016119146792 6.156235250629916
27.11946043374269 15.608322946622955
43.877057584954436 98.73406967131282
32.14816365665081 70.04389134924986
14.431783623103023 85.50886890783535
32.222370733544636 56.79816462978351
85.63464065695005 1.1345690063053304
12.212655857216737 15.194289449032095
6.369778872471499 52.96685253073623
43.08048068412387 99.19849383761157
95.990465156555 42.50616902733213
81.90495246839708 15.495960218428518
85.5335449800694 63.19685137120956
3.8285645895996145 51.90788738986261
70.49933934701981 86.08316778562752
44.395575762352244 19.876868148541107
88.27994075604046 68.48438154670103
82.59757490910957 6.304321113401468
2.84662527047963 30.20814820770159
20.643620594964585 39.6069139687409
92.72338064801669 51.646818417090536
35.37666277210037 15.56952158992495
74.03482425531607 90.71181914683093
99.60632368853707 46.77733343650621
79.94675367810551 24.190524821000857
34.18462731452736 9.864151299654122
73.57097390032563 73.97520849130635
30.04355336273501 62.56419404308329
72.45965115968387 38.71076472079229
51.10009649005958 7.08889172652849
54.57248965674781 85.4253493380281
92.65188146427279 0.706437407036864
52.771127343655145 16.298144367039956
1.1528455961827833 84.57943617268624
4.387581410528796 40.501300395482275
67.9509718677745 39.52886728992902
62.854108037952706 2.295505033173173
76.43466397132977 74.30798709625392
78.69885182724859 41.686290893908385
28.362347746081195 44.481947771278094
76.39444185399135 82.74398127869502
13.942497996640778 10.59812414126382
32.17584022505382 47.77445784294021
4.656667195879294 25.778457941743802
61.970514990784345 3.592676551727081
24.313508857387077 45.984507225635696
45.52074879177881 98.4439156010279
42.41133657954459 5.413754583869124
64.78069265352617 6.64897600875376
55.59849576214042 71.9669253624821
27.150521272939486 4.464132696834611
54.46166241239303 3.9259739601306576
57.328409566133054 50.96068566596976
69.09377855744438 93.84148813075772
63.19856411274982 97.176234936742
42.63579238971316 23.855866410213377
92.86947252387785 9.897335802194252
68.84152026451457 18.21882119919367
29.82538787042792 73.48570747763334
58.86008025481282 38.735917259805255
34.580831237509415 70.39577216422784
24.71339335807894 36.316303680800324
97.69875326131701 76.28041196448108
11.872656069388032 23.242238622283562
24.13557129435091 30.095170730147423
33.164265742776735 45.14431698260062
24.961643370575448 63.39576525938766
62.314677870579516 88.24107874349458
29.13921510054138 5.193768506677077
11.206410808464318 71.36638077285559
44.543061688402986 25.049908123886677
22.896730625615234 0.482113080545421
30.025833125705216 30.241110483831292
18.098314630457768 77.26525270455524
74.74906202171417 94.26011251208664
54.23945668340502 55.54329152533634
44.88680006584518 52.643103710144956
5.481656926952172 18.453259922451192
16.879867905981506 18.167281973599113
47.945604558700204 12.106860657041496
71.66795776403107 68.67809308141048
37.24135495351584 87.64369430859622
70.0889763527044 33.4818596907142
12.157408749612198 92.72770161740185
36.252535868572735 87.25382840309767
65.86062274329785 41.60892741353006
86.26647491540442 90.08277126520663
66.4678204408253 60.41536518120794
20.06691898101478 53.003110041978665
70.50383534797989 89.66771254897424
46.00347545549592 87.98138551878087
52.70669569552355 90.15729788656708
7.1098670261865005 50.44491591289999
56.97395441603852 93.64868601834036
70.22490522380507 96.56548171286363
78.51647724831112 93.27651123516725
75.21640032593004 20.704223613112017
13.643221290673612 10.723256026370475
80.89473354938568 85.70439223836222
80.42301343820138 74.073025317377
5.3777174840316855 57.590370749263144
23.163990722230388 35.620361717689605
96.4121610731853 37.70485334556486
66.97154353096198 45.806587060279355
80.09382937101034 46.07618701803362
69.43123496958702 92.64035323751347
93.21499966271622 71.9669749082011
18.84889586445515 66.49063997293283
60.4351128394824 98.64455970977181
71.3960808092515 3.83362851184732
61.734093574621895 92.82281392848009
35.51983000944192 22.536075877429585
37.8749902182695 52.66478952160518
93.57152445844919 7.757501943715606
43.24735847841228 84.04580242400776
87.26571782396874 40.691041857954446
73.8088879358716 49.559176940413586
50.214199299757986 32.963551679385674
27.420426075357195 14.070904200612166
93.63046808255766 52.77860524983311
19.075001961128702 54.87945224874271
85.09821308165671 23.00739041522979
93.68478133932359 32.07633054148871
5.032379716878355 96.11181990094968
27.651993487833828 19.906673293446087
1.7807145905819999 90.48723707268174
19.48153637476684 83.39242670651915
17.082433437027976 15.698488959376533
55.22124557654418 82.48997308480487
14.02170307952555 97.93005643467458
2.0230910381142664 95.30084019664613
46.94154695866788 80.43164580068837
4.515779871621328 67.81081056010376
38.765147941563185 9.359926294716203
3.9911220044244633 63.49141782632319
46.83784253142027 27.967646728320418
93.63729512514627 23.674386563079786
44.84502351558375 48.09594681085265
15.963048889707032 11.711570231261415
74.71643932236167 23.520640198078645
69.93519889262207 60.85922910496373
37.02544803631576 85.97405387685788
59.926689468210355 0.40938672727044434
73.21753043926036 40.653846497212754
48.715993468515805 32.93286483205515
11.480111016786566 92.14736849949472
88.316821459 28.023169776440614
61.11307875590768 94.2271834991168
49.14702969660063 54.80855010040451
98.75404589416563 94.18328045683924
73.03231667349779 42.97181442984077
94.78763877330938 49.32576687339074
39.710702349502334 79.24635458946003
75.64254592735591 63.353647435209105
2.709021012374202 0.29851943299865624
42.368348049314044 87.8569103147028
79.34038393084622 57.04362929193225
76.0166664259955 21.508616286868843
34.82037472163315 82.5214304962894
45.91300142983263 77.77149070163904
86.08934481769627 81.62870108222585
47.328367551994035 31.342407013388108
20.038085441383945 12.33739403715235
72.40434984742305 54.43842700120729
