330
1 3
99.91600168930528 90.81731481147513
31.790460197879966 88.15888523286435
49.80085615620855 16.255850227602544
15.589095325705449 35.30427854502813
18.727594060211405 41.269354607818954
90.16743440969914 32.778636420947315
14.24281883080507 37.21755563025968
33.47310471288751 35.058909839560435
89.58146332218571 88.44235443092545
82.00176224902414 14.51271361876103
96.28779079990741 44.76286555548818
72.20876780527696 85.59790802904035
62.07115562410368 67.59579981099625
68.94690983155122 52.37640724046748
76.58734158878858 87.79179861433717
18.59371326687256 0.9602392751117295
80.00253321989659 63.98668749153775
52.021617894276886 5.167207906427884
15.721512606238086 7.764028463423545
68.31862135531563 92.27128774181466
9.906879007179882 62.55850114666628
80.51091264035645 10.83942027037943
5.136289911958825 22.445499099488142
90.49350200976691 37.00876996517497
41.57797862048065 56.56307214762404
14.599207465864094 6.514332135161971
38.02940720928378 14.067314578779655
84.85390813664881 96.76913431082421
94.46279955197747 13.215162234350263
12.416935333626888 91.69571853739401
57.62354071043634 21.73794508214928
48.399347857204745 5.286470250675324
55.47049768984349 14.517014399305328
78.09445954283511 81.92246558800451
29.953260330023745 16.31643881015532
90.30897326698042 62.28095122616391
12.850493064678448 76.23476004456566
87.78331080833463 48.93387900771711
29.987985126318485 87.56719966831801
8.86780843462136 63.98973843618585
9.893876970304971 56.941497901110225
99.67477014136755 44.02561900054709
60.02940345802181 16.069513438383698
4.470880360380591 36.446503162875096
10.546615146636729 58.197165048960265
34.25466504758361 4.34955783852482
74.22494211025005 96.36847829196988
17.405089542034613 60.70870773909256
99.20746794162183 19.07666152421532
64.70639120775057 45.78110638257024
71.49506503103254 91.44378444474843
64.45228584014255 30.842105614076942
30.434839412743408 20.831065385994997
85.75861183149041 21.295983399603656
61.18884366121029 60.17602976934357
78.24150833967258 74.01623070478425
74.02221955004306 11.137728330080265
16.698909788748082 77.60652894905074
42.0628394486712 47.280630021366996
76.96332432177577 43.139681610398114
97.55513411439338 27.6756715721864
5.0101291865056075 68.91812461192788
46.117823063197825 87.3305885099048
53.35060540676568 15.484988988821403
2.686599575526727 87.34109355577104
92.63293439278293 74.93770077900575
38.982201483054645 61.198777728339394
89.49732504486295 52.61546052578259
83.53479703388635 5.53799577862415
70.89653459098938 65.63437824611937
50.12296725832152 81.15753735184286
29.438620293023753 35.93187503726578
8.798316225193226 89.18484895363123
19.763070072610155 46.66275818431635
28.149837668216637 0.8132243386416826
8.25190987682618 33.217751336346055
31.407950691054864 66.56970106305225
98.3822398812074 94.46358584385291
13.98271323154814 58.876834655929635
56.897464906918536 9.156646606048714
44.95583146748214 84.9905874617339
82.46741639655242 51.70751007994776
23.48791263322687 1.7737280483840268
92.57939084995073 56.41726175912112
90.54183552115167 43.04485383278218
24.731645899245724 93.73529576879287
32.93851814726389 79.97639194687846
14.361844599825591 39.294233211728624
76.7490977948549 24.976858381885325
84.99298188831126 75.38112114467059
41.96095363400134 71.79857857745411
58.117055647562225 53.445045775025605
27.943550652850433 62.26358279151833
24.230813832130906 84.53771783571733
59.57686533305322 5.511146513514253
18.434726834398262 22.04544707265381
54.32798201337003 25.35805952098349
1.5299395761854129 54.24517761862469
22.019814013441817 65.44527982998372
33.823567836833554 15.789788415622619
74.85372149494198 19.978387075997862
72.32624028520209 62.78025314835869
83.58233775331824 77.29786601249002
3.283053284385473 82.55382831446383
58.64901206579898 31.794924010914972
66.28867531009539 60.82838475577188
73.01380170253033 30.329364031088367
52.91051155933435 2.412793637190447
43.543286824780544 15.48414761438439
52.224431363073535 59.03424340951688
35.226478733228795 41.830428953759615
22.06032095452175 93.07345603182307
9.743901891585072 42.20215247171617
20.045800141691082 5.581128812085279
57.11551374704968 85.11417199857571
60.793027424161835 27.432465291901554
24.96369260069775 14.02825075108649
15.247754871419893 86.97963404099755
77.34355052571331 71.09475086787869
93.21578225604917 44.7967252990227
65.32268100466891 39.32623192402178
48.53709802406272 77.14171139734331
24.135602723781414 84.03958287172806
28.152134382890658 22.12450877078296
69.1962956618412 68.01813349678841
21.051741059316132 50.26929966956759
73.33584190418479 38.44768217403447
27.505897969858516 60.47210159117667
43.28452536215464 29.330977412022484
53.269170550242876 36.656383972624276
23.74269425153479 7.630111941895756
84.95541064157936 91.23472121913912
3.800792249731466 45.49871862281194
81.82375709127456 62.80094731528549
31.74152817184328 55.94814413768836
97.2457347108867 8.973477834289723
75.25164365184204 68.56804483131862
45.959377544855506 50.08397564261868
37.77426284748893 80.34842621161174
57.18198119009046 91.89132303474254
87.32748055821801 5.9692944569134765
81.49142219370053 85.61670408912241
70.3153688100474 54.97664620361662
14.689601918430029 37.714883069402426
76.91439235462812 38.47315449020685
38.9523987071998 51.53905722142282
3.395759760982231 31.989349032208004
12.66573840143035 11.91318502562828
44.906183077458635 72.9945964283722
67.54740059760383 29.507158751857745
5.749527232791518 5.245436556112559
7.855693604083225 76.54983009410661
54.41259961101459 81.54706643137351
87.20570915388075 21.861864879519864
52.57646345448854 11.784126975714937
26.792469049612457 64.86294348765331
80.59244502057534 99.43068768885237
75.7678548346212 43.47251946121431
79.67141914123049 19.37749804607605
31.742108250909105 28.58361664814124
67.77895295556273 97.6126895954786
23.636841117128647 26.37944043343079
93.80374055719425 67.15027381541279
18.07252805707156 4.577746702994556
12.852931482841923 3.7996797540268856
98.9062237237784 87.8542509540649
61.201273593039616 74.2906999579189
85.02063560609665 11.508936972454475
65.71412043141332 41.4752743685606
41.80458430516707 5.399780448969871
96.3330700067601 2.844548028402949
56.67240177709181 62.78562037023436
20.754153243774788 29.14460994877657
47.33736056622466 42.63968360183339
87.81013743167743 64.02738678217739
71.24778136496211 20.07549123812553
0.29208143617323046 31.879521071484152
56.428524256615155 71.62283301033516
50.9068428838811 28.051930464616092
22.93090801364821 37.931906185733766
29.93234057837608 69.7705491037687
16.879022165989976 58.2711459625346
23.745519327069054 99.8675161781954
76.45531940355932 84.17216343789113
62.555297160972124 68.80947409462198
28.75039810644664 70.11162037655556
50.269609773534185 31.953236435100195
91.64213727194412 29.50352311882256
27.59601520422954 53.45713759167221
33.814230640240496 95.58165180861933
48.321996403096534 8.712561895305315
10.53764167866824 32.37176042955032
43.7342924255846 7.775909284214566
8.396821339884418 73.8936956785679
43.69424672383222 32.54178583280816
96.62676988438218 97.17521311983985
66.73783110295113 73.0844798425784
87.98634050444569 69.18588867479671
23.733935024646268 82.52111641811719
23.20150466195525 79.70513169328201
68.34385203523749 12.128234667100578
92.85237360545142 78.64209012215238
29.73249688286912 73.50923934461365
62.23466861045313 57.712494302120376
86.71647871473284 30.15016214095432
74.28996592646762 37.52294652187249
11.081127019951342 77.13951598870933
43.33604351040194 22.638787103911827
15.89636144064066 80.95184296156917
21.152312355966775 36.5873838315101
73.13511416709795 98.37886262202046
6.147914794893139 67.8764484468471
58.88535822644092 29.644377496066433
5.9175756838876215 19.434616904146097
92.5626109632694 12.440041926203293
21.262653284962973 8.441411753949613
90.8911893012756 89.88837045184125
60.29975403111432 3.9004140418371858
81.99916294053592 21.23714262442844
17.320384708190083 40.47768087058381
66.46745334393533 10.464512902942591
93.73143083128323 56.61735665985641
39.003544567144075 6.7381792718972155
40.542357451315425 69.6455451578923
48.172696052983 67.87274242995159
5.614722838729702 37.33561271917236
68.6542412108516 65.80153975218674
8.937646347838001 57.98542929509058
60.234917364919774 63.22720021222808
42.41817447837511 21.456481473356213
14.182359401674184 50.110166270457235
11.510488895629312 41.694187538681305
31.154043134453225 68.09509587299448
96.74407185118723 65.37251957244037
13.019759129502884 79.5121174883499
6.0834427135400215 64.55243808747733
32.904087746121455 36.64723578553264
32.82813024682654 36.45795384292985
67.9401605096281 50.488450591766984
31.99409860464799 21.520609065253836
61.966595313416484 27.2515019206361
25.521433496569212 88.09022302544516
24.948593698526555 40.4398990072522
22.02634017556686 10.19461729278035
10.164197736696966 31.459098454564316
6.680224443545946 66.89958347583888
55.965623081007074 40.706308387717
62.852942123090095 53.49567950277265
4.2910669792834755 4.3967420378927535
87.47045708079943 2.3042297250417842
5.928511990318186 29.007163824091474
16.442586933480886 4.75701756975242
13.62041180232454 16.70438418893403
63.31351404174348 95.03232081690834
19.055420915302502 69.95368145553739
25.070776298614827 48.78070255264082
44.31367039667791 5.941957462379421
30.64457879327611 71.77442412099116
25.31249808635372 2.2264185640217704
18.477559493427865 48.638813160161455
6.036160123933443 85.88765270480572
42.58848378405058 55.97079557314741
83.77120432576642 45.329961999653534
26.891189059391806 78.8574994816354
48.769680308537964 22.92785024197017
57.006569743134385 8.617234965961984
46.792509457056816 87.96933855978004
55.59301586860212 25.28386862262362
13.95995855202312 65.10199375026883
62.31687091399603 50.197371590948926
3.270589832695303 86.79777847736518
7.521225743699045 37.208917365526204
41.02108301174119 86.3870494520902
33.86107913373087 1.721537448868915
48.860430994251104 66.17332527861262
14.649491052966024 70.6393560310168
0.1252299763344178 41.71657059969862
99.3587389540852 23.322754997496496
50.60040228726086 32.47197425317809
33.48178912945288 46.96286328043773
40.85857529399692 6.514487953816817
10.516327392748481 50.413624656715996
12.78609610048247 5.964783663226658
21.23026870447533 71.67132473309708
89.64034847649889 38.05761157690235
71.99240051592601 39.5526732617618
48.387809015626274 7.48928820678989
37.04236203783409 64.40265976474709
91.57232840037956 4.980093589480972
16.445143985692013 49.227417382881164
41.07030939070262 25.126564446182908
51.07485039785078 50.87730958974124
62.87350079183529 74.17495832328673
37.20966606281475 45.23140359668836
71.8788950531706 40.654931079953904
1.8344592893950296 16.0668114910667
68.21936240500499 67.26230845315257
39.39244814011336 46.04396867898202
49.50455006217802 47.126236216390424
62.43009356274172 73.44567634837628
52.79482085726745 24.635145094792122
51.083736411068806 98.71833529324351
29.58882224864492 83.41183186274348
96.05877691781377 3.8546809266354787
80.43196810618849 69.75456238648263
93.14295081855795 88.67409452894816
14.178230454498465 60.198452323201735
41.46493441565329 6.7578566232112
49.51557412549887 81.37055136866856
28.25346674449254 7.8475974585882735
50.12486042879631 56.34436308519861
53.73526762287171 90.75487365749237
93.59962830248021 67.75170883738264
47.681598584660144 45.372954001498876
4.855558823518291 93.80836649608058
82.21443077630055 82.92558013875242
45.32138015239535 68.75224226999303
78.66880223459867 98.59053455122076
52.0941429736391 29.715212628993527
70.40851982382993 0.12514551313398403
76.94015126145675 41.85284662654711
14.06611196197769 45.96783889832465
58.85380532518414 45.46616249055049
24.845954118478318 21.49301234842662
27.591483985202835 72.96734551811792
27.51419610210306 55.750516378182866
30.681409862140008 80.21586919292554
48.11625206544827 69.25485014150897
69.84459426119025 59.52574243545412
27.032387038455298 4.6332148912086035
