920
1 3
85.01794735201828 37.20181125728552
35.21402175295276 5.469456206220902
42.30512903255885 37.149522774642364
63.43579873270111 71.94794097165416
54.39698183017436 53.77095014134843
48.95023490175734 37.64361866325792
61.33965826738306 29.767115322554538
82.16943062796302 74.5341534127978
57.55772806045065 15.843009821874766
69.34534266746097 37.44066430775479
42.547208157872404 46.81327084411669
7.560186627436716 26.165832264878762
3.990483777471221 89.85735044130104
31.649909401605548 31.413753620345975
49.83262379073785 34.09822330047461
17.095597621815763 16.410018838966025
78.55927739483903 22.533865065666593
46.25355331326833 56.357256098250815
61.779403305537485 68.83702329118138
58.88739116101731 10.228959662548442
82.9301965132014 45.336756025269345
64.17017094629385 21.044376710067336
82.88177439682791 16.066200901860817
81.67664105086303 23.54586158282792
3.347711753573046 49.06064049534269
93.54231014669965 18.099265662547737
6.393152941864844 87.80259845251528
49.27233773701718 69.24120327955627
56.61431994000283 38.37478388217717
74.5482808013093 40.23072054757553
63.439059442652294 55.651454267261215
1.5094031881018877 73.11913279931856
1.8196663907786625 48.51408208962822
80.83461499124363 6.204639238987353
93.3015392714213 63.43127601068919
41.78271062091714 25.668136359794236
73.48985756257001 4.601670310365402
41.05941353071492 80.98317627960299
4.042274347113084 9.396431582116982
36.058150554102994 95.66147943578672
42.967585537968866 95.66710504457818
34.336062128698245 28.03604501241388
99.74246548224468 0.42683420582696474
20.71177170405001 37.22814698684236
71.02769200526228 98.25724835445209
63.55603278450286 75.68105363750735
99.75424030874616 9.751483726574506
51.402062214798015 25.412982934569172
3.2026785292900373 97.11168358198712
77.9279176184354 89.37744549605307
63.435776001803035 3.609963208972844
46.1008436155683 69.07099390116684
5.720815447866512 46.06776676834854
12.270993252401796 88.60274498360184
68.98471763356811 76.01076797806094
76.42253371319127 72.0181198149719
47.692432385805695 11.415926503982
23.252677693281054 76.13972049032185
17.921052744823808 47.970409960862746
38.46122912646444 71.81040849271328
85.14563757671776 10.966688164787165
0.3821445611131846 16.237427853624297
25.5393468278442 97.29574568964404
2.5750893002138397 87.16443504661584
53.206072651765204 49.29151679890052
60.16662891905573 32.65429084213372
77.0531582032769 5.8258409590994376
32.6313036907153 14.567889530066669
92.97692333794063 63.204757900435425
34.15733466180888 16.39673262789305
55.17466051572184 43.16509711673569
28.659668043424592 40.564457032801116
50.653291104585364 29.576523216008543
96.72909588191654 42.875113939705024
47.13124852459538 5.963292363707651
40.88479190332528 75.30298291442001
2.261386965843437 70.60805132682188
13.235727329111358 27.442449627903386
51.07812966856746 38.35847438522977
44.04225029016442 12.623690771709484
62.630392180058834 50.487570362314486
40.67307429827003 16.753405944032874
17.79155776073349 38.02729156315772
99.71189033913757 78.34800065160738
27.844924001148286 21.90121878186013
29.443529293613135 84.09106680811287
30.950848567334745 59.79773757387623
90.23170624384325 23.809521371573396
75.3255993765261 91.29632136431911
55.68770556919213 52.93797933206965
86.24062332313052 11.055743499342752
2.039714112704094 63.74079574074179
85.49700095790857 46.06214078869182
18.99034585291133 2.7569722513014483
84.13469930560657 94.33911498324147
74.49318526081512 43.25869853060706
17.498215743504918 19.552648657018867
58.46439993985781 92.70126758855035
83.79766861763194 37.38337444831572
53.46128538315511 13.728047333921456
22.940589481014094 68.25973914397383
84.02666052179366 11.463452203421397
68.68111551791436 25.822819018402154
58.262980282307055 42.11474336934224
62.87293005473546 45.56050577690256
24.8927129139878 94.08883989097244
95.00100282462824 93.30047747763439
12.29216454406985 81.69158944991952
10.64614051216941 99.08516001196365
10.81524706617678 75.97170583679342
93.03608197669891 44.20738200504064
0.9315383578435643 37.64870862367262
90.72721293738346 21.36734682780308
98.90119536055435 47.217724277377805
26.920679941849567 49.966150778802465
4.214902880913529 3.911837411329633
54.862703082254825 43.83097702991934
55.630953389232005 79.06790666517769
65.38446635237239 13.373180868039313
83.50709407965546 22.572840991710308
59.001558816913004 86.22891073184861
24.483778066339923 98.73774538543371
17.34001054763685 39.221655100048004
72.65137876173391 44.18296520277043
21.16992946132101 33.49285628391425
27.415779210777448 41.41701803748854
27.024076171012325 33.00217310031191
72.80321218074688 71.79093388941462
6.120661269241934 26.67566526728711
14.577323110431074 12.35133034449396
55.73658602523732 17.195511412089704
36.677056808756284 50.07841103334041
44.49826960541776 72.32020271877066
60.17711953693436 22.905488390456096
98.29809157752838 6.654968291361274
72.18958010739878 68.80290472954928
87.73882427581556 70.15148327943963
40.03417726199137 35.51539348985659
99.91186329916148 53.29081247751184
88.98726583966472 35.79215288338138
19.41919623593591 24.089281449293164
28.82513525778727 65.22988792059643
15.339199393965375 79.35907679917604
38.04992752052685 43.10869613882578
96.61811406433449 15.417793333886332
69.19848237867825 33.95260463605674
29.43495243889891 54.94567567433013
46.94558334053281 32.4600195369015
5.067240691217156 92.75042108996323
74.56455066470326 88.14460492250407
28.661559780332357 68.89152427987095
19.520387929826157 71.72385474443843
66.62621729469953 58.22136566567344
85.17806749643586 49.0588177672634
51.95027774201184 91.47671482976946
85.03527936497318 33.431668510679756
35.5920659924392 62.180338321289156
96.30217281011777 79.30010003104454
21.464906456167387 78.6700372872509
42.325813594802895 83.03891321236831
55.5202681084149 97.03453013605015
98.70255173524886 88.51114656822293
36.95886085818503 57.934805926424104
50.47193531753895 80.72159430949084
45.08367147653718 20.374337758371517
25.464304893651658 63.096644035395855
78.1161145254416 19.75050400744156
35.72113467567808 33.895436055992015
37.61927178446398 68.9142592952942
8.577338518476774 17.40833528040888
58.06798297158395 67.27594853839176
38.71565756479007 83.19123922774294
84.18882170807464 50.406715013374125
73.08887867340393 45.041974595423405
50.23325021294502 98.82893090364244
69.82685022478421 82.99886847775161
73.72888946615275 71.96971393377127
6.621571621830924 52.84947948079692
89.86471044524839 94.58696977583372
10.786832424502402 74.91024343215295
1.0519014983907393 76.70975026352349
65.88210172485583 42.54812563312551
94.24007994715036 91.76913387565972
81.18582579280546 46.01861331064101
67.246263932528 83.36955932287569
67.16865322873615 31.11578962263215
11.018951262583032 69.84675168992793
43.745684887680184 34.58532814000357
9.517664854302165 23.173721720366025
99.22935188661168 43.503425218858126
28.91102281044351 24.448811496041166
74.1826442734915 82.6075100128534
50.521406726345575 2.0805748927977374
44.76658543489578 17.341847057554016
13.08080128758835 66.8481494379102
2.235062145927502 90.28847083846705
25.178416937372326 27.719526515804983
83.15510461856364 20.805129799230194
89.35414734059177 44.19451486827104
67.66701772972745 90.53728178194235
19.8450285610106 12.457464410235142
60.9912625288501 2.5720337772521473
4.139988272631112 63.746871711701345
15.14962358067744 97.04679757445305
92.39811063227421 54.74199898671841
76.84119086695813 42.75723491385577
75.94769601685462 45.79487667329014
70.91857868520239 64.96337107127292
22.533438774342883 55.13104999728198
63.051088994764946 42.51243982184094
24.499392426086942 5.972555363398291
52.75932260869551 51.31749583484968
28.025686934704662 17.041720690838424
42.44239736011131 28.5837543671013
6.16706543471599 79.93940371886951
29.704779418023698 21.043540970305852
76.94126429348 9.22541912735686
61.47354776833544 62.263593356798765
11.279950435749008 2.6207638968249958
61.003386053490075 53.6971291995159
83.55348685157313 28.773704525020193
50.90331787926785 90.88329789184164
80.08604851982525 64.51176671583639
58.67433995828411 90.32394227345945
24.322693838450892 40.452029672024125
71.32119232958783 92.26788181764898
78.12471887806069 21.82038822813981
87.05599751343449 75.14278403826964
77.60512569558895 97.63854019321552
28.113574413810905 61.8672188448842
95.73619873245458 47.061201389421406
10.476713325653563 48.41378919575661
87.6915562581026 47.47076756138071
67.09795578407527 23.480717055684174
15.300916525700625 6.750603340922368
92.62200341441876 79.79098602151917
61.22375231286521 17.853642266836612
13.562460523093467 79.33106275550136
91.17249620991315 65.6729178818517
30.23388241838223 49.140336683374805
84.969077621499 96.02940617290004
34.492060935648894 75.08945953062562
9.146203000656739 38.31254374789792
52.2740335663259 59.4947636794658
84.23875372165959 88.48261185692637
22.586901779325675 77.16463117167733
47.661957213803305 46.82838958367148
8.574837772586541 68.29759146703833
36.92453950761827 71.97105212670074
45.29734606492701 74.23245431952574
97.30887469856823 55.03715908511813
24.463047210506982 36.52182378897266
93.58984897971345 38.16277985751204
27.77180344026533 97.74331439658881
91.8816238724212 50.05765978716876
27.557847796870625 65.98684536840508
71.35556263947443 46.71848987104992
49.785001062340854 5.155776637598475
30.883537766743242 45.70509224979451
77.52971292538489 91.61920917650616
97.04999131729666 63.67657218803302
83.83683796108801 8.149273799356415
85.43814625569036 63.29064409500089
20.11661521745087 55.91127240435194
3.1576845344616578 44.88571153165501
10.218344955348613 35.35262264413526
98.74695953174873 29.732879344937757
63.883990153157264 66.46723779696761
38.143450450480756 38.198020925155404
13.130704345307143 2.142864519835652
55.908074358654325 99.52674804643924
92.30335297062291 70.43022682699277
54.7941315262976 26.193272246669828
2.395481901803498 86.99269847722559
85.34970932774499 55.40152380148422
39.31955288870863 93.09070173445835
74.13660497138454 26.928090687316764
18.478658884999668 59.62669576367085
18.441459052894803 58.11715640576283
83.21799837623544 22.34370138767716
11.306344836742754 43.50355430721711
21.459717157519798 27.406168496136218
40.77428310980178 94.54905273683146
81.32996661799301 22.50213393502547
22.882495053515672 92.8303478321709
39.5149267585142 92.8991142274088
81.69087901296773 61.362955639654615
82.85119279721422 67.38206278186935
68.2385662318635 26.577791739325775
86.41139193744422 83.30386356603495
0.7870632746861617 32.48957346558801
49.690259790525594 79.32598408894631
38.67340095285119 99.08680871065482
59.78368497653113 43.82266604922216
30.789593575747464 43.13290357580228
53.86465851383162 85.91969188254967
5.893051636836666 86.11070417520088
71.18528427149096 34.513476858301615
47.3086739673781 10.968577671010692
34.18250475297202 32.189496290821175
23.968043028886534 17.795196599947595
90.32024984916696 3.6361041697870355
95.25358677802922 94.19406149743341
89.36934258340969 7.077691134400443
15.408426206152326 20.13608420678057
68.98039781202623 18.8470816636358
23.340821306001036 96.59570977680616
61.32882067724843 10.320514436728034
87.41971821783866 32.201171031846656
57.827586814283436 2.861190319290685
76.47615751077707 74.81478299161337
21.53208353800855 49.74955880040244
11.191519641440252 39.10341264644741
13.852569641587674 23.525106034404853
61.64549172472009 17.603137392245504
7.363347258842978 57.166251636884155
61.86175187846086 10.598463200677033
4.741016130560594 25.466011832538292
93.13380888036336 9.277961814059932
45.83477757868424 63.84083255257191
15.336079328414565 93.94827326065729
94.1854242357437 13.336586838157416
78.16791509769007 19.28375616319635
39.705824452548796 96.34351720519574
60.85188649152937 42.457473477066834
46.18024820310147 75.8889361346033
36.91897693990449 93.99704189595847
62.65439190284647 37.3986036448013
34.77132292978968 32.967828897656126
47.39629404675645 89.17746513336115
98.47348088971583 38.614295488354664
28.06958062003666 95.95474926466696
88.67687688642076 31.51542046325908
9.377756611624989 67.45215515999799
16.28553827111223 52.54884273271014
33.965624321540645 51.467946651032825
25.543669210894837 73.86813006273873
78.24378829474774 30.123803579762875
18.402819375723013 87.34758376182003
38.398113713195016 73.8454264567789
80.89224340617744 91.94953676940017
28.57808065653462 79.56190283148375
65.4931383460305 64.31756601137137
18.135203577652327 23.99317586800578
82.06457780387046 93.08751610307236
79.49138231211856 8.662812182658541
36.625830056456145 59.58633759426901
8.853520206820598 99.14296483270051
88.84615274646883 14.547108777977646
78.86250997014928 52.15360153534561
65.00707181275973 52.46737431137862
52.63967659815456 83.87637984159029
50.363541002815346 15.241384428759218
38.58230755200602 95.17487827768252
83.87084045901933 87.06456456660234
46.068311784467575 49.769060174417845
24.51276964268352 73.09733057009169
38.627891668794014 87.30716260205486
0.27993957955361193 85.57990872187187
44.71386989139452 6.846055151639074
7.048024357606564 65.63650527725824
30.011442375388995 54.22907850978016
6.641754526177679 48.09682818100014
85.31572533024814 64.15670711886152
12.10529315160278 41.50135363496577
2.8135270864278583 29.435837917452123
13.627591309894793 32.847325195886825
43.917342408517456 49.77678205425467
57.480919368129356 97.06515616815707
90.47205126278442 79.47896128292156
74.87799789436383 31.743709854660686
27.039482996621377 5.488605439023786
54.558741551340084 43.452499778890584
98.05064257941578 76.05103265593318
19.735642644695428 65.66074514632322
54.5070612949726 22.822856121799127
63.75741873965885 1.0599637252025618
62.54547427402737 16.16954214021311
85.44776820399531 54.813007364565244
31.553081869756248 28.039211043433742
39.09365581628166 80.59621481764032
11.606075270322492 94.44567817616507
72.1999781864013 81.74811503513335
25.529102817703976 66.2214116524987
36.02288731644905 23.529435818714006
97.65404504036141 6.180146217759641
0.01431067334236591 35.941715676152164
58.819351600526005 57.761501786286075
47.40605406482909 62.59970282586562
70.2276136232484 99.26483361338441
89.111072546295 24.363046902387175
87.97690548960328 24.771724266530605
19.310076232967365 89.53681764748652
43.47859722104994 57.962540788152815
59.05555238239815 50.37538898635023
63.53088320182636 19.245573384847003
64.83689403068249 45.185040698195934
57.948185599681864 88.67161401772414
84.06787518014396 14.857405061419149
46.01797684201561 65.6143587948283
23.137633718451323 96.71367467696648
57.77472442722926 93.81527450819023
70.99264269640402 82.96586186639874
7.898977001085794 31.25523737872511
26.991734226741436 4.102455439209884
52.801910934430964 6.031701370774756
37.091859179152145 71.5028824330781
83.28022023582749 91.77832718426835
97.85212772043212 72.82622675554782
66.41930066314747 90.18492322354514
43.90839091644929 64.3406643191254
92.55810346325026 52.788492914300214
57.52572493329846 12.333599826592634
54.305852161023324 8.307628318622772
76.96142428508097 55.17085402432495
13.79557149152384 72.6040532036104
83.8862546739991 2.5793248050327566
67.94168300943448 79.75782756418437
35.80713055405973 85.48192797525907
95.0171750118798 54.086706713443846
83.21341452853035 61.18043688102972
7.109298638087136 57.00576673221705
95.90781871386676 70.27261009469845
36.00338842925608 56.38685737073328
79.87930089767164 75.73050158591981
16.872010463538277 15.576024843329407
37.16328317171897 21.78508456753654
33.597351695909005 43.138765721780835
66.76619994374813 5.761126207194467
51.98925474038305 49.77282234785132
34.87736206995577 36.47699845721113
83.6312144323639 91.71932360714021
42.409803543622246 68.50112977601744
30.634595749556446 81.14847780457988
22.368043258807212 75.01123067777084
53.381462173802575 87.72242727259231
74.85616684463294 21.884935919202842
68.63968056318473 13.473056442194942
43.441537437681866 19.12636303834443
64.59558542867465 57.10170807538759
49.73246686605264 84.15953957197269
21.114708910885117 57.42912809138283
98.94215777357809 59.93730579860917
43.785096129273796 70.085736815451
86.40491595135424 70.33592220014431
95.34918466693183 58.29573417521048
25.051088016920353 72.68994083748754
74.48828333015275 92.46436943516545
46.18492552623186 25.893607823554966
7.9306581409203325 34.51857665270366
52.41948277377968 47.48042659969427
13.520222077089938 60.16537472536629
18.610458260222362 20.543427569448625
58.431836850945395 11.679487707911985
7.430449055095578 21.350016369381052
71.37200310611864 83.12895157229138
44.59645287122947 50.894377513572884
43.51395040112045 77.78723954100629
83.02878120233994 22.615977872137737
14.708646553967464 54.66456973256548
76.05908116687972 34.18994144595744
41.36283149111948 38.06745192418393
64.80003018609801 55.53984589363141
10.220957671253284 32.371162617883776
5.6908478543127305 74.23830823479231
17.171179143301796 59.69254467519058
5.324769456472844 13.52937250897208
73.16148080191415 10.042521284807249
63.124868862271995 74.00448209981639
42.599103470946666 13.106922190552472
59.35049926078093 97.60873349021017
56.25867843637078 6.784780611157637
67.2447729939175 8.667274745161912
50.940364563558504 84.62405100262427
54.144945909679286 3.7098934548812412
45.117617679008724 97.4845492522157
25.52280836839418 2.3059931205354323
89.161722063017 77.09897669224675
50.11257767696051 95.03408549203327
20.968208152011126 78.83331007089166
73.46577261338206 56.45779973463394
69.10150574175302 23.25747242398124
28.903969999207035 76.30955371379106
76.88732235251202 20.90570490096477
53.093792975055074 89.17374918851321
43.432554791639966 16.380768938117352
85.644040126531 10.820397220171785
16.533043099394096 96.0621164046576
89.39422136222181 42.61186999554874
4.582778097429396 48.739349020641875
36.45187991914105 42.07967800656516
8.060802202439366 34.52832116196234
24.161237739494368 8.00339186468979
79.60883873627122 42.13074010532281
2.832243341256646 82.23644247060437
11.491438101328022 57.3204925481412
72.75019137712948 45.42613852583604
3.612784147487913 53.98469715947203
26.543464686817142 81.22770469632124
93.96749125412744 2.9723656237411467
82.6158841099956 79.89030496958576
23.4333046553431 68.346098351563
77.4161638200253 8.918197331987932
63.587453309635336 31.340674113020505
35.30532244597888 53.434500429675765
44.96391257371357 36.50219192615567
64.14736171451139 88.03530476812958
63.433857189748636 28.64561114416393
15.596019507720449 8.450233174179766
33.06475975173575 5.83977682936605
61.74153499453789 97.63589541648525
1.8824788714802532 4.23097458216144
71.50008755730177 39.92373414646622
39.1199148645073 92.78676525843075
76.17541864404944 99.35490202731579
43.06786372118157 41.54838859551111
22.667529203268423 95.39647197511265
78.87494799181331 52.038924182104005
34.9602919030652 1.7643857272529706
17.621931572073144 98.50683511859408
9.891682680653012 19.827579166346986
54.453306741165775 21.935653305256487
95.06358958841349 4.492460143361776
25.490433443609216 3.21074885095074
12.633032960491096 32.22033462324241
65.83030080369016 57.297755189370726
4.840016499747568 95.9799696445702
53.54610768938457 9.597082376065845
71.926464860707 94.58852927651633
68.87172813332067 60.208175708665415
70.45201647183772 5.565712621150487
81.64533647124269 34.00002733897931
13.303715430850517 95.55076552921011
17.7896143593532 91.0981998057427
95.5088067655973 44.96929904400226
14.935202416808902 89.03842470247669
34.76229627643137 52.64206295524163
98.24591629520097 67.57419923756333
1.7351859263359026 41.053643760750006
21.716756686754056 75.3338754555247
49.86320523249639 6.164877952262349
32.630844810906765 81.96091249566113
46.37526553190585 73.21939840519096
25.952666080308973 62.4771512900377
24.211220181955962 16.81140445802225
45.28732873601269 19.134578612321064
4.204364677543748 24.49845451939727
71.79589434588507 33.32379946082376
36.0662744967422 66.41911394820161
79.41903257457805 42.509758106122476
41.533341399983435 37.50945234693144
62.11392871787373 55.8672053006944
38.5125440884579 24.65865564916372
43.00196704135413 60.72706415576417
34.37201438758093 15.832111741504873
32.88651279957158 27.87459138074688
82.1517060458202 94.35626667757128
46.52716954033424 24.688713182355638
18.618024350973617 87.07179646544311
25.470717151863752 60.10929656141766
8.450192782238041 4.464361289287422
67.63314976485357 99.73070530303754
68.45639988114685 57.16263022807393
67.84505019592699 82.4902816556387
53.36497698371711 86.38533944687768
49.80954673946805 8.620084937159866
68.02916466952044 84.98359793624061
59.09495439056434 63.93055992017065
98.76943683805291 51.27767401692913
53.909935431247824 61.195065988182805
83.4253673800994 25.25349193661366
35.034582241798184 74.49605101486007
58.36260160338074 20.625610459792853
31.420484004644365 1.8407096179291038
2.13976392823485 61.848251592444626
84.69004570992375 65.4154380466786
14.323489977454607 40.722541612044424
67.63344074520006 69.41693380075445
36.83203883486264 76.3804167421207
19.611096083936342 77.5531271939988
55.134837484387056 91.47537915797457
41.88335735926405 65.22656723332547
26.28764094013436 48.14737757987375
36.15774849392628 5.60246297196072
51.873092373365324 2.888862877184617
69.80659310742507 41.930380575550096
60.60452863063166 81.36040725689368
68.77490088880292 23.711012234168983
49.623323738417554 65.04932157841333
12.619202513651295 0.5331391165513955
57.46620624098375 19.91689709347211
79.54304853066785 36.969246362523364
18.439504474284306 1.1772547729707261
23.151165446113176 11.297185088737205
50.80688154268811 76.60286114182695
38.4575057740151 41.05902601711635
52.79816021383861 56.034928757775916
80.93315433098107 34.262768339720104
52.90929562590407 14.571569161726018
90.91644654291792 55.087152893933045
47.59906020334501 27.223251189488586
78.61159783471238 87.66236211165594
7.858114147307815 69.59162909092544
41.76391492244844 84.63764818154955
47.79871711459718 74.12345009248244
88.42929955026062 54.156574275266635
96.01791457095763 61.508295502602394
41.23449611865575 30.830395981337965
82.70886193265115 80.79305448561827
88.78654664320578 42.27833953248585
56.16204112022485 40.86314397803146
72.67503119661254 27.589612334636726
91.34771008063491 96.13943337602666
77.13341582745907 50.83662230715795
12.301340039635367 3.3582430196569257
38.55487971986511 99.76929925925062
20.2924969576874 34.57257204986539
20.876823061881854 66.20326898334423
33.005993320252244 72.55157026788845
45.370740947273426 75.2818025542845
8.65574154526838 85.33130327426386
76.81942603984373 6.6464375712382395
89.84536926916442 56.164205324086325
44.590698953311644 42.49283870893126
85.286537197339 56.48912427605626
20.247388495718365 63.43801198397203
21.26514504847734 9.25652299967843
6.5229391620155175 69.89918423600902
90.01115441367888 18.206439720256018
73.5066168066773 62.30817263088022
13.788783679178485 75.59147326330825
46.28888485050118 40.625339385578926
59.92452433172899 56.915017738454196
67.51487326735426 59.273703081057974
32.0666555237906 72.56716295212395
32.16583155950603 32.503484667250085
49.71794777935439 90.59049443059202
21.201325694344607 81.83822423546899
59.98391264107508 74.58412223675649
80.04821941383614 94.16861222528283
95.5794609451164 50.93322854495879
32.09675905415579 77.17847827986397
71.73547023735094 36.219626944558755
2.6421954941276304 72.00871843611742
88.57780108904952 0.6770553969889681
94.31201884771761 6.22070754619084
55.772848314612354 80.64181893843572
58.92128105285013 25.03168458090206
41.53881945673066 72.67642633724891
20.163207126786965 66.60291075747911
27.676784493325535 87.53495549879366
46.51352894009979 40.600194349884156
14.688584445445429 75.61208563324102
20.53876354225983 79.74524953559587
40.32784488882422 59.73970679238556
98.43953153437963 82.3241633087496
23.34582223945414 89.38016827268376
83.74118825635122 0.8793075090020697
20.52788047781844 10.303703633001504
17.44198190319397 42.897965006203975
41.89524743779367 80.82936234315501
59.69866443226055 58.593354455797964
44.551794962758116 17.86496932076933
53.56961574084465 14.361294788258228
55.98623761246917 78.45314755322326
87.44735624306732 56.87191872361637
82.02670053655339 32.49059744494238
23.08371666545268 85.43255777021884
7.303733047900818 20.884258011114465
62.284812292490166 67.25969739320222
20.77256712125639 23.030357012519897
87.43366961719366 5.81575228275244
71.50355061374106 47.16100696782597
30.171685953737693 97.60701004379966
37.10583363338449 48.797146518842794
20.862577790774782 88.51497629488563
75.70061021835754 49.63628681404379
72.03179623485177 93.8362295116279
6.689069287775906 80.53310017999831
97.72078337092691 80.8418646008088
66.34836297735075 10.238999423938534
86.31883816932509 70.09487125376492
66.13274668261948 64.9379124400905
21.126971255941317 24.73170500541626
35.29293940592806 56.27684700485875
85.98931047816876 12.019600510994088
29.28910244548135 14.365844124395476
67.74032793181541 24.238371466182727
47.61107015854043 36.772152093998734
58.16966848306115 89.8104932040173
5.843064405292386 37.69731370637815
75.48784865508007 14.958831023967889
83.74909434519469 83.01234020864321
57.74313586706865 3.651410323196913
59.419516684590775 1.2028156052300787
62.580023770055185 39.92948991467933
64.58250555532345 77.00852074386218
62.94026193101361 8.62046380115915
43.85200351713583 85.31005509401204
5.88916799503274 50.59550891366735
36.22508647284075 31.95870453612415
33.57592124119462 90.30362176324765
9.071106879561164 74.90723907303484
55.47443171394655 72.81600699775255
68.00821164438071 76.67527966291483
25.649309775052508 30.61019625493444
7.520352156801979 98.14288104790789
77.06269765559779 25.806219788685645
87.07397272821015 89.33227468854518
23.817507250824764 63.00483653038545
10.508740312805998 25.482963699132387
53.36703566826806 47.73458325385671
26.479016760162445 71.13837838544023
56.62062717400491 31.859936747959505
79.11317433812557 92.14371350765103
36.07066444704967 40.64288494364614
42.355360471552196 69.39467299864461
90.81936363009666 89.60559725760318
51.64901319365549 65.5397856100761
29.270607595157628 29.632032615446025
72.95220837023587 14.754781455870635
95.30896697767189 50.3913315516711
94.30491886764614 28.807722818855286
17.25422090738855 84.85134154842875
65.47498384575026 55.151793294964826
6.938002093565765 91.45240115659419
32.64005950050806 65.98016911605633
53.29772226199492 52.24806534322182
72.0328602909279 86.15896929453208
48.719767126237514 5.179620040288868
78.24612812502374 76.35747006921684
50.47937046216538 28.4091994647953
8.016867832074492 79.90850853782523
25.238130878249443 31.78918010678018
42.249979114267575 94.56271616631209
74.50035381917868 22.057816689778665
6.152189992788215 15.416483032913098
57.7617128643485 34.006613704088466
62.64961740194923 43.16533886740081
62.25272077699422 4.930953014333417
80.70154358551409 36.977396038789536
40.42506477171677 70.873384042349
21.370676505906804 30.88228770937489
16.165836086972885 5.786864052976393
87.81295214800345 91.8891058701965
3.781590447836214 99.35728449770775
43.764194466521225 38.288980947490046
27.510348536031625 36.29115841723536
18.230146123683767 45.867040054615146
63.190529705047084 6.158596648099879
29.567869637995404 95.6928806943244
66.73324787160568 78.09508340123507
28.66965456921622 37.89426452161677
88.69773135400283 74.8389642385485
16.364733476836115 86.55843328522535
71.06796709605328 0.935598548560268
21.79909017779751 84.24094352517002
45.45909699286774 59.66805358955283
93.79347612813773 19.94523470331555
73.21050990724522 39.33757867300582
98.03450455285245 82.77183903593904
49.251481362137305 32.46103250745869
36.99596197084176 59.825433018968056
10.575872556987399 99.26313937321383
64.05321376063773 98.95054295300383
75.55720287212273 41.91746017639646
94.43917825703892 44.29956936929849
77.39787331713195 82.17726270714039
40.69032065838185 9.61251707662103
57.232159264950866 77.25694267687796
11.956628854716111 58.040738625562824
64.67532423368606 53.21881998687472
40.99589243441828 92.93951208339806
46.30263852683416 27.812355281082766
45.79113904146885 92.30434645529203
36.35747827367726 12.465154595775552
63.57333929995883 91.33191315536482
2.409005295018085 16.02807107656552
92.42837972493143 38.87123768526415
52.93955812312241 19.73153088369328
78.5675460299203 54.85853997072756
28.02314021751233 42.481097330335295
84.97993022060348 43.72333722120132
10.183628544938372 66.22868414212846
18.982584785581523 89.315694151283
74.67882200469947 88.74081486305924
76.68248103465093 65.22612141666771
94.47931858019587 85.1992642810167
95.35377357590373 37.38437758745361
55.95376175133961 61.000941585359314
89.5942020552198 38.915853840857764
19.20851854709138 67.5092580042901
6.424097084352831 22.210811873540194
76.73952500837254 31.852018605473887
33.98350999011197 11.86614158170598
13.96624544730727 81.25842944177097
12.281457301013333 31.016141814084207
94.8789825248402 7.4570045797411
28.958738945324257 73.57828653662537
26.652439826172447 77.1331774582858
64.61237145951131 35.96593404229911
92.08135077481576 85.25851931890563
28.265027636314734 42.51191791784168
40.524379743409526 15.114833948244378
88.74852190151068 35.36607455419749
61.26119050753098 65.35314051550071
23.933369394256164 7.30525292083366
0.26455931226030405 1.7666350021467547
10.43247099184359 24.139256685457422
3.4938778366236267 99.42854147975864
6.76918471219734 32.03286615356693
32.08853770980855 46.987792538072796
41.04198315326164 27.54115194120277
76.34823596377487 0.9659407498282757
15.881967833966137 6.334120085872952
12.917415674419154 57.535243078357155
27.86245576674371 20.28796549262126
23.893681237140886 5.1374621672863
63.618968526993825 63.750976362314546
84.20930125275092 47.41853169110297
91.42189222872337 41.40226135951299
64.71827085011203 76.34583377390985
51.063550726868144 87.78345083862953
91.57816165953146 2.321166526353746
32.491802661703126 69.22940823954782
70.0741744021188 72.62475620409457
61.96471292604486 37.68202361184554
33.92220650123194 28.144657561576647
0.6882674631841779 11.199080146707296
79.53267373026154 99.43417365085298
55.595239217720874 72.29647689700786
82.06013082233238 53.381109631828714
79.87227496306471 8.605309322994614
53.502175961079956 23.543616830714285
65.90904054180471 6.343452960825036
72.45622231083149 21.31310145388334
8.447896788240094 32.79787166753783
59.26406400762245 63.956125882796776
37.29482080201338 84.23297687784321
12.076679724329399 21.409217550450133
74.0642981927281 87.57602685026814
75.04651671807345 79.27464959640749
57.18687660293702 1.502107423726562
62.85480025549817 39.97116226473673
83.91579282759727 43.06410955207176
59.17262252253559 49.471845567495485
62.98461957650241 27.270702310634178
85.79117324752241 39.65670395821117
22.723468262343303 7.893026825680294
26.769749017082024 59.73614180086053
84.47645226724912 15.00466468910211
17.435616304200053 23.67996665830363
77.85317593961356 79.79579186788493
14.341136220029815 11.530727245151828
43.976918642102206 58.37240994370452
58.80360056165732 36.744914813698905
93.40672855804873 90.00542636576618
74.5148403414463 7.030978866008053
79.33652045529614 63.09450749989098
67.57704847463157 84.08046506518596
93.43957220279329 97.70236404203887
39.590064450963915 21.86861923980381
4.574017429527144 57.073596377725664
20.42311090083966 44.036666475280285
53.757765616321485 81.20549946528175
91.56327115318965 10.33112872968973
19.35771748514039 58.006454428942725
99.68556786489398 54.63105011112177
52.06163131055774 73.32754374530077
55.690321077760395 85.49496430612874
79.55214870866891 96.60064754049378
29.25713483833117 58.537975611983306
55.79557351856235 20.671658857019402
54.74176319533619 47.09477207296575
45.29347131578228 12.976196434206134
70.0261357552435 57.625654567101805
36.93461104113875 38.628953025102945
28.789830464238886 20.232641100315018
19.664205478543927 82.13258648187116
76.62874201663747 63.051236173242664
25.62608675119311 96.9720440281443
93.6322466919582 85.08487859822544
91.63645435910158 99.15226827474632
89.0567711626677 21.646901915713435
4.275832270671298 69.79425164356192
70.01050666028561 49.0622437075114
78.60681971194572 36.15151073294511
46.37876337346108 78.70541080281312
15.290218510562648 60.803837602786516
56.2915810779179 32.273291779909094
54.55182588662151 38.0242857252163
88.15406190513278 48.223886035409905
80.29171577801695 99.65319420143362
81.86278545456082 0.5821338378519947
75.87784090709879 30.067049408812974
22.365611296707264 28.822768624714335
50.33028372070652 17.562684773964033
84.5349386218093 69.64137153873178
23.660822035987607 0.2827038542215554
38.56170637727905 56.10922207278779
38.18648209462221 22.554174862886313
49.484017268060555 90.54417877878139
90.69357616571274 19.005586594257974
17.91457481274925 66.69340950018928
24.4531824334151 53.88957116429736
47.71398471840804 44.90039190775135
44.49703280042991 37.70823562768501
36.794071681581954 60.55970899889962
92.94787360056955 82.63589580602738
95.27469532727592 31.378278082074985
88.09485509092605 5.717699530861453
78.35344858071352 77.87354203385364
75.22735196148409 74.61009231104157
70.82914608356073 30.00529544020083
84.19338664446067 30.080062362568192
69.92647063475795 23.086551845068804
91.39289610895422 6.63799646947445
86.62880106503967 79.55701285287842
57.655306037663514 23.00624180094617
67.33746213716914 89.81561261130881
