760
1 3
3.3252767276420903 70.50636582424718
48.864284915203314 53.73708610059846
33.01966279399957 55.40567159689256
35.8960553067488 18.696235628308443
65.43016218564604 41.98922440520847
37.61396835017048 16.683255741672664
85.21469705912156 55.27430308102006
80.14668539853862 60.35229324035949
32.65502526101891 26.381062351404715
60.950526040960874 76.03546703799337
0.07968964066118467 40.41653545875341
50.30544603268161 91.52527965142826
24.204052653690987 51.73147468617718
58.623891685067655 77.33133387081223
36.64955312532878 87.82456433819308
19.069364594000724 82.30689130290278
20.200835934401074 68.15364993845722
6.308430760161787 75.74975659197666
15.942529449320752 25.40925938959113
37.63670558394225 63.26262674358103
91.46044712164331 16.199373599014333
12.73249281925981 48.676628621713625
22.539387042114377 50.517716734521834
28.24731259460307 45.88623051246217
10.044211155934057 17.216184335800033
54.70532675263706 7.755738198802686
66.27655675232866 9.9737100075032
24.69090895206243 73.6003595323758
93.51934268276901 63.85003528349935
57.19625216958071 81.4011370512226
74.67425860955585 61.7357347579216
37.50780085858594 71.13046022180664
21.823910988640026 5.6930031641374335
38.983381901618586 64.45011739655988
63.482871615109374 73.6667528599631
89.20465639645508 64.10309150019783
34.928216960244704 25.899951365585693
74.66026432656079 15.553960798977705
92.23806121405514 44.22751526674094
68.20545277188602 96.13192319240822
15.063052368329677 98.63356149726883
78.42416012543426 18.414044013137886
22.070784014271673 71.98566701236089
72.32061189096544 5.706261304073146
93.25028874248191 99.95427130485272
71.46926251678465 9.219467947924787
45.53291094626708 68.65067519538937
34.916329024934086 34.78463859942629
85.97775275402543 18.437932817069825
29.816709312125077 95.44197844855779
59.84317070157843 92.77425118410056
3.05023778798319 52.689966498384734
94.89090405148792 15.607864777097703
95.28094341913898 94.99080996841249
81.28935687723413 66.79584184657146
18.657001339883994 7.351600315589524
92.54685296105767 18.320790946741617
7.96982588283599 31.734280565156837
3.173807323024058 90.97033080276464
72.63992664568448 18.34369418104309
90.58300310276091 71.2983148700337
53.07370739338262 73.70986890192228
95.10126088061202 67.36061896547261
12.911580967742587 86.4433866913313
39.770322376690444 32.688882238413576
7.373794610682705 30.35690348294322
87.38184077309484 17.552005546904393
94.16009922811593 75.38055318881023
49.23373017177089 1.4848383634712858
89.57279782233707 82.48393519382368
16.39509843865199 90.29753901765241
18.61090442543729 50.68869736616002
35.475612633992725 73.68982968858191
10.687088811757217 49.95170038059842
52.373156215687544 22.24872720455595
56.61196860450015 65.45342812365911
65.45656569396532 11.434119313486724
64.97646718040866 77.97989411445995
32.88143297854575 20.948516385774617
23.968141102867957 26.705787566573246
78.51497933073514 68.71293499718743
94.89845775204732 28.43878403040525
22.312986831840863 68.1473931541573
13.862454856705142 20.182816050275896
59.6964805135829 82.48824401333763
83.34108989057259 13.360923403266778
88.26953622447422 87.05442697203081
29.221854782718527 74.94891544275558
87.87754045520214 42.18524623117823
5.944190353717205 55.318772474834034
87.82623249818951 75.36259864602238
35.742005427642944 14.340750460609453
60.17841607718608 35.09453955432771
99.29010252759952 60.36577054021175
62.0076781791967 17.53425761866987
16.945616900041593 59.85415494502961
18.48419835979527 55.8997187460558
7.004026937913954 72.34679350163651
89.04552129959495 71.99487039484718
5.974335503996464 21.352200761636485
4.738460743077111 71.28751709604664
11.923211613998452 41.93694178922396
54.169929506450785 95.85148258318472
19.540853154472515 75.0978610705109
71.06487565898236 8.400443681803482
74.75386376507412 31.657136870675618
50.70921692097316 17.74573940646189
94.18307337329335 69.61335400201494
18.04851526072615 57.65103651407002
40.099619788712104 36.81086219796461
9.71598734558967 13.883679955969196
41.51861595692961 8.730541215984289
47.8946218599853 94.73357216960882
3.171441153661436 60.33513000188853
25.346359019536145 99.12518287210106
97.05336095508565 64.10044898040252
31.454368771170095 63.79227129749023
97.94266695305136 26.161380103323673
36.38899211914459 9.639429132212651
38.03203470835488 19.85385770606549
21.697493514778586 54.56002972519376
66.0604814212433 81.01353226581622
1.7151064949988637 18.21712113605416
20.29737414664854 1.6779641800580336
95.82717510508401 76.73446190365445
83.33548641562783 81.89403182542428
20.208348510628294 25.18181005632112
44.213509549886986 69.12359836229636
69.58495721337921 83.67495882552689
32.95611314048934 42.773099807644634
47.58803804801695 7.237390556435397
98.96102659435424 35.403125798621815
78.07583780094787 92.83061670007969
0.9942418834891997 85.51138076683387
15.785968079107526 5.221594209197766
0.4076306135506247 68.92874959216842
11.700390664987959 46.5617438090415
96.23340483757359 7.6079815660459404
54.77552872867293 87.64273460444659
51.83524690260466 95.37842158776171
46.1657360016879 95.6768405866211
66.85352262492171 42.394774839002515
46.445208113668876 2.06918217780252
39.418563109405994 0.054672013623568994
66.56267924210553 39.211618420446406
48.880922611334945 58.61968093659353
55.230717158371846 2.6666534837948452
38.11018914469357 78.19846791657746
44.949083415082725 53.11153150492227
28.103246136863234 76.37169185715061
73.64753353033893 45.108520556514996
54.87079518545392 74.5518529329536
22.832187977114813 32.07847434633826
29.000400904649126 35.415232410350406
37.117035524281675 31.113585440371395
14.631381424146973 57.72291789547164
29.50098636389644 41.69312022029599
35.136944499092124 56.78458237584483
22.37591467388644 40.120471896749855
69.09166003953942 27.654404014000143
68.01017275504024 45.202568136149914
0.9421970674011071 82.27934931225288
9.969697025845914 51.255937407488084
97.05265258158671 10.942506599306888
50.88009463158525 47.093454549683855
54.53306375741383 3.8646579463081476
58.4452469745548 88.74306181819078
64.2713326528022 35.11603758693332
23.945003233433514 40.44671639745421
60.387662272023505 41.37743416903466
10.274007246608363 57.67716092826723
58.12907358669261 58.210877720027355
91.65959363442269 44.719015360506795
78.90267118854185 77.50026642881531
56.48148428621731 54.142818830111224
71.98757817255633 42.24387755117907
49.22323220698459 88.73691822501803
29.122885593292768 37.92306441297026
19.886030013113064 20.84973267000434
97.23005701302334 78.82924323847446
53.983763921115305 32.614849628434904
46.19691370231735 7.813906505684254
98.29820897782501 26.76371999669196
32.74975595775081 71.21421126585581
32.91282078858166 90.08477215602298
89.94741654720515 74.02091446648033
87.7472920506158 71.90430060798252
57.78948716230459 20.487436117393855
56.09000540075697 62.04948898656415
89.29364004987532 56.21104477244254
29.169677413309223 33.7473792870225
12.548481033721192 65.17929734207637
45.47666894165043 0.5340682757989157
78.25599829691379 94.04048223412036
21.694193966448182 16.38402533828529
25.727538967815676 33.006453035216296
85.04244413490878 1.5546308335549597
15.510383347673272 94.50758205113155
84.4790728766037 63.51308711582986
33.14628688809482 39.79253402607221
37.79252060691141 88.52257817631133
75.83452838186915 5.4263852779846244
91.34325276274866 22.094100116353598
57.274878577418505 49.59324690910321
72.33762401521129 52.00657293162996
95.09327751539405 89.53597890152555
8.09451774703076 35.16179869921563
23.43277025305186 75.53522461600349
46.90443614876063 90.64144789133455
66.99968967594039 2.3795858598514297
75.14025266465411 29.916395895850712
25.150410656380238 92.95100911595678
78.38338198182228 44.713821261025785
54.90174467377882 63.70565239998813
60.76651339738035 51.28228356507605
86.59420025873821 67.4566832192762
22.940161416280436 69.71709655702523
58.00317389563811 36.004544399676064
21.22258256663272 6.330404745227303
86.44531278165681 67.10973561816478
75.99360459067735 94.16081445839062
53.04388376798605 37.83466581755619
61.88344920478721 90.12502123502514
86.7615126281186 65.76923588408337
95.46779455355731 88.8227767335885
6.936526195201598 25.792001966612112
93.37780555533183 95.99840833745057
1.7327361193637092 72.54532399131477
0.7640511189571875 6.341070397765658
75.27479389124976 55.69349966183887
45.71820230566546 83.4279415161661
34.64719007346018 1.5284676386063456
73.6355118467161 14.437616361105121
23.119173503084834 31.290991658537482
72.52537583623501 26.25189428502146
96.58287987819239 31.318791843601446
18.451237122318066 31.981649056168692
15.709715157619186 77.47327211091519
89.22209904458941 40.635921710499055
66.84991825189574 5.827449916974392
1.2351348333794476 9.606551120154672
17.258728093347166 60.36278731290725
84.83202332194544 31.64128510201991
58.620139250162026 89.48143358336445
55.06600968351918 91.77875037194798
61.886092761194256 84.49493001081092
48.42243949158214 39.54035109159486
89.97705089474128 94.52546451415007
18.07082579241799 55.75487509165518
92.20159007197523 61.22428736884733
25.03106450289625 20.89821964397034
45.174586606160894 31.80201852740703
17.90002516000517 22.606353219925634
37.19022262470006 5.357195424759964
52.513261362755955 70.31675529681536
95.82659143168853 17.780080221045047
5.607634581152943 23.68068413912454
36.96543552606477 54.46777234904936
30.08668589507273 15.389591881872278
28.86557279644151 67.91523437493876
78.36581275216994 54.76032085695333
35.893711715075206 21.42606398683977
84.39262754340442 42.62451438949255
71.38754900375798 2.9413312958976645
24.874570909895354 67.27680818590702
84.39673195239112 46.25398866636357
53.70105149674211 25.566916836955976
65.72048715645076 54.86362942185548
60.974034337942484 73.51187639709984
31.782813738689832 64.00925657925724
9.795499298374866 35.35752035329871
76.72898423407932 70.97771895769334
91.60737683773905 30.46730498823338
60.03317704911939 40.69662765386259
24.68413592425529 11.065776973406006
86.32163625567873 22.521806045026736
85.87866378138598 93.20002514759939
81.0637467305851 31.458032101904276
68.9178713833863 6.5762537449320035
80.16706559077119 33.87189087314803
52.72334620852368 83.19388874174334
90.02205704684631 93.91420014650755
73.55091901875521 24.756860962490435
61.58907122439628 18.77179304714214
45.45534044067556 92.1307786885123
3.8843547587529947 1.1118780715706045
13.969920243120892 17.936192346288273
6.200007790889672 33.165587338549486
7.189368678755792 61.49577838871401
61.95450404812932 57.58540245761865
95.3333199546786 95.28379578342172
12.60416333230705 23.879870226579047
22.922502706705885 50.93111559054657
93.33128975549299 85.44506135517965
47.04898884482627 26.47255415418821
72.37839599324742 67.67647024622583
23.30278935556649 64.21011477383954
55.52677422595338 6.386107311532507
18.05774797117705 33.26976991369695
43.487834750484545 32.77704982725058
25.78816658384795 99.03037564446171
32.70273647363891 66.54347719373597
68.37688731265308 69.40994331017995
74.67924350838435 75.89804832885314
57.48131784842461 41.59317422504636
73.6991813176402 91.56560620934586
58.80059554878974 85.83836715511606
41.519317748377205 30.592024676689732
25.580356214714904 53.632856727108646
44.395706150895094 58.84150476023782
53.87098630924814 56.145462157652304
98.68733001251158 67.94822043169727
7.2517674845563596 77.99097724851684
29.346279096143178 15.694387426215673
14.784069794917954 57.54136322998038
67.48405477285723 95.34692505067584
25.770859140465486 4.322238780156806
13.646537234025624 92.53903480212612
71.3313598010009 6.093707015604366
51.234679088742396 27.239991405904497
1.3477817209646803 87.70870256763908
22.402456166136496 7.662572358795039
1.1138884472031263 75.95085117505525
64.38927691242074 82.42076700901409
18.629212167087307 40.7888740864631
87.33390296148389 33.0936474690368
28.949611476326996 48.38162901221765
14.410842735352913 80.78460992381528
96.08236953326642 52.90506553029848
74.20759491412025 74.41610719854827
87.69297807659724 82.23945166594491
30.3621199897433 1.9737575070849278
62.58393093087686 32.96137116289957
4.175638987556174 71.38400649764827
49.387110777202416 87.98161765960046
23.780808203504122 84.89885610150571
23.195034593795285 89.83871588089585
84.33301597873948 61.112018500889434
5.964956918169739 14.613113592685334
79.79856652646112 72.44410138900544
22.12146257700025 60.597727203846155
61.426564979283604 34.31427839142644
58.03010502632606 63.22530283574723
3.5670140447483956 64.24829767322831
66.83956380842828 52.112012587243164
26.84425838803697 6.962782964701031
21.433903479247295 78.92792624439026
86.43670319938497 79.6418572230483
76.95053835975119 66.11155170397647
95.45769578288434 26.15686963238324
60.2638391985042 27.202821322680194
33.16104831936926 44.28176181153456
53.829100332026215 96.28409545645664
30.1816326027321 86.73307782989188
87.98934258600389 64.02484002911841
79.69958247951891 91.80232918278026
31.56749783909374 10.00737069625066
19.079391416055948 98.12957633754895
6.6219733289416105 32.44101263029331
55.6885802406734 18.51243479515594
12.350992318763643 46.1774577032493
37.02751928003747 94.52458734591683
88.2706199774036 69.75134935247598
28.042584157871218 53.42745804033837
53.65270172072687 9.24910385836608
61.6891142025126 92.37499628013902
59.95009373681941 1.9286152604769624
40.31708529589621 79.5400366962368
60.436040250819346 99.592743902832
54.954596590532255 58.46644456460082
72.49501233649252 28.43440987172967
4.73021700776044 99.97001714488914
28.942709097665187 17.949941959137483
88.09453732059221 52.08190432443685
61.07607671282105 61.930150571842326
70.72930822833324 1.0533483784461728
11.334987398115537 36.811734725390586
52.448094957895506 37.19741262769134
22.420853486742875 6.874147956141052
13.292752422005826 72.53362868812575
99.89578900865466 31.672955860783404
96.03072572183176 92.24487547256284
45.89179320795178 86.2716053503751
97.98276208535084 33.72339783558979
56.880322274559816 98.13139139058762
87.13253567072235 71.19269648870392
86.0277053294855 54.03534562306322
9.34062654524077 53.91390489419721
31.217040305918474 25.008897224676364
59.68285373868043 95.00016464609922
48.02671874088347 63.957831503637095
56.259225416272194 82.11869316497426
64.96131248480559 83.85217988510718
62.374287007790194 90.61136070981766
89.39897956804266 93.94504092218328
89.13576774424341 86.9202582298492
12.356274280069357 40.644412663306916
33.38778861717642 6.120025506463889
27.03728875955731 81.3565586609258
38.248983026450524 64.64779105287477
72.69112036416172 32.99985930930849
24.664015753211956 34.393459485258695
91.53072644792259 23.74302197478091
90.35638937260731 75.3317643991434
83.49442430402216 16.465036990285252
43.14489571768516 73.83168725983968
44.96753930007387 45.75344890923327
60.823081614028006 75.5975653351716
41.48144692640854 81.76403111068437
3.611028296452945 44.52753319359537
85.68086034783671 15.117666723718571
74.2540438829938 21.373688252345914
82.91516838691109 3.3863744257557116
90.08897230498556 43.3914184505777
57.76373496930476 13.97005494774952
39.603035682577435 9.136788033641752
92.84465049729629 1.296891541518086
18.448524726062065 82.04481044942204
21.99760567831428 45.18649189866546
81.75700691098871 20.75393697539898
75.38063019248669 79.60192694298706
72.46263295578753 79.82785118683276
5.882690924399059 92.97497015561827
20.23817532460921 38.67870970977418
62.87187621960841 74.0481001087652
99.61317674765678 4.7242864383724825
13.353991931468245 51.53941563694207
26.716485166929417 79.07161896349753
69.91586202376159 94.74819502738386
52.37370741682419 5.577573663579227
79.08333124272531 28.083001885091363
36.6589876766513 30.25957102418795
37.73820067207092 54.04608629483272
41.02630595381442 7.063199050963398
77.34141028929744 0.6579744092963136
98.86495296485485 24.049896975477214
48.363071384218735 62.55344675791377
34.90424577539577 53.398781377609204
81.47490764966494 42.2479034918815
3.2970094608683054 20.31924037478059
9.995100664474222 61.17596089774246
11.671061904783109 88.69796752896326
22.489850389706724 85.55044901022455
37.89871619334002 90.4645614162068
97.7048210712606 1.1263196727837155
66.24721938314568 56.298894292253834
80.75888034799488 72.72379784223388
82.71266122879561 40.217116614106295
55.058997801593556 34.39912693125669
3.7122049136686153 86.83890353262997
73.54475992386527 91.66967847199672
11.454426820690177 99.59436812201086
57.40758209349095 17.162078666517687
30.999556726390033 49.8542150403239
74.85083049938379 82.20551865957377
33.79615607872075 76.10426429715511
28.881673652760554 77.36033954050214
55.45469479275831 1.915384221819183
42.569094130734506 4.328002459975733
51.712563619184394 89.77065531496945
27.539677186653822 62.94274090772334
58.065632468359496 83.79610099777804
86.3553401524656 34.9287661282232
82.79867336904587 62.36256619274665
74.24700692099128 20.849080791863184
52.67263920674006 81.37884316919232
96.43827491425863 76.13249923377174
42.81192331022285 9.439867588508921
4.305528058418684 14.137126228160612
78.03456208406527 88.87086594896319
33.50167262051094 4.082130623668068
12.741607842877478 92.1262344040868
79.01104920436448 11.956730173299125
91.31847793809915 50.45547428501009
49.33474887843976 47.229833809263646
81.37172337781506 90.33414401314641
76.89786763581708 43.06717400527334
66.5198713258688 63.01303729272798
26.732171111337077 44.73223189323259
17.747148628708786 11.08313453161609
80.83869808527125 18.54741323888458
6.613750063860957 47.260060903875626
27.888082534176185 49.60287765616735
80.96589803035084 10.491048885794175
69.02505671923484 33.13219749650658
78.13699017652579 3.348981303376841
39.29934830878392 45.45492378460019
85.50747332466688 3.529040297021102
29.68108517288821 71.245264293502
79.99286539938839 25.121408196595006
25.52544785019655 43.834279035103066
25.637558106484203 64.49983355756461
25.45947985939767 58.197204793087366
18.734347064515646 63.341959523148226
41.8807570726182 87.45889194533288
84.57541181404109 63.40821708898097
59.489469636268396 29.441858952873634
81.66472035026256 40.97300432899256
34.80294803903106 44.4264359434525
1.5366235758416336 23.609607359760965
7.8297014916653085 11.682023190774181
59.68367788658846 24.71658322681638
53.27477039928943 50.35002480839368
79.67107021026827 53.86601068322714
80.12748670167716 73.57976231405704
49.76406474406496 1.8596831772549116
11.040747152684771 41.11908299784754
34.814783580855476 65.36522063842747
96.71320253156568 67.2128337050184
54.26536821763717 79.53474115923842
95.92223328459836 23.211503083794828
51.873681930423075 9.755346363378514
33.12422580873686 48.27964561711489
64.41736324684966 57.61673486823593
76.91305171831719 86.85838014505072
53.99541441756932 50.77197116324843
9.803684449279547 43.25864798924685
13.047953097353693 24.756347550638868
50.6760359273543 99.28486337641125
50.91640765485683 1.959505915712656
41.130444868787144 49.14363932341723
82.2326846053314 22.647132161950157
81.38575235469017 89.26306830248956
77.62292067111531 82.81833870216644
64.78409224503115 95.78108592300111
22.712117138361453 65.9960648497042
64.19332037902112 90.21733884417881
88.37468333610809 68.2904641757062
68.31118923400304 56.88024643412528
35.21332094323657 74.51587955538179
6.97490121875648 76.47845101673131
46.9850022374761 9.149871334448068
63.8472818879096 12.674605089511527
0.18368069000780363 65.68846867122475
77.45850373634701 23.79720088402002
72.78205592888239 2.781502899344823
2.46283835729586 29.587977190620805
67.50699413496466 66.08335608397059
18.826617433631544 65.6875450927402
5.283626609034675 65.54680700333608
56.82163822930204 82.71476935591824
72.96101171353082 6.039714892423098
95.53088383587718 23.81837938620006
82.34406077515352 90.00592291279364
37.856154382119534 44.156003076640715
72.4942334085488 60.32928704598879
47.91892573162249 72.28161959213662
22.300035784056284 33.722956332741624
26.88296070137357 0.6941189533054004
67.29896123952865 56.8560712625666
20.320017651131828 68.40274232927182
99.55320462464022 45.66078185279383
0.5195397771824428 24.115726858897112
11.286095373711547 19.265204836517945
42.3560270624453 44.25938935377862
91.56167702731872 78.31053427541985
54.93794153042637 22.020580817682035
60.894464513688675 79.23330973112705
47.26629218113479 70.35503254279618
27.91329927787625 38.943122497470824
51.78167001296576 47.09281045503193
0.255370592758819 49.43897670630233
67.99828343516864 16.37192020094147
7.219645996104029 17.69984049759539
31.561579756227044 45.83707123666936
45.52517514693943 75.99883936400018
48.82757318091671 10.880867868304534
98.85341252841309 78.68589037253
29.481873120560785 38.98939568543669
98.955562059799 0.9110436870333416
3.5811088364064325 69.16205690160847
33.20612999593779 8.582780204735908
61.877360405899886 96.87245369634788
13.228446193075683 79.7302229748814
25.953120859471568 94.86954224135908
80.85143344451058 2.998414439541852
14.338616952262285 67.98062097883239
52.39858601507714 20.539973280111703
43.37961280378568 64.92031562919176
56.31367172278097 55.33334661167959
71.60339595107024 4.0371279754392475
4.559299619044044 32.58825854531304
63.2795507765854 97.86628031729039
68.30007852749208 90.95897699341542
42.66052321857296 77.58489027024451
0.8739726796908487 90.93895853824176
73.96346402149736 0.17316751876177428
42.385674507888595 8.15376354364792
7.902706751949684 67.41899312833755
86.01360831929124 41.28151529409485
28.84178177204797 28.58901734792527
14.156861230472462 61.12657332803337
92.2941983450809 9.963096786127924
29.13861716393269 81.00084511421434
71.60608775564236 50.249075116441475
63.55929956484003 38.74841718543236
74.92213091086913 48.93446637314025
41.70188137371345 21.880623799485257
74.21052035866975 18.03945338504316
42.49949635382131 79.60732823891401
12.999938315067116 92.30220001969944
7.000347022790354 69.74656266773192
57.94090707169488 55.953651708712805
16.694474912426816 50.70569941320153
9.847455034690778 97.22078009906517
0.8528904647054691 31.13692904598986
44.58830278632704 79.11343034095498
97.31994394294037 3.009347815215113
26.25438636627324 91.40585466567461
18.933371207977267 38.024592675601674
53.47951149276897 9.365258842285872
84.97533952543444 28.154058961534712
93.08824397943674 68.36897790644187
46.405187760246335 98.1436840417365
6.747979704962925 47.226257051245966
22.99900978385814 5.95149518087672
8.13109462849495 26.39020175316553
32.2642017729152 57.40405513659734
48.56805426739746 92.34842926775946
93.21450206478488 88.76375998368633
98.67415135668539 29.348783097523
11.905679903642685 19.571643317562028
88.61100313372165 78.41244272855332
43.388907683135926 67.75196037059405
49.68676459254122 91.5077447167475
30.556552184100603 98.0216384988156
12.227101061988588 41.20431278805938
25.271258237471585 37.37498344679355
10.739663287260036 14.766856271945251
57.6095787692525 17.406019791656746
49.51508176986146 9.55911467395303
9.084882672014283 57.185822083678104
7.179451458540287 21.002521029527067
33.69528101309922 49.9378832860359
19.37252117140329 35.75381654401439
26.852240685844265 72.45016125697745
69.48898384696227 86.63929780850835
57.3628772083189 8.03345440970098
70.47012943203508 47.49045459818129
46.641418483198564 24.831083181221203
56.71241693278299 2.098778121735334
60.85224487301279 36.60595437982002
3.038713930398851 0.35602398631788823
70.23746361029797 22.88338436948831
59.97721266365108 27.751677681328534
68.64969852089735 82.52269280304073
50.523314302425426 9.75928706425444
0.39160745353337134 4.973299219129457
29.989928291501045 47.63440752983965
81.89773891896405 80.96793505997717
96.48225741416053 98.50744424804327
54.91182318707486 23.23579042121249
17.864463658481956 97.40591839756212
26.458003551357656 5.391452223994264
33.17801534300553 35.43701385555931
73.58586717374989 2.320462681732627
67.9447088366897 66.34547125628939
8.507061742261591 82.48153558934834
37.42189064715207 16.131954744393685
8.531919658196108 54.56049282734037
12.748116257608277 34.89585774067812
78.14487793144215 5.67781933375211
97.84335015081315 34.1880821440546
68.34396973052696 16.126296313486254
29.59335312705491 65.12272150849199
82.67233307787612 79.37861411866145
68.82582531032931 11.719464217902154
52.450598492056514 73.39519943622929
36.051327714037676 94.32504242685053
89.79053184319372 3.30026330682327
88.14979367154746 83.43941671386274
88.03633329380145 46.08181209999969
3.4379438764820858 7.2007847142568915
39.452626786610814 46.179022439853014
86.6786577325865 36.40350735616622
93.55613323492622 97.87956134980756
83.66290046277653 29.259128827587432
18.66248667905406 72.85722844958795
50.87441913784472 1.8523160128734117
63.9589450431989 27.612307306157756
47.35679309765972 16.983485754263718
86.30185129813448 48.92723368443062
7.140986759238976 33.260814433427186
18.09874606108368 51.19535734491314
3.356806939931989 17.63156709048459
4.6351485029304085 92.1192427737124
99.40021509901999 45.037724424647486
83.72652604010582 45.596481070373216
59.778506924128735 84.63685531427865
29.806034513750813 87.57120549782587
30.70510054132829 90.0670258408762
85.54980425267296 30.798573866297254
73.99370592938676 35.74117036548683
88.31436376702075 53.65650271235336
74.30054504176537 83.49266034658258
32.70145345596374 93.02331762610999
16.688382676772974 23.263150704002598
27.708592812442532 90.90039020193099
39.708025356565834 82.27242465879661
1.4338447338033689 72.06871117432291
88.37493879354616 54.383212763538324
58.28538245834045 76.67195420222083
32.75714451351857 65.5988910756294
5.744461690014213 8.79546597316876
58.516388042426826 78.20336301858002
18.897193218057893 7.349631823840652
58.529273570656535 8.887998718800949
8.353285229096175 46.58714673232165
72.0340541675209 22.29557883694122
42.43297431280748 86.14741473959356
82.32654106242036 59.72453619624536
82.0355665538491 9.439958164734197
4.905557716899467 95.26056795309805
22.166121625083157 87.51149690710902
13.471561981820091 85.13968339733854
59.86068350844225 83.09212674683744
6.852675543270803 66.52653478224408
23.68751784406107 10.079397044368443
54.49437107345465 83.73774870257134
92.23677779237877 1.333087735333316
28.738084908061555 13.53106554639847
36.44917106927667 34.128221726811006
86.41525285526718 10.456415335793846
2.4066777078491475 48.20018002363034
48.55442309487008 74.21006684238753
15.346670940210117 67.42409250996808
54.844346931489895 75.39241569747108
38.73761117416152 47.48530931485118
46.20379735889313 56.364822620625034
80.5307804593149 89.16643650617276
82.26682308401354 60.79823088215144
33.348142345748585 44.06076411667856
36.18316868780933 31.187131577130025
77.45582223620747 19.745400806967005
0.1103224118998325 27.04656621150079
23.998309992909327 60.23170014751198
32.10510105519984 3.5688028588459764
48.73032910579364 22.034971051403353
65.77662585280821 10.780618640151474
47.06668951970301 9.860751227965636
61.070744216923686 52.2197458596821
4.336214839622832 72.22953532843293
32.262859235207955 62.740333124613066
20.738774973349173 37.13565144045339
41.484316973786825 42.47797458949205
96.81040720049934 51.16122426151095
53.71893038592952 21.793156990590102
30.30947540897777 20.807033983788827
42.02775072106848 79.42741330106955
17.684917847058834 85.77320194119929
77.60230907239453 23.9653695312372
76.42743444418704 93.49311425346352
51.236043071834956 49.626694360418085
0.8168814554704751 39.55067503272846
43.236202528049404 50.05245934286056
59.6034686974072 15.799190383306417
35.3819091547793 31.4571242784633
60.10645291045409 73.41761399761431
20.308379537742383 2.010966528853708
38.14997433322675 54.64753955270161
