950
1 3
45.831535682967875 80.40007133758402
71.07629961096733 89.40202526932346
83.87669443469396 57.39682503827073
43.89003775210529 11.19428324790972
87.08387432182454 3.2525225060517693
47.496367667717855 37.78260466299073
19.99929530325111 18.008070128475584
35.19783884040415 19.084329729647376
58.88019608291641 80.3950611911238
61.85932608471907 68.17926291440743
0.02961946456643272 19.64483159549364
53.62426348527771 45.342557107355134
92.70559285145012 45.3361749402212
66.31970399179909 93.32010411679765
20.70576971549567 85.88205763253663
76.0299948148855 55.60715383086201
93.27145953119691 74.3107766408956
67.10879882736067 16.658788744120034
26.615841381062168 20.923900304965095
78.97740980993552 20.225513266653692
16.23308242136403 77.02964629530452
79.69259038539269 47.26643558304602
45.11679941101043 55.14525590696388
70.12398797779834 83.00933323300856
81.41693204154595 14.038899297563168
68.4004968222622 63.96118215883744
37.689637406395036 9.32299594365431
16.380626731194358 10.36108885600584
51.05738164609468 54.97146450884254
87.09374280903968 77.87915986774901
88.06628605160003 3.2129089834141533
2.225380720810066 39.69189973292067
16.953027528195562 28.47015448514625
96.45681427188131 43.414300199183906
81.19273234627005 63.817912510700125
55.029519054601735 81.2241563400065
48.44446983522417 80.75827146975527
11.403356229694793 53.1364733978936
77.17651414197991 34.85243714013835
2.8085242661050946 19.89342880217442
30.318927703246047 4.039523490196362
34.444908503034945 71.56757617862178
14.984117301723131 10.748122258292025
53.92429164265211 7.96487352086066
64.08888284914764 58.65778942759208
68.85260135384688 87.06373658803071
39.5903153711068 28.469700347464677
83.46309028973151 29.953215390733167
91.68006060888084 38.40458659362955
95.30657763553685 99.64320446156954
29.23774485843198 87.219332433533
31.616396747905352 72.20615988090525
61.3984901781115 90.48157095582792
90.6508054712858 34.8772563083495
38.48820432072717 60.6963807299224
76.44832001725688 84.73537816331383
67.82329601904857 37.94818867165204
49.856170071494546 91.29768303591494
65.91687606818337 79.23166880645809
74.72766670768729 59.83644182593131
27.02527510264534 86.00636824903565
73.57577519747333 85.9873509180368
45.103200958763566 70.87343353862512
5.476921375555532 15.889897566776323
22.359488359941327 17.36500118383031
53.98841973968502 96.96335375326366
76.8320549517861 60.37387145884776
86.57930759511537 25.87561631447597
96.94213085550518 63.56945003075896
19.464508589162023 47.31161495282217
99.16375774592436 82.18973676748647
46.37898265408962 91.74183458844377
17.205060516591097 98.20443933818778
85.54691435910316 54.53749943685515
75.74578960335757 74.17699698611975
60.26946385679608 89.64291363637167
80.65684191388894 1.7541208328931024
4.9813568504756045 5.887495901036988
36.75852106276836 99.73072136908141
99.86476889627025 46.48566340506517
73.83861853914316 70.17244769631637
34.78982267666324 18.912142067413807
42.876884432208186 72.23004565908957
39.31632701302157 20.1737835325825
52.26035797871575 74.55209002668587
46.191914924098086 80.58551998961165
80.77968290150119 71.55961613924977
38.566403328480604 22.607484048660375
56.20225930533351 52.43198832720808
76.16934109473377 69.87905615185849
71.9858369350336 89.42982251095104
16.933736878476967 15.288336863193619
34.92696561863939 69.74082581741332
99.1212271859733 75.22327283590806
69.98619860493977 52.05984381151549
13.277605700952112 13.703028714616483
65.71187979748791 51.33629176675751
51.46379747800132 74.31065772325948
63.1845908727317 58.8529948494408
18.376186622210632 8.432100527109231
94.26391684236873 45.302858946186305
83.31288404928992 78.11313924772854
34.883344725726985 56.15099201586553
97.06344102556923 53.44005072164955
88.70781209508971 48.94119665658896
84.43699887864334 43.04278338206504
53.34195623972322 59.08297632121897
41.13446805595346 91.17782694207024
31.825559730972273 38.93818204294681
0.27722405846148934 7.45040366297629
88.60381386345604 13.247311856791178
94.4821595281458 31.889986861815167
9.555287237175115 96.52604289665778
43.40646000896735 29.763978618070208
30.953509631666275 45.486941983003625
31.740069302616547 32.738254726599656
94.35765395550047 42.51909286533786
20.13150838814135 57.34557005993397
55.457455296546975 68.53592281032859
96.03863942291217 41.389644279057514
63.90797191449123 43.96227677105924
88.59176070733437 22.086800257508866
55.27645521862943 37.87258797511508
75.31483586280476 58.02408853858596
78.33434792878823 70.45462861409943
46.816804273639946 29.454101415096325
79.43842614604822 95.96580260454087
33.14662180207228 22.2243016116483
79.84289450160031 82.84853596837021
22.854079043157572 21.001716381134592
11.240091722878587 37.00473180568666
47.43664699386771 33.946283571651456
20.922664568467162 28.01831281281444
46.54716377577892 73.10180912842638
44.73821190710241 89.40079518646652
91.55877428070973 38.87529952501121
37.31130281942998 99.89657244394677
39.913718266211106 16.703768713822797
6.560879183884216 90.68440230252597
45.78605534576581 0.08512658179422594
62.73386815381772 12.877488391670822
84.18289307470867 78.29604467289715
10.481025938071497 25.795833984883853
21.53117618852818 31.63547426361104
45.76091333881187 88.10372709362196
95.48675787685022 34.26147941846012
54.17030316312819 30.84835399303698
49.109367664454886 85.25664563526645
99.05137205669125 52.35759717181865
17.345072967785136 33.01411714280906
94.99841446573313 30.144259245903427
38.349351646705784 28.772490406650462
80.60529441274737 76.07815855669615
52.63301014924701 40.03094603516792
52.166727496919016 98.3254834893231
90.02406331456345 35.76943125838585
97.1987887370153 75.96343413319396
10.194611112819851 29.774017835781642
53.51970115292679 27.756031023156513
2.7470163023169736 63.76650624908182
32.407772847882235 83.04198332679876
59.91771841456446 10.49500975990556
9.048001462088017 8.654656188332144
1.3825484889270268 86.86496757678812
2.16242320690585 89.26772980075637
72.84348540023721 26.214386893648765
81.04852413380303 5.248383501452336
10.910410629889 3.311550258921292
28.387678960239306 77.2997235966782
1.0209361523361826 85.77399366420468
59.6778522924281 84.73541402277588
52.76320238352512 35.36907300287309
84.28285626896452 77.90420656358923
97.32166756910725 98.30675810945174
40.90609557448839 40.91984462540756
47.73763123061619 11.759417587173026
41.90707176650397 97.01331323069999
47.147365433748554 15.810384127391973
66.89044072699409 47.89658856026931
31.756075350058886 83.33045931030485
73.35168780320298 37.543108276366844
32.598613232520314 31.927538211749095
1.0178292468880912 93.90195619480825
80.23759617630513 47.8776760008514
30.587348038660767 83.44432572536454
1.692456976661072 35.7701375025512
35.045364455169434 96.45263981586996
21.04650587971517 25.326140583459523
5.300822132285643 40.67933471483005
90.02158197836249 97.47507384670133
66.23605106765528 26.8713696682201
39.35821260098331 17.928558889047896
79.13763356910187 35.20063496586374
7.090350607111273 97.49703366489241
86.94084703446458 12.372377654497168
51.10444587693203 91.51335787480717
80.6216729741297 79.52807895293144
51.03872647194696 3.3229200984143503
42.27036171484868 97.04250643938066
59.745951438074265 38.96663150590551
78.51107306686605 96.18832681659597
73.5542350756802 27.486348785272895
42.724282774129584 0.6369968333051812
28.52715476232457 58.95286445794419
12.6950328462343 91.49328757565094
37.102696285318174 73.43722434604021
72.26632285459277 68.75243530365952
6.187303226089402 54.6848673682661
38.8374555191801 91.2847952975894
0.6550614525829168 64.2532045295168
6.921442175309944 9.313353971354111
78.08885199832132 24.92359792342793
2.0791660810847823 8.698568243133709
39.424554334264506 53.08728370446752
21.613473518542104 52.728385620528975
22.968447909749436 2.0010561172251418
42.52662906736964 27.25876023607703
24.192006572238654 58.9567972814226
27.295407216454095 39.92057475552328
22.993396852722768 80.81079555779058
79.21913326346723 98.1071472722352
98.17292746420492 25.591963221761382
84.71053978002634 40.053610353407045
75.2241048005953 19.88412534296755
18.297651980559703 60.57926258925559
33.44380612803868 93.43966374100958
18.458959567499612 97.23897246787246
35.43371142854323 20.713213104096617
2.854944637209522 81.80322433425633
32.72824498597973 30.70657458515653
72.47182359027956 25.52179178932368
46.14867555653337 31.251589018400526
5.789642269652129 53.357092211832644
37.46191040407765 2.045668016921365
9.220561450990061 83.29331054127631
48.11962499035343 7.383510158470674
83.9442210245642 78.91792303424772
25.46273387616944 58.57728720470152
18.471229175091164 91.07765910683239
75.29831571960723 51.77569238574202
98.75766387272557 59.98666125982881
13.864399801622461 93.90827281943248
55.024334587245626 56.451504661488386
52.857907867683984 95.42948155425918
33.63236596120216 47.2045653891785
56.32409816535886 94.9223004225131
3.969073697277836 63.24733231767363
18.334237229519744 68.33866758422306
86.8251218988851 27.324802177668218
9.403977107528917 49.75542534783237
86.78018255567257 40.515919987231584
93.8065779993153 78.25733736788447
18.018200133972705 8.172509741762312
15.118852359479607 58.668244184909724
15.583903505128461 4.967594388301122
91.51429359759264 94.62339604049272
52.26838052025384 63.744070611617154
40.01983166083822 38.44081457428696
31.677682100568937 81.1127868042418
27.523440049593905 43.234828357467656
96.4827931609849 71.33768355151422
97.10612969977137 75.2529377845819
61.280839947721574 8.843329465355554
9.969305180030963 85.85354307740532
57.73891818108916 75.6944497890671
46.42262809983884 75.44701235099976
83.90819146543377 42.32832953522969
42.413513915199985 36.180551115987704
6.746781526977075 27.772067481041862
15.06068624955972 23.09236066773719
88.42809471834346 9.8366023282084
29.852067630912792 11.214179353016696
40.09700787647492 17.097635307880378
99.67319063578653 32.07170317960455
29.795633224849617 83.96557308540291
83.60211297179355 58.25632499924831
30.85932264065221 94.68992525562203
16.782677091522835 68.755233756072
46.96965097707102 34.73344467326558
33.74212133423742 19.042147500553174
17.739935024666707 26.468889390632167
99.23266193716107 78.05004333806991
63.64413510869413 69.11093575639266
44.718727376551826 98.56953781575241
69.04188934715567 98.01112978575772
83.96401886071291 67.23964905839739
54.7313665427489 40.379391675908785
3.212673828729229 67.54093212854602
80.53705474786217 38.875297052601134
46.67418144630706 65.91779405673141
27.730404658195095 3.911182927566381
49.12755045197128 90.12213460777114
87.73202763934674 75.24717759544117
59.687065631854 21.786284825206593
24.289868295128535 50.98772517841867
7.539904285372745 60.89753781570801
98.98600710374154 27.004480890438277
15.570433690038922 97.44671723855049
68.27342251245913 75.29010992163587
23.664110653180725 95.81262612316112
32.225026096004264 53.425735932654426
5.178656470744403 60.12540911060762
95.0509443912321 54.20087691057953
67.04683896644046 7.734742267256656
73.44191995788094 62.56744677512942
29.697970810255093 70.5306466707458
85.90321781706633 97.66233755458502
30.819554370297332 53.461859595856694
30.008983424520608 73.81386211102523
37.428716221500345 13.450202067147533
74.37148268243676 74.41267566586424
85.0603757423325 6.319856096760801
47.510712401152674 39.60208342004889
2.450945817689032 14.035962403702351
8.589016049912047 41.40718479312915
25.47768683088931 30.935753900107187
88.62946523898094 23.51175893471009
12.931074715494795 93.90484181370526
39.79373865186895 21.21979331693531
8.702310688000448 16.029644045892066
81.14162930517122 23.915992099969465
69.98835361562581 38.15465198434698
51.077839685272465 31.479250651969814
60.81479376446603 20.419319337844243
31.26068975025984 53.47577000103458
50.206184213679904 98.44324290098253
46.851852890807045 72.0183936018318
8.437292180241961 96.41136418010015
55.52150903082029 63.741097942207105
28.800725554998643 49.59366851708309
22.715564053268356 9.333085428557375
70.84603111105014 17.427516338756387
37.83569669917137 77.85063802922014
92.84261871422241 44.59038718874155
70.87090247181229 54.97987151337731
51.97608533389284 66.04096312096507
85.53558683261973 88.71274704412451
53.057587626499725 82.92211430894221
35.281816522834085 76.12041386421173
27.74255409983293 53.01684278356738
84.823103362534 95.18076453371394
39.96189182440044 69.09860752343593
57.10429980352239 93.20710485017887
88.10327452694746 37.199008902172935
85.82042559377017 45.16549777457573
51.842358776380216 94.92398587719447
1.7468830348393416 85.9099812900254
54.95881034587193 31.62263920806765
82.96846244900111 87.39150583029598
23.20218074821676 94.86247979302509
37.75806350939468 64.50100771372418
4.1126178595819685 68.41596628412454
40.56952395370228 22.13914224001585
98.21413164301076 77.51472826551267
2.183074551254327 71.65147647590517
45.6155865091759 82.83396673199728
63.276956379958136 34.632903127644376
6.892971735084585 51.855251609695685
35.551834305824336 19.275836626065246
70.51794269110823 44.746536120271955
37.35728648482994 50.86164946620115
82.56729599604833 30.90433641976793
57.067388142119626 37.42485046461741
43.49017319190007 36.189278030214254
63.318818032262044 87.66786603301522
6.9498294085134305 70.42146063217933
10.65749867397432 11.277426646297318
81.1412965631088 33.860475859725206
61.43893228907358 62.91832804446089
51.273507990714286 11.478072833603314
21.338522597353982 46.15847999754592
72.96125004084209 42.46099505757799
11.603661105366703 2.7644438886075484
70.86240675929518 43.368515977141776
9.275688647823642 36.63392567577135
0.019005011183570453 7.709595063768715
78.94754923437308 33.02891469365512
92.68110831124604 4.542357506220096
61.18171770110303 79.41134529125469
75.48162169357158 20.68195923455063
69.84874249017372 87.16005195092823
52.27119070273049 10.204238889435647
88.30532263077808 47.58083053693931
41.899760923126614 88.72819802405228
10.010975724726002 82.77210598369507
19.67374130528059 86.72260571904087
40.58373314438137 8.89227080796353
59.016076021621686 4.612304148382385
55.62984655478513 55.793236183513905
12.120580558672756 61.43352101831792
40.69664180230923 27.551143337099404
13.285090461012938 95.45127770733741
51.67168998933504 74.74001836495665
80.86015593788376 44.8540849536369
49.69892988420066 70.81902371032969
84.92922091746993 51.365047232091364
11.08227373915669 45.36772438923337
75.60478759343643 63.77229981705752
25.29311554079594 3.2351610880459125
20.23038248428495 26.989178884973917
46.42829897163943 37.92224413585976
97.80414839325486 22.882579734647337
21.695863002304883 38.788805489687284
11.652851213492688 34.12497700879386
54.04518820135782 51.449090326428816
45.27110734997346 49.04517418975261
9.499257109081416 18.445237871373998
1.3612770297606103 66.19025967244225
77.75652184310458 55.51736764276991
99.46696943520479 5.047305415155501
9.968695534929338 99.29837873829905
62.564211764733216 51.21869538993229
91.25873456645618 46.248560068847944
28.430912506019656 61.64414708191723
38.2614010608308 37.32589219652995
73.82519287110254 22.83228536112505
34.14358920700338 81.356203693754
81.03170010414595 5.8613449125666905
91.38128445961236 34.5824139369455
99.037918219012 48.53482722512137
78.52757337078393 36.129312078228736
47.76036154691632 9.515361964199464
16.796436509747203 1.6159733833904566
94.9256123625678 56.68980952901703
22.61706597794926 72.5891948763288
44.566274049487916 32.128469055830486
53.229229929357366 8.618775334843654
13.491129086569998 15.943324035923645
74.38793281061906 58.52748360216644
87.91961558125409 43.19575454495865
16.200742061613905 86.35189771166876
19.28184833491462 93.16942933093802
10.442101890960952 68.43380709030143
16.006387032357082 58.64776868354855
56.819235530336655 17.555739117171786
60.5580891499121 14.731711995512441
43.363984793847706 85.9616910772582
57.88461514050158 75.44478422786807
92.73514399621337 58.222537245641995
16.779200757323753 92.4578596930231
71.27085277631713 0.2205544714928509
59.490499458838705 81.96333904282906
90.98797007579664 49.53846535265738
17.94280394348111 63.59519945826084
39.367291113823114 9.60828211478364
31.90622669580725 44.63365333864129
84.77227833838243 79.7545288062367
51.47016031499088 48.79772988103505
46.70107126045888 39.02309111113065
68.52387011219045 56.4473509435488
22.177347914581702 29.226088393716232
16.343574504043936 96.49796460972189
56.555070261187446 1.5323661589394133
26.886813036510482 22.314394382415117
70.5958397124524 62.84199629707932
91.99079736941884 5.906577038267424
42.387786393402216 11.484721545479992
45.28124692585287 3.266463205501635
58.01634078480162 1.4366602100844839
7.387972272871024 0.8376050128867885
76.3224211312632 5.3834300522493495
88.03726109976726 47.19256007259076
48.844028400667774 28.274568203561977
37.3108313720038 51.779778528890105
75.98000797828284 50.90437415113176
80.0422014989105 55.08779252432874
49.63117603324449 67.1535677134421
4.026432320089768 74.50686908140263
79.28844623889523 19.83818790613259
29.93371399530147 84.32734143963485
15.318921673111308 51.70575339434844
52.05025418968994 71.1581635637109
10.274944864326518 37.280697066122535
93.73738056781373 34.22915644786671
24.292279229839586 96.03881140307135
58.677363066707585 25.522544412335456
0.5015556263364029 33.732942542275545
27.73581901335975 53.42292289953472
68.37082258506302 18.388034363187877
85.25420843785363 16.740602030310537
82.9827646007967 72.56489812997657
30.59004784278705 37.92457342869893
20.950265513778454 21.290641198536385
22.83203389053552 30.631048586506115
13.654557180505545 32.06546998823483
27.951435658923618 49.84515219724426
1.3902694288707718 55.95889981709428
87.77502183614294 28.169490770723684
19.675658773791337 0.1811342611633293
99.31318629319344 83.89983657127938
16.41161984914765 55.1531650923766
17.40311630038056 31.392085726424757
96.8558560974599 12.609976868575812
45.177705430292356 46.79392834368053
69.05943034430211 69.41707860795394
90.1116524856653 52.752193666104866
56.80811319018122 89.70053033799574
63.134534567216626 63.14839324240759
79.89877044510436 17.70744481919939
6.029567461613805 92.66882105369689
66.01742346676298 59.25286653050081
84.9631846428488 64.66389741073768
30.642092971945623 36.584121304500236
92.82016214006165 45.55698191709763
99.44846401824475 31.461548973077512
33.13980739077793 90.42875544991513
51.190107239893656 20.509621973848336
60.14036133566514 30.14122529624046
7.70299015264273 69.76116630020796
32.01261676676128 1.118784643288806
78.81860342271128 51.562207877427134
97.93221374408884 82.24998181396872
79.37227287855637 78.67379908978009
50.40679936892896 82.3664064172726
54.61369279439068 2.084600732051878
61.81197857076162 90.59709552199655
7.936716718355985 49.82520474413143
86.32943555675709 13.158262568358081
0.9182549329294964 30.56688043984199
74.73316885578542 28.99738123228932
65.79194107458748 81.46065515806133
29.585154862518937 55.568768105903764
95.30095780437983 74.31743374625148
16.99845079027358 50.529223552222845
38.22880239120696 17.623267314219326
42.873992963388986 9.971407496087448
51.920728213862134 3.9175759753490302
56.80657700268714 33.153900106503855
76.58034313344393 0.004566910132686175
93.7879378998465 54.45075408166142
25.388176809520303 98.1335476157685
6.6314017756157195 93.70462617905906
59.49142987419862 7.480260709368358
45.84603809286838 54.21885774363737
47.84575457042879 69.91452567384376
11.379207667311686 26.467741884909834
95.95593545975333 27.30967720932891
5.4688511823811625 33.430737463457504
24.349848046451285 93.38498042228056
3.178418788526116 1.6415813757496789
79.52819948501431 75.7354687108669
5.16507442589853 25.782252547869366
77.04527755473529 74.87122880537811
26.82219799345269 34.91246675821949
19.428303106152466 22.554213463427075
1.7790811930821437 7.195285616458746
0.2972953858348282 31.401603091154385
1.3525348614091381 66.01859386699745
77.28821928275768 34.07642609653367
54.49444811630932 38.37863113239821
51.03736688716987 80.8460974458858
94.7305909222166 27.835876782747327
9.638957728723984 20.234625997580657
80.31069591515352 54.284022631495674
5.349608676148532 37.0127206732142
31.640719517305737 10.215114118259393
9.92294128698612 8.394593983997446
42.21762596107139 9.879954489308872
55.91959160749438 71.80586926285014
13.071381581338537 12.83454289525121
27.115596323277067 91.42212598539281
7.271236613437604 80.57127175135643
84.5702972959012 38.451919071260754
56.47279747885414 24.497722018750867
54.04988231571397 95.62964686272295
48.24145769263923 7.813382696050608
71.96135855668035 30.12668943947856
57.306011406728594 24.727968230909504
33.3723959164987 31.05287234921832
93.98081749590928 97.65506327715292
19.28811217812283 1.0218423431255896
22.062086430083117 29.14038030574875
17.87846009420495 98.71207070006665
68.11417020394511 14.058959998808774
27.425550605519323 24.63715478165398
28.283161000155733 0.9190976613944635
19.369496623652193 82.06995325242579
45.68051383724665 69.92939627149653
92.2364805249249 72.66135512547609
27.444756577144226 2.206851097259954
74.91403738457186 51.55907626081137
95.28654794701161 94.55063014354104
43.28514423462202 97.28674643325579
88.91976325412378 71.26500008552163
40.32864927380526 8.758625672817399
14.912864673934067 39.693558897040916
20.73478252347094 33.16166554972477
62.41894318570558 38.86491799163871
15.889201927537911 31.56725917487875
70.8228896383174 25.352467973090853
38.590040629091106 10.047895156976061
2.3393012018437798 20.89637329487084
8.531906509798137 90.23366093220417
73.45149392497025 44.08859715450084
77.93964715266239 21.112890112086703
22.660492652244525 96.96144416865651
37.43252594079578 1.8138528576669533
67.20038307791198 15.815862052223384
15.442015576147927 36.3479160759401
7.174152693424474 65.75375699153112
75.20897321825856 49.8845537005105
62.97095091852341 2.06542862174397
74.4609823047937 70.70051485385869
86.38698458596257 34.43979320773618
85.10347967180249 79.67366913246825
23.000529885152975 85.35694912070689
66.47725586561042 20.81707425783932
18.55136964131725 15.150851171552615
57.8003753957022 26.548926038510643
20.93244057043826 98.94248964292748
97.59726679913223 66.56572709986754
91.41403901261424 34.52676726189055
64.73234714726546 8.875432870250322
13.798511132344693 47.00659292670082
31.336074813823632 64.6558153737679
26.614151112114094 76.79435371099477
50.832183566758225 21.109275993679823
3.40131957081502 23.63429118672522
72.13035335476422 98.42470900005686
26.41293921396448 94.555627605958
43.73775785124388 15.328388484604783
93.51071628315917 13.461091089229328
97.43185304948479 21.999126849747807
76.87686078208102 2.9854294021360417
18.804866091970872 69.92588227610803
6.437372767197935 45.97966336984951
78.13263296903554 64.14399065161757
84.63182577663966 18.001131802285908
11.22880121585177 98.76976980245
5.393844322200803 71.62503843533226
69.44244261758806 76.53875078147043
97.5625793080221 81.2258840592115
69.12516867150728 46.89837264805483
5.059716423775051 46.368799598740715
25.603551395959357 28.624951135697742
84.87883368010112 98.94902864549198
95.5999695880617 54.93657038625812
18.924474243396826 52.94206008222404
66.74862041181527 38.07875238649916
83.4615452822098 33.035153868481196
85.01252059160593 7.277422432044189
38.72929509967156 32.27134477765783
78.59487474461918 69.5017848496923
73.1223913691357 37.46891551795009
92.62294877517444 57.6364976714016
77.42110858293097 3.4717537691707268
65.44693275512792 6.299284247427872
16.97182175159675 99.80975568645832
44.60427640971159 33.756227949606334
32.165786416936704 6.887875517267283
99.28133763419726 60.6228157084461
66.76381953615459 33.59649476114757
4.330207593152746 75.70232265013624
31.70688837870095 8.839918279792268
41.49414115291818 99.92805719141835
53.25733495235434 92.40659302038428
20.798118994471725 63.262524506104945
45.16617747925486 31.630586664282955
79.7757050469036 94.78074519296365
38.28082801614623 54.87487592710436
92.8456151589002 95.6338494402081
56.14257810932373 69.91074966035615
99.02911306529845 38.655362422379945
26.575672870541034 88.43020250197726
83.4325979042756 11.062032317942139
53.451056037393016 33.82417586347388
34.4822752242844 89.0143650522077
96.94960886080734 88.91642791151335
20.377330203468212 17.699306551799012
44.95862935949442 81.08892518719057
55.723374598142314 23.143388636715876
33.56334329080557 65.95002042644991
78.68575062542126 34.14931649867181
71.32313231561615 95.2043961601102
66.41499750826195 62.35449316572064
60.04906133364018 3.402314358139602
1.8301340906280217 60.189145010997656
2.915273155202125 47.596696235001666
22.553908154532177 13.078914577058299
54.272741583986786 66.4560667236308
87.84503329614488 28.802666208764972
51.810889505414394 70.16718947195545
43.60320062332996 71.51457419366152
82.71409403024848 0.37658955187864773
69.38576553062235 60.118100113470696
40.78731427162319 67.12755627143414
20.722504447960265 70.85961820048865
17.20421346370655 72.5738225061782
92.06316180153908 68.66272410205545
1.7449464111252144 31.594073537012402
67.02649168318449 80.63803318200473
51.989790969153105 4.679151130858372
83.6945056192173 26.724303648225423
68.81268419550591 51.55207256602981
98.43265453914465 68.89706767078762
77.73305533592487 12.726841148753753
88.9939091133763 41.830497151614935
62.998069785628765 55.20973959631314
31.048174175959844 36.069718100375184
53.06058803656308 7.452396570127107
51.36116869724141 69.65699206271798
33.28975097210398 75.11288555374733
46.90258657531463 61.74800635208939
92.90640348776387 33.75675069724671
59.5485900760649 89.69200636298336
72.71505133577823 20.507450615411884
54.65297083234124 41.31347276838393
66.74880628226325 45.56420187489747
83.03530428423578 59.05331546787538
56.29688134471564 5.946136378122402
66.16646631522639 32.36673356676749
59.253136303473575 92.17303553900793
68.0504907425332 3.9937957563847437
7.349120368109574 42.983936741084385
72.46089139869602 52.02628968682952
27.758653593248674 81.2891430933964
58.717953633784425 28.52265213565697
14.590982935923314 24.657655004422672
80.27480692804849 61.78206286884367
97.6914094753151 52.108918696369
15.038338436614929 60.34410574720999
94.83202252627476 12.408767237299978
22.13466416701322 80.30976926565934
6.455045415522087 24.862828719349615
3.4585694841089865 20.280147227598235
27.577754230701036 3.4490034429296434
91.2741835333065 6.9558504945651745
41.284111712296045 42.46710893403589
13.657769064764857 91.67360661721074
43.71450640108607 97.91826873098239
30.8812829462199 68.28887485807866
74.32820481808638 96.88351194079054
84.11304501006451 56.435486912386864
20.215898669636555 70.90045289064703
43.90841774673571 62.28303642466717
65.54835521332963 90.7381105664657
79.4057381651315 59.33161213596052
11.120580667413659 33.28129762895895
28.752287792039 78.36674577056506
18.861893344953295 30.927090831089487
53.009675481385464 40.432534477288876
66.86821188496037 8.218407425096807
72.85520607066347 71.71395344694047
23.90745141158408 82.60798023807494
91.86492792791046 9.706219846523844
54.547545885322826 65.89333600689697
94.61296795531304 43.19092073270036
40.07840635733923 71.3295603011259
42.455168937421405 67.07538458215095
79.40285406854126 60.04936321704841
48.60235048015839 82.7661456418022
81.78371179653594 67.7690549757378
28.093389824655212 36.64222663464016
13.966328840434628 80.13210353202982
15.92604433119944 33.345396021232055
5.977029664690114 57.972094669276885
47.746046504785554 61.79392963632593
2.6141230023053463 88.94013766675317
4.141817301248585 21.94827881555397
6.3445927390895385 10.94034341637482
2.9412696684396833 99.95321043947037
4.014064171039866 0.4437261885431365
33.056815799274794 37.68960374223332
86.54399396819245 6.97244261651635
96.62647501912427 84.89758376441642
70.80925927755615 30.418269697464375
43.951664748082095 12.822220183226452
76.01344460625779 28.519676671718287
41.66909040587991 82.98267563965689
68.21559323930883 91.50504773199057
58.03586388892115 13.807096529717366
62.56979677822514 30.254530196493292
75.42237235916731 3.0597277484874175
90.39037180170175 56.89603141134252
67.17213053236395 68.35025410348806
84.13978720504647 64.92215609463805
80.6495563942565 75.47943057744473
16.496013704118727 78.85038575003776
54.120015022829726 89.14915251828708
68.69896950318446 87.90171989945235
74.77220352682453 17.56937867660384
84.53422282935446 57.733973194589
7.349263784051918 95.85232677717946
54.15777986515198 49.66840586341219
69.79841117309135 41.6400974150807
71.11345839155578 24.355186274359063
57.97279247452782 80.22194097725095
26.28223356759667 3.994660422695162
75.29884735883994 36.40149608690668
81.09842626809932 37.41875112351316
63.8542989982408 89.79908064621263
31.70399444030485 99.05949625293653
87.03192850594972 8.655075089759002
51.9563005475731 65.39491273954158
72.89363038496919 64.37874677225446
22.914911459879406 48.89745188136996
48.06207165027163 90.00773388792696
71.09942437185073 67.83811092140846
85.82200938992347 53.47497586468677
51.86724476422802 27.651482743671284
58.84284042351575 18.642759978329316
58.78622518402361 15.998304808798158
47.17966550073556 91.78135264701966
83.07851217115821 30.79502726193335
79.90799345324842 2.563437993583051
97.83725684375533 76.11273992710161
71.118586803804 6.531709372611627
58.0644556290735 10.037960392605939
80.42161929504547 79.08529319346798
54.912662856379455 71.82458929417552
56.523133296843085 53.912222056198345
24.616693270048696 83.33534680495767
7.446475455677182 95.9507232751189
96.0920104068248 70.0384845522706
57.83272414192076 89.0712804376202
71.1268859513304 60.5455839661289
31.917877249810456 5.320478873002332
31.759742771732213 4.2598666410226915
47.73707492216796 8.376920301523905
60.83342328633068 93.59337972727471
53.25593401859186 90.73184635514562
77.94869760716196 16.850103253641002
23.55876822443921 16.138703619772432
83.38758206734185 68.29851195771207
56.49577378489967 76.87035425436723
47.39764762240692 32.046166859546624
2.0583726517775958 73.4445300412216
5.456179467154287 2.7473472032768953
56.29017931153215 52.15712017482215
4.98678164198727 84.69989351580189
31.607225223208268 46.816533251892054
18.065993145195126 12.870761583370838
67.92400720118712 44.125273781684406
74.86344031959634 4.692976658540937
22.246560094836056 57.5584666981821
35.25866989146647 51.48532064153088
68.75745948725668 43.854072314906276
13.412425221442037 8.4262379191548
76.97992954659902 52.80936807601761
95.66303421508991 55.41308718840381
58.05516114400293 11.661517809511391
49.030139820706985 55.19863435901493
19.542607930931254 80.76183921240263
84.07298260351513 4.584191946673433
25.578513136296 58.41495795389513
99.6328765607936 85.40516367819092
97.59880700755512 13.021652523048587
72.39619376811217 54.36883907086154
28.704884034507216 99.4789739647392
65.43938426241324 11.511385717410615
8.625942686897247 0.3194985713902643
53.85537852895832 6.927892397742741
18.180323269293773 57.117183428867556
73.2447919332125 99.8311376105917
90.74288147614374 7.445813433942883
65.44853110515501 82.38263463898467
88.26294799539514 32.533702161956455
51.08606806295175 24.337066381282458
92.64432408099114 62.054682149959525
8.243600735679003 9.154785599118265
32.40659576238309 88.34397499280134
11.253072092334904 58.789759178092126
32.37603753719953 70.7060695649072
12.749910590815716 48.390457637047525
34.054984203945146 6.41519909933439
61.93741972154585 91.53518146072761
5.682261008174483 5.604127083049804
91.31544117032762 32.12972071822213
52.38424505456361 8.671416417131162
56.23002564555597 19.125127855139535
5.091523220149519 47.71739021940458
55.83570070806891 41.02004075900902
41.49809164991007 18.2961756747531
88.9089934028584 77.6723036623606
25.080282530777342 6.804526863260962
67.77332180198208 22.445104612741584
71.29944951724067 47.76812130509968
76.2164843947155 7.330667296115756
81.30235584038341 66.33487669209114
3.7689985890358324 16.361511677828176
70.8329570863124 14.055069767794137
21.331798724267937 25.892827448001587
87.49870667560415 56.48021141076354
60.67256695852639 91.36482282805034
4.53131589947342 97.4977448833187
6.870762159662647 14.045747806290443
55.484672990210605 35.135972226063636
90.64566386124527 80.79142440807512
43.0957557441239 23.16655125768341
48.542420454259805 67.81410819872184
15.120177625877872 25.084819062774777
52.788814774665994 94.74829181630358
15.72634748682531 94.3348966947478
54.55865998420122 39.59930423019769
43.13196726767292 20.795427596557147
13.427816187785124 65.05129810461219
12.073826183106151 17.46736346217299
32.36876668587894 34.8343609526895
87.79114921037451 70.74720284542543
84.30514277197605 4.457253389931193
71.81166902656106 19.76467276140681
87.0438225261552 91.60256340053812
77.04603581157482 2.739444364219956
75.5771224321041 88.35035422974119
75.72689421286066 13.29216305081038
7.619567663630811 47.20255543261685
69.84135192017156 38.318314480169626
13.899967038893003 51.11321878563988
69.52438026691463 21.0973348047937
19.180005940245426 69.26763080138815
15.899679781717623 29.234965630418564
60.95128403217951 33.66868430638166
73.19876220354786 94.66900184194363
84.29924992723885 82.81806675757312
6.6689435010172105 21.089892283418532
45.458318136683 77.43373480726403
21.27793902017978 17.824236077225986
61.247419495442145 44.25548110353503
46.86284324624168 88.56764233763263
28.6890676123013 96.0882951909209
85.40801594703773 75.88322810110827
35.80073891023694 54.787263033714154
18.2716411801656 31.503453280594627
23.835564301957813 46.537531959051414
46.025734390867036 59.07646939720159
77.45790192327273 83.31951690294359
83.89613875663893 79.24014467113405
39.85584426658666 42.8935596319171
45.70014277240415 64.17943066752225
51.4620940495939 61.58009152645263
37.273650955368076 44.62716548732437
24.206251585512504 34.09581740938976
42.1433254393321 64.83652710898298
94.8539091131078 1.2682204303172018
93.7855916925974 25.602691865580752
79.77345087446766 71.59237404063833
9.368492983068588 63.32052321595256
42.62470144397024 97.41426400652409
1.3216110334855813 97.88252688213154
52.748053358065846 94.24925432710059
87.78682927169869 74.09952700692158
71.15694673985844 53.61865432622614
74.1567633083221 26.98659884478345
79.71589288012892 72.24498987693818
8.38312405571453 73.97275399760208
76.6033539987387 93.94763139371771
3.921246048293292 49.07026848954506
95.51828113237868 34.24107568809709
84.5028536909058 71.7798774081722
43.608144458653044 15.396726579369213
