590
1 3
5.668993831515823 69.78772338000032
19.63725027862029 24.496869221625573
42.72788976041721 80.4498915166898
76.98274894043051 32.213188758483334
54.743548746957885 84.02177851996026
12.153240896384299 11.44241455625572
43.35177240977457 81.56426294828873
52.21752045826014 10.735032657649924
54.39212684302759 33.65332128583292
41.195812533322716 45.292356008365765
73.43054490034764 25.588105830500595
3.2156485363768805 7.569823412957022
72.2583726997958 9.749716802945896
13.961863228922745 43.90156096121651
22.91924403884995 90.59059170438428
7.989797133369869 70.64414069044298
66.6550414431232 16.821674636512917
13.103232142262211 90.0380398309581
4.591268214171462 65.26881624634098
49.03012091569758 99.97565926775225
90.8398592904145 81.3186406118118
53.89386670066605 72.26130575420058
69.4935429330369 23.379621358143353
54.162852494097734 27.244832622648918
32.549699959422384 43.33673984504547
93.84766998336409 93.34550439053307
64.21052395700066 71.54040449745915
19.920303995482968 38.21548469309632
70.56161431932844 68.89844402371148
98.46260517434042 19.355449940019366
57.022461938771606 45.212974850110555
14.085106480843734 92.08576847778922
32.77296767657869 17.81960973272918
1.3836628811304763 57.48809006435393
50.831161803711296 13.72508257038827
60.19348845646708 49.58072399544171
46.437234986870976 48.08673604164604
20.808076674054 34.656056418778206
0.1080240550547229 27.32369465538602
5.064829147188088 61.99499602008587
81.17842386655762 1.2925474276909599
51.36161447902761 93.9993670515054
62.476245117632836 41.458369683549456
67.57040936047443 24.888235309265248
40.30107291138749 86.83641386480083
20.579875208999667 91.63766206682982
52.7971472115935 80.88295459083108
60.63896389905079 71.7871936467722
53.394695603961594 15.468003721081235
54.72183630669261 50.375095456395805
69.8444720607473 37.13499438926915
91.2951303159114 61.322499467023285
76.78659978545888 50.83070360797923
59.05911099663339 84.55507731915175
4.883460059796474 0.3072447754608465
57.03048183387036 75.07020273977834
99.97116832489749 59.69752166218407
68.7953956997889 68.54926172036302
98.13984844859715 84.81089735089739
83.37053286665153 90.93171423792805
51.076047110505215 30.372083491094436
84.08003894403353 78.14280401968045
41.21195225411027 97.70586658898013
32.278303988799514 53.905736914276424
41.994602535511724 66.8940888160728
80.75253435436613 36.9743634115995
48.3712198535227 26.635417316361476
35.7972772959549 90.49425096424217
62.00324267307566 67.83845843097573
14.66643856910319 68.44427206213423
46.37125886371043 43.60812853866229
77.24843495438851 22.81306058353165
9.139628243884612 97.66182920510956
62.378623630313456 33.28464703532106
73.37380547176598 44.25113944603094
50.55950276500898 46.84155628145632
19.40574845387999 13.81665309804674
71.66822568118127 84.59260493329953
55.37256872496022 13.98606417079089
39.149181711212776 44.29920090691362
75.8663912527729 94.2037341246086
95.73070146084508 6.881612131934078
58.199433069699765 7.975442023277357
28.503469653430624 38.150149711014826
42.27013251131755 22.25295447408524
30.68236705033074 97.09903141819312
27.070086743567966 88.89159348889768
79.53522062069726 0.027243621718242572
53.910638630038775 55.61508658897789
0.2350578839934947 78.89281505533641
51.25025395312272 4.714514155581173
82.53475049201715 60.56105211416203
28.65413529635845 55.98710187438567
41.28797211973156 79.35003395994664
98.55749830349086 37.15077424500765
82.22565509645867 5.591043620541591
84.80806614625828 32.53880255285362
79.1270083860424 54.26077004850261
78.26273158076367 10.248022279997082
18.7162381287721 97.9598543170021
12.392193864956734 54.63313783289008
63.361588888613674 23.895481002554586
57.04528711456411 58.58267485450792
81.61350936109582 91.14121798469961
10.528570757039834 68.64231704500305
83.54747994195777 62.85979953372105
38.301724055311205 95.54266577431511
72.46216694654765 55.87486928162959
58.59062456990274 58.47360642175017
51.687233680456245 43.88730451174445
37.33410920920941 97.47882673935553
47.66262766855418 86.62882809488177
72.86703636706311 30.30518833311553
22.289438621567935 45.865164693665946
33.69333473695113 71.55110712990049
27.64094067039462 45.26650453880494
67.2120242313947 65.93456695105739
10.162118843100565 8.058516924958026
2.6427909383827553 50.94177781149936
17.115011147667758 75.93273475032805
51.60614657750584 5.263879079787581
42.221762041339716 27.281043449686827
65.87658173149174 57.06208689005143
25.598362664951345 66.59906879629953
67.35589919648679 7.745522412037231
52.48863056343755 51.49642615082206
92.06064604887048 40.253621606214374
57.572646949037406 60.03619290168805
52.42244347452554 89.24027518116846
56.71188972248904 16.25568024593036
40.11291219944015 66.91287828445655
80.12667945896396 0.8936958014255314
23.489217250948123 17.010538339005233
96.3316097096368 4.808980434141952
97.08476097120426 15.329771280980854
86.5353476961403 44.41631855758303
85.58207653899397 35.75846939901539
81.46280118544395 7.697149908443635
39.89434757950219 20.768470626508794
31.700380073251534 65.9224241859634
57.40887663796839 90.36088814152525
18.469073470459563 2.3799626801929596
39.46387061952197 31.073600019891522
70.40395067784493 22.342246304910528
52.76770375247926 90.0665061201311
57.56473568964318 95.38376067221235
33.99499169005147 80.97433479664518
52.444414844766115 10.690304206898894
90.02752703739753 80.29131478187395
10.813309922633207 96.19632009639092
19.77526308370281 76.38211994854454
43.78916464661289 7.139058004990617
47.147042826334975 76.49493274023038
53.68171338014527 85.18514819688494
24.09240300940809 64.96659459529238
36.31008236270643 80.13877745934539
12.196249709078245 0.13106803567688452
26.306503506919675 49.11185833781364
27.048078779808016 87.35346359106163
56.04040598856703 2.0812433290244625
72.27615646432773 57.40592100185595
13.15848710085994 23.39856774790192
86.7112082359942 51.606632510134645
71.21088052535602 19.688096813011825
36.87502274420278 90.65408586413999
39.97042900758147 91.32508049719594
91.1230535368798 69.2309047275231
46.24937914620282 91.12922059836264
43.02885833854646 5.842945968888547
22.88233930954395 19.852448408180233
75.82306926940751 0.8136510567417377
9.966798504624364 26.514700888299792
99.99809865608447 26.249267707849143
97.94411424144087 38.39119298069533
50.56745861303354 98.36552236605827
69.92969649624936 58.05802318904685
72.70457081774542 81.1191753053685
22.377438730126144 73.43448389756897
85.21214952489086 41.42778130289049
86.47675407180708 35.90233919642436
42.08529783209993 87.64131695183734
5.837302168437342 56.51651973861762
29.38017367522989 5.022277763672878
60.800106650142816 28.92769221057483
68.68462801878358 62.938695640794286
96.06610834082299 32.577251296659604
22.69071945457084 3.7057576309493134
15.317362883748697 97.49072828434464
26.382118821549728 55.36188337393397
5.621941260398566 25.089021585970507
36.060155192158796 53.47652483524594
95.02327139176288 40.065350012867974
72.39607053942147 20.29162954245749
66.72171250422521 89.18723641998676
66.20331500650269 63.072130903175115
58.089287417626245 82.5076005793612
34.236893392245385 41.412205441967686
46.232411369883344 24.012574758121062
76.00484288513283 71.65989485222923
33.22008890564414 58.8636318844556
84.36205886916257 1.4774984241125777
29.44339709502333 43.89346989179137
83.23133804261091 47.93220869811452
84.35340021415169 89.75805251601656
55.99974158362024 9.38907622834999
71.27414743584657 95.11643823616538
9.394824626327702 14.915443445031551
33.44045384044896 28.01220001973954
70.52888038104793 40.84513280226094
63.25612039570729 32.478237192335534
12.196894587271 94.62646485457331
77.07217633182842 9.30919681459228
96.96456707514326 7.501758606192954
17.988019045433212 6.006725672708346
51.263108390829416 86.30457368521627
83.01213921519653 1.2357076502594433
76.62660221621597 58.776379941969296
77.54726669881435 5.233996039164146
33.66095246301117 30.25366640666998
21.98856216831222 11.46672671177107
46.59465172158279 23.46911093024815
61.9544771722089 61.05462209865418
21.1022075839282 21.033624354639358
74.19140328003778 73.15563973133546
95.01262385170016 13.881316843126434
69.83993362564509 81.94549024199642
75.96529607884099 36.342629798132386
64.99512496685603 55.04406941260209
50.71966319107539 61.987642465382265
42.688859252688886 20.743192966579294
38.82755462587206 55.837914610219116
9.948326882311132 19.47858839612888
64.24126310617795 27.256687312108173
73.33651487166178 37.770368434791735
74.1008077742015 12.364320128541184
99.16246913771528 18.16011858332136
57.472176622714066 48.065237919297154
34.035382505239944 17.560925744299617
53.98780936120544 47.27512419525024
67.9966328322467 14.453266683545095
30.28317720250875 60.9344480619165
36.55856244317543 48.99949577824334
84.69357051947286 57.28097872033941
66.26700592096762 56.25619569656981
53.1933710197479 90.43729680926464
6.568521078931999 67.9667043125776
74.09153824747978 92.10822066694544
5.73965075444518 4.938009728305803
56.085835522104446 42.822105620542295
49.590771733630646 55.65307698587081
11.630185830822647 56.96640233448817
93.06965508727507 88.93020752730007
38.08784512459054 76.41775875361823
58.47607513685744 41.47159214356593
2.8840580444547737 63.01955081185069
14.603367188856664 99.48880014491661
11.557945661785762 1.7775334876372506
69.9553874710614 9.673572882528969
12.999000090762935 11.501022375018511
36.17520623511763 98.97277668125805
66.7195561136953 32.458566972355094
11.655044335039278 30.5265467237096
54.98985358519697 93.00749962541079
46.804524550980005 65.71034378300331
80.50132002612341 62.44752305660681
50.92605954419385 50.14986816656701
4.160483301318307 38.014394594377364
12.83314193463978 72.25729493285775
76.81612903028312 39.90217651762076
90.43764047873051 18.097626299509795
93.22406421031317 59.134036331084516
54.70157522283267 28.36161921964169
93.66923025253509 87.9228345407189
84.53035951610899 97.7412367162478
49.503140531750624 52.169061276187946
62.23333182046493 11.946824244015763
3.4273285261248176 83.38304517850372
79.51167604229377 16.740737110202076
97.23783303845121 86.1570910343024
74.83768693432167 46.28061236518042
0.75793672156097 45.68403585225684
45.05459740650939 70.0025728988818
86.78182237573057 56.22860815030073
98.72398519977943 48.68007461280377
56.31740168823991 43.098654563784656
39.57891818869057 22.34089163838755
54.71329611686204 58.55337621695664
31.238946480805406 33.06539276103955
43.814262165663486 1.6852381326773358
74.46748957222202 60.248230743287465
57.573287414713235 92.33866632880417
68.17506465968242 71.41098187752368
32.531873225731566 7.303017784947641
11.512857874377547 54.540008130897654
38.95663530283573 79.44232928156882
58.280761713323834 44.93024791894451
40.693383150594855 6.075517302438871
49.725285959814336 34.31249243568213
26.107207423587763 0.6962284256527118
94.0148917517553 34.05001392530804
61.22159589108096 21.819076716269393
43.01813279679057 6.859041671030641
8.553042204597894 14.051683850450258
38.50257870436737 73.99985491215139
49.371451309353965 1.2834169570259402
58.63142600091429 98.66888814003163
10.147021222374896 15.708426393108276
58.190386121035395 53.97552660716691
5.225102587608599 33.232103838758476
98.9834852849816 69.63661624734033
12.501085407026945 43.43531277107111
70.7324199611717 87.3449939881519
88.5333453486702 93.12015544596663
87.84862141865291 56.89325196355537
1.483303258565627 12.664991128898961
2.3976168893461214 48.86950756306274
14.763180675324739 48.58515008331257
51.345474564178396 67.68320331339798
23.62886438446319 87.34328476182851
33.42977211926599 11.010753007995344
48.90487001099104 99.68277567446842
34.4758802857378 59.11826131733999
71.94734530790005 78.60289651820867
21.80450936315981 9.669728484520522
14.808601935312037 36.48920913432849
70.43124433454999 88.38270522699348
81.83844547336551 44.9294011639068
88.20911567130865 20.282430396128092
97.23772354181949 83.88265492814644
86.76552528633476 83.19544603995237
11.702440036903239 58.16195270017887
53.21032028662267 57.699286957073824
28.896379489957003 2.616689551144513
70.30624452449328 81.46075102657895
66.51975075358885 98.65590082904943
12.73115685429358 71.1939783695108
30.289932755667735 88.08207009378046
49.55726979584454 45.84369043152328
53.95435710186405 21.419810423681195
22.83094345524197 43.06054384268223
14.91742641665017 15.704249869003007
10.29795224716179 98.65059874448716
59.43657896381911 34.84988985475055
16.63974110532824 38.744369234062106
84.76041261551414 3.8210541048813607
4.313252410605339 62.50770978681117
32.08013895296335 0.23025282803017522
18.635412109751993 91.38392222949807
69.82621801057985 30.547547515069205
74.98034226805652 29.059020350497633
70.27575072611731 92.98170459252705
74.44958674411262 82.0603130665363
32.68888534623815 56.89562426163637
75.2119442708552 5.939097444289532
12.361910681268418 70.14965674141945
5.516654631630402 22.29530278736329
49.642395896188106 80.62604225568425
39.04615641262916 49.87400247513891
54.85522215742111 30.52903855474447
97.84462532988209 55.65655988762652
58.030417052083 26.80729484370317
39.04846726330846 26.985923886439235
58.299761649079265 56.506749623968645
44.12554233602539 99.75009019609375
99.41114084311262 60.26804799187961
59.10041927953913 96.75558787492942
88.2992955126305 83.55312178731562
13.007790824294352 86.64159320454897
43.9649617340119 10.928706981958825
1.1114213866235234 79.66318611833643
83.5178902893595 48.425451392515285
98.72653691054116 45.38137246201841
97.0194033328154 22.882325201728946
31.379913586234352 79.57403586363525
46.21910479329776 99.6664909410971
83.02174283450596 91.05947887146088
53.228658232922974 89.7801995799525
60.40512632570394 6.7863762777952585
50.954876936891026 22.909859619553362
24.66170956700133 48.14948226037388
72.35599256026795 9.829334729000472
78.4788124012084 93.3434035107507
24.94210763940492 11.750349740916466
2.002652156116458 2.095909459161538
20.02916227295206 6.128426986966562
43.61304235551739 30.261743532295625
23.927835929611252 48.52374639905022
5.2572642823283555 23.770769230003673
29.739070764087884 34.72896441558979
36.506316910530124 46.94571582839018
78.79649156303242 47.89930124942789
21.281330130312238 10.079558453531856
61.81917915059534 39.333472910168595
55.098465138957955 93.09189973002397
3.1655563376552287 81.54149938521907
85.93972435533179 29.553602392753064
81.19583627993777 13.109439589412686
2.6858720896782318 77.93979460031173
96.95454637952903 55.76041379717762
57.07336597755934 20.69094425249236
60.33997075579309 88.41137874572802
74.65009397041786 1.587172834734063
42.593787170943955 76.7114997061639
0.032131119468048475 41.18309162428901
56.28207773738909 10.04899889946067
93.98807229855437 91.64607829109445
98.73042160647717 8.583619437820712
75.28226107562396 94.04503689505212
57.19565053416662 56.40824060503995
25.568444240427148 62.68776236380309
89.4075216752088 20.68505433581096
92.12606032193118 15.540894892483003
23.051187918832472 46.35095414354906
22.886337649659527 79.955161596497
58.42291836751783 3.908659043082907
48.83712644266929 13.632812481724477
57.69689256975716 56.15563942342084
5.394458057170426 88.22684129968219
99.90869940840412 0.8657765623873548
85.85909983834964 74.02330398080694
38.88890680148691 58.41501073246806
62.627155310703266 28.544784997221306
82.57879838722926 30.621594178740175
68.30002599832162 40.65974084418005
77.8133810542765 31.547860103694923
19.392495828742405 46.33533899223436
0.24058068068586458 67.86619071412821
69.70637947370992 35.71591761373938
51.52519642042064 65.84214718857156
46.15651691663829 93.33605348319534
77.56507669744153 51.54090664849493
61.20907303479013 10.083223960156019
79.34106817897377 76.47780110969636
19.74533262417557 47.30377088561182
14.368194986095206 51.196644152765344
38.56448988958514 31.18402361512176
14.473624605199142 92.1233358602483
89.6829553496409 91.12661263381578
10.406766173242655 6.306414368871138
70.86186559710367 23.294056051307077
56.65456092607381 84.73363956416458
89.79904105882422 15.397753785396763
40.283550441520035 3.0941467344046014
8.88807206969473 60.39936723388293
99.86886021425767 83.92603316165521
99.02450633772426 72.7706650643575
36.04495921417845 50.57506411817094
82.471114412195 15.966486901358333
37.545241801985775 24.194031685493258
91.45778041649059 23.81099526870305
21.696495974660923 81.94162075162492
52.41088233011419 86.26509537677371
97.47622406937964 86.5624539288184
31.82517670449103 18.517759057779415
36.75224746970625 15.366141537009703
48.08627023192082 63.95039044604638
77.34856010851561 52.57968835569224
70.22156540854002 11.457786719347185
9.235247684614079 54.18669150860242
73.42663196519077 70.06124091470511
32.16102187655876 48.33631815520876
85.41500700221569 93.97849292006177
72.39888047832295 72.01760038972613
39.045740092384996 95.22356207484262
16.717166287007057 53.07791061812688
2.026171166015711 96.01363646913458
87.43166832994909 43.41395780595549
25.727995515850523 4.292552238407099
3.772006536557848 1.7538983063059455
19.0452172400029 1.5641781231553686
91.79534995714911 34.840012261611285
63.97513974421825 11.799262694374569
23.363025495758126 29.644916508234175
25.06153486765459 21.19549242699581
49.70321547577707 74.0818437041087
45.21967486882399 43.79920967088082
40.926987145927995 28.73876291868205
83.0000951178293 8.408033755302725
80.65854011596463 99.80069544727958
51.650462440254465 90.26710865675551
57.033393338238625 39.59102903296048
94.41990567725642 45.576038326143475
46.761768352017086 23.03913185299189
58.94427002251559 89.69992197465805
40.589370083519995 49.9100294146444
13.009708811425558 82.33035637771778
22.78924348239584 48.745090635333675
67.77180514875583 92.99249758724582
67.71451947864932 21.13567816558035
56.186506612251954 32.91167798469446
62.32122498185073 18.2218296633466
37.0321230727974 73.99534262135958
50.060652133763185 67.08242566058598
79.4912357218259 62.5519037533899
0.6461790807089418 1.7831773788573368
54.68680411949571 33.19149097290548
64.59353798032402 50.73021322019056
71.1291499183543 49.597273618214665
31.707705569328315 15.860825253264021
34.90333736925242 65.92940161542712
40.85642777197835 3.0288374626972203
78.35378291011878 75.84894319279796
59.09135971974542 11.192038140316306
59.099273197136746 48.24624354966232
24.458683922120763 73.06139074538001
88.31976344508075 62.88773221604973
93.20853223948492 99.82274906072783
39.209921247263836 58.4525567196245
91.91610679845492 85.76014332813556
38.80918936013424 49.52217115911204
70.9672843813151 72.03110163108515
43.43343204467924 78.92787875293807
81.53348502160335 15.049829346381195
83.45058695695329 42.32878924339396
11.474084678811813 91.01698224948585
92.42940182274171 19.218755356394055
9.204804871634487 12.763010498473992
10.715595808929734 56.69271089392218
92.24245662433768 27.948286433995406
7.713202817350928 60.398399923868176
72.6077494396425 68.14610958851999
59.787044890162775 34.77155323111918
97.13645699626068 8.820664877724504
49.13068571242769 69.65968760787631
58.889068770656 99.53337694020962
81.84387590238529 58.504543209101875
49.865325898536405 99.45103753579517
67.6105231485104 87.40756572939257
20.37282793420294 0.028529230160678765
1.4495341833728803 18.944040970829157
4.8776208082097705 86.96152372092412
35.750971880301165 12.691317092651943
98.02358824231638 94.22977409961194
74.96526373027655 96.74082360618344
88.2118445166161 42.457014560666636
39.96973387315399 77.28863002060167
64.97976665054517 63.596857862590014
8.95870524649094 44.71089448787402
7.712458419349533 65.95534919178503
57.54197685921461 99.78880468918634
75.42929562679733 85.01005655652357
45.29483394360998 14.805213071784774
46.40314493512483 67.4890846483628
54.4567959186739 47.77792743881242
32.15436798399401 18.10532506300715
43.799968605460805 34.55998130913984
4.29159319832122 95.54954355171319
51.163348943239725 27.002286084530546
28.734079951385706 32.853669408848376
84.51617594512406 95.40141876456374
6.2034135735288265 4.891413797349942
26.318597624574625 65.8263301678056
19.94155424600954 35.11762394530973
82.02714228808743 64.70090089865465
60.721110588527985 68.5641232504992
44.9522776242369 84.9144300807227
32.770727598518 79.60626135226707
12.711244032282497 87.08306005667936
87.91542104352486 77.70562487724226
51.51843704561357 80.29607300086221
48.55448714503097 37.00546911159086
56.10769496101733 6.12852520177416
41.07398357553163 36.54950881524704
43.41356042140521 18.643764318564383
90.2163631808955 83.0314641980157
26.945672552621346 83.09429971526623
2.6201100328318905 66.47478096408939
67.17161669104136 3.6924950878849616
50.425498613235774 54.21307893010958
14.821300857104003 14.307525592816873
54.12592332789663 11.725552367884262
4.333934639710679 84.31455338481469
15.679798907234165 55.90995871092961
98.31484485209575 87.54892564182428
38.076298341801994 50.24100998776786
61.514660903445176 84.30788362831167
8.900666484290376 15.525859086083527
57.22163103236908 36.058025849444064
44.14235119827008 36.658679713733974
14.918910567704291 30.864746646873687
94.22213156534775 81.63966007124759
0.5629724982729734 80.40493474602111
75.25646846300869 34.9897620286181
56.736642374425415 5.074054699385955
44.519257013019306 6.811719197035426
23.400319646115708 25.01953923432396
25.260038778549475 99.45752296458008
62.485247126329035 66.08098851598447
87.19113802762854 15.127113575354256
15.93782402389099 38.190697340824386
