310
1 3
38.244264539535756 27.420482419278013
68.39303548925804 53.92318272405916
71.54843350303544 28.54957915534564
23.86453150286001 93.09458915652684
72.2339750582069 77.03149948300631
32.39577092949049 42.25828485017331
33.6717382579222 49.25171782078015
28.94499156456678 38.8334342783959
9.885502639040311 52.238291919829
60.09156684503283 45.19516615030632
81.69152263899504 69.12970537876681
48.9454820034596 83.17172482333848
32.498065052218415 65.85295303045227
87.53857967792081 19.39267591740277
4.2652272103132605 34.836034627079314
67.29497139674099 65.15955120352119
6.709862387875742 57.55229058664548
20.042022552486884 23.23412623792418
37.15259087130212 37.79313276930656
32.09808037569266 36.617072984715904
46.35419092037054 35.38102834038648
6.463117044776556 27.722230613560118
75.84488167927226 69.03400548090542
13.566137996476169 83.06210010245785
9.898616025643348 7.688293563250803
88.80156331236904 63.10545326370058
71.4080384254014 83.3155286634089
29.402560788075682 76.10965225077591
51.87655553623356 85.22348754739222
48.2200861762071 28.55533401369119
55.3188843812092 97.005500658851
89.05258590312981 67.15898172370198
58.670950610556694 5.699534743778534
55.33675127404236 92.18615655779416
50.78129310605755 89.99694530823126
53.850288841511286 88.66869100824823
70.07084375794794 31.295214924264858
48.38515136009032 56.598573194181355
25.672131991516277 82.92508894924072
34.70008452012638 94.92162048586228
28.410396962815888 61.61696759313116
61.82296194304766 6.0441213037153
98.63020026573237 32.06297194222287
99.49362116947012 85.58440432077576
80.00848534463087 5.800353791614166
28.96748057750238 18.784947249731765
29.19065686290596 50.23991903707301
3.797755997258423 9.14322213529719
5.26644237782774 20.618836282338606
98.65920108449964 98.34137590560725
34.26389476295428 91.49093225700291
95.5297318894694 50.153319721955135
83.23662606346855 15.506780476126924
23.46144444099234 22.05014824398703
80.70698390982696 23.615043386545832
35.6786653085631 58.402630368542475
29.417700770733823 11.390250827790972
1.7765450956675144 7.137862437922204
94.47597179665838 34.42889877386144
7.524444654357287 2.9795641629358327
44.210224187664004 60.352184575035
66.25378064319835 20.721028065809
17.511139699983612 96.2575838579824
55.16634886246281 97.17539082778698
64.10580351096715 31.43267414571207
19.18473041143067 64.07261853817279
21.28635593090522 0.9657626057167912
36.45037528655624 11.134086617205874
63.881491534801135 76.72139473674787
24.57471908140001 23.831863650728224
84.86504624431264 30.610885941338562
65.38740527980976 32.94475401844521
0.993166874489404 36.223597050473884
20.658647753962644 88.22077282796413
3.6463444305667503 9.627357540893788
98.11352878639572 52.16105837598837
31.02200642013424 40.76397140054917
42.64288480483132 32.06512484982833
87.50762207803568 47.71728584149537
66.86920765264708 4.850557595222704
64.44515264221936 57.148837449218284
46.78111078745963 16.472971771139733
53.82427147742579 8.270266320005714
53.609109613691764 46.22435925381598
75.55305442502713 69.25350915410581
7.922507961347747 91.88066916024364
59.5345074969937 88.96903626034596
42.93744668112613 83.39911298393532
54.89039817348185 43.841944227161434
99.68748908628883 98.12396544616749
50.400785984978505 89.65181091232324
69.72822364210474 27.054973155836272
58.24245411928499 63.066007126790005
64.77638260695609 55.83536106013571
90.41704788840018 48.21097327470576
62.16067924862805 69.28048647822871
42.3670597302777 56.073937356951035
33.88432295291417 52.50464147253566
67.11621157413532 8.701160511153683
65.8936488474768 43.72203284417282
41.67913196447086 46.54850808300126
83.61105222821959 71.6544557937761
13.392947748142436 12.017809924681998
71.70235163937835 95.49399697526617
81.27768571608081 93.3203693738919
94.63341784193761 45.75944294180363
75.59265786516403 67.80905492541089
6.157484958483916 10.975818834009665
28.774921282936727 76.43118423859289
96.81989373713694 81.9572664466925
39.72775649571179 99.82484018370614
3.7797047166133746 29.902465922480847
70.97259031704289 67.25590742917564
55.13205147406188 52.38225078551715
5.246730038560954 1.736540239597928
4.93876721920945 66.3787839129097
27.019041722157723 30.557933270704062
82.20206539267991 83.16470824714739
68.62594271059565 7.9405321329586
28.920838682447723 41.59318828393208
19.96567453339262 26.774620865764966
90.24031674614083 92.1232967871997
79.01874235549784 3.838404223180558
95.53288713226478 87.75623709271801
76.3103753475866 44.42697428452398
12.410944970256832 52.97787697857574
96.20145769897226 29.745015576260414
93.89604292238644 51.362425826006344
43.164958840522985 5.379909197436139
93.82181097927904 18.905647059839794
74.41367950239162 28.01381109161314
53.14885976846142 7.124876823877457
31.02379958977144 36.795840777680034
10.021765197966515 0.1899144528346941
91.55963310281132 23.80754283867377
54.20192194811892 69.22310105246143
46.05395166449577 22.352398354889424
59.876636930594685 11.776395604307254
22.297504650277155 7.558551429656113
30.393931568959577 58.15954822356231
28.085199083501134 39.18914795330921
28.657370158005826 98.37909989517716
81.55934640442979 4.18178362790198
13.380111928376959 3.0508603308516236
86.46211711148257 75.66712868893713
3.1914450238677006 69.06821965285526
66.15913976036043 42.03573914544321
26.938484492077386 72.48703611764536
3.4580948981304926 60.043599124856506
61.83319333042083 92.93079969475897
4.414488238771019 60.00285286841742
93.98849362253003 63.68978107733023
30.09534927518247 56.57059440003616
23.12704814060065 7.744287783369019
2.19576608507277 54.69510680785887
45.78141250736554 43.51918017751297
32.25359232408902 98.77526978625998
40.13047814869473 63.92853976040058
36.28943881575568 34.17908520213528
86.91704612128962 59.167560229182506
35.436917250676856 80.59009913806521
50.87833722940181 4.703808985592439
75.03620571429488 79.72390549152337
6.154842096417545 41.460585632375846
52.50192242926239 38.442097801496764
61.07475927753014 96.26481498105626
26.615809693536185 52.51885323750412
4.927851585267096 43.48301426196781
68.06166291138052 67.548868149431
22.758653349969826 82.01053092830546
40.319930593211836 76.72807836919677
22.065431735949904 94.85343344936663
65.98914357883399 92.59984595709516
13.488421763172065 89.17130790502664
97.66717601516433 72.3466901418225
58.165948584545845 47.59700776314632
64.87912346501491 73.79574831135001
54.19553151787091 79.86684156330732
84.4247318266951 60.17575619481859
61.062055350489764 26.14933580683425
5.476092910282726 91.02164228592831
43.31627698377343 59.262575754559954
52.49333674400481 95.11824734347604
70.45814053879089 44.18680200064324
0.5584928568103109 7.05286817458457
76.65223624007665 34.7264072608104
5.937088442533134 34.094738153082325
22.004898701997554 87.68590364329907
72.67042500951024 39.42656879754705
92.50655602628004 40.70580336462677
23.534051516868935 61.83747379758371
54.24234273355788 70.02021549494337
8.921216627477468 5.837695753813388
17.609326509875324 11.200693437251763
33.59025863003999 10.277003787342686
84.11246918948028 78.71949463531027
70.28343563431989 51.12054752942177
62.57433413966855 22.52046712079818
20.338621949690804 25.670086745106445
72.7518588948227 30.21582786770869
52.13524671386631 66.98990503885874
47.895549277559994 40.06878660671236
4.959537376038692 54.23836239687452
10.188605911075111 44.83618869423427
76.06876205142935 99.02452481530595
83.21753239270899 86.67627900660686
53.123309947490725 7.422051985047995
23.22344328964887 36.42750323586954
4.636404561329255 34.6352548786375
2.08834801536244 85.43383677169591
82.43295308234806 67.89425715633992
40.86273267818073 54.218502863107744
2.944840711844199 87.22181106887244
3.7558727473387066 34.8176270851483
12.165803044969682 73.78041943684104
84.83371360732556 59.700645607042446
42.58067616920322 40.41150135183669
25.958262641182415 37.6870845084637
88.7325527502568 54.30543256509522
38.263718846178875 28.396490215467484
47.56488818859326 62.23309734830191
24.45853363810404 17.53164419940978
63.749074415294736 97.32305396289098
37.02210041993552 2.663342532095414
37.881609710754205 91.83309062066147
23.52504639895885 75.84137262716378
7.562152494127727 17.821984637885315
54.48541284022967 53.43650898426138
49.9744375539789 17.6587323534648
2.537089479334065 68.28896980788328
20.448703183385497 70.68365225290152
88.82203411587852 49.43834549876145
50.80894175397397 61.48412975828865
96.07752779391998 72.45904950761792
12.144890910833595 54.75222895907357
66.05757993766777 79.00047507466657
64.46110608558162 71.91893914127519
15.142360032832979 1.144785397592707
63.998164741679275 81.61944074743968
20.82025426122438 18.29903635740997
28.656064053644272 8.706642833381917
13.558894092777596 14.797330930126652
90.05053024204335 41.81115072357464
67.24825914282991 49.29195494905245
22.217792037403505 33.224449450962325
19.823767351601738 7.512042676909991
24.19101109732935 40.71463496799132
63.59946529267464 43.85952679289231
38.441621434205416 82.82879518407908
42.904199021861466 90.29103643192158
39.255445999525506 55.005661998913105
64.53292556212702 88.99634748399396
21.28046132505961 60.44240543356676
88.72463186855998 92.46500312289776
98.83837573780427 62.86388205227771
46.75356857579243 63.49330048808797
3.0785437358444634 80.76056919130068
5.616044485564076 29.199385203234662
89.21748569641512 60.46320502803984
10.154969587295625 67.70103977908424
61.493663698753394 38.1408577171364
81.56202363850463 83.02121428808806
22.436454194245936 59.00936016820213
81.39315899149562 81.4583354866333
11.368209884438096 91.07030700183047
60.618701295214805 66.89433035617627
96.10522052261071 44.800114885355
4.217818608095936 59.76556653683316
96.78613635927917 48.034730109840936
76.95228026501795 35.1203300388345
68.7098944299712 29.23604723552009
30.63883177301556 91.022978550851
16.83433035697359 75.6247961396796
9.830484304118393 63.10625137210104
84.71794258498701 68.31891363866124
46.71585276841805 81.76014053624039
69.06747424437351 29.570816524678612
98.72670245105593 72.87845938796713
79.87368119007718 22.088051485540138
0.6307562344947337 3.8662861150791317
24.453175028755368 68.41671234912354
14.13126035454364 80.29170649371457
84.83289691521243 24.892862574883278
67.4933246168688 24.853834323623335
69.12001279773563 95.79504854775571
13.37507453890785 1.5931196407011017
10.169914290266192 15.980137378211111
15.537465729164746 73.78043640918723
84.40537790075346 72.5094415545044
42.36142653704047 10.381366190327412
43.5045351273557 6.286683420496297
83.41572795659988 36.257413817549875
87.41838183398289 34.09531311088472
79.0328454637957 60.25385504747969
68.13178093088574 97.98457698441756
68.2802746361884 52.92214113026099
2.6149843041697984 15.933308150937986
96.66942991584718 18.202693386878522
83.50503474946707 26.26950215806194
72.66064408978468 33.39885988772355
15.422769812349202 5.325683503905854
77.99399029787655 74.13697215665502
52.10690601795416 86.4188978017952
27.315895290041947 58.869612952308415
62.04569103795659 71.80297875031249
10.808089408820788 75.09158164682204
90.19876133542233 18.6873456767483
28.59094394702182 39.54927251260465
88.45449745474315 5.262131067906473
98.61918429096616 29.903285737348284
