180
1 3
68.48907967513121 60.55557254175985
69.92700983938161 1.6387046952261564
77.68776999711922 46.17573019791919
74.72959155495428 73.3118659913864
24.405185200212976 32.737985434795355
71.54063383248399 64.70213947554895
47.2454129921134 62.35135959935454
63.39984803408332 54.436211314583204
82.19604338782078 88.09499519955513
74.32283010690219 95.59329434572868
12.647228367307829 48.455889240651054
7.412306325535667 15.825616090192263
33.555439196137236 92.86118707623791
17.951672638099293 23.742453415746635
94.6711140079701 36.34048224314381
44.86448069893603 60.41859449427862
4.018538632379531 16.553183424360785
56.66074133389407 33.265467448899
50.443603180198735 77.02895912694281
10.304033276963033 88.16232292923911
47.62029568009631 79.37884994514577
3.95445483607606 67.48836064174894
84.65835979952345 39.765991260350695
66.52765280647573 40.38858902033764
69.38401003600845 74.53145590283812
22.19924530995938 35.9603091038506
5.937585002973433 49.93060341750078
11.38275647242648 26.019417204938765
39.863701200149436 42.05737025349041
80.58005557331222 70.6914491587719
24.055488792950584 34.36134165524629
43.90298880182068 66.12633537784527
82.75879704380404 26.958803320957703
65.02801072123809 81.12974536123565
54.38743960713519 95.10502061887875
9.277835491788844 61.484485748807785
2.964392364014712 12.937294078650762
36.977143477956886 71.63476415215983
17.53968874830505 92.84429184488616
91.0640578222824 84.08251708050922
31.915924173100695 96.20920221385609
95.16473223798214 24.23145353283005
40.73748896855991 41.478689351354724
65.00298031495784 51.722376477473084
53.01303263274602 62.80997735189966
25.465494096286868 48.77668556779105
98.28390014239491 80.47092549791802
7.37828613442395 88.53167851877961
30.253878880358222 66.27349104156852
71.1538421600983 9.959226659084951
85.20488980896424 73.73289070279219
15.359032676663897 21.460722859413472
53.2375128585288 42.25561953824477
61.12648666421918 50.50919971118546
35.22100481342565 12.064538290794413
48.54384309542257 59.27901117616627
86.11147980105918 31.56730438522166
6.241238719486031 78.07320236293252
96.62422683214315 29.57507822183676
70.0652247065493 82.3864146761363
28.44401278155435 77.70619508075964
14.98110494209277 23.42431661862061
84.20942334110111 2.92772797457721
18.06678403485611 53.581828444127176
9.450844985876849 83.89118223635377
69.26623004452954 33.76703778064489
38.3537818120369 91.79622321106497
95.99231948856487 33.95615155600855
45.67234405957201 73.2278603661701
41.36258052419961 48.09170481819724
93.68554810701488 92.26780540477574
81.60880029177959 98.70810314591942
94.95998769624634 8.39987953909398
43.594019949703046 49.372210233888644
94.6577542149855 50.73763048882758
75.12681472835045 61.45998268190675
77.2022056377956 1.2002313751243943
67.26711624906538 32.49515964586331
21.01968920470798 68.26932464848025
95.15282728448908 1.8586632166258221
9.103838778945782 85.15281987575372
44.87732127621893 77.76306762726091
77.72125359320057 66.35766346107839
73.53388217236187 57.179474141305
85.6260805399769 58.00211929778858
5.766021881138617 72.81327210264064
12.836453402415371 84.19158304308387
73.18283706080189 22.788723128704945
82.84232210796345 48.75593140416547
2.4324749336439577 51.02838908192413
83.2001179919243 88.82910861234411
33.164180216071195 96.31714661539475
91.34761422889017 79.99464844788716
67.44468721442868 19.992282335413904
78.0979005099392 16.194974211167935
33.73864326104903 30.433407654460144
77.726867243306 14.91528496043275
44.87748814501802 27.020649319225633
56.99122359888986 36.579551905904516
77.51918887710343 42.007242784199114
9.002847426033679 1.0422231421483907
89.05541817366888 48.593015565879384
31.285478960117818 0.015009746474259344
56.69182339196836 98.57049440966314
70.78769515748135 75.11144980854773
40.96878770698502 13.503943765224701
38.87598555064382 13.876424698571732
10.883765893511832 44.507767611324155
30.264514902648763 1.691465867522357
5.579861577986911 73.8442275114419
89.04131647073011 67.01148411991875
73.159436891682 50.92650220606967
3.202939824421036 64.71657577270886
4.929232873460432 35.014184345222745
56.22324703425097 47.04390109739609
82.88426849313115 9.722565597481992
80.14777587134394 19.09526593377773
78.56999082494166 27.539034081300827
32.12598404855187 88.11492481567093
59.788198532691126 61.83967879315322
35.39778966262324 41.4595882414581
34.669265748649345 6.988088054698949
18.694609006450325 30.452874436296295
17.83241989067468 89.37742168890036
12.863207573758695 3.4563186762352593
40.63467072526843 52.381116423062046
82.76577666419227 1.1464620401640202
94.9704918087231 60.52444108175605
18.985998689128515 9.080662435666786
37.0725869325915 11.476498570723992
33.72421845842064 36.46471732901531
41.554173546532546 15.02738463968274
12.45290276255735 86.97008198899032
23.926008413803235 54.013332728675124
38.305448274954166 84.2629789873942
12.058282362247642 9.781587677267689
89.80532723643151 13.709147804558985
41.32788906734264 41.74270743452173
31.373112953307157 43.54128719067598
30.295054664835263 9.0690494470824
44.035575668682284 72.64289971036118
17.85445144558926 17.023536282455566
86.66400975527179 28.876368198393898
76.63112131244485 79.48822773114426
70.85582399953975 12.693137838285029
56.13904824154348 42.37658497591672
87.8487415151343 24.284796287541454
4.883444739941667 86.11763158364893
36.382812366810136 91.1415535688289
84.31475552115815 27.41273386716918
58.78066522471077 57.19806756485717
12.547186800691911 42.26082649251695
76.66000055296229 26.623541565817057
84.60686182741813 17.41386639474549
72.94358872508589 50.30881433748722
25.838666128661526 50.11743464873515
18.43551610862515 16.59372392955398
45.33783863137819 86.56866734021888
2.3190219228205855 81.26203696623134
29.149065037592138 2.099408849403872
84.98122597114524 3.465635819697832
96.03350004065068 82.08680380506107
59.502179766392224 9.322834047406992
51.25397772960956 63.052784387048334
85.5564397965073 67.608990557622
32.405710648535035 11.417716190962569
39.78949708465534 80.47081151556665
81.50924587618222 48.77420080162571
95.85289777615932 41.98115486062288
63.332397964489886 67.36993064668408
99.36987810045875 77.01967374443166
58.004804962543474 92.39459117693684
43.70034673095486 55.467887422066184
49.19005514777128 41.8325375498459
92.23836448424858 1.9193209215528695
86.25351763861302 97.75548102763057
3.977741277290159 27.147281683776292
3.0469718526250578 38.53430521826986
87.71305146780497 64.10376626935287
6.766419953597946 53.78509937721716
