110
1 3
14.528552325557609 9.046527839631736
95.69970082227715 68.6128784329324
35.22247674552796 60.19238450327515
72.1957730007957 56.20866807962539
51.926749996331914 62.0610043838844
73.41282521017058 97.98059677736242
15.887813628090708 47.94449845083575
50.04061085040126 16.34974480855107
51.62530575297561 66.94032802070178
6.1267495725573 83.69053933555782
29.527423994122604 22.155881910701638
80.29921107670918 64.93328086402516
17.808989452588953 11.793593945656777
12.735635207703776 95.39076295633106
46.351527310885324 14.326459360530762
80.88375924281162 75.95466450026498
88.61417209787574 30.883050070522124
8.334255305236859 1.4256272124974156
54.45968367537639 40.25785194002944
25.54152678621342 40.479248932567955
53.0494244212083 45.367131425750195
63.18528340460996 31.799385761936993
64.36911419924843 32.22040921304779
96.02445445641969 68.14585004628546
91.81832328973401 85.11978662099251
26.193637150458613 47.741810188848646
86.62712746985888 61.23923811078937
70.03208700593851 16.50465307568283
84.15044710620437 16.991214751484684
45.67248085188061 71.07594683225847
5.513184374868119 5.535711037952651
6.80281256001003 84.72003976100864
20.97362514570218 24.9544501925115
11.657224722955494 25.190870269725774
71.71009793322483 8.554973223094953
33.406499310445085 4.394107438259631
75.42100914833128 70.8702421662849
71.57261248736671 42.81091271291102
23.82174818130849 13.296277518273536
77.41231941834118 77.00552319335925
6.37835634689583 6.240645658118793
15.451839759771445 18.290330218763295
82.03989649771042 34.07401859028645
89.35884776919947 33.937800165638876
53.87983153971349 64.64221501946636
27.50941162032039 62.584281087812684
39.23079095128106 68.35250699634823
98.64776820771009 40.82614991337869
57.96381149894625 67.97960654153017
2.900738926964763 62.178446226203434
65.04111954420165 35.827302974079586
51.59315419920485 2.5466496276333794
44.085942846504224 93.77529214947582
47.48781722900068 32.43183318694926
20.512925608701526 41.74161367311786
6.558323102642616 55.665116055878094
13.995615806425965 96.4790379907308
46.010238623202596 61.235312915870274
90.73379254984 98.74055162882622
73.28420066360648 58.852128191905976
84.53158501954634 6.989897867916439
34.86554588923227 45.81194602267047
81.75021434757205 34.67272000732107
82.41368076233071 9.374485332175153
10.230172979967511 69.74420932113445
18.595240264810254 16.29675258305778
38.326607967658234 52.962202423618244
58.2706640964751 43.62778284468345
16.00225586176567 23.24427153386417
95.93981025930363 61.07870519416814
66.22338340341958 62.65732089952487
22.31592333345165 88.8130267883988
63.271818677423816 5.30308154461161
33.2781933139304 24.420992824152798
80.49323775389439 93.08367421450178
90.25632365605796 21.649332006044997
54.55419254659928 64.56183140996454
22.573328662892145 38.51293630290258
5.805233602709459 65.60456389457727
99.53544809898406 73.0003325921495
88.06526938339073 14.213387988517102
67.77300051553073 9.88272183174721
19.39648649867094 45.15015302373413
48.87197029085695 16.802471487801096
17.29856222109245 29.861752223242235
48.6816153064876 82.37512618435574
43.973975381720074 77.84662970943555
21.794212693972327 16.38524203663321
94.85846737053969 82.80018573397892
65.41519291287963 1.029057707845804
9.496775969657634 27.946413030588445
70.56365712932721 65.55477280808036
96.19326631115823 66.35976263819452
9.45098325024285 90.88564814769626
93.40377408498361 96.08047516135068
75.80636843983906 15.152618609353198
63.65930853690001 73.64187283335863
86.35570209933418 83.9793176707728
47.19140679044453 40.854705122642734
39.47693405820558 8.449287298478335
1.0502404352103145 90.26434817148203
25.92285857490131 75.13338453352934
34.61207115802787 2.1660324091986594
96.35207084481219 42.676119370833774
21.258647840755174 32.107645774629326
96.9969493786361 98.46788645467595
41.186590970703676 56.156967248671144
16.366457510301082 65.85234961110957
2.8651981924109116 81.01986725267629
99.99308943552766 6.6478588829610885
