980
1 3
24.02355552427482 18.448941800814133
56.306036485116074 91.25141647772608
6.573919818455343 61.67452888890852
55.17493503817019 50.204878505067605
93.24137986681149 61.59523422967048
60.20854582816102 79.7521728902747
58.53586943445668 39.269131195491426
2.9676645704822313 95.64224991663559
46.57576811822104 21.553697491972358
39.43918013863033 9.913573200524993
23.23044990636063 59.16181876893041
93.49012287349478 29.4875871539247
49.76195416146212 6.707346203575781
70.63861685074191 65.17140840787314
92.42611983564602 69.22965962487899
0.9788195960654722 52.7335394394987
8.474168223301316 24.55442213484873
60.901326160403556 59.894846720132676
22.889107321998935 79.34279719994046
12.198840130229737 42.961886464778786
83.76858050044231 77.35257076318341
58.071491552243316 45.32780851643885
36.082859779280696 19.466571045430637
13.29753159573579 82.21584927599095
36.08905704533605 55.77409130809479
41.77123286544828 85.848041760651
10.458551919811288 5.6243974587221635
74.66468910464603 11.95775484507109
12.906287415708873 36.083594883507494
12.704335533587763 26.07456264140331
4.146381346727179 93.95117389954062
63.11380463814154 30.061087127935828
61.61132735163164 87.86983150598431
92.22116885881194 91.76270714254007
67.99722421625587 70.96984414573338
46.10172247465758 1.7956784026120776
15.052547451027976 4.497274566376119
11.522451675378797 27.549081104577276
59.67044396718742 25.57896546185827
70.70739085625337 45.015636369024506
14.219457262582068 35.39763974826211
20.53253715512362 82.65176354324642
70.18656411238744 97.9079065864138
8.688639486890404 10.102649476132086
42.442342423987014 90.53273027748541
46.38416598430355 19.548195685009674
92.10037985628483 55.55160305886737
74.76645985195167 20.85987254033057
28.454532669862154 96.30990756219965
32.99357218845944 14.116200866615225
6.876107940405296 17.845370449561514
37.513663006851374 48.62740732141266
13.257473209812032 18.084137886861207
88.31542011303932 85.3750812824156
29.61925280860367 80.1517693980764
75.2294956505134 87.28606876771354
4.720259615562927 83.08213653561734
87.27827807687657 46.81041057447428
1.0327487708691185 48.94250360259238
66.90833567270951 37.62113533181761
48.10892177346211 41.52124399124273
69.19182470027599 20.77977959709756
36.08283746882712 28.875460357226125
71.67708337963387 24.443727541561678
86.41007919246422 64.30736390625171
40.89557340590495 51.05481007884636
13.582151015542587 39.91618811900695
93.63039678791112 7.236334445022874
53.24396392876876 57.593356741546756
96.83617994966265 31.57907748918585
92.0327094668595 67.49595484685838
32.19922054464581 18.556424866620013
70.54180510863937 16.361334729013244
67.73267257668336 5.8056539464295565
60.920727187942816 91.30345158234665
11.608937706399658 8.693723885019145
29.191572266231212 95.3232415533544
77.91178388045408 21.373543975186426
46.32324923810784 60.57345485382979
99.81264358042819 61.594786183332005
4.565408748100297 92.97354468718302
29.40292802820754 78.62535153901038
85.77237882266115 38.9042901414405
42.434235573525235 71.87206223787146
84.25709805030334 41.67856406592407
54.34439355417548 27.39890320140661
74.24824961431105 29.287991244933043
90.78619243171158 58.292501747953686
27.36102130815339 52.51535249037722
54.836978064299366 36.02093111348614
25.485860022692265 61.1549545409936
19.856915780778706 87.08662357738362
44.09377658882199 1.4001215433522507
51.64604233680174 67.5568530510922
66.56517508776301 12.623547675024138
45.884201130055935 65.15006760144605
72.28939859382623 75.58405224133121
12.975423857006607 12.101565936992564
64.12822217905956 97.8858270624061
26.196590622275107 19.95368925257455
56.387638604002774 21.224253751344378
4.435034194813836 29.755901268596684
91.81866994470155 44.080466774254454
41.98384416364043 35.11737013811711
92.98583808013572 76.52573850461567
60.065759459981 87.91798681921941
29.71284532957008 85.12330564790538
42.437009714562166 80.22363463005154
34.02187545333988 35.90688628447798
56.9244781228478 30.705336144751794
70.41580323430945 45.14206804160745
76.58311792078847 1.8290851031590005
39.83929579915804 79.12880639870119
48.92297765281235 88.25506790051294
63.718238009357876 24.106932124388834
9.852473588682775 75.47641938147946
67.77961192922204 57.52244723284126
88.27018153229578 39.09626477242687
95.39617609523683 38.554606723607954
16.003710071221366 86.39877042543043
6.711801448340382 2.9804531971823867
58.61355111573137 78.85917542519591
71.37547049645005 58.945967471397886
86.13483177091967 39.20904750203713
69.11199043756395 88.94248872972092
75.00611651330958 66.58359137602623
71.62124809432855 40.906262231568924
55.20358091465134 20.470043362259084
31.609735156339912 91.35136468652179
24.881550286586005 88.57625936093302
41.88158576943839 6.307477745858736
60.163235385082395 20.253632996823633
73.0479333853373 23.244712283303535
41.19427216544056 29.177627138358986
92.49194450845815 36.20271467129052
32.684972667118785 74.80935480050039
22.532094873780984 48.081145985389796
10.250087933463314 21.13779730262413
41.829464549551496 73.50907254652144
47.26371230177089 15.656442654799951
48.27067223456838 88.59076642024826
68.6957594889374 31.507423640946186
61.007782826114855 81.01715637714469
14.423436689508517 74.34753099244502
37.60588448131501 72.30925916412139
79.48076699073268 67.6277883329094
84.91118746712975 60.2935914385808
34.05485269515858 2.9848467207163942
11.355213750635551 44.72250649218916
94.53497470888719 78.68834851667681
32.422802503890246 40.896610215874944
24.598079035451036 38.982061067449415
42.84890275398334 9.31782040878697
59.27576673100097 97.24918758136816
33.59469561846251 87.49365620344531
16.32177186746815 81.70322941019148
44.029850156268814 47.495849636078624
24.53290406194064 68.20040483211787
56.67488630347708 67.31479023594673
8.057805416160079 29.232007217515466
51.563875863882025 33.748576550787824
10.307859666575325 6.863282077571786
42.616920354541435 70.23808264690142
1.5919718498503377 52.62832837272595
1.2365205834638848 96.8988584256079
61.2917024312049 43.333718060892544
49.16950181826678 28.857528530785338
34.96439799302324 34.012569695299355
48.93189293021747 96.91050806623198
92.47277230044963 77.63269646648443
54.704203102947076 58.65802745607518
87.54098247213358 47.02390922845785
23.401251409311485 46.2674639308287
25.36141632521458 50.32530751114026
89.56050610098268 51.30442698025324
49.94764996808798 66.30428063292759
7.063232310384104 62.0866994317131
17.457830028870735 47.793293992768795
58.89388039876595 86.13950142897009
85.02285563296287 44.739220092152145
57.84951975890229 70.62974696686679
67.78502719401946 36.815494749874844
6.481710303198818 85.4964223085688
97.39442656976247 68.25860579997398
2.5158783182295252 18.89289228043902
24.142441717972062 48.871223866923174
99.50431999491343 98.72960716350903
88.77755804132778 23.09750345516084
75.30236595959398 3.5339054184764462
49.70578359595326 69.57709204377048
99.89012063380993 79.0970625062397
86.8932312945611 95.81118893830083
56.88018139280155 82.55700746976369
51.263978275706414 64.78566277339499
79.91576633624379 3.896098874580045
7.199666450388742 81.30164899467009
92.7110783867728 54.31260645081197
34.19266374822254 90.25930983838697
80.14758604106937 68.65865093357935
15.550963665614038 47.62627081284396
34.47993339434705 49.20669982219521
61.59910767694568 30.445162755822473
43.70117794986865 66.35524832459949
13.137845110144797 9.327404658859706
96.22893226363993 78.54728141422993
99.8183589017104 97.44689895832718
74.65538187655388 74.98911199402134
44.003953630288976 0.41813541516457775
47.1312698243733 73.6133912338265
54.400614898204466 28.879893162746907
9.308796144383491 71.80490494308754
70.91647400095971 91.73144684054762
30.619868355629777 68.7589644869587
37.60112773930757 67.9454628652348
55.95970576791154 28.259352133941995
48.077437746117965 77.57421649192173
9.17474768636215 28.718226310183613
49.69304225753002 61.190129985221866
18.672373973146804 4.269972084720353
45.91331329739896 15.964840532869374
7.43738684264823 28.576310050764487
52.68974127640509 95.68778624108296
76.5524154314615 19.97473424220113
72.98462592855157 97.06829169833003
49.86601811654181 79.1557441156898
6.974850076602479 79.40851214249398
73.73593341531819 11.231381247389628
98.87364187963009 11.535507178522408
90.413923365106 28.01173303123383
58.475038429073464 78.24427018296225
13.082516732791149 12.8909421964861
81.50718283242331 11.083814532095815
0.500614757389517 37.49283716642788
78.76824297933962 48.243155925305324
58.39171124572646 17.294697750127817
47.477606713816996 92.20556594927194
94.58721485378973 93.67752370087416
72.13141553939961 91.29708494803475
20.004529523847125 31.870004406381923
78.09242025767549 41.015343083185506
1.0900203852027834 6.672731655818698
21.845851551183635 90.08489642394079
34.1736270199759 79.82351976614876
55.38825434130743 96.01223770909321
18.217763015521182 6.678778322465151
52.37265957401183 70.06658330350048
71.6332128860883 50.025037342629176
73.50039842884333 20.846955200420613
5.923284978549881 28.37310893707887
42.16945925305995 65.12749510194023
98.31776945778783 85.60524319946393
46.58698318844099 76.13474951248173
39.43294292222412 16.11843888463924
13.135246203651828 36.83731407097737
62.68914805726935 3.430669840570588
75.94503605926235 55.202821945049685
53.61299620061821 42.95754391165434
93.93119374269374 35.558996575955135
74.02682788596937 67.89704616990323
31.04536258258821 71.66864214056083
83.61115251797608 64.50091925683043
38.843422950569106 0.1347636788771034
72.07272887565975 64.31558670571924
86.95420089482575 65.80649798730292
40.624393676176915 30.94895831608291
24.461376142876958 50.18539271817757
82.11114463127925 70.73324845790465
19.7751262253163 57.59481885896442
52.61255347457654 67.63131954149316
37.28305709071456 56.64846607948755
13.543274121548654 16.72315151174939
87.52618463473966 30.0841913321241
10.500938760269918 39.704668718384006
40.62399215399131 3.7404453105011726
43.117174507484 66.82776634416525
26.77000802289935 79.20759274230376
24.6955115293801 50.99533520107291
85.01771367384931 91.87453218835971
99.34329860913422 72.63690012900884
9.701117382896186 96.22359121598136
29.096392957491023 32.95499466739224
60.28701046566118 86.36209507553458
23.13275718188976 72.68942210532003
25.063259545196903 45.04932414960119
47.25523500491966 92.24222377931355
0.4221794441744864 44.94996994063989
36.102141281068725 20.313649612234585
19.095585752620714 30.40264644589772
8.06006061618454 0.29579241678003854
4.3766587951054925 25.10801298458634
77.31875932279122 95.2454547168178
55.95005803977382 97.68242315543887
4.635686977394582 6.435314721766705
43.24191048759227 21.67903095073069
59.245130753449814 81.57607527091741
87.21480343174971 51.27050646609324
29.510626017323037 80.88058834418801
5.666242576959668 0.843979959506358
99.88114005096966 49.28632576345537
85.97645129424336 56.14134538666165
12.856351107456598 16.089764027094724
0.33191546293585006 64.9134460432028
0.6502060133847465 20.27910594592719
27.94954984512321 96.12709894980382
52.79465956077593 5.995122007333986
50.89546668484874 26.714881893435006
74.43569255653874 64.90892465614941
54.8168722819955 62.400714227734944
93.87538067020351 99.27919280986481
53.66985089082596 92.51053272628631
26.214643185461604 52.58979730521751
98.31177366594002 3.6948528764818134
45.795432908487086 35.50138260461819
7.6171576480436265 10.17073148873655
8.970447918913283 75.14057620627588
30.381660932594556 26.178535715262253
19.438728066568988 27.126335152644778
31.450732268927784 41.32988167148361
86.58651974206433 23.82311556623664
21.657650401752203 62.08462880434038
76.63075968451338 3.286751895172646
18.077284301078024 97.88628386875138
97.88112248056231 61.656867450204444
61.53673160687938 12.749784303002375
20.988386223527698 99.16882881916993
39.866940040200745 61.238929126590925
56.271843101257616 64.91161560071113
11.624244916485061 93.83122718209958
64.62179077071761 62.24220545578345
92.30924800388429 10.248057149031098
34.47535641975013 14.12302139525452
20.741122095306586 46.12267295351735
12.314581645951318 91.98633411591955
46.099966310969464 32.217335888289256
1.9880704307282393 75.36684098938618
41.47403799562011 84.39595999322896
62.9590235813394 12.768005538590653
30.785270331737593 37.331496779662785
11.114787732658371 45.356044538056835
71.81647111264095 59.844052482372014
4.677009228642293 98.53383397736788
24.031245263487833 32.2224725073208
47.78395857136499 30.50865839811394
81.44657537670157 22.351738928719357
67.31287700079811 60.64302555231627
58.08976825699035 31.155352473562825
24.050640835864854 81.55084043574689
11.817805347821398 23.387676734389018
44.23695083766142 51.49449351846711
86.38714650777266 18.468532127231786
26.621183230131674 78.77083915485028
42.367197771527884 87.62748770107353
11.20374544406264 38.13097684163189
46.61207711921638 42.37755728164401
5.793499156499982 22.408829464117197
7.169492826910129 29.586568554205893
61.30054735024763 46.95789536595048
37.99803723831276 9.610529230152443
21.75673446271269 92.72237316316232
83.17314871996598 28.05565824989875
51.442990110177725 26.212910392915866
80.2529926283688 36.668984861261066
11.308549319399997 48.916232175455974
61.776796172887 86.81694372352365
41.872918490028745 42.2207663877697
32.977332044821075 90.11938641930368
36.92630605175411 48.410541653051034
42.24073645955673 27.77383253272174
25.26655134336511 47.68059402082325
65.79695817450832 37.970985125363455
36.4225494788174 72.5622844547195
0.10855145113781717 33.131498557988735
16.252854197964204 88.47110988848617
54.91231292280201 58.9978970677721
32.38727020205092 46.83412138138754
25.247480348462158 87.18650105156604
99.299047422141 96.54507430099362
7.781961312103158 16.47410149230737
31.09227596264541 37.303250986649
45.7385267715692 0.933036874028792
94.9519951568431 91.58121134427147
31.381925062473837 45.50878603986934
14.642366655783867 40.110287981769055
8.17060109437422 40.45347194608293
30.05007655006351 87.02155770445803
66.62718772644052 66.67309170817126
94.43377088268522 4.1420901570893065
2.010472313402789 92.47480175457132
80.57684129784666 3.9071897264501443
75.93191902848358 35.22475515416834
21.674596340746465 65.2866890503583
81.07783163703373 76.42414379645852
61.89849006722383 2.679051594684778
78.66327316531643 24.0662886321209
10.459073843513679 15.163246769821836
78.92431904715144 58.02168951486561
62.699975406812754 17.45591796117769
28.347267078138728 87.18766068531335
67.11235622109986 42.31054001114636
80.35328823588996 6.464426105330889
44.21344802613885 18.690010072592877
6.279727474136743 53.96589654429362
19.671325395641603 56.61313230650074
41.915563762584405 84.17007308581258
1.4493981907213849 86.06932182405644
52.63401367266722 35.52217503991508
75.65174680505713 42.269794317344164
60.02036266252249 1.0098696858269474
72.19801917039237 39.976518816461805
41.02537667600525 54.23900513909285
13.462423712836614 14.75852151014896
7.012468416280004 52.21151031375033
58.43092004493027 87.46664274659108
21.082269824007493 63.83743592776416
11.877886299212692 27.06566311476546
96.24916098083025 35.62214763695106
73.28185142153103 45.165084955003465
56.79927624295191 48.3037893810129
94.49990783870741 32.839161308101474
9.17337384350776 74.43894086500893
61.4033764677558 35.54328774388797
56.75271973551699 22.23512695663088
14.093138643373182 50.88326877910123
63.07325721697599 99.03634721074488
92.09574553515995 71.93183892146698
42.73792360952571 93.81178069718328
65.88095521913573 56.62802603872166
95.88982637316332 92.11201364176509
97.16445802859643 35.90437977587533
68.93346481054756 32.763699931060856
82.24210891538088 55.139567638963484
92.90748908095388 14.072291474686004
15.995019332978977 66.2507421976557
18.746562828509994 29.17344185589046
15.451181835623707 5.833021016072615
71.4943455918438 56.58265970700553
35.34589570554212 82.1217261861602
26.76420162717905 60.48506334512342
21.41763972703825 72.06485121071236
79.0612685744237 14.804212644474513
61.23767208788291 64.24516715007415
97.90299841719164 89.41543925019822
20.84094005691881 14.021381391448283
67.20600612263993 38.03593703873249
64.32200933475218 83.90394825909672
59.9121398736177 17.279015418967745
79.46036177087467 91.40201711861269
96.18655724850815 99.86444941794763
19.97770168027275 86.68137874649788
37.08964698099666 88.26382188076309
65.19742971358991 16.45383962644169
16.512492512902234 48.28828505464487
60.39266216875156 60.85997617546586
56.43540814126713 15.62455889454537
3.2345657467291566 34.20499235922261
85.51922292653664 15.16342387874361
81.15965963816505 95.30293607198675
46.00574697540154 96.20645165524597
52.133474006733096 89.2587764357003
0.7466403742505845 53.35937068538428
6.826399072513567 54.924514507901414
72.8300328896346 69.66507621308952
30.74128885597005 14.708790592183064
53.10385588308997 77.44962230832277
39.00367719916837 48.98606023462555
0.1711919184306021 55.65243552343868
68.56109107881822 56.59425051997842
10.722304854931618 56.02461497563929
20.01801902466813 43.3797727039775
99.17074263897747 8.40746431435413
69.22698330539512 99.50798082937492
49.050970379704914 52.799598651041755
4.960984832030224 90.11733594743913
54.058642840199255 31.818947657428474
75.61621025832676 98.57779417487205
48.37912056996765 46.76846367405807
81.96177621904745 56.343914505346746
89.73594822327354 0.2733722840271069
78.53566991321608 95.90421117252346
44.699094551212596 69.283856471429
37.01790996905778 41.232610189850696
38.97526755384069 39.34804642190368
3.6340139471418453 95.11465291766841
90.70397978626201 39.78796339709729
22.242198108867516 49.3668722494617
75.38708714273513 65.18810977219849
37.391828312022746 64.53589693445912
3.8596419319886 15.524494181276015
76.86695430908601 49.87205693237486
13.888344598611258 81.25532947916673
12.721485361739004 19.279429271370454
80.96319025604488 77.34311668889147
91.48378765402224 49.43674900467234
3.1510052477982997 84.55464603479759
17.195896134265553 1.1999212707966
68.2660766350787 7.2233537811882575
80.43610286693794 70.96280835701403
36.39970668602128 81.07016620318626
17.654041569242573 40.73798003776676
75.67087498677189 15.414489583827429
72.09984838364494 20.992572481904446
31.81794327715255 89.3043208747341
21.94691158647779 91.9677928304835
57.51060555550025 20.343181873138306
88.97844573676714 42.39991407055961
11.276679525490675 81.23936108002954
83.91274067283405 38.07788661587439
9.912659767381804 54.88169604627436
96.32195100551738 22.53732922449494
23.19256513376189 57.14885658456588
19.308219601179033 45.705116070518685
65.37996606185239 4.140916915683479
73.06627791557396 38.47348872808507
82.23111344722054 74.26365240852498
50.97611018805315 69.73501674408014
75.59032254563154 37.04948354983488
43.53422514974534 74.09562613771314
21.888256743936353 23.01557040837747
87.0964169342321 0.7495556362692612
21.304103230947334 55.00765070193114
19.008659183835206 31.121128048634606
91.51921666463328 6.319671561012696
13.918035363949045 10.836352548158136
57.23618550772578 20.779945205885085
38.76671755538541 52.577239487719794
45.8452012910604 53.29342150546215
80.92663845437673 43.92670504852916
13.296082748453175 6.994228779040346
27.253460658152264 45.09183134589387
62.003691771571276 87.12457155242488
59.16198316272716 15.07706299164846
10.48239926163479 84.24030732795084
62.92223873881886 92.04522640215136
14.28866824102526 58.305497678789166
15.007960580474865 78.85018571551154
89.29140108051723 4.873143676476821
78.09147717790577 81.75745894031958
39.346341948591814 22.70350730818633
80.32502464476059 88.8367220640945
57.79956132863726 61.26158508908615
19.764072023076885 11.688661755011264
2.012785458948918 43.5263514540043
95.087027771917 28.01983177500478
36.40241937192983 66.35015646677482
49.769927040452735 64.073400154182
19.47205874968536 0.9696931408569975
39.640766850586594 62.79100154890176
1.7091752710103103 72.03350121754562
14.294554987042595 32.217545670679804
6.691054946590946 0.03293470552143685
43.79941780498697 11.360064095080924
12.197159379183775 83.96551668514172
57.05239501968187 37.30297800357503
77.2950991709227 36.33408973794543
35.983712717068215 37.37265408480903
59.95187844898282 39.56909113279694
21.424065589051565 93.42661645159144
71.21270306657841 56.82699390574799
48.10463828313114 56.578966861695676
34.49757660819228 86.23914173409612
37.98261552455659 4.013213482534339
21.25245785288388 70.00887909018016
62.5090304652546 9.390476211446908
93.07962543303185 55.74568839352763
87.58751622487016 8.673981316736313
77.75150247659701 42.54367133552035
2.1171418616567905 88.0943148661631
17.543357608599553 15.86683474292876
15.89094450389581 31.873710850677362
16.380372606315085 60.48560407499526
68.93253387612621 24.717727915210208
61.87475548773686 64.22160129754926
27.10325622934173 21.389233856399525
16.37604868507485 24.356001716472097
67.94668335786136 28.093774159305852
69.5686472355374 99.62930903576068
49.173738691699384 10.70880006473418
98.0278727242679 15.732795744979121
94.39954390266212 10.537780758313687
33.83583887677845 48.91851338348576
97.57260723480104 78.7082251751771
62.47254648699831 16.572865964926397
59.507494411833584 44.69592467814858
90.36341444394833 50.4090619663927
2.144721548323658 87.73708113011163
65.17819431647673 6.459364082225627
10.230061882082776 26.485700202135163
50.82762573734945 16.64358555072083
20.074763420030962 15.937557367530886
27.619724655922262 76.55076312312954
2.1497292443160454 57.68181340777518
37.456975527271965 74.75496104397186
52.40351591402843 75.10313140493778
6.117790267134504 69.54392511765349
44.53063740953047 83.05656998882588
76.8544504392638 0.41068029725666033
47.99622768985707 17.773850730356287
99.84653690122197 30.4849767065952
75.29163339160337 40.88024735301661
86.0408780892428 42.84516663483553
46.68754204418266 58.521370265792314
48.38841335439632 58.94397635476194
9.496376415304542 60.79345427621918
12.3876337604351 61.908102574134595
54.92818135834212 39.44749646237939
99.96402465843721 61.48078384285094
0.5343314112828512 41.86377454195789
22.383782443707467 59.63607203449512
96.21034835279183 26.868669323232155
91.94053198336343 27.387855497828916
14.271056523117975 43.381460560294485
33.28774911720489 88.37244489045304
84.85189374801767 30.849477145996374
91.72509989896191 40.475646604884055
84.2174861970266 87.8233529252577
84.62023558237625 33.06606799813605
4.207736469412149 77.11049302634854
38.257835318417975 79.36558808512262
56.909924920362265 30.31422821048311
85.50017287590576 63.81437581003582
12.561402225777085 73.2750279169243
85.56876321374854 64.37849197132091
75.6821415919815 95.62793979745285
3.7401740080334367 17.915241497370538
33.12387145774982 77.83923382042647
47.58753902295341 59.760779290145535
77.00035482407222 17.027103251528608
6.5016933982627645 13.253169119754604
94.37445957509634 31.464942524927196
69.84146789944042 92.00131769110031
86.79996869405464 22.583981931613128
16.116686801010683 78.41529802271161
48.21457694356069 12.426725811938443
35.56435361431216 16.672792476714072
20.06364208999607 47.96592990044106
70.26383438427877 64.98583537283122
50.84667915479011 42.61952573227688
51.1626840058488 26.549004314399838
26.32704113207418 81.17781939916038
81.4703564747082 20.343978092888506
27.31930818908268 28.624619185866116
14.048654892326429 55.01830902576448
40.55842503142944 35.4308555910154
11.11808756307262 64.58686989307935
80.4348806143189 89.65959447367379
55.562323539254635 31.991672506745683
71.47840198720121 31.920945432140456
59.79446265322987 64.06550424476846
65.33247320094058 54.873095476325
69.22986696649656 7.77982598677982
70.60928337363626 72.77789960844324
16.15485933243235 27.857115645120544
73.08850797173731 73.48577790855724
72.74167355068045 10.801269334544816
46.3643663144053 16.486865697816878
53.901813788710776 96.12681693618043
76.24567387365111 16.023624217125686
73.84228219983184 9.183678501816361
6.1198289553993535 20.59610141327859
24.081904857622582 90.15161618415863
99.39175850948058 44.37304839968117
61.20441064069866 74.87657076541147
52.96809702425054 70.27301000552751
66.00773429731926 55.89163281992562
7.481406600710305 33.34446264126765
96.2113546052912 71.59114828666269
81.76901848849158 37.5005817430575
19.434333541560033 65.42316645157362
41.239281670771575 91.45923192550454
30.237860626153235 38.79365161896544
6.64219746663266 43.538565961311114
23.493117128377293 2.993987198241821
85.65517104082696 84.00707578971401
49.84698279781683 83.6188368217674
7.80665374729077 11.279196618688658
90.76463828091288 84.18361733656452
3.0649959247284198 80.15415199821109
62.58606119856891 82.0083166155444
47.34908294734872 59.83460211450677
71.36720823977159 5.192107195436835
89.7305642644816 51.12012374849593
72.31537795036954 35.551085128902685
91.35253035778932 76.86111568454068
25.766862946175806 8.561598739008257
25.946113328823508 19.289225385063837
31.488554584611283 69.51870108728373
95.77821028783853 17.22794775472385
36.56120486830212 46.248412538682174
23.493540325171345 62.73203488757939
57.71484976468528 82.7642137598757
95.71183358473266 69.15697060154564
81.3522679025088 4.998991086680071
24.98671554067147 45.08868812072453
23.30565050474267 2.5170371800269598
79.70774941875818 20.96748978325249
13.287982878837102 64.79820704852435
77.54810891525497 82.42515746558925
28.690924839046694 14.964708012307648
66.5596201264442 73.47246203029346
23.839781947224115 17.618803787937722
86.71667935133075 64.25132917908523
88.0868781315854 32.68407390191761
44.60039396584774 88.8274030299842
57.92763263260174 67.51636344273302
80.6436065914844 83.6758316366195
98.40588196086439 55.77816416170931
12.860350984355652 23.06118920486544
44.89378183001496 67.90512725066746
78.37317263284467 88.81069863207397
97.36774635014783 1.324831064521348
27.768242392749997 94.96315417667844
52.46425371167454 72.02138243542429
16.2554586307307 91.45016761196445
10.173028871351185 18.99656410185946
64.11726325326177 19.43382845435162
74.38944059040247 53.370675482061515
40.87157441008908 42.84194045666656
73.55201713310547 84.46715925818428
70.41262362165985 91.7213007251685
74.84405400956821 85.43946586621347
30.142230469614837 39.08868209007586
58.74081878191948 84.69999352997024
73.83355962048832 94.58274101068702
0.9493702844352248 21.449287862088507
2.6482348152859547 53.555309134684514
26.3548022594984 57.70923203742348
1.663565738690842 74.61262724889872
74.53926459047871 22.00585269419628
29.092802136017347 95.79845984559124
57.40700979776678 24.6468387924768
31.76583071007797 31.380939419101807
59.45323113081478 51.89727846496566
18.016531218886822 40.20058530720725
55.77090389802613 32.83436217270064
29.320799949014287 44.743762211210104
8.93492685199384 26.570500996967226
44.81293739781576 84.49812653677047
61.80042102939063 32.84859366401114
13.816709572597507 98.64965028284229
1.0488223720463763 19.94826883058669
12.41759439271899 91.9741717374287
5.659206432019226 83.02618621016124
48.49949452315918 74.10581767897182
24.979545359198706 67.06711993593389
3.4893478046015725 72.7557179487126
79.7888703045641 15.060655126512623
78.21237137555146 68.38713752051191
51.39102089382548 62.51407754711744
45.789578492338336 93.17106245703665
52.394368567064205 86.96277731865905
27.977910816335005 79.74620720644323
62.10661734579828 60.481403823897395
6.59503764971785 97.35759283135792
86.02289838183452 35.325655568938316
49.458382047787964 53.45945519456636
41.99139682277308 31.17231257024331
58.14660956043254 16.163113347719804
53.66437116116995 23.54797605336767
80.33769797735144 90.9290437065203
29.856560760214144 55.15650338880833
45.091081255917146 4.0381776589078155
92.10491671851725 98.44591041402713
28.155459212976062 44.081867847202446
64.2262435496105 1.650771992805189
16.701408954138785 81.35533347916774
22.999907978071764 13.898617779134991
0.28749818665958493 61.43705111732925
27.578743789634895 48.835466576264785
62.88602820784115 27.844492655639996
21.188002035073538 57.60630115936556
80.89219129269078 80.24487097193858
65.44461877034739 70.36258665148087
15.715426235241736 65.78608702476969
60.57621508688777 65.84721489391595
13.279274722331614 74.81022917497849
23.774503851980853 68.48398768788981
58.11948941499831 5.840876517781846
1.6197842561454845 57.36792098932837
46.79249610528504 99.82007948486631
3.2846220286503414 22.061208714400692
81.4464115433151 0.9428530140877189
55.44519598259776 73.8595752218178
51.41439347620367 87.21715347378274
25.641974405927904 63.747440691145485
6.739568641900884 68.7804791418474
47.86641029991554 51.62743004328698
90.92450219632954 13.132458845881523
95.44916196387356 28.63512716428973
89.42080867393275 39.94533707339733
53.32232295021768 94.73925464553128
29.907013548702754 12.422416449721197
3.8628875629321824 12.851485456570423
7.93266358745861 59.38053145195185
59.38017984059094 19.002944919237418
55.30628715730388 9.811204830624298
52.11894168744786 29.645347990631656
33.723236308136116 38.32661965346424
45.44578906406671 2.6411935011183996
87.88480307725692 33.99705673824114
50.766571514260605 48.3026851977086
67.12055472881751 24.037210973734368
91.46751482267143 17.97398656389415
7.94208379810919 27.170493752290724
53.579468539440775 74.54635827082004
75.86569449929519 57.121011165105486
59.78198243619577 23.50850442580521
54.281974030407156 9.268061144250229
84.57558778821644 15.585051050264198
9.450493593572084 95.99033238674566
14.525763365504929 8.460041765194394
52.31945756660377 48.525250286280475
12.643094085178186 82.10603629466402
93.12051299208694 9.457879341141307
79.11426486140934 18.987934623227076
42.08920078709861 42.36217164861629
35.032510224973734 79.70681925328691
64.69269970142466 60.32457251306111
43.4015475822551 41.06852498635909
91.4516348393629 46.129470943690244
93.92858238911776 76.35425420952274
68.10301494579399 83.13357673001416
98.97852575964971 52.162051873810555
40.613256473753644 56.355407465883815
64.42678215419546 88.30446696936596
55.636157081337224 24.79331465686947
84.32554286990539 52.516923728454934
89.18905982831409 90.99693511237305
83.8641038055444 5.622141497020849
3.097081249605771 45.912531353403516
50.84858354638928 76.78025038373335
21.305666416886517 29.124910822470774
8.587757263796725 81.99918247229418
5.077059513398718 58.42262021126985
22.128905136371756 61.328144652678304
65.43282780879329 25.32351108816382
70.83841607896315 38.04559687282034
56.561465395780864 98.81348054391377
19.191966622121992 8.514997816396175
24.390746426099284 40.51840559542639
40.898255127523456 14.308789136221245
10.132333307810715 5.0598030136998595
60.99779425438157 71.0954715402911
51.82673943822231 26.38126280117985
74.10260263784816 48.5276917521321
87.17189865493951 73.04121495415023
62.56155714893596 4.625725193830776
88.01783290718859 43.41962216062678
45.557289933917566 88.76482680775908
82.09417372211092 36.67518279411017
33.98031155144039 28.392796691475297
99.40588643402354 67.13169635253003
90.05440738859254 75.6709664031134
59.09862930387453 36.326233097531
59.91657962830361 95.3566481052296
1.3625633302389417 29.718353576996883
33.30318099262508 94.00860494765107
24.946308771689463 84.60440866067869
43.351648614442475 90.68165857380164
45.49950325551955 28.792920160736955
82.27441383230459 88.80385668085663
12.435197415345932 37.740186488273174
24.6984658635532 6.538544156278769
71.61445058273372 6.223669253314412
43.54240731482264 36.55861227418045
85.95283783257896 88.15744267853951
50.094836868082716 76.8312700561221
68.87135660126522 2.9848207430452023
28.20907898692262 91.39055556670222
46.28064498958422 65.23056022991955
10.850155365748005 13.71246845070977
37.421700734862306 37.76048443647897
81.2009784197802 64.0874025847534
67.82654275389469 14.757372427271264
35.855925558825106 75.71454151776169
31.304952243649065 6.02304516804828
87.6465406101872 82.23399161253798
59.09712236051454 26.31632173806007
2.9314976514213775 58.93942377736921
15.977990896433237 93.14640475794067
48.66111611395338 97.72943102724486
84.3997723395527 53.65101342107008
84.3556260065228 16.91815891820383
28.710036983225784 19.39215229431941
63.62852135675563 58.4722546449789
53.46748700242152 9.628735831440483
18.79520994370738 95.96923569044864
8.980344930199525 90.64263408471712
53.12081433324754 28.323367882704108
27.225894248946837 6.846045096915554
12.092378753827827 75.48835763064756
54.48355326563647 30.89745582665351
28.504581774791337 66.47389434247839
83.48997639070697 14.457532758718749
33.55353936444565 49.044166751916606
12.950237776439021 99.62433940362278
78.41494337176023 51.93338811532584
54.809793911385626 91.32196600245783
9.391005786384188 62.00268048775115
80.20729685902222 56.00721424009885
84.48753873336368 69.79168724761196
43.507182475983974 15.75948817781654
71.29864308886891 44.78065258434955
74.18842064042302 95.0427558322744
17.774351280527245 69.97667483687823
80.66219570509168 20.154767524261352
42.12302260909877 78.82261353507816
27.11505023607601 54.26351557279372
26.779576302304186 84.55333844873823
80.84873176806617 88.12079765279972
59.170981669028635 84.21942730628933
73.04703602645306 24.602296092503618
64.97002743566706 73.82867812730154
56.87693334261319 40.665132461114474
32.13686717366924 7.022297822774681
78.00943927261285 27.544453974534953
88.23659814721101 20.165923586567413
7.266452750021024 12.357898176610727
96.89788269908254 72.33887746072985
56.98562976381438 50.69906636575112
71.94312444496734 60.91081577856963
73.9122758188152 7.135969878661341
41.90092527542768 56.53815786194989
31.41866286342101 74.52881061033318
81.39728557067932 8.47484083304122
93.75574313520131 96.83412122380268
24.48464373952617 22.62106067467673
79.20076517504468 30.02457990300207
60.07659267289858 96.76792932642336
76.4024636374989 33.94493800701388
51.529095027520036 62.63269493838837
5.411040407604806 87.51167413519542
13.476568447578163 19.971225578885644
54.33473192761973 85.98496691240736
71.98482827456661 55.36169204591448
15.719260525838585 96.55368318107311
12.49256539385135 83.74620480082125
70.70371238895356 44.257032362984376
95.06719430730404 55.49083094713421
91.97758471949776 4.940995324699915
33.03910295908581 77.65004278508829
8.129139227889247 3.9389138507311294
59.65774668306851 42.38013095765631
94.35071926924037 92.27997061522845
70.09988161835938 83.65965219246692
46.428822340859035 13.720519105269569
80.35023826185221 10.907169737794176
5.330020394619406 55.184978936174154
12.362602607711693 36.982995114173356
55.12052678190778 66.91090254355163
96.48630720193316 14.464374784416245
76.31609979234129 53.72930569037217
63.52438348274126 82.49985489207252
99.99886340447266 98.52412871906446
42.192216850673624 63.11282444470443
0.5253337977617845 43.41016471090451
78.17550076809856 55.839950613332334
21.795743025275804 85.54661237926702
31.79023753046173 61.382356729136035
86.57559989091163 94.95921748052957
34.3787283133907 70.60241868021313
23.73955118351889 51.763153726692224
22.935100773009864 68.58416258447228
29.03340251989608 60.893360308669166
0.5412235288692724 89.71141907182032
76.65858774231462 18.80999720305947
77.9546846038168 87.2056976964891
96.3021986565798 36.87374527793039
52.40374345953607 67.57951930147112
85.18827349160787 57.09864582351902
82.08052950384644 37.47337637004786
33.28910578661368 69.11052438920946
85.54107583178896 57.67648049002882
65.7169716598217 46.22339987953157
1.7660680254324657 94.91350619849031
42.64044017120882 13.264800684890021
8.035796543384954 78.59000594385162
86.99642742424696 73.1162587899183
51.52112851663517 17.37651610180051
18.41037891052153 34.6483542683452
8.89741042799077 79.5552988998166
