710
1 3
97.21902776802669 35.798501223438926
16.239977396198313 20.01917857034934
63.716938477462826 11.752892444722551
39.011271115004575 5.009410030672212
78.18743410034945 62.080006382130115
34.56929989292148 54.300457007977585
88.74934336167388 58.54771019353742
45.42634511603569 91.44027550523761
6.858492297010943 86.47501761804573
70.63435589201823 13.957849478790973
18.57365572585019 67.7911478689178
64.98455815270962 60.67406781579783
7.450205880130034 1.5782590699403354
23.28473314842805 24.833096341369874
85.1663575290146 13.064636855452182
63.76140755365791 69.64893306247065
68.78035432161415 24.471684954594885
99.02012513855112 92.9895616760124
40.57205445745886 46.402899926160266
39.79926285375947 21.056324840158137
89.03530160881348 20.68900917997243
73.13653673115819 91.00769051402149
96.8283119543538 95.53821076594436
68.55787394345117 95.31285486645784
26.80587181595937 77.84906088777115
23.306335648323184 19.773692446543944
64.58544748825965 50.16636893088089
53.48916458763906 72.60442603709522
98.2009062917346 5.3424464749087575
83.06450490953934 59.54293947470397
12.554220331873811 53.69567987322641
40.35680710303189 78.06348576634703
33.493448645787005 4.875261025340105
91.25334292080558 55.70868866041394
40.69783154449589 31.49936618884801
85.19507711298711 14.48661401478022
13.975766766932974 36.722444242480904
72.21660453241077 40.98281915962654
65.91638530129373 3.5438102850711584
80.57054609986739 29.65078245378745
44.16831001624393 56.108669148629595
33.788359120815635 82.2725263121457
26.237942976266048 22.71598603943694
69.74980258932344 64.7910335588548
10.49008865137906 98.06034118908427
24.65930446638478 37.06014336947489
20.66820230907709 79.02555663078157
42.742415282556934 31.870864923554045
1.1424399926958984 50.06639835301645
66.61667434699167 71.88706601224007
80.97251350456477 43.89800045384502
69.62824203374251 7.431375194775303
20.112178895516998 81.58164208832481
10.869009945994978 73.52251320163955
46.27927756183033 58.72035828216542
1.6507611678589162 97.8818392979002
73.47299801218384 65.69792971424629
63.08219779668542 62.406657090212114
44.42251605897531 8.372542589383292
62.27794474004193 31.064912599682405
19.237005770034244 49.021259285471494
26.041399190799087 78.34639727437684
1.3112094847457456 94.32920885707499
88.00856255099876 65.5159184819993
77.39139891739015 21.04680799568093
48.07729955940998 15.466754190692233
25.421489240896268 19.7965572658666
46.72314458935662 85.91157969287198
35.63272985489068 23.13838958664194
36.62867718541758 20.512838627547737
75.05240993925713 4.084504676050993
43.789299240663546 4.89017645759684
93.21579363071764 16.33393279719977
95.09359652510341 0.6611342242876406
94.06782930315467 53.243004495618564
25.91462304157732 78.93059528128666
92.83205481965071 84.4535726515737
89.08559537545398 15.79252479502884
30.40291541910363 90.38125812598352
2.5087465427544364 68.89776051566925
15.623996879989853 12.466360330412773
54.21856884456786 50.79294466744637
91.6906728475023 85.82505251682898
54.06835134134571 48.23695698438042
34.31621181686535 22.079620794319
72.3949312142899 3.878125570134383
7.679720533745371 29.541810997072027
12.148090251222454 89.63053404595746
77.47834606736978 11.430493764268256
30.00110303297834 3.7954429987618
82.70438646055143 58.27665330355294
3.249878396761119 26.31078476205799
96.91982585389654 23.228254421143646
83.3474769206189 11.675928484827903
6.279526176668981 61.80466904796169
23.61277223001148 76.83836347008915
35.47816545526583 10.964503826579698
41.959199447263984 94.50512333863517
99.8669785165808 32.63748196718823
74.8887570532081 63.69956794771221
42.6197428732475 96.74195684599134
23.93647736188369 1.1994052118719623
39.25686458146605 96.34520883489309
7.865678362725714 7.566702473787235
17.324864281163244 55.04705037423783
38.013415350384136 19.886071578796006
57.80857739052077 42.13854295272188
54.82020787610218 49.22379763959057
6.9258994143923 56.783189073268225
23.515531255598642 75.00277456639904
52.15129303281438 56.052463657762374
91.48134792236692 79.82901422965718
11.274197604695434 7.588330758439232
25.085635412158226 86.98556853333027
76.84588949137425 47.98142114303226
51.85477939700718 3.3942956629638976
24.50557786821186 56.8307998387614
15.68940595321584 21.21690035292394
18.257564557924866 65.46050643784984
30.958483283693973 59.03299190277862
15.514666695133972 43.66562778537215
98.21203168300414 41.31679856385102
10.415365466968996 2.4444200271604988
31.046695071466267 68.65388017252194
99.59767250414318 49.03210189506395
96.19332658684992 50.88709689715718
56.51349551976021 51.38150226257101
24.553318805805823 81.81810918208778
35.84865410305105 21.82149454814082
14.762464840759538 92.41514479508501
92.11436884076585 25.25206453626314
1.63110165855056 50.43204020647121
67.67516508011262 55.46868261104627
71.0106568709367 90.72418481064399
59.35539671703136 86.76456999486855
19.466523199328066 67.34386793152154
66.03375337241482 4.421620339864796
33.068784329389715 52.884928951530476
74.78750948603923 3.341022040665975
0.5451934406154768 28.38288579343795
1.5122136863751523 37.728986313650935
67.67943578294036 37.64830023011636
48.229319185827 26.74981410218642
2.3788750913922962 19.655867060140288
64.5754709437789 85.86953548047032
16.27618945212439 99.22627670410964
50.282971451871596 22.230409146193765
11.832036491938936 73.07021795697963
37.29386327766009 31.39946055632141
90.99477821010542 13.731207413820169
76.15190271251069 85.25440453112643
28.70236275447844 39.02836478962746
26.037981870897543 19.645204397781924
13.904607081990816 57.12028953925048
64.04959591916197 66.72372002415585
7.849878026417079 8.323966364811874
17.055379572051145 81.94149067503315
14.30903062786002 74.24564398225544
55.43082774959416 51.538662067932385
36.22929693421233 92.66699723789415
14.256270720625785 77.36494742360314
26.868482558507157 82.45139307285083
91.91008913050662 48.641973860228305
38.69525971011403 15.198326452020172
92.64386997447906 35.61067050912212
11.710607627483638 72.03296353705765
56.08336534410907 38.34739384585761
3.3928120401063078 2.976956134542985
82.05210184215335 40.7782836381315
89.83077658366219 88.48005955814251
5.912830778380562 25.62046858235223
37.99457010665037 25.214384848966187
12.80098109593193 77.72575121373528
57.04795546717849 28.240692226838938
3.681410866534507 54.767316843769166
32.34069567107773 55.05685640251912
31.93873118513151 9.8175272181664
18.63315143953741 10.722981572677437
11.624364589761083 80.92048371999832
69.59373531057669 78.77333052008282
77.88390185605465 5.497662348676546
52.779247137673416 88.44274237735024
94.50571774372334 62.78525094435887
53.43623231745076 92.1156019815286
28.683211373161743 99.01880599336596
89.576211486624 61.52084072365061
9.263011624923646 18.770504011591772
23.453577405758463 74.22466727999483
17.612708785340804 93.36905503814927
31.506382150575305 91.89053738999333
88.92980222242312 2.0686316161179885
95.14355987738679 75.78597602701966
25.138099529419122 78.87423615221705
92.61931267759608 15.730966567559168
57.557995058060165 37.25569658827261
66.54258537248884 39.91320994254881
83.31422879131813 42.194205229342515
97.13580227520262 18.813718916781895
99.12566748583123 40.00877212706582
30.785220331659822 2.4082890247663746
9.023378864136644 5.676037024858216
38.18904670598657 14.358204812243969
15.176181117926424 32.9357148810538
83.6919591225869 61.4367271009949
88.99875484552746 76.30296092852961
73.50973060984245 67.82280855298191
46.891997494984494 85.90468708795986
45.45794626298984 62.31575284291067
2.507319913605488 34.31694933961899
29.813129292870567 20.707726103834688
68.33036584992122 44.67812516063561
85.55720838243059 91.62782633511817
59.1096545814417 37.16005575943999
90.04434205315826 62.24762174066991
30.663028069635633 83.83003226915189
35.74599564168614 29.81670719581504
79.22124470533085 53.5834486814027
7.257067308362619 58.57267810264881
60.19847818898574 92.01672344078334
75.80518426787619 80.4208455412157
67.21407527076704 70.96829030939831
71.61644944605445 95.94795890821352
90.76931207678729 97.27187119624571
25.955186784773133 5.3841894428071635
88.22518243456278 48.43641907413421
59.89973028564681 66.61265226233562
32.56399791765225 10.658449547734094
33.973934257964004 71.70893410614927
36.083339951429785 0.870972452270391
52.817779053291794 66.45877967683056
97.28921300385014 50.94467134096647
52.61930813045297 89.43780754420345
35.901556713831354 16.840040190164785
72.4233433712941 30.641842332792923
59.67114775526743 63.05086860485265
44.4122284115372 3.6420213452468264
90.02089849038232 77.66878389055374
52.386844498319896 54.81344877441683
73.88163723308759 63.99487638059635
34.92318740396192 5.211868445194656
13.982666719028813 4.849405693911613
98.42803304432921 84.75114207040113
60.54241046957773 58.4515093438474
68.3179532942822 38.51098719943364
96.13093896179932 20.70846886281581
54.10765744046009 13.176690129964541
62.226537391859836 37.054368380181636
42.39471393205485 71.20365413917212
59.459366920927394 80.73189842815587
79.6145040087713 44.96440556099783
61.47297737068338 96.28377079346878
36.80992811612456 70.56206935430585
54.58422826812195 48.12673598149835
18.114957679882473 29.63662815066217
51.387936614349464 84.01895800309593
64.83388895059046 41.16047955717441
31.446811620781556 43.32570635761874
0.40552787896375175 8.693158875774731
94.33696399253246 24.45228225388174
29.19718866893315 54.292527743633244
77.34490188080683 49.01359802813492
48.39214854457181 83.43937144656641
31.55798393834701 9.296944489063975
18.065730210410113 16.197852612384732
83.85655360566615 67.1425889165842
57.543161841461774 25.361459554771137
87.86107447199083 7.890779235519352
37.802725901644216 85.97473605749897
58.02594525036948 98.6130755310927
12.177482464872202 47.57808717341141
57.89243580252992 44.98714618994448
82.29946330300729 35.86009116114099
38.844637202997575 49.76571661246836
70.02547757726467 43.45019700931354
56.616176445575995 87.63363956706533
81.79649954107393 62.62306760654213
1.6532228854705844 33.433857167371684
10.238996774476995 80.41295348365776
26.51829385296449 24.30882860505015
1.42186977024783 53.942222263165185
56.81130476465896 71.85420175418453
8.070111992170848 54.43448357734666
0.8670838610285836 78.88649143588023
41.726044285321294 46.85537635650219
2.7207468789024247 90.4384269732176
59.80837934765737 30.544033219947252
23.445635371934713 19.406821225881245
94.98064627653974 26.16006890736051
40.69035924421838 46.70383181830435
41.03415023968737 27.44660940973742
5.352179632904885 60.35106189654647
24.097420780028344 97.92280496472029
66.82879712600054 67.69177140752576
25.075822315427445 33.61916694165102
57.872265976102845 96.07823246643758
90.0160807962246 30.638267758553027
43.25802830861451 42.23361384026425
0.25559521519811224 24.754545485930212
60.97653725006682 62.04606344928245
43.99555817060063 15.577622607687779
93.17547867564771 73.60451422534149
2.8402137085669077 2.070522519367346
99.90364699381769 96.37993304509489
72.7130456814666 33.015850201284856
26.732041255315853 13.45118794457294
98.46908278344632 57.991373453735775
58.099291082455615 40.261236589603634
44.592805013074276 99.2234062288151
8.70905729079212 64.6487633364422
39.67953204595247 0.8805806520709503
38.30815928372342 36.75901599199902
99.9547981607555 17.88195612054606
75.33613729505772 47.29868590546702
60.92583781081209 72.183581272878
72.24559133944048 17.08704196247521
93.70064409301786 18.39113206746903
76.77047333433924 70.83433625851889
90.51782784576233 44.45363479999467
14.664090696575439 52.57860412887223
16.315395044097336 85.6883162849713
86.41562897948252 84.33684222384956
32.938713302941295 63.95592186000945
52.18904439668044 41.51564852577954
46.650124737054455 72.45862413953328
74.90592624284164 28.623392770015577
1.1988095405458976 80.3840548511892
24.962333096833667 84.1820795299875
83.10592650824364 8.697596318976398
80.07261678348495 70.01777303158292
54.688176243067765 29.862974614968408
25.842961145371433 86.42267790754686
50.76025930622987 95.93280195866024
69.15519836795832 1.3495333361787543
50.12155239905412 25.581847704070793
40.73067301271791 83.75224654037736
75.70479557583056 8.532001506451525
25.171850311376986 60.92100309651738
0.5434771709489361 68.45823949074794
7.735828385921328 35.471524952650626
39.692840476871204 1.0462946012234742
18.648648290379022 92.20784324286964
16.112900511948737 51.415999669990796
41.59934294388818 97.23049366502678
7.632093826769482 57.722700031840276
47.77868462949817 16.39612314595884
64.12011737359703 33.993878949809144
17.24240377536146 82.91229600585307
39.233143418542646 20.348351738604897
33.8391652949434 72.60134506105051
52.81960880117356 61.739433839612005
10.687543169680946 70.93503837257819
84.44973368348833 9.117710822558145
21.216079392480225 80.49824004269097
6.2652097108446325 20.850227188267965
10.956008071782609 12.86843650397682
49.88342393710698 1.7307031652907146
50.871974332191925 29.898373481088658
89.32994133892123 31.93384706726139
8.582706941711415 80.48577045430585
40.535503625777956 27.247732530987847
42.929522439717395 79.58866486119072
80.2757580824871 88.53922871996348
16.629345402950293 75.63186528766914
14.937470318596935 77.10678217884454
84.22710885392873 92.47644026235268
70.45264491029015 83.39345280120259
58.92159646467072 70.8512177879919
93.28165267178734 82.45369046848681
25.754979630514008 39.82406569931549
10.047049236560323 97.70685223954052
71.49893542160946 76.31854211841362
69.10708023037377 42.74180832041956
46.566623720604916 33.216741683830534
37.03290544708793 41.1629900443534
4.9070960409108855 79.30904858923797
21.108912008798853 82.12083223415176
28.282639044808853 19.968826746095214
55.882951002961214 93.34954923038576
2.9082503710762264 82.7336253736553
67.97492145933847 1.8765841298190367
94.11352518746719 30.774432626888128
5.007526278493368 59.4172163059012
17.887728217382758 72.0997441162483
90.35128617129725 19.821090500123372
3.5470583074842743 96.81953149225065
8.870552315022762 78.80724471875153
44.7119395678599 0.03666761929190798
8.123714095723876 74.68533402286242
97.08342961180927 1.3353344220136343
76.17169670940218 70.61645393511475
55.382505969628106 78.29835261091517
11.72327519033387 88.4113010128013
96.19479084794389 88.11430312719466
41.685609449447725 41.44304596454911
74.2986412946267 51.38123120722498
25.129269092161177 97.32507966850599
75.01714031766218 74.03094392115348
41.34041063530782 26.76146921549334
63.200046002190206 13.068942443048703
4.628593090150002 34.585635828452375
94.01941992982294 45.6075623672509
94.4503533654132 70.23809994074264
88.6412066714328 88.09818529309499
54.248739847157964 24.57613153588971
41.15303311395437 99.61267328832051
9.139711432313756 3.0574527756063397
12.89657595922682 29.23388141194716
29.51836222083255 27.732472269268406
16.97760943514648 12.527072622467884
86.546872299821 75.49909600300111
92.67226498715723 35.5388441124884
33.72658913099264 60.24012543883286
59.506330243148334 91.2983524256958
25.2626811525249 26.607702748899985
91.66484886163637 52.24487160618527
35.16334215657682 87.64511423965826
54.12255593859281 63.55686530365319
86.85128787528625 56.304795269531404
62.16953877001083 55.761991240098126
93.77354881810153 64.5990707464084
59.21122100139775 2.423720087244119
97.36454379718849 17.766385166253016
58.68426408863756 34.808783672953346
19.250446719015702 37.24073554580944
11.829095220377962 4.333567324957999
97.82534469428892 28.593366790785257
66.42533225661471 7.236624324574281
33.31127137222818 65.05445038501516
46.21786993687038 1.5712662531044197
74.19109838800384 17.702473071572356
73.40443299140993 25.58390367867558
42.885211455440796 99.35146137870099
10.270098470251066 15.267228777497621
92.59789173073504 78.3815125561817
60.11093686619973 87.36443787069244
21.108815726666275 61.02425881611961
14.237904428704917 48.24380726584061
23.143619262654692 22.1767455457504
65.73742483238408 43.47424397520916
21.003242190432214 50.113254807560814
12.128898602763162 4.616387086934548
43.33028529133627 20.071261004313957
23.6108274623972 73.95171760268381
33.07417769846468 0.3307876761911466
55.82895083410095 38.638774652629436
81.31556879219384 31.818333763213012
57.16896188612996 35.33478812325988
59.250682445936405 41.384758305619364
40.562491963682554 97.13478525372194
50.8129188594103 44.19966810554226
64.82310272289817 43.183264976041855
11.993865974082762 89.39342824350962
16.549848572279902 57.75541136060585
22.283363198563567 42.398058491040125
4.360504089855133 22.04924180994057
56.655133875236174 74.9484341582913
7.576496173160896 24.932152032726783
98.15850045512029 58.32874905820733
27.048694034799148 59.28889419353776
38.012033194064145 1.6852284187121036
81.64298173636337 10.876232853309364
94.63788758238837 4.179446556639244
46.214556859207676 48.49164350103734
14.539958287488908 33.11917160000861
6.474055549050228 48.78564369526737
89.61710661246731 93.86000064701439
45.069122938877214 35.03842842566303
88.84986804150121 15.178794755776615
64.50508009097737 25.851952130003532
1.7922748384390896 42.249066362901175
4.291580993308108 75.63315208869874
18.17926124793472 48.428351138797645
42.94939913061731 11.685963502137664
84.82097250402549 57.254145216476225
30.236145001904102 65.64657392507958
76.89930976391773 90.47756608602162
77.0941660486739 66.31041662601149
23.575158730079828 56.468881019970894
8.740420145854898 10.900485576598706
86.88752138611844 79.12535841957262
82.95783435024977 66.39977662760674
38.35023260746182 56.542204890989446
61.007649908820795 51.27738652581222
59.09103108530602 16.35451374035195
45.691839812516235 36.65626820469994
19.176954860617546 29.529432785307243
4.465853919397134 92.33794596042316
12.443019975025571 85.12112611632574
55.15074535097397 2.5369459147536855
62.68155947092553 55.7144915385043
90.39355249041066 15.663921151245152
30.890200611874352 74.59740083137288
34.00297023429224 38.307754168959065
21.295217175656788 55.46533198166648
61.90536700533782 62.808122360281885
9.420725988980273 34.78492051991082
23.395410551767416 22.737218545639127
51.34202560624104 58.10449670024538
14.337622721852439 45.802406876177
6.803517517091029 89.64456501238989
44.34512828596535 95.06416380710267
23.09150877536952 0.9396864078621947
13.856370668405438 90.53380223338914
89.00732376680689 88.98072787570021
91.43469851018584 28.859453716954818
33.60506352468291 52.382904834035294
60.65164716617153 22.610846630080083
39.93487089473864 68.00637632999438
51.49329327497198 45.50996446752431
24.387330116908412 91.8795677322916
75.47706424741291 94.38550049660684
81.53642063113533 88.15413610486962
10.370038400904157 20.950458522267247
67.89828144160917 58.25104144431488
4.42268448135783 45.84668798508269
78.66867723592254 5.615712021690111
0.13447132087831548 75.22888138986667
16.613958025360652 33.90309420687001
50.09635195329298 4.73984669921601
81.03009813172073 97.61038781859448
86.2442363706922 64.43873914591536
26.46767794640301 4.074186872635277
59.02541124084926 62.171353820497984
12.720085182549013 3.7780739593216817
7.169964646855287 86.88779143223924
67.58449384302297 72.84647586240062
86.51666028286206 99.68523790600636
2.6644511169966467 44.34896518003158
5.5536395624850465 88.0749232400273
9.338013161231817 49.08828429814947
8.227744898139555 82.11199034953027
49.80815005742956 18.445216623909012
62.655685448212076 54.98754038240319
21.653656039649547 0.7127838113232698
49.98240256829123 89.59309558797773
50.510399106958644 79.5794640123593
79.77468309187962 71.30350468144542
54.978331517085955 73.02772717508697
29.557740512640795 19.68306526486472
85.10725744795964 79.39668082040453
50.805477288048095 80.524865060645
80.15571250885326 46.97522154244027
88.46447363082805 7.281538567306267
16.81251247258779 30.7646659853402
14.309425905863439 45.948749462144
45.015149629605375 29.169702834184854
88.12263882988576 71.8780866384898
48.77008212221998 8.41971504622705
82.26097680643933 44.33627206124593
59.31426560019444 6.8391777614339455
50.45648157482581 51.02993162950364
48.377981070580866 80.32300819268427
78.24480110659174 43.8957430575355
83.0931420047208 17.13742725450731
62.124267512044874 68.82345336123193
35.03857501399605 44.19098997915809
30.73138600543983 48.39948114765578
31.986407990608633 90.52870194669968
26.94682162318356 85.34372331770264
1.7580187422793658 28.636638544604097
91.84129198283209 27.06440040821747
57.34928686271079 43.210475461104416
69.87337704341687 67.07064781759885
14.662281821117906 72.3934874134304
55.38184492381551 89.89292915997432
40.87895495152647 79.13087363927885
75.64587443563843 2.9205234692486037
6.945167684400588 74.44805550978373
21.483281404409272 65.63542023127982
92.82839999651513 85.84533431601461
65.375435619796 75.63258344077526
61.99004433434809 48.619268133742224
97.01299393801408 56.024108561607974
68.98836443803864 9.479720196827923
94.82791130212058 49.36488264006271
51.293614725453686 49.08309322337099
3.821573236275033 0.4627635329883528
54.23547746152788 72.41906956900014
26.206854591301322 47.71509395935851
6.164757771607832 31.584797960969112
25.326278721608688 79.51055554841493
20.792161984059533 64.73258327199545
4.503785410355943 8.326370674289851
40.78473084400234 30.79391493197743
6.1899957399238925 62.344307602536844
13.198422948240474 38.65041323545837
23.347669564829012 10.15926091185917
21.169104458091216 51.86233255283881
85.75416072405784 22.65176258225654
12.384203819814177 56.36412194274061
82.1573589424105 51.40978124780893
68.4717666072504 18.2350814120404
7.7401735576484665 57.63392479977627
77.51891675517098 12.931653084251193
7.200056873709304 92.90867215895882
76.80348609741847 90.8997840802535
0.8902691901102378 3.6716386444573867
6.555802509454223 82.97614568769734
31.2406679053848 85.8399613882222
19.098489158884856 47.08141141630979
38.10335995033971 59.26563563651126
35.26125137477341 98.21967792234301
96.99345664208252 99.18455431825089
41.90648550761653 4.403666258797667
63.81921333244514 82.8067452140029
34.76617109507938 48.28100455082789
90.88693548140267 74.88400560610837
75.399412389355 30.909951967897054
15.993515614460673 24.409252085803068
63.82084558068244 5.2994487882161545
17.56189681923832 15.881543781053198
8.639652777091777 15.561033968973126
52.75452955148485 29.211426639263106
29.513383502998614 98.92578736885291
3.7354244369255607 32.86314196307498
77.14875979527352 60.78463573286985
53.35157036729985 19.133654539926724
66.64831843982535 10.982091877046818
84.74939446536594 97.52503970942215
45.22327169751781 6.163358272431152
8.255108641338381 84.29587853402616
52.9774341380026 66.36977198778253
45.48130124224028 89.85934105986064
62.34997997393841 30.694906796939094
37.122866530156415 61.62917876240246
3.055943723648258 92.81308615208698
48.194502238020306 16.099283246753515
78.31174305464177 30.525600491427895
60.05794780557559 9.139556851515085
37.7187512099596 18.14580442499949
56.98221528351428 4.912656822706141
62.24863835412571 78.90321391167284
39.011348301319295 53.730275801874264
22.558406679140464 35.60871600456019
13.330626123828203 86.26420312808283
98.28840615476896 98.65535234459199
74.640842312596 83.8611760226825
6.566895769911851 5.141471679022835
38.165881459011054 79.75587543700865
77.05904766146341 5.339443679042
48.882472984900474 71.76975391658506
55.020446740903935 5.474126764849374
94.49425712055752 54.19057319134719
9.491990938837546 85.83231430763819
47.55510444868749 0.2687413185672005
30.23335921871615 68.89101896987606
25.19677653077437 19.434175194551795
73.4272676852681 37.86024799251133
59.03787839997234 37.50422914692013
70.89437203893041 95.91836300090722
74.00200980690764 42.59209676682427
42.6129648277825 7.184889473071787
51.55394762842713 48.08409359835122
1.5237736509291278 89.63948548498304
81.23739950071212 95.16300639604474
71.04776616482201 20.226168168003866
93.33004649310632 60.14175523958314
76.2590137675973 18.55059464486719
64.43222751960485 19.42507141086418
98.63943943561671 25.074958679861513
31.28689828414375 3.1294111281054304
84.14105418764481 16.18108456909013
26.816868822977714 44.84009344253612
32.28522268659595 87.22511026762221
56.19047441908182 32.137431693630504
46.2533784667851 32.94631585419856
27.711395902487034 59.11734151821024
56.49792119074022 66.52215382752706
65.50751257538879 44.443307713311995
81.92338918456485 16.29505038970742
97.53404129449859 96.02389666205924
31.46963246790946 46.130005348459434
84.31826512295461 68.24055130182597
35.6524075145453 69.63047085235836
23.042709430266605 96.34826836896677
17.472079297206932 77.80306432704627
90.05668225630103 36.0140136838597
96.52618644255998 28.30426618297559
24.517777518145543 51.53511710453458
21.809541018003344 3.7473162900710344
62.90335157381646 28.283910163557135
53.793967476481555 57.811381792123065
43.318696740491134 53.87606098451296
33.00278203148655 31.948333496410463
16.139911229257443 30.764454766634408
92.30064773061468 2.583479789069809
13.846518162181255 87.47569106008612
28.036568653880288 58.8959754948519
38.54670206279689 17.026459013359418
14.973355852690219 34.68974386966519
24.117380393519163 96.62750514347267
36.88684933396766 64.59870956510856
93.07621865902259 45.72168766809439
48.27720686577592 14.731868295078844
44.45134800110384 47.48099197717819
6.512241666223884 10.700109089549393
32.99561885459001 88.87716358682873
73.54463283856896 53.334372574879964
8.303263197837808 38.246243016347314
54.5851882414244 84.23299991419103
41.211270469611485 29.823140482032116
7.426802297988977 52.50424725294949
15.821251053482532 18.664907163546207
71.91646252501205 71.50702440830318
90.89630523513286 8.19249852112307
25.686647147971886 91.9683588879271
80.34509369813043 42.486338905987495
42.62303442211641 17.6891987961586
62.769785176692785 70.86673589821342
8.059896510913745 46.09108492836904
