510
1 3
34.610328846347386 62.40376231912232
89.49755975151923 67.07749622038092
47.07262570421587 81.5999839195579
34.745417316243675 18.75234360344904
37.75354677643692 2.167789226426664
49.14714479808653 25.046771590559146
40.93130422693139 60.24503962911141
62.98730584327545 56.856682400556615
23.966900288831283 54.72190505607897
76.1386968606271 8.55858280726336
66.19137554200678 18.13492812832793
75.55387638425944 92.73806211510383
28.72911022702023 51.44000104850244
38.26235051869278 35.87992876588992
79.91876934611652 97.18710183950832
59.633781495013594 62.13991845240372
66.24149666170021 98.50052538474682
33.02947156589904 85.22388557431533
46.53680732152503 93.70520655383265
71.51343185300789 15.777120456205807
80.10291370301313 10.226648607533528
94.6478188941986 63.74702174838887
38.42556192618913 48.01534057079066
3.3352022982731544 82.96833519102358
30.60471699601002 11.69866549212102
97.84777819881667 42.176210312379034
93.12778838551934 13.761934285806054
34.696804622947866 97.2966732847044
70.06092921087314 86.78599551689534
23.482181476776276 58.51508290678984
7.149904777656735 70.88796182368505
68.66571573918077 44.50214612950867
91.77522630854644 7.107428989750386
96.00928754615828 82.76222490140826
0.5972134004140317 4.4103860514913995
80.94201629358435 68.8419339757051
68.67952743372928 45.41984170572873
21.589084346190333 58.44120908917232
31.282851259590117 33.7421928330647
31.724490295896324 99.92657285356883
16.645957609204466 8.721547323364476
96.7319167349485 26.83905047927222
66.12868477938517 83.8815094282769
0.5570088457558464 59.79286166763036
33.894354770344236 18.068227834052266
84.13525174857261 70.24583400974682
79.67371530048682 78.69521906548695
47.246936421283856 93.72966865088827
75.65776775464062 31.08956110573089
84.198904744593 46.14251799214764
43.03785252686421 74.95173085414899
34.042371717834776 31.31216858977872
37.06474500953354 57.21669959831996
97.760738664928 76.86243443520561
85.8281840041017 62.73299454255821
48.10067028848097 69.30060376679046
84.25837485738501 82.82242406675067
74.83777980694015 62.831524234760614
48.511149975819 83.00815838972908
41.26523371221167 57.49844154268142
64.65321275131717 98.95448364635939
72.27069621119921 57.63514713816487
60.76016372716968 63.96073983456654
59.614799663533624 73.99756193893734
34.46902562040388 4.6711799889594285
73.24463831726806 78.89526045913755
91.43195768050356 81.56124727817398
59.0427139739544 49.005934696074014
43.160268282885085 81.5652216223435
1.8517789949382024 37.59847001832502
82.23142655114721 85.70626009350721
78.05920007722831 26.066830457330536
23.30578107517214 96.17023344256526
70.10793112050312 94.99849646492729
36.217270692955154 30.533564641383258
40.57572999140224 27.367812627035338
59.101311815719114 43.66487784050845
77.47932405453007 35.674178895219086
4.3685427364204 20.55756596121252
56.15713870554868 4.289246587963169
96.76295364292702 68.30848962238348
69.89319774819013 69.01567988340933
1.9145090006456478 13.818277500499153
4.835016739326181 56.10464551965415
65.14068875323613 9.54585645890691
34.857148707423626 70.58825150481292
14.343385258905595 93.13129370145039
97.20529102236478 97.9732060940545
44.16592086237474 11.949162015176329
35.45388699991783 37.104014144792075
90.06518681767291 29.222568919265267
6.335842360896904 42.15002700143407
29.949011146313985 91.81467741808066
35.62749699204042 62.55885877173923
23.216355577283075 32.674442702691394
70.00214917855155 79.4522442062511
56.08317642350264 64.40243345750874
24.79378154641152 94.33009806828652
71.14334448401642 60.819250422447936
98.17259124002955 78.0629543788883
48.09872000660669 96.91577248126544
49.681624613798704 68.58052969947572
99.80158153958124 92.80564413848688
2.6958119153609905 32.329899939933696
59.413204022715504 15.37859132713395
18.65927944107437 53.25191496420712
98.02344494546631 74.14698435788819
67.82300770060954 0.02769778937887768
25.121666527566532 48.30040302031628
63.271317358290055 78.42971266860019
91.53493743501204 22.9012712270668
6.501756143182602 1.5592805388666253
58.91446299780385 14.361413978132841
40.1129372676517 38.637654863435976
42.30047977330249 50.62696586432629
55.81912973323848 45.58636164876222
95.34910958964684 68.13013767646532
92.64190512655472 83.74551968375272
38.64677187718628 3.587440782447082
37.402096938420804 65.60728471051911
59.249344408527115 83.15810796235303
9.78144588717582 28.700661576186782
45.73592527371577 55.2835050230114
31.174253479305136 14.054279146158134
11.076166746945892 5.343070965360908
83.5500975253415 28.506339054707453
6.4614890520031 74.45147362383146
31.32901184567578 35.86193577465524
76.95702297461963 60.67534142144182
55.038161614731095 9.992935600964659
24.741846893652596 88.90049739144663
14.306144398210652 62.06316641272185
83.33055470543246 26.795687047080996
58.070878642113954 47.46957695270404
87.38125663087392 33.69785422176697
38.081090959146024 11.039915675974221
16.260754987099844 53.71028889092357
42.57559922031562 88.51533937179188
67.78168824870889 68.39835476313078
48.399555739729294 54.33119714473431
75.57055888401251 63.794773898850025
61.44741448536204 47.46573055745882
34.96597880511227 96.33349678045803
23.680541223392648 87.4121659392183
96.23546873829608 60.28677233483384
60.20874109326868 97.51213862265513
68.49641976416514 65.46044049579041
90.92057498839824 75.6028155665955
11.154371343124158 12.23008831926682
11.85488647173929 54.08190777246116
77.13281474196762 59.59660093387902
55.48129417667991 38.37125900352196
2.78920146871926 11.338363072278113
98.3596133506434 84.33506449821083
83.01203266722197 72.44339658500263
29.820610217767406 38.84855263423002
50.1047389433658 88.69904468183454
1.589912715960562 24.7309238533447
10.14331253613956 41.48277005291048
10.994993363842065 0.7032997330505664
82.151998781105 44.94869973436468
87.42019226492559 90.24715380149524
20.035799143456167 40.78549361424577
52.18619896780518 91.47527545663871
56.53817446089826 35.98331467844598
37.35477739184614 19.66552809195703
73.67947003790496 22.67647805445221
43.198192660170044 81.25829773091431
26.611167838517492 7.384538733614643
91.91949481234055 67.28782309418825
35.66936368556954 93.09296960703026
9.959195825926015 11.854907761191313
52.940638682383124 34.931299663033386
67.49894477240592 13.825368546255113
4.6533448615279305 56.78361631752391
71.30333136693947 77.36421681535678
7.440143921863007 70.31590285068387
67.77602363282782 60.134197006800825
25.74678428475874 47.753363496765935
48.326827567305884 50.59195768837559
11.541825620520395 63.145587818022754
4.592910446276122 97.85710470162287
52.077135742287915 31.093395160038618
95.11451106927713 75.95800810883438
1.4397376645461257 39.70031972070831
65.2379070187431 35.4863994953468
63.21782820803507 4.8360166991253895
54.50917159491166 30.610617987267563
17.998209801526443 20.894731960912715
49.489585732303794 74.89475436025866
77.52392686747902 52.000813176452134
29.631372265668297 61.70208449248846
94.81822516604441 82.17329031746527
19.63215843733568 35.48021216171875
76.34544993567869 68.28073033239184
22.989502138040386 93.59850234383717
11.779080891864368 74.1229410767727
33.6739886573572 95.96560857831487
99.67566205420117 93.33281851600368
54.86737172078182 26.9363709645422
33.538433928441 18.657314011476878
15.400336938298299 18.09696399260985
53.12676123102018 80.51855717840905
46.78793653148175 41.08564978078384
96.15775894384508 42.6735192173969
78.98214126558094 19.317554608708942
24.758448809164758 55.09021085272081
93.10351899870426 4.696618293795707
72.12424563444104 32.91079992324957
31.072916124761885 66.52115310639101
29.101064934187583 33.09471118512695
1.437227762058968 14.173888024157954
18.848913945863256 74.30440086631356
76.3204248738789 32.34379173930941
91.903644933245 95.76555149571837
21.080747854989767 31.36630445034456
83.32534841720462 55.16242404432305
13.008476211735953 22.294548652005464
49.009918811451044 73.17356760013053
0.5066883338133099 42.978338601646485
91.81476176946913 74.41493551288822
34.74233616323317 82.22885800566324
76.72420658211152 22.082029864211105
24.35378217102706 51.72700186977324
21.607289354799274 68.40845803163045
19.053114789947646 50.722693541503915
0.10594918050041979 34.183957989531066
83.66138555892495 34.18731513776265
80.94041181901459 57.716276688112586
72.04021230030759 55.30799132810817
15.784568660886332 36.1045772377925
39.973527658053 98.96518642928976
41.40719925545824 20.110388403840208
38.649086546305014 74.88207866627117
26.362137189274826 25.117224833651242
56.14162610791047 33.65068219570955
69.6587042373525 12.874477547829066
0.0954365475379193 98.70376377634236
65.29667774524415 22.794813222812138
50.01067811116515 43.814106700082675
16.34765379798693 25.242305632659633
81.24475378927166 35.1043362270913
34.64796822970033 51.05356279400395
94.1770941581364 33.96064501260603
10.508920692906987 9.948632928193813
76.32365779664396 32.04582995545291
11.782089821285236 11.046936928089002
26.076878230331268 36.058794203803004
84.22182781383857 80.3813586060539
36.53418631244294 80.14047463351899
15.660406157790074 28.64033076556862
25.184027979967038 88.54593258808248
75.42698924527012 81.06731867783184
57.888571091683126 8.265085772042413
25.003891166084525 32.541623183353984
97.10600770338267 4.493611050943724
9.387830811866028 80.13931092348285
25.73242046791593 48.97776247961101
57.970839600366794 28.877993908629485
77.00034026030977 68.22236598444951
57.69015346850872 34.171030475832296
77.71111834857543 98.31382304786447
8.951177024403245 36.25940380880033
72.24369422337588 53.68296256576768
68.37917184945728 46.25416994805263
23.76877579495542 60.65542649478066
42.97144956509693 30.430367832712403
59.69026347012982 8.623960123660801
0.8706142655993343 11.903570933472341
54.36771740243442 85.7925527452008
81.32170484773758 15.429089325431766
82.49811001021479 22.79627069799215
31.780809717856194 50.70902110416675
55.891312092986766 76.98498361771388
55.32842949305299 39.54965255350371
5.7356714127314135 31.904905635880333
45.11673319185936 56.654362153389705
40.90103739919799 43.71609159305889
13.755319588779734 4.6051225849681465
87.9378024881569 96.2259249605667
14.259249648390405 86.4981586047093
10.882751785526068 69.39328722900365
29.76555128374376 54.194349451188884
3.6016460475210232 88.61881028008915
24.71112537361502 62.82763550967636
32.3994339543189 75.14737507542482
84.77045977703438 36.90280931381944
97.90100351769522 23.680268978821427
18.451608495245274 62.149252215175174
93.86821559690914 55.451093059892685
65.14905202692529 79.22675841595519
36.02154111398104 37.706885212305984
15.86789329438747 84.18260073854972
66.0036066605914 42.03059421269426
40.772060825889376 24.932361412016203
64.4308858317097 24.40937637764753
86.13756796315113 46.15404471517166
32.45896604666343 42.19505059351323
9.030042855573939 18.139435165990125
29.102155324555422 69.11704553607487
5.1707757384243935 36.86113942123943
73.88818281524767 23.514167349507687
4.575904705266187 96.35123907255215
35.635977596169454 28.66937690138571
38.843291861739004 87.63155236526308
89.7706031395538 68.60852746274074
28.500994322685756 90.25967427753079
43.813993575592455 99.15010904585773
16.468829669220963 93.10588151274013
56.88728015320101 69.89322616343041
88.06835140527431 37.591979932561735
51.93547928727822 88.87590950243323
89.40774522684363 96.74271885308332
66.02886613897986 69.61189542404074
95.55418661267925 83.72079737259143
98.54662275927095 89.6373375693408
66.5660709211053 39.71461537651591
79.75899738218013 53.840760774250526
0.017786932908059327 97.46701947348899
66.0614142531694 78.62595632727809
50.240431534443196 99.07722131660732
67.35291864796797 51.30057234932519
52.74855404470602 94.2291739674894
93.64521904361314 2.232263626105979
78.39062732149749 60.53013979510131
80.90034511398723 86.29167138684647
73.87659028034439 87.57296173396698
91.9055048546292 82.10220236458963
26.881523991462508 94.58469524949497
26.250757389768054 77.01340720672742
48.41982844537236 13.32414782753537
40.26035360871552 99.10835786699074
51.707810136987156 16.26553065652674
54.45942887305269 38.049187191962105
60.41516997508805 88.80587630346682
66.68762581283612 41.97170300110449
40.05048587179174 43.5395786394025
99.76697959080356 74.81857499197577
7.586555990598387 36.107408738446956
0.061864580892923016 34.756837787950225
39.257763925352805 95.56802726477906
54.152597277762226 39.896324121284074
0.2535553034191729 7.667307841327076
15.533890960802355 77.34009710991555
12.438582616037785 82.86154368636606
25.545031001646954 61.87417835929892
39.09191127780793 63.729562616813105
54.095782322416966 44.84501125288094
59.274705586528434 59.52567233318822
46.99819049451624 62.85716868672593
85.2142286273646 26.146641625595144
89.79121219109885 19.36498775744948
23.002547326520872 29.292834806901567
86.63157035098006 92.3985461172791
81.83033122940229 85.92863054955106
43.35125162016775 86.60067713491202
16.474572256413865 5.442860844000519
68.01161281430743 1.8026888651850426
94.58447419897537 91.37243044442246
99.87302891436842 10.125802458316869
62.28491600290526 80.01414072095822
56.89409325690071 99.13860064197605
12.167432285381219 3.140201416877564
38.87115955291351 0.4110872713391611
78.54261336578064 21.743911257487802
4.956292804831186 66.49134669954164
82.30538640401075 56.35359890134035
19.150890742449555 98.083808805036
18.678774911025343 49.21990773760305
52.71123481687403 45.45759995909391
27.21253034145612 90.24354042796512
94.6222874156565 24.010070694593686
8.10968414288853 36.5584973971989
95.93180355869686 84.52323783555669
6.736793640905114 74.58605796838866
68.77099444375203 21.026656994964043
24.90115123793406 72.4944609241171
32.24471910655837 11.78056742472522
36.61759112146419 88.58312165486788
4.563809812577246 89.45128123314939
85.65436495081227 74.59848859782534
87.69780900544511 83.7555717165174
44.18945816200921 71.44517337811148
80.95041782128656 74.45742568074769
87.54299630188665 94.06009828522402
82.3179693625566 76.33758454155242
74.00840587939027 23.43788293790079
49.04840319886248 90.61565851012236
80.42321554956892 42.175481205833876
63.236815760261386 68.14165439694946
46.59239808817088 93.18406150122492
62.69197314894961 67.5268870035263
26.784400878480284 81.35059114250744
26.89789803773397 85.52392653005857
29.840148782203315 37.311120343469284
4.940312912931266 65.92474624403435
62.471509514520854 1.1227402314570645
85.53923597339401 59.10705377128327
77.50425685888615 44.597659164469604
57.793920611273506 73.23138970458061
82.48042868775462 8.04525004561889
27.13602168146685 72.63073297338374
5.507292194229119 13.36762425702258
14.911809329762814 67.30675730807137
31.47712900673596 89.01602048974628
9.506193865710344 90.4204112281118
64.82883610576468 70.27668464366204
65.25982240014963 69.20816296564965
53.51520555018614 52.95621190820343
44.13898433409962 72.55304798047824
37.9171122457751 15.833759158429661
7.7521777603871245 36.32178402534896
69.61442226136099 58.6883337957445
5.65158301567219 5.2805411675559855
92.13364637020251 90.61310281408758
8.334426792203686 57.586600299684456
10.416648099907654 87.65086888111955
15.842778116401423 17.598859060924177
3.482307788202532 76.74752717396399
77.55214795381352 83.57144762496118
83.54377793343998 85.46345902640562
42.126060146852765 50.55058928438883
65.54397696237719 76.8714242799474
4.905059673264756 73.06947358131997
79.70442952004323 24.118653877553786
48.44488539281207 95.49070215804187
45.97147215756523 71.13848437788279
72.72404881703851 69.1617950774524
99.91196516322401 47.64274986255044
3.4238855139739455 50.40054438457566
14.612005949649355 83.66957746246302
77.3958033403634 90.57143366963271
92.99562468033906 4.320539734719708
44.45372038192441 2.33822900278291
52.42118963002118 22.04704896856955
46.213072417942435 74.78056939074513
65.25097574283075 18.02697432226217
41.858622958200485 75.50674274751874
65.34403568748553 61.54326909976135
92.63988150805567 5.915618660792021
60.3200512135234 44.79291909664607
24.09503579453478 51.540110957949146
58.53350088784248 96.67274815951008
76.73476435012363 62.895502147032545
71.92483698600869 44.836750391848824
45.36328720396343 90.59871271138769
81.27346006426426 36.552265694353345
54.67310555621019 17.66234072884345
60.52211966034844 69.43817448557922
90.7018871205904 73.7246456139307
91.14953059630093 45.479349668470626
20.087295901359916 23.384578114523258
66.7378734060731 51.35674239066692
21.83880154661444 89.89204026933966
71.83009151401659 40.57896586955596
94.88985495943977 86.36009250190129
83.91846634264044 13.1337255582475
13.813942696501469 30.735197634835632
63.392122442970276 85.06733396100505
49.48077810089215 97.79573080284803
30.503666513919313 75.60267703565908
18.748061447647558 26.2605391392293
34.41932942495809 32.3690632236592
99.89193404949708 14.224190816144521
16.996415916148088 57.9752952173538
12.139956623552163 84.77614032091043
49.96687311754242 34.67744882389843
91.53768130185354 67.34909904528747
50.73302619333548 19.127932109016154
43.48561808322424 12.642994221975945
75.14433160678004 95.83462545362755
96.48671462073625 33.551994571290564
32.369716590671715 48.719074609799115
82.12577031459223 37.498733374898265
5.558298903948855 91.98002769537264
99.99397862097217 45.98871360271555
90.80582586069357 74.53441728728937
63.40557914075542 3.429336142260331
56.886231199739676 59.612733772731644
1.3687424402369253 64.88687728505154
15.102403737323788 80.73164921080938
69.28541322268329 10.258943487469718
15.705105196004832 82.0943225379001
97.08986877012784 45.257951459470334
58.40437301781998 4.071661575412988
24.77347351876955 9.38162651264216
12.4147272893683 6.990834142146074
18.28609093802147 25.095907136578322
9.050293905027518 21.66673356223039
1.2036239948276295 43.647678613507644
95.07713586579803 94.0036962008044
50.991330441546 7.672717498088177
66.84230070802018 51.46752305355169
19.597546739421755 47.08208751000213
4.521940148245074 83.00791760373123
69.82053109617767 11.638089504833804
52.386015464233495 61.027880678279914
26.562435792512517 83.62932821062962
20.796329693773274 46.56412566305885
14.985113003631255 77.6815546416175
42.17328496757433 7.929558357041788
69.86719074147703 89.75097433990096
47.8071545115973 85.95440586376668
38.16719928415995 91.39487461315525
33.904212933927646 3.7102870630976836
1.607576558849244 82.48794423586692
15.990741236278861 17.497019667586102
66.00456655415181 82.25702984553047
16.19573568481718 82.87805188875946
53.71703523160684 46.53771336964041
