880
1 3
49.49786788854278 73.70245169566955
64.76366812288354 72.0059586090234
79.00790255334091 64.64661412790858
48.11354330497315 45.759355558627604
20.003411082011446 41.72531200497407
81.97620895075653 74.50299053645286
10.163583229893591 50.6264012815981
71.99395453027226 24.032040342924056
30.065339368059707 5.268953941108356
7.168784433594078 55.376511659081906
42.79976376020762 91.15501064394991
21.865524327818232 44.336077278681785
25.619838426260234 51.75905113479815
12.787471100261772 78.35602759805649
95.50429135562841 52.21374379118462
3.8284214685095908 0.5549476385938945
20.218768759119943 59.10571860798572
8.782665374944653 7.49139477241576
67.48712382656879 1.2853281950194084
54.792392292108886 51.81752210619428
60.76857020357549 85.81925157791058
61.72762113923833 48.41319322345989
87.54191754926153 16.891857088468054
68.80512507615673 38.316942476558346
88.05971978537413 67.05443019240924
68.14170650989226 38.989316888329164
85.73448752956301 16.425620478847524
51.316017881134 79.91664783553884
85.37332022087068 16.948088175630026
44.54693051091041 72.5864819050521
79.10881567367636 70.13367214523592
38.345965242960304 98.04320720834909
96.02950111347432 37.85628445142615
37.465950988327194 87.09033742789825
77.35051864145099 21.997630637473552
55.54725664264431 60.268188753718796
31.840593596090017 63.68683978161731
4.6222957922969155 16.75970947858896
71.08958678159605 11.375486332069705
45.49616608743094 96.64204812600265
37.69764554638921 96.56495495626251
12.789614980489583 54.61289668979574
48.67583084841183 4.6058944144460545
84.69780250415954 12.921507873273463
36.1460832804571 41.71661300966185
34.53620549436383 83.48706977603848
71.54761836014036 47.78899105897176
75.49103823858074 12.309452557613376
87.432267503999 37.64970008004058
76.99160573624444 92.47752452081713
81.96350341409497 55.210965174454806
91.44599465437028 13.840661684985411
99.7445318328881 40.13877013109859
48.08403285282723 3.2747716643575897
45.79496826475635 91.62657039286366
56.84528796677766 51.48651020883008
86.97096960279238 86.12316097838357
17.83273290074574 48.7225872482212
93.96262010497351 27.92232112655002
38.3716478658275 16.987641665927057
21.83802550716496 92.38638127721919
14.017113692089422 6.691768429277656
29.933029257899292 82.11497754697064
50.70396528219465 39.39102553192902
5.767028811559238 40.7157037438741
76.34497464417367 45.452305993048455
13.09044779084141 87.96231128123888
49.265555091379845 75.98426139965852
49.468781639410466 41.69690082903668
3.3109552955213672 7.696173959096231
7.326284112135273 10.928216328582984
97.85489441047002 89.60759085649003
71.00955641287578 56.901848624032716
38.65552031819981 98.84567768250211
56.95141906213861 12.211495573301479
38.867637805151254 36.220992838387886
26.508479479699567 85.69609412267214
30.514019841535678 68.59392744682611
43.484030177312775 35.66871546785577
74.62715642046933 69.79866504825823
70.52201778442794 50.174582388100305
62.036385695494786 19.341137328681455
7.909787534413915 85.14906495064965
41.186714193619366 96.42196649319028
32.6055167860962 88.68333537363876
8.864617058176893 57.89926843155055
12.613437431482888 89.54986889609722
19.523458656244873 1.390342200461947
55.440065708193444 99.84909706650255
61.78771279008552 44.398409961774064
93.83378804497708 58.503857325918474
38.24106875652706 96.90433484302909
2.977961760056247 21.94269461409275
44.924140779420576 14.36451919008601
12.178437774365092 41.925078875435304
29.410047591317714 76.70739513490372
36.724921240911065 43.27876273862896
71.31336634848728 25.520295265507297
65.33028335761077 41.691479327618474
68.31276392391837 25.181292067316676
25.85186052439572 70.56334613975072
66.74956585072849 20.088099107059733
62.72685025437254 73.43270611668274
13.679905879738353 21.00570651992999
10.619524709168203 80.41873287375753
76.75885732281273 36.252524106830975
96.12807803177432 67.07962824436835
16.19817885895145 76.01207145600475
22.27522242524882 38.0382810204581
21.43027637687329 33.031370563001005
5.058944682563049 84.55915656080697
56.176818323877065 65.16892483504546
25.49084217764499 15.503024721454972
23.505972513928384 70.63302589886695
77.41721017991487 44.15031106966061
27.254853762450093 39.648244747214115
13.878972960041015 75.97987796533016
24.58134634183844 21.541865811191705
61.1897096971654 95.67888895654184
9.5350176433036 46.00817649295812
83.19435557900603 46.01319831927009
91.09448474667363 10.775792470678013
82.50375849353362 82.06899955750337
76.90609761171072 47.73028966952708
59.817302866624075 89.95710471946244
65.89858038302614 81.877963101156
26.63671438535353 88.71145355086139
9.40596038138537 4.536879052049625
31.80035537827337 82.83328080386383
38.86761880790637 22.1465111624636
1.882243363544478 70.35935897560084
89.81668041855349 31.327295690221856
93.00783186080912 57.674549947762
89.80178356879868 0.7299720295457668
37.42100230388334 54.54486028962708
94.2683891153746 27.950738311716417
41.806067869860456 87.98263702247932
67.75778207823974 78.39698590145865
6.323370055190747 88.03455035444354
8.177810103377038 93.05232656023954
8.605051444996391 53.418867654965084
36.72129414097611 26.765966126296938
60.07413194497706 12.636283533284276
66.28558653763237 32.19751793992209
84.10761133814559 7.9891164052102726
43.79129405515387 90.63926114386472
22.18155286171242 91.39964271063516
58.500353025102484 30.635797655711762
73.76820009825965 45.27942403099006
34.04151012000174 23.04756094704288
8.631898119512925 25.904375623475584
92.23299604747311 42.97467189462849
2.817416529628214 12.141763921368277
38.828267072013944 39.719838682957075
29.422713657803932 89.08527916618247
47.69279306688146 42.79761532793038
91.76406781048532 75.44488104824848
60.207889741351316 33.823857794770575
22.407677050924946 29.962827169900397
54.922901915496716 61.38401049735114
82.14889218107311 93.59080478335568
42.86246651602133 59.97982706733842
61.65035967464385 38.535968265375956
57.9383723402271 82.09704939696651
99.37698929982983 49.767858226163476
43.769838573399646 84.6612004438482
27.31341810209953 30.59345598927379
57.76631506073575 68.62274047910152
48.610498923608134 11.89544681420276
63.35139657319433 1.8360078965922844
68.62546327461996 11.12847407251014
98.81823988858218 13.238616567113892
4.790825628455697 6.41796218335704
65.72806288799909 17.806725224187492
94.51916001427388 14.982029875303816
46.891559249359105 27.932522584323127
2.1086148063728105 72.41069554953154
30.504804005885422 73.78585252783918
21.829084662067167 41.83489545771659
63.753019859383066 28.87348082589225
86.32420909114873 4.018601616010131
65.74641040182038 11.253239255404068
41.4537043922254 87.7938706039254
22.76058701244552 54.31834727241471
53.774024700269926 50.8594931932939
93.50902923582129 40.002910094220745
43.52196230260721 42.127002484594286
70.18296487855704 27.006138039493543
63.744366583275955 35.150546925552376
79.84924380995531 68.983257788117
21.233655751968406 19.69727279371185
18.15305991012628 61.755280389950904
56.407917931561656 60.73614906274627
4.273728366317564 19.658333823176232
72.78625374543752 18.17572619952759
54.049922703473285 33.98670826817431
38.91878018119635 61.43361872492819
78.17106672330769 4.681391913269128
19.487262056053957 36.0609666480213
60.31003909769228 24.455070425683957
45.645066448160534 93.03658570605486
67.10675610960443 40.045127701153426
81.72382958775066 96.05257944270204
61.77359294747728 57.22447322500403
99.74449753945336 17.9683305571263
19.582055172660674 2.751804935298363
58.757927389420715 7.143544848628114
30.042922250856073 8.718571850637446
18.95740777063082 99.40805008634904
95.89996305642619 45.62581026416759
26.75414586614304 49.964177997036494
86.31074673800934 11.759924850450897
73.66137729962348 98.33121621654672
27.255720270415786 83.24292979378023
60.56144395335661 6.388948759548452
34.956629642941174 39.91811064520607
2.390413520250001 57.28432161209618
0.4054603606002072 66.01959905252681
15.301546014905277 88.29026087385799
99.21029930581382 0.9232743175796587
97.19563264646625 23.58865839622537
90.84178326305772 95.70300247596406
6.99681203863507 13.666949106187133
2.3142635785119214 70.0837760635652
74.56305833231274 40.717641153531694
76.9537566563827 87.94181246932371
13.196714921877772 99.66224914730736
73.85369478500716 63.661976060639056
13.650737526289669 55.15999416657165
93.01433428577919 49.888567389114755
10.331880133056416 9.442763841794587
16.976184110780522 84.97637161110403
25.37944058662496 98.74057370272457
90.67510573527369 76.00873945281373
96.39777639911426 61.74375658292739
66.08470108141466 3.6591040454915014
15.451577974337983 31.55757839809301
20.886643938835636 73.19815776144327
83.97407198631359 62.69030848648105
18.889361820978824 27.652274065580016
0.486555730587912 51.16706602685483
9.684734992696796 28.870988423547715
10.250635352571113 69.21805230184208
95.1757124412888 7.0499570555355495
84.44020672649056 95.83316538260978
4.253495008885566 57.155739787108864
25.727659212893816 42.854167758803975
76.5724685715827 82.20755127326191
60.37626984207864 0.889804128901539
97.49995467531288 69.30532132028479
90.46034924801423 17.16472152767292
97.63426210662472 32.005014846989496
45.08679744483448 26.057325698301703
98.57784760957888 73.74136308771662
52.14014205516493 92.18143205583078
25.02361578754875 14.104366572828187
47.882600228066494 28.36373936315031
86.15191980837898 29.390155630828254
93.83138803250183 25.6298515712438
97.70958327731924 54.059925411421574
18.87698486063998 46.128508880664086
88.62097374985476 82.24113350016486
8.98749024651564 72.66281603227233
63.34971892155403 99.20007884782845
21.43388277802474 30.389103332987965
35.72632292758588 18.687279818782375
63.784062340898615 41.84883708255476
36.02269171969033 87.30764398790664
22.647811688615384 90.19916941760926
19.772024473242155 95.82909791369794
44.339693371920276 72.89958757353317
93.9050705615578 57.95274993609407
63.096632125908855 39.531393505808346
2.185062047482944 88.90399418762446
32.27150716277705 12.229753805558108
97.81911133343628 33.05034156135618
14.481143204486147 5.186634284294334
92.8533149656352 78.25684718888431
23.681829974190528 12.64652209816548
84.02870905182043 95.77579550703526
71.9354141285195 4.582414429774695
37.268774605880516 63.639581176181515
89.95732749750218 17.559469044626752
50.68755944724306 41.98454084080792
92.74499420975377 74.0355413720349
14.665107355191399 28.415552728759195
11.310152729804003 76.2308770445739
62.66435305343714 66.47544147116426
4.646913139576747 24.445771196023824
28.25731286345721 76.5643162036317
89.3451469682516 3.613568104975351
85.76254401995433 3.177608281421418
14.712475544964242 9.109794178010123
14.50501637757544 19.496260727243396
46.12457271977621 23.9746494009915
52.452746970160824 24.23564240165652
60.131995068673525 51.47445573416054
44.553790055428834 90.15032652981496
8.959191939355481 29.451453814630256
33.279126998060015 40.10101745660113
5.128832811612405 87.52172225358952
68.1943087295208 76.21550534500183
84.3882878088929 67.91626002510316
57.18813351728711 22.811501620034935
32.19569333435199 26.334565854181214
42.747981244440545 64.86476304710807
57.4561536402131 44.312032118132905
7.802660609296708 83.80038759123818
29.717540681368426 66.44592385964552
39.45270157557517 40.723380428863074
32.39522654617788 67.84163270302608
9.272740115905954 33.092575824599166
31.34387102430065 21.5456195462564
51.283851470554275 82.34035817920373
97.26553446731417 49.892544323549146
99.71904479482473 31.355795024251698
17.815592249001845 42.963902592673065
91.87926303529304 59.06170619263877
53.83588035332119 99.97426581434219
30.119132491841395 49.18013021918319
61.96430775716537 42.58446672323566
64.92541394686296 18.565127601501242
78.39663121086535 11.75912686726377
6.844559122698213 53.66449653394623
48.163930629625604 12.05338107884053
29.13538661808164 62.30088860194441
72.91819413643516 65.30509944264784
92.79907517891372 57.27314928973109
51.01727741447895 58.297926270104306
95.3834453443575 26.20854957368406
89.70997350717997 10.322403264942226
90.64514828476224 18.828919429088863
93.79199341289028 65.53255519249458
16.93225190186165 38.172157898000656
89.43559824985957 34.841425322091425
62.8884866854265 16.65710401414595
45.045727621188504 81.56041135340357
13.556839869401216 21.600362717024257
62.16970151855688 13.218778580106584
16.47246181109807 27.93605804257817
93.28861149811014 78.12247047743688
49.46985181660555 3.752597092004195
60.92520924944622 11.099577985037312
94.82495203236472 51.72835412945389
27.02483329946135 84.50974969268555
26.56053470033286 49.67894896189764
42.52705247102504 2.0103530743485365
39.823903946858884 66.07208959033635
17.582657569948125 13.656687565717851
98.7026196289529 59.79953528659776
29.440568646311217 27.889038724783212
43.087941290591345 86.42124005613499
0.15690674065613752 55.47379490160929
18.048199141286236 63.818865703043045
79.022072350546 30.921509685657746
83.23729046458314 44.699142698749064
15.179332490306251 74.65319241180781
1.5212299687131337 91.90328651767878
36.1372991041969 43.865301431406635
4.239388207429418 93.35350211646553
7.058577917827136 39.929880646806225
87.47631080419758 70.62992041547776
51.572522792701456 24.50698947637713
99.0817181205675 36.896986916199026
50.250297778514174 19.960023322192868
86.23963454071935 18.53048041525376
17.92033659710901 83.22974182464694
89.01064906702541 98.1566943698861
65.35019309876505 64.46768025179577
69.94127091499792 1.9169850102449537
35.44004430081507 27.154021499441285
89.4436166102853 71.99367453008578
33.99587986600334 33.89710996831465
85.98368626193921 33.55207224107035
4.187542772623165 22.063976217285443
71.53741632186119 28.113696010544874
99.56273801646533 27.580663549717332
37.255454696019456 87.78287307523225
66.62714383635233 4.14331324699555
43.12618224824265 77.07315561505672
23.911800861852917 10.690468469748637
0.9253712073631126 77.45983162389518
72.20275724195389 46.08283054323103
88.77185147783284 13.777293144693758
64.13541485217547 27.16922372249806
0.4102283200455803 53.81656952838236
74.53462578879291 57.09858605641214
69.72141519708215 71.17683884604374
16.591739959100636 51.12373060273656
80.22949074345762 93.09421439601466
28.075964675531285 76.14736596028709
91.50098549026129 36.525837880387456
42.934739519647366 34.13423546175618
89.88220621427958 80.27279159471725
27.00360548508627 94.90412047669695
63.03495639047962 95.53362472733092
18.906762178713787 14.449226950487715
90.57715795681453 99.04315305231405
64.05839547578003 71.91322337784239
77.186551803598 45.239041915726276
99.38423655392607 10.218807297475463
90.79579887057103 43.353736091401004
37.80820835826637 50.876458767264495
48.28021357043957 97.75346796350281
48.42111539161462 29.554955372595828
20.12653202325696 77.03718223093693
63.22206670797197 76.87621329193341
70.75486307525874 28.248363034633183
36.94217802758375 11.445545110774002
24.896894840089946 62.384776681925366
45.12600050747111 34.610104995532474
87.61621229864949 24.774595164352785
27.51114669653514 72.00238918072988
39.71561379283448 8.818795951284763
49.94734460900509 19.2296245995631
30.970577343492266 5.710245291766136
79.70925265529137 0.335178088365895
82.96149625316913 88.65486851031025
6.781578453782711 44.76196688905026
93.29220206759241 20.698918269954024
50.78291175259979 70.50217757086116
92.04873380981586 30.485213494430297
18.70990816446767 68.61150008188743
85.5104258738995 68.58043600932291
3.776200075089853 67.95013488745703
83.21010558508202 87.44486763207975
88.52938155659776 59.75057290508312
38.72504691356615 12.380061156649468
54.15946358286148 65.82441016359498
89.17382862366692 89.5683119078355
65.64661650185346 22.728578540097487
33.327946047585485 92.46243392579143
77.47520705669555 49.806332111311
11.754054523573586 23.610668373672674
8.217717776555844 88.32554090466485
15.533331045142141 93.80991076761332
59.0385000322923 84.95581596057991
6.307199651728235 41.50187978208175
75.28745954687435 84.79278030030156
16.96838629235351 46.66829547940266
49.079058734831314 23.78726120212282
96.36009244634896 71.76869219057573
73.37315772609232 70.41215068994742
67.01312284597785 2.48449219743887
28.870084448032806 91.35006516008237
23.668829019535707 5.42874557992159
28.914713025666238 15.498948363445653
97.77628904791335 71.49368977033006
39.80727968561375 25.766537283801515
34.2362032699667 50.932106374278476
41.90034039566042 76.56796037457536
60.02255355055017 65.26752057880589
82.05552489709449 76.4067131793593
7.488812606465389 22.474670209150148
38.38393504778082 63.73309462501042
45.247901345538196 79.69480663374864
50.22101113724051 85.26940573779144
6.43242238330195 33.4774608128672
78.2996780046742 79.40253250170908
67.49114888784132 11.066722236020631
99.36421586832635 62.63691425032785
42.06506507617762 17.268863945720135
23.702300949660216 23.72444743860216
95.61818914229086 74.66986230220623
71.15996674686782 20.65690205431625
38.244724900564094 19.770609910437376
41.65519462348535 95.95964168152923
94.89200799516395 56.64314839494558
74.30832262130531 23.684181465699837
36.89795605151885 14.804995398608177
18.6627647696624 29.37274824986371
91.998798806292 48.78292979448342
64.82574293206224 50.52728313011512
79.22169415421065 54.077590950425105
82.64235813341526 2.5383043617991374
77.76732208313071 27.240058837438298
34.745501430417306 44.2483997897245
19.439456568413082 32.100853449832115
1.500462955560411 96.3884986298573
18.38907181948397 43.49724337162779
47.12195998533242 54.29713836340966
20.95642800573536 95.25847626541864
87.92167266870234 44.88984226765449
79.45781053004816 47.22222733111081
48.025613717416114 34.66240008437171
96.10108926562187 84.24037466769624
69.70978024612829 60.03982055457635
73.20530899565053 72.86085140825524
65.64299536149687 22.313023396848706
88.96512294071717 36.93558023131014
41.959683133972426 24.58967653196713
42.97342772678514 20.638384616448736
9.738869418372076 52.70164322501702
82.51085529355215 66.8903748127753
33.77649293422098 99.20062970222376
59.264528283040676 93.83580880341054
57.63381947405395 58.99332015448282
81.56673727974587 5.24263019881781
90.24537827385899 56.95489500587809
86.9856231736575 15.117005427672915
72.93780533264915 82.74601319024775
11.392441826433352 67.0209339783348
17.50868481382821 78.89313704390281
75.85280995912093 74.12349360060747
94.93363878672372 20.293692169899114
33.60218084341009 93.61998939525806
14.23053556574343 78.15277891980766
46.31763554183452 31.129157650066364
37.432444667323786 75.15239698662863
39.281714587831495 46.22900549782529
77.47690657186727 53.12180502562449
50.47633589160328 93.19804026662119
75.83426621952849 16.254287707726455
23.127240716369357 43.07292652506614
50.88922876127169 16.050574475579737
47.0847655613015 5.834453303328702
31.67851628488778 98.53067988881115
36.86958809660794 25.485343776840196
97.74424995532667 13.073808548670641
53.82694608013914 56.96629498070966
77.29048400735408 25.779081954992034
98.15269932309161 89.16290599635171
12.963126794307822 90.39041357160814
54.14755506397589 80.57001440096508
40.41734209495891 50.08538103207949
6.792352639652943 48.934694020944015
85.80903918596945 90.1988373207571
55.222208060846235 85.20908601284754
82.56131053930393 83.20756288756695
47.89224308932785 30.180728842234483
83.80327253503683 22.470142551761807
91.1340505495718 7.878353452886433
57.33554247207533 47.53712455810351
17.23565283264774 1.6480035309923258
60.10008523909585 51.041973944534625
10.808175218451165 25.72892527620796
68.4811783665101 75.67666169086591
15.735368542721728 84.83784067204054
48.0236426479596 48.47595326480059
57.832451480812466 60.44116105997928
7.0018622086086335 90.24594424442978
5.040984090179101 10.264759812835988
70.2378076258162 48.44889660068359
40.186099623895544 87.90121020566998
24.38080952605759 56.343881591030254
42.186350315224665 36.66083289514317
50.08351169625871 74.81567541090865
54.62505385004308 70.10433679302461
41.67810907016114 91.77503800024162
38.485903055676985 17.90614334838372
58.797862480723005 4.248746980582485
86.94187451730492 75.55525430469005
12.671319406473348 3.8964135750145124
69.22694590855339 71.57209896851322
4.652661443490325 78.44993789247596
48.075939705161794 50.70517117328579
49.6805547943189 88.17969375708275
75.77267882725171 76.26877850883767
8.408125066210914 22.637069454730273
11.022916929609817 15.686246749289069
87.39486112711867 8.062183508144049
69.62207873141936 71.96294048701625
13.510709600992875 55.261616005718174
34.06721440831939 22.967349029089657
57.24027418177171 61.86122256066875
68.3771493276518 18.087450837547348
66.41556552465087 65.13176395606311
80.94249850132236 33.44197644273106
10.475636659069476 57.30951323171707
22.88318071146376 78.79073562555716
92.54140071068248 33.023601130066574
92.47156144150988 4.126765338136251
18.33553972660795 19.41532915997999
60.33903518406949 14.13609476443951
35.9266154489938 40.11070202346711
70.90419241122228 95.1043960140358
47.66127157132465 80.4602951318877
13.507878944941098 97.31814978469448
66.08569417267374 98.6067647054935
63.38502870891525 74.859748999701
65.0570397635794 45.6985199708074
74.44540102275599 99.65479742805105
89.95672926028024 38.84297815056807
91.95771960861138 3.1987587021956587
11.481584452205018 98.49621674219044
47.343517833638415 15.892434991466576
91.28771823779675 8.77924297593744
60.39141883001429 5.059373577483495
7.870672644677268 40.957314730070806
18.226199344706572 9.021357855252067
34.91038648878484 65.57590027951134
14.087604898499961 79.86167353277894
32.3138522335948 6.667805627607493
98.84173465776314 22.199808035109992
23.22761385058627 25.40023190757985
16.3639675986188 61.40772790840572
90.6480477051073 90.79599339383364
74.38675023608499 76.21948521739061
0.9413750198810744 86.25673662712757
95.40314175311953 19.865245724808922
58.920774696059766 40.82722074081826
88.96519715856344 96.70049256112931
10.22322328147991 34.62695341457269
90.01986829941573 68.92533172447983
84.18596495074706 72.14633997885768
87.74196205148989 62.84605263872922
35.75414699261999 94.28045834442187
84.18866092573467 9.407534333215196
96.23441080252566 18.19827280959554
45.49427112749169 96.16355714793615
65.34072152079004 50.58288279031955
14.596196382411852 83.03119851001057
94.91138658090894 96.33866984185109
26.19701529890137 32.70150745664153
83.64108656665576 10.72925831715481
34.662736351435505 92.24793208438817
94.3475198220822 95.2013314329042
7.895187994092545 1.0109640514951002
89.57153168856425 23.992626247619775
20.238155522232383 19.089256357356476
46.74135367156127 26.99493218359126
77.95229326600335 53.27004955405052
55.973083224784645 99.78187504998175
56.01644368816776 5.894649799930307
49.304124914581315 53.51907987651008
71.24762303184586 19.103212430232986
74.23429512991808 31.782312394553493
93.51863199664736 66.93562204673836
57.85475159256872 38.24171263607692
98.47358074906718 93.8510556887896
28.759559332661453 53.50490921421815
5.328263573321035 33.83712734222435
94.78065296743587 98.34340928814329
1.5218409901686325 88.29111054529358
21.319961908410612 32.97026945457204
94.98632768562413 81.70644412431108
57.696982036589304 58.24964244644908
18.594025198634156 15.683480208839518
62.088279879452735 14.946637020288067
32.18016530769066 83.82701766670873
40.25398435664136 93.21693176205376
48.91870399397278 67.73512316412548
70.15071534374238 51.85538605825042
3.9827999089402155 9.057317407888066
59.16135046866198 0.36045698669893156
6.816633899931701 23.278013828333254
51.478971116871406 2.517836328323808
34.72635625654918 51.57845714252174
21.555255415058248 77.11006895865656
3.459249697127187 27.826117873042456
64.39202363041036 72.82801848048936
5.085903649843759 86.28459979459741
57.74427430785762 43.332501102024445
20.668555766364307 28.52012285611081
99.80222704986264 81.26153625901568
73.49571822072988 89.43344227928493
62.52731914916798 85.30706551866633
4.447949991688893 61.543539851886145
4.602670508145312 73.94178581104688
12.026385470516177 81.62945490023223
57.93941252009036 23.743211624158022
96.64130387139987 37.01759406764595
77.95732286160995 50.18704498989261
47.1846815332267 69.27906463434526
2.020022036214919 73.05040499729027
58.112546447911996 36.4154588637188
90.84672264033362 37.323247156289185
11.709564620426693 28.19007768192272
9.024353259081996 38.06883636486526
18.641716241027396 39.558651881279914
78.33756540950642 4.626323804154597
92.92198900434683 92.04513831628714
89.03820323443567 13.004950737432663
48.2875780890234 59.7255232911587
77.28563747673549 89.55662545970726
67.66931153539765 25.357618877637258
42.371412195674374 30.332814894322514
10.056623046864498 97.74346679759867
67.85797272558887 57.54498422985901
75.53639695102439 68.16930003491161
42.4736132073108 48.592051692238414
2.2037526333567037 31.749925522422174
79.71611726897795 14.503619186986771
18.22563765123377 86.05376318366677
66.60316403817647 62.96106879708914
63.84418535035638 10.889700742258501
56.225986488163635 71.64450604158901
31.188826141838287 98.40928848845228
65.89442057420878 95.30810198278978
46.82714876653866 7.728234122634947
88.10256803181534 22.609902944842908
65.51319726577034 5.839697520138598
91.02666355441468 51.2023092210335
46.77349667271857 59.83127934671069
97.62534247293489 30.338492984411623
99.34041725942781 11.131012087890667
48.95331717188887 43.27326283567421
88.16022630180944 45.64428159059655
29.09976861709751 46.65461789135041
85.1240561386575 61.173963571577985
55.79438533817982 70.7052882520158
68.9235216848759 31.144966684896993
4.569994452812387 45.684749596778886
20.25568220885925 50.741553490526734
64.97895441871124 92.92309861452905
12.435304482373088 35.86146551865912
47.25711516131075 23.96576392591523
14.25695404502516 80.97542479319011
49.620111427600236 76.59386947078512
16.482686239178435 99.02632392798682
28.563892872578034 59.33092064748582
51.283753340566875 81.23442216065926
51.46242317559171 61.71283008981323
41.63148440390634 64.81044044254412
59.13566754512072 44.89520266258762
98.39011334555039 42.36900557385628
93.70690626856602 53.977592277608096
37.69277695300113 75.26275728052849
42.074972649892416 93.05287992285012
6.072466964400225 36.950012901950835
44.92566248132537 76.63579857152638
92.97569481177277 9.200222795630753
80.54032892237906 52.92511481448115
36.224246997151454 46.92362264737029
16.48404304919131 25.79190869970869
14.783710970438623 66.49062224218194
40.16634199444589 90.3503062223358
58.642895618226795 53.66001502615416
68.74113831465654 76.60050656786524
89.27014711141055 38.82183044383307
27.935409063411253 46.0950484161214
35.180275422510185 70.67573583277067
2.776957157859261 68.22100568231167
59.13159701079829 50.05223563575723
2.256728739648639 86.52424607931472
1.5070465828856738 92.03542174339483
28.251703815814654 17.912888666476178
54.83337714417391 44.10999297309988
28.333640580572663 51.91890258621965
71.94210819746671 53.87962973882925
32.5724495519609 38.26103685919584
41.60067536858949 66.56311389661356
24.42786433238362 74.41289031506626
36.149209891554214 88.24251661403055
39.58989711895882 7.26198525204802
97.8929154450795 90.5968721664338
46.3517985938537 29.381228868899
19.029347930099583 21.710036161235102
30.608584854363553 33.481721581146594
81.82688166465837 38.48142561712107
50.353598353542296 29.846665977779807
60.913787832284186 10.415184065039117
14.247214509827222 91.4286599817927
23.38967597756374 13.892768019128665
24.995819690094855 13.744511466717224
98.53797953040504 34.890538277486336
81.64475564044884 50.20427716339404
14.143839163882443 22.527574500258908
10.131738086611609 50.76515381913431
23.8627968736401 43.53297833640688
37.26049307377686 90.6806511026782
40.47375200177994 11.546438299737648
83.81176740856786 57.8782312612806
55.21556602365416 61.192300451284495
14.111946932276243 16.614856755564
42.7382194343245 91.03207481527458
98.33884986482164 60.668918210230835
10.732824136906927 25.342280382335638
96.95631628600417 23.941794688785613
70.77986729669239 46.01192445911495
19.59525535769009 7.9442101692740685
53.173587688003174 18.373789297486187
12.885559457969853 77.2254730083695
97.45182351606694 52.76851666959952
84.20363234685344 21.311340819030878
89.90745328184924 27.367759980164074
19.220361869393756 26.11357532192866
11.992073356788445 86.42868868268172
77.90702784562286 30.411698626494665
4.204117596114698 24.425089641668805
0.9471054970448423 73.00245849927461
50.95291134691573 34.47318669595403
16.04622843106469 3.566120351640323
74.32221120968889 68.65150696952963
72.34696650099619 54.31176908619684
79.32698171885984 90.8154305765142
76.62180150492081 75.3337284253994
27.88326171718356 73.13589809079642
16.664731244146424 21.47213156298864
25.154921987006396 54.28444579728209
58.34287422637008 38.59851878050491
26.983315157377575 85.55236024029251
57.95088176182153 15.976837270418542
42.56070456993013 23.698832930592317
15.657121193363155 98.46576203851735
54.485893051247004 80.76654968384089
25.374630250245623 18.054457909007038
72.20747696167582 47.78522611981775
53.16006652240133 45.084979772087166
89.03236273930597 70.33711866016328
73.23958319728523 18.95890211942406
79.11535068494638 1.1908440657267372
29.814050575196504 71.01619735641115
24.464342839777586 16.91824840411471
77.07712825345594 15.254021728929
15.975573573466928 68.08326126046573
26.5582963805453 88.5184210279325
64.17035108752867 39.82155370502547
27.006292922788088 95.79765484263496
26.857478911606837 50.74450555332286
72.77701650877376 65.6180045214541
29.868078061411584 27.74455261877442
66.4662052020319 18.08557619022835
45.35427575797164 51.58313772647147
37.37151126670546 11.956724844267509
59.88343945863384 64.11424551219143
29.03974166352654 77.29980801100346
8.136162921483624 84.13994648729582
45.6063100735989 85.80288374167506
54.32961957019391 50.68479169283611
57.26164859779021 96.47720888929312
3.605077793407574 12.022620260466233
69.35310209843844 48.349662224165854
29.413774840624505 99.52858542886027
18.48563771569438 17.98281002952089
13.167676399008222 88.89073064327155
25.232482155244895 1.0466586399195954
7.801775981028136 66.20436145249242
40.98150027205498 9.822451511203623
3.474741765549161 37.204231457953775
8.429293231066826 81.54198324371276
34.77600696152261 85.68546492181066
87.98388690259245 6.650677500350266
1.5820947653091721 2.546941314423301
17.974613925394966 8.558026062736012
9.85983692526895 63.22704210556041
63.32697809462464 43.68027481863726
19.67381863041706 18.69086117098111
44.638372966109245 97.25128764634638
90.9284053202829 39.70481820215879
45.92277700301142 37.62529663034406
20.259477187980266 93.30539066892192
98.87047458136568 85.31321932032239
48.75741422971651 58.377424284207095
69.62056639725047 15.765455774376935
87.40750915586581 5.179803395638682
31.624191990801464 68.61000551712455
86.95476476911337 80.40694027139077
22.280031385453114 58.97315088155226
81.65356682986808 49.283725450056636
48.79684464035181 95.08689751406796
44.955538851989104 39.12166136104172
13.286308605934781 83.30007744146171
52.96173746743547 84.20537793619228
93.59234996255903 41.894089580372196
79.96083649731105 24.0629550605856
29.946241753983372 93.67015161837564
48.133910258332776 24.60338508923656
12.54554901741809 85.27666859747723
0.6135047681598005 80.703042980605
11.3991870480874 48.01484173209347
26.967057565434605 40.93523918009947
15.747274135287537 36.56220199244
1.0762732482158421 79.98637475740833
4.459482488663302 67.5190271785406
36.02708559842927 51.07774094531725
9.81316281364717 84.17112555515449
4.611736640083852 50.186356992688275
51.15434891458743 69.3131220370234
97.96387000169311 8.270082360095765
48.77181234016117 71.17336749062846
87.01911901109669 44.68203443739305
9.314631516651417 84.09644573646935
35.842906004484206 1.3069055584900457
84.45961392290234 98.138507586996
72.37823505540437 57.890077540929454
19.03705898867676 50.93171430614743
44.465388359010795 2.5994498535237165
26.28311376856738 53.45963875617552
56.56059256653152 10.576233652544076
