190
1 3
63.31277484369415 57.352508436775636
88.63438821184477 2.390849128361028
32.05610641015242 0.00171859931747953
35.89831347935295 68.27128163890923
10.070637408000959 38.902279082200366
97.18973111128304 50.42746901091753
93.52679905920273 20.560084622104657
46.85354630362806 68.16701964983861
78.04326129144677 39.969528286302136
91.37790778785188 5.350554473279745
72.28462979108824 38.707873431693955
81.23902504776952 23.18619135400828
55.94442308732284 73.57327653990102
77.03665046080907 97.7502880311223
1.6098842755695841 83.74480439814327
19.086462903274025 65.46864813962021
18.091315158270938 59.33629086296075
0.6504869712997463 52.485365432099854
52.406455341071315 4.3299363656205125
59.4192620768738 37.327734963385595
83.75966587163745 53.03899874883744
75.94233550001495 78.88846736264014
56.16544654961055 87.89656731418418
69.32479832111531 1.4596034259508395
86.4960485929821 25.929378998502518
74.87767621160965 99.24981050137791
73.36065678630261 38.55589181652701
26.4199512803984 28.64759654554203
0.22832762503093296 24.094787019861297
49.71833992995391 1.5041892039726168
80.5402731044949 80.62661300933038
69.72086902925692 41.37505001885591
11.545925995744843 69.20070341224121
87.69567210099424 32.613916528131234
60.56841898241026 22.37336388877249
34.059053083464555 73.1387186803284
80.43582775261515 26.257826801868855
29.028920499354328 43.653276026034085
49.08709322272655 88.51865083686026
91.14054412664991 35.892760525718614
18.14794520989431 77.03152346997393
82.69746360339829 79.41320647964123
50.83773665552991 72.92812490627803
26.14887855454924 48.34071835345441
67.88309942863245 45.66724193081993
67.76088330829766 9.411527037347955
96.27337834523134 76.1286606353997
40.86019285859894 81.54342243818142
26.76843739458341 11.154310538861289
95.82112147110094 17.22570638629939
85.77876678826028 98.06502192016748
87.9178150080198 13.76200571328714
82.82146664569616 24.363832158910515
27.825376482596177 29.04519494140423
57.22040109511226 4.4782930712991
65.59460495979266 48.268837399038574
76.68047747855071 30.70639778991364
21.511908228868503 26.64232986270896
22.731406344401073 82.80802008289744
60.0729443013893 89.41783432063713
68.95374684533022 22.893451189045845
91.18297038741619 16.626853152995167
43.48155122563131 35.42425572611101
89.84148121244691 61.721004471542074
72.48221137513941 29.404016906216302
39.85765151752352 5.871434122592811
54.936620945513305 81.48303886331078
25.833388427560912 53.76046344183128
67.13693725862197 47.36108439465201
1.7163845577456316 89.55105071915187
81.68364175905904 98.08312713532624
37.88846636433083 36.33989610865318
58.47610412128823 37.57423798384607
46.27194386701148 56.576129574232816
40.86372549984632 92.641253484902
21.51086156230928 29.606510573147137
47.178962939598335 49.55983620532567
42.09267609459613 77.21797208251107
40.219098701163205 47.80849865278653
83.80358877073002 75.04882946872029
35.920178191808816 47.1465231768424
76.30907347894211 30.675811282293775
38.77141233434593 46.54076835872194
56.692394967637874 61.82726298559993
15.229626465784364 45.70462315778572
16.380360145512274 91.69464713995535
69.73701209390333 30.03528480290054
45.85515093541246 50.374799202246145
31.20507404243571 49.26703101185834
23.7609845109662 93.64359067467328
9.32145878652606 58.60378443782961
40.587949167399316 82.69834983871023
96.65862937431409 46.22573600552173
80.52488994175442 92.33414352610761
30.160116988982377 84.26769370682455
32.35328732794955 3.8505783432148055
36.09776910440496 48.55752923967236
45.63648664313218 25.34073904237082
10.246724725431422 0.8194793826738378
72.39631305986984 53.88160022957356
83.54569820587432 40.037331060173045
11.055548775279455 38.61379650869474
82.87712664443245 16.563637019393518
19.01386517328303 81.62137833820819
63.55087227623846 26.484678016505868
91.64783890205672 53.7467222395398
43.07949209356179 61.485499936218616
44.4460882574925 72.69137760394793
6.779206945858074 72.39894324731995
22.026950339843275 73.14377807711028
57.19672969046705 30.423568357803866
49.49060282055711 87.02545740829773
15.756166020614204 28.972562834227332
5.932657803604746 19.389605822233968
72.36266530706952 1.2965113575713616
46.6486912135311 77.7698278120968
96.02400168062306 74.09144574523516
48.60339140886347 43.89023994733465
21.01610645015768 1.504464881426948
31.73247011506728 59.93097073712734
48.95002878117969 18.080340628112836
78.6498832426069 41.7849480109409
88.43487388240412 31.32487790935965
44.07877016230697 24.370259262499914
7.432395554397053 2.4736454434180377
67.89679391761403 42.659816801716886
47.01431966136271 8.119853263062593
76.38499677470885 92.39464269404112
36.401864232977864 72.36625378060258
81.51601730470246 69.4265987822992
14.361844915631439 21.85514366197485
68.24016910562287 67.2677667587062
44.28822888257953 42.584842504570815
4.618965305894851 33.04230968686368
65.77915948027942 31.816806404172414
74.02576468837847 88.89130849116769
12.941316337874076 60.73634874812763
68.12121918149086 43.034946518079224
72.91301501688108 41.59976794139364
56.22682725127199 54.21616460189374
16.679799146681653 20.368884970825984
77.24200693614318 83.81570206167812
75.49827228576743 41.50906943818242
51.652368094864556 6.735537813245962
16.02011258879086 76.49066448299462
2.5913055203360846 19.984517203550634
87.08716439841007 1.1161177417166046
44.34135548304323 26.666572810820654
79.71179106360434 48.122607377460454
18.937862522543014 56.61568818473812
18.56798036966523 91.0713147549975
59.142596598184724 9.928767481356982
97.79298326301091 63.31062369471474
3.947723000411618 80.60915023137795
83.71404279116837 86.42000734504546
40.08739003559978 9.464267491011768
46.801636061447404 21.926559544692225
47.09959097973564 60.11089428280412
90.21199945621161 94.23029687739192
84.89184032340138 22.512839192515834
23.55717729245077 34.08567771996835
22.995348108834325 44.163168437357236
22.89248867467224 1.9982407237754796
45.6832650987834 25.51305992036932
78.30529827070241 92.19172571808356
90.92696938101746 25.253265322383257
39.49533526522122 80.03721484861931
42.79958475339718 65.75761886077991
70.77660995715537 25.021035216587094
86.50352583379313 19.682991364073388
85.0531822743972 67.72408844073323
58.98646080886647 13.242330028867633
56.19316390941278 42.00106824962169
80.00776824126112 20.850608663672766
9.791305882221724 26.08219368342075
91.9544100311795 29.934135659734284
65.46342883285115 61.30555470168157
40.453648040133004 26.271383492586374
51.87298921550343 34.43261372082647
61.20884945146139 39.89194854087894
92.57375962702852 18.777306652488
50.25520049238268 51.62337534478565
45.956979320849456 32.9942845267601
8.313518950643672 66.18953205174196
54.49489714592444 87.09730920086736
5.608079461311077 79.05732359333322
97.44104403521038 39.326633820150626
63.62217016067086 71.24724168392905
72.96942153413472 98.96295615277072
44.991941150617755 63.66798131628275
