700
1 3
68.09146604069474 63.347171847626704
67.4871345475555 63.10673093486603
83.16274733150055 69.22523914367989
64.06392276233206 25.43340827889915
67.33549188949553 18.613273723572064
79.3380763422332 12.95133385970777
89.5400065884945 83.2381184016987
50.82215529205054 70.90846072859324
63.93441948181293 62.29986437681492
17.513058351590495 96.9728787685062
99.15046543992597 44.441002246569084
6.588209578205384 84.39557342872963
76.35808472803289 82.35061186011157
58.83874719249047 94.65564218632316
18.94607183497574 9.658678953850131
44.15083447372101 80.24716146948472
67.77428443245628 82.20510871177092
83.82600288492452 10.549737428410078
3.0126731474524604 41.42996385489521
68.79503334113453 11.206650488755908
78.08840637750791 75.9157604125367
87.62162108346563 14.872144135455322
46.278878160936124 77.27339607252087
34.802903468095025 51.610841059487015
77.47953564051224 59.06029157850623
36.15340131433922 32.233441393337635
33.602764917608184 22.692164781384694
95.05145479414519 41.889235038532476
89.62569029381844 58.50189228607845
33.44851230216585 44.75969165143467
63.533948067413235 2.8910462664265557
40.323304100264615 6.773618754015076
70.64220937199732 12.691619512789654
82.68417492149625 81.1928129632693
99.21517289706084 18.40360892967494
11.632993268658431 97.7523488055787
9.901966414953112 14.16713092900055
80.42602231226579 35.158161786886396
56.707515783049956 89.09128932657431
47.05766501033464 41.464420303010144
71.42638948520741 57.856173279444455
72.96956483098269 30.158651803444194
57.092742333879734 42.67473234555184
10.044394346719532 3.476897877453844
28.708457300432677 85.8349560737208
65.59658575750763 22.712507628575995
88.46772814220223 58.890598045895956
70.45790322969603 14.500465551014653
57.158724247013005 23.060796787946614
84.40609884166447 56.825803390661456
28.30802340324212 41.07145259942138
47.733033644686905 23.368421559528873
24.02154799199936 83.51087417207358
71.98556463554091 6.352279410043238
71.4336465954323 39.665055201965636
1.6051847003899056 62.76776208136952
50.39173117221789 92.3950595568412
21.117980686339855 76.59810681890006
11.56416867560186 11.072317670493327
90.81296753484995 87.03096262049972
68.58896974706616 72.02529193652802
50.52952749933113 49.98363232150928
47.93453424777796 12.442746886947331
32.89744743832219 99.4735223248822
63.6811788650659 16.943568620266447
27.097048732120154 76.27470959131435
93.78429427372824 78.14250239701099
42.26553719680442 88.78282539116795
2.473840435484509 82.10327290235048
2.0334990838082323 29.80360260908812
89.4270869850961 6.716464743938233
31.90872141718577 72.15150860757622
23.26479284945464 6.0814402491492725
55.38984267916869 91.4817829731972
89.07864516390467 83.5051255132403
21.615626443233115 28.76986725632986
15.72041206157191 65.96960561538643
51.735865113109966 72.24602214744687
63.76909469077583 6.012693208296449
81.62954255322292 45.99594719833144
19.386607664724153 87.46633927036807
34.92399156377741 7.879647342590412
47.09839008880212 18.002282692111926
78.3961690928813 25.36480991740262
34.32038322395374 38.12377666254938
92.43744646156686 58.34248044398018
52.37550008841363 19.5517663375816
63.922406976377964 4.97644293130417
33.92466906643601 82.44331633439256
47.50410467293358 82.54019890148632
65.77129201708212 21.42452882715744
49.072357982098524 46.802017353008374
2.2135421601560124 46.704527395115946
38.86804831113193 96.66959229340446
53.66244943037286 65.77905723020707
68.67007757932988 53.269300934755016
14.1843665253647 98.24523284634981
38.55101646188079 75.55635153006178
4.857968982185623 37.97523305555619
77.45264915715686 75.72510845674188
27.128948770176375 25.908586401955258
91.44762021082103 64.46861054163742
50.78539979077561 31.47650283989385
99.98679810118784 17.849832666205078
73.13297097754143 17.438808335139335
64.71952026556392 87.44196275977451
75.70388483669983 26.57502793215476
25.443253118666153 89.31791554724154
94.69708481306974 47.44894468545531
99.6274775593579 58.05554525868728
71.25892348375473 87.21197677475479
98.42804063990118 9.095061930221515
19.67104843696901 67.99983556690682
49.38899394750609 33.79977169911701
71.06185548596362 29.210393060637884
80.46753379794033 31.944215858193424
9.174231772971254 88.01183190953743
16.986254238169842 84.70054459997552
7.1749555622864 59.645759046699794
98.99527504418172 68.95500505062545
61.98968147969204 13.773148723776508
40.55483223987106 18.096694317877592
53.335247818487 9.400912184559939
16.04827691335997 78.56155247541147
1.2041137292734705 32.4154273094718
46.889168740845435 49.491801429066726
93.05929562608901 20.728338007966272
26.58687686881811 53.37843249984038
78.9505957991915 32.81481066358349
49.22194287268018 37.18411791063845
53.40252009947943 51.45108457612284
84.58700273470075 46.620186804195015
37.57242690667493 78.11497538737193
13.607022090557685 55.61199484911621
25.745647878567212 67.19730433268359
54.697870627492605 50.00342499258343
91.40234822007129 35.49416482415448
49.649670458383795 11.770999995884534
61.31066896554489 63.233946528408616
50.404495094302135 15.05507184590602
40.59961187051646 92.97072405989113
80.92102590903232 44.36827022600691
21.321558195198854 77.96969751228369
14.087487787755947 93.28890271126444
5.961691560729054 0.3114763165787071
23.397386891066894 67.7035249796506
34.98603507332236 72.21973792280987
40.706391624495566 40.77515618811698
91.57180795714852 48.085622857797716
36.1585160313215 62.977639447364474
89.05923175713939 72.77586613019113
45.08210191472932 53.66854017252547
63.891558887159825 51.82346479168491
66.06134089645886 11.117771875997429
74.47580571644674 21.124643155277532
37.63945872242316 77.92115667476642
65.6139045131192 63.22830735455371
89.27035551083986 78.6854976884172
53.68629669251139 24.28626398823639
49.500389534389264 73.69788457373633
4.103847163474494 80.775492146353
90.81706202679054 5.078362666591718
49.470713925787926 22.091376006278864
5.622038517254646 66.62886544445519
47.975085955540585 20.44980445417075
23.871070621537438 71.77860180744837
38.286979996999726 47.23164169302525
57.48408068568449 34.34006470788169
9.246015586952993 61.880410513840765
52.80367902386969 81.54200317896027
33.6444643796558 99.52944982739041
37.53344787425785 11.209256522354005
90.58627083810997 39.39031869130096
47.54290667677237 85.74557903416019
11.229439675524144 31.858297157251524
57.375813784433106 65.41109422846407
65.2351909566241 75.02345859935386
27.71758470094594 28.732085662534267
60.57239327264532 52.92225960411905
3.351439533710532 39.84618896668051
54.58544196325401 81.13095086775866
25.202924539478456 51.13572489010734
60.506319753031065 81.55713312426731
35.008086676514225 73.60122816457068
70.6987225631442 31.385991218688815
24.05221520509877 70.35699066621027
35.038562380449136 80.57399403321537
61.0264867931358 8.176041084521945
36.79311482843406 10.85478589998916
61.51734368583342 48.2780641911281
9.380095501798081 82.20809037829622
14.33189672035715 56.50617413899879
34.243489446849566 11.61134296209887
16.28608547697219 16.30631714983968
53.37304216882508 75.81458407326849
99.44572007052777 88.06029103530338
92.41352598483219 82.48639184890487
10.107262821013595 82.17057769126377
66.97732747380958 96.13601945834918
95.86285017338598 50.30552764559184
68.82416210482522 67.32599167011384
72.30540032544765 42.293142718252064
65.87805371900699 16.483942734251467
21.840709630471466 2.031606608421588
83.14431689301762 46.42683855159451
56.068016833565416 2.0298317478641303
98.44867094194636 4.2578381013083755
88.5294119620107 11.342950360271931
28.069907412230855 42.62687193913497
50.30459315130764 66.64758728613414
74.57017208947877 41.13158554691401
24.800775352147085 37.944571117768874
64.92600813139467 3.9702730592674262
80.86570768607054 2.00923390979193
68.26495397841903 7.964072228427055
76.88023111512692 27.950953949739123
58.35765613216963 35.09562748336299
96.8861552690912 92.77947116393064
49.94073244601294 10.287666654944871
24.406157653541992 71.81186416491872
15.304593923351462 55.924180530344245
90.56367824931588 12.594158473621642
56.50992655556393 24.213692679050737
55.58763301576906 40.99626302945407
39.446119501015396 61.15872995317573
42.03828187550391 22.752849701472087
40.38171717643972 28.490106179652862
77.81460228122708 56.819376809085554
64.78971895833688 2.150681666310783
63.65091422444726 25.98509107289444
28.484583547375863 84.21766658769796
89.31597022200029 13.90096337370168
99.09438968966064 86.87009813378523
1.9045619288807991 12.74652391724298
43.98291706145143 14.327534282786969
72.9102932709977 68.99137167459122
30.42270847733073 53.762983769357135
0.21672189756309912 5.8595810985242025
60.24571177235973 20.74188803241359
82.7475890450782 24.251466013779343
59.80785496950014 22.66350574552525
4.048891155890932 33.16933657162573
51.60189322747488 3.30575134980573
63.93021180936947 94.90800334660132
89.86586113378692 54.56179030033046
10.904605509602415 51.86170597188995
64.5985660326162 54.69330297495236
90.92842291167949 36.08064860569726
38.162427942316945 37.55456143507776
6.786463566236045 4.351845118407249
31.41086652483778 69.50265785981851
11.967673794999122 55.787006645626235
72.89787028076738 78.32784139546425
57.31105733666839 61.71883865047194
51.42504626912263 8.007835036394928
36.770821823643374 72.39584368335983
39.59850885641105 58.78867201297355
89.3104776499579 63.614414388399744
6.788903056070272 73.18807424996179
41.65680443036808 76.12306268450043
95.47659852210224 32.27399365393371
96.86167463291977 47.72902410576316
21.379250465215627 39.23848432467272
11.958851836199935 17.599894173445875
63.60314815934682 9.353491645037671
31.487062575674308 3.7628528437671616
65.90577335853315 82.9525314263575
24.53347820825669 8.175138525493963
54.95072730476353 31.046648581760007
71.93858990018711 97.4836113467735
87.77297036348469 98.39690813961349
34.10388553884762 11.053946087564892
91.06600094386535 31.103371270141555
71.95003229277725 10.246837574002864
68.1951859728223 17.6174159171681
58.63962673480463 73.86522504905564
73.11968809321708 15.604159937618833
36.79880164664269 86.14467586360124
95.28150798359856 11.442383280054003
96.65214687138462 43.978289909248325
46.99126827451175 70.61004930018217
97.52150382142388 92.17252722438182
32.71377348541655 41.388936524777534
32.297983481416814 84.37665707684651
52.420388304928856 9.696107851415835
53.220599691144635 86.25352006657727
24.99375031962763 14.059408416070074
94.83807752983805 59.70497989533106
96.41599316992944 85.15535026421142
49.688904377212715 52.630051866208774
67.18196467270654 34.03735866897502
10.673956167586685 54.06737978752616
49.13530288051564 80.67432316778584
69.87183403078635 56.31531061779318
30.1993618537399 34.0224296966513
29.2058235676826 5.493460692974361
0.25741819986191405 31.44770245571764
40.219851499041816 30.538393557894782
40.83917868516882 88.79475451452193
17.467642417791353 84.6092243816511
32.99832418822426 15.947431413638324
18.84127216374214 12.59040815146031
40.938313644915134 33.949666732653874
31.38718377269054 14.791748072045529
38.64297423603207 81.70764062740554
63.500539044296 86.4867827946238
2.773814958280596 32.169578814272825
37.75193436379949 91.90165674192303
7.394100018688077 64.57578674645215
34.86781283646603 23.12197141719976
6.175279018395874 35.8012880235433
83.69684760061087 72.20579757272661
83.36106660464944 55.78010481145736
32.11146859565568 16.126739672991764
0.840332360040752 94.10129931281617
68.24948903136996 48.63789923810158
43.63969918991486 96.72487885323568
76.63176036521749 80.77094845039919
91.8262881066654 83.85099499474111
27.440777665389128 21.156615435694093
31.742606352972615 27.765079990788678
52.04863767850594 95.28340563919843
55.47809639295194 26.14987028431617
73.41947853577884 89.35504840204025
71.7263312936075 84.69236391446469
35.38450925680328 40.94505699953965
75.67788323511971 41.99990193789436
10.588194863805311 49.80851126990562
40.96753965882869 64.12520232235426
48.81017063168274 72.64199927077229
11.646008006344587 88.60720245683144
99.84487266159006 0.2263485569257151
66.79949229537361 7.6910851777884925
88.37403879881931 65.95181991785893
50.81287329621449 52.2406982363179
45.76798379483114 36.901454950859566
55.02069822759681 99.34387507796916
1.9857930439914906 25.572664613177242
8.84429203610635 43.59042487365734
74.1620192898985 76.53593491947393
41.27882057440671 44.733851163326335
98.06462700227925 6.152409778147994
27.781254169969483 26.60568114765105
84.75696009442007 69.01535897057029
57.159190479970555 99.90022243423675
83.11986566191277 93.38301036297709
84.06919156638291 6.505948763673874
83.98179147058514 29.08386239072387
16.476946106734026 77.0780925628863
58.49201161462376 75.83901034387779
4.072434293631622 14.560246950324585
1.1988317185067654 53.9196671381263
31.346512177462984 14.027811325905537
35.04447893402636 9.347934566047256
20.99069767479702 23.700067868869358
29.232970064600615 90.90915349913719
10.55722802919723 44.2854380093183
81.25339521081668 43.105735289018114
58.02273398562452 11.122943382608351
77.93291663361128 93.34113004105325
88.42746541062638 98.57178627047149
76.6029611423928 95.30062010421013
29.286718627608543 72.87032672525943
26.147933572934768 38.32377149778847
74.42681040265636 10.322712657893796
69.69239764057731 4.778118892181493
93.21218561403488 54.43620371287277
23.021017392202793 30.08769937460787
99.81013742705196 14.62448192115291
43.39011320564381 70.75006577628504
29.851850765073774 34.2152917619323
33.55170055638772 77.86284047500898
16.57700068729944 77.66292434216737
82.7059763345898 65.00982790894034
24.2335957657303 97.33419285783897
87.6709536408125 87.91244466861497
30.034773065507125 63.10398206100638
16.93687970259756 67.4797089344555
45.83674596577785 52.80537494756843
24.47255416814098 14.337750695006935
96.53408621732265 80.83883514682965
94.29780017300125 19.60536850428367
8.79546475186328 16.90065915468204
3.5182381741958757 70.23681883511364
92.813968447678 72.1529537614207
27.598558568562726 44.35239982358472
8.542975634426163 78.71273462041317
36.2313555640086 77.50895288309006
50.78854355391038 20.601910469956053
53.58425117146221 28.954766467922678
30.344904343056257 83.6869479448235
1.7228611336878696 8.171249099718224
72.24125628129808 38.28233589308911
4.256382558460414 84.18683798415547
27.3683298113202 2.2237448529466963
4.504356348601091 54.865553131886394
98.18599452851322 82.76708402990765
34.829847776827116 20.182987020634478
61.48729021809076 79.60147694209749
32.57570164646839 16.624582153929147
57.592236125603044 54.4851624301717
87.82037173275266 89.94630943417197
44.924522986567816 29.559604053152654
43.07134012320218 61.65918226640588
35.6694977514828 54.90133173113174
69.19338717215378 43.507251477152266
41.54942490811679 85.54968402904828
76.89366256115973 4.066231209744275
20.982245000403065 6.379972091725605
42.5348926953939 76.44559669441927
14.913107198935215 21.221861863084413
39.12305886870775 79.90195265415822
1.262427748259154 59.18411320715335
99.56286292542696 45.077596677060995
33.883096838615856 20.71450661243963
7.255607630774352 71.72380614907117
34.82789425911754 91.27607487971608
81.69874563680735 56.2125680660051
13.096444405927787 85.19331297469262
13.173307568350022 50.10050510015576
76.10728102384729 16.982196019145857
14.114536367700591 13.476234836507128
98.08699339275452 23.588347820458246
85.32072003817545 40.87715980683995
77.79815313003067 10.430286956473322
31.34998463620935 39.31926681509286
77.21474997852678 40.933362634849544
79.16962127434046 51.39073791577622
97.79154868967326 16.322785489764293
75.82857807272578 69.9126553419942
33.081876614432225 12.469960233102451
51.09589435008202 66.80647201494155
20.702324364195945 32.949557490119254
33.51018707122626 25.393932115236417
56.07569322204373 72.93508890293319
13.549976194611869 90.54785798494771
49.293912289265116 4.467544450655159
33.1924343756244 40.60909156639356
74.6945594775212 19.243661402013256
35.38419113226057 92.75748866594029
13.745425313675351 44.02143644055636
70.6885461886466 49.78238588836672
0.06252676830915682 9.694281865243482
8.275622376835901 68.38851679843383
60.36857137692062 16.61351010733554
88.43179362958644 60.65036369395811
35.41516051578575 79.75103622616497
64.01334059455166 94.79977167973617
87.42623779047048 24.25524445908229
22.759422393094653 30.919710361782936
93.09195610109914 69.07553895202503
78.69666190426933 29.412890461712358
60.71809181799457 31.252496166956647
2.0756374074555994 42.82067669594141
68.52665383708892 18.85812271466618
64.08407381158601 83.70381813386439
29.00235482275444 43.31492365805103
63.3160115908356 94.90749205312471
98.19383531293202 72.5844580649152
36.49866531673294 60.69534475938691
78.58862045403549 35.57445252964069
56.585514710364926 32.99118445090525
67.37385627619932 44.37947549078534
45.95437666944777 34.92683641471335
85.8502866063684 27.49752574422788
32.44528303117655 36.90630100018457
30.220887810380038 36.00107692231784
14.774650366577902 31.065512600476673
16.767719866425736 28.918861143717734
22.17287190471515 52.48685835914762
83.26570475753077 81.36016816264105
82.4368438805803 77.42260522916295
86.76149876397392 25.145118596052484
7.008381425914578 37.76299826374585
40.10743213749362 59.71147387873741
85.86173247485189 46.47694604241448
10.818810303507597 64.4545418356785
98.23123359678246 59.32524069536604
38.48473789468159 47.54983928205632
79.5984051976752 71.26665962937986
16.68106324770926 59.283725837031874
73.81811037740516 60.242505146765104
8.045976283361455 89.60299623144381
97.07745319421082 18.663173337813667
19.74404689249223 12.35170167714681
70.55236387962222 87.81947243159405
8.9140167269391 21.571178285070825
44.945277335863246 21.753534567952016
71.00369623057925 64.2782594350736
31.23718213931628 57.392543618228764
22.624821473549382 15.818293284996665
37.693376177415686 63.22506609909973
70.59993387067868 68.4854866524227
91.21917157340825 69.49033674290482
8.36161809705862 82.92608548359341
84.7865347135646 50.3476958859419
33.54233010066354 28.104755716169926
48.55734498116948 53.92337900918163
95.5985595802958 78.0730807133995
84.39406165627754 67.36780180086508
51.883394439733756 3.810645248179889
75.02663606209774 97.75178269376168
3.7088006154279984 96.57484433626739
36.70160984436477 73.37959245828216
27.348051250042538 55.20257101117161
41.351098818206 98.52893257204644
33.701959013033104 18.771317028042045
20.460008435419887 51.67905765986076
39.8212209428211 1.4047051078415196
48.36306269445145 73.05114402763704
24.411457765459033 82.45776705574094
56.03861305575182 56.77376984249434
41.12831906572858 37.17394648971184
88.51848143917896 26.242177488019024
55.94690805035254 0.07925742435139771
35.21516425741946 97.8954557378994
37.720866738096205 60.46373791990172
71.2036357569944 5.774631742522129
35.46501923443077 70.45377271031697
12.409088351090801 66.06458787415859
30.631524539501132 75.89224053589858
58.77015528869245 33.018501223394715
28.969226885819754 62.70170544065212
49.154442082780946 99.53280037712125
73.73742978225779 19.044004851866525
71.8795971540803 2.4116935190072963
37.72299058942772 58.313566068392774
71.77014660911554 39.22178355411967
85.3006891243378 36.232054841061355
42.755088028747565 97.34785987199564
48.93070608086922 42.003650530696746
89.41666081586357 65.04443559077056
50.39627409760183 86.736277181099
7.712255030488402 87.32561201860827
75.5375492153154 93.53300399787625
17.968882000005703 46.508860159835265
61.4896830034326 32.28050231062145
99.06483724998726 4.933388575036113
28.75228416661635 29.53619428104699
46.05324773345614 69.65710190203984
30.041319711741842 17.11640907995038
1.582302149854664 18.684994126209386
79.38864775429144 43.57287005303399
92.88606207513975 72.4652936163596
59.467896234440445 78.16871474908098
97.30135507712663 66.34515206503212
38.16037653161184 46.677764134827136
94.53470390952168 25.46210723820963
78.0910220142725 65.7242511524974
28.29468616997568 72.51205890067591
68.18889481827806 22.860938636461437
28.96382778841251 72.86398842364899
91.93600360366905 75.56890224284251
34.622265840448385 77.42703494266033
68.73665265880345 94.97083914231865
89.97270170518539 69.20481681377055
19.705489486619634 0.4873907321467419
18.543702286765807 79.9126389806596
5.883726107944165 44.52679440270826
9.401041140122167 3.730595965384431
77.27783647740858 80.6355265037215
28.578945330935856 11.23711560856182
27.605416436553764 42.3699498947139
65.70745684764967 61.73453579266388
83.62394999557294 69.11426960922107
47.989384941972446 3.803228166642514
98.42739615464889 57.859234476139676
4.592553648994047 63.96435815535533
54.30575045261643 80.17174867949343
96.46847782018955 40.6826446638829
36.233983471590705 53.54700364840943
5.963123248924229 42.67991108426865
14.349952784157871 56.292819841746876
64.2430004180341 43.38433362712528
93.09654986136829 15.25276638439028
72.43518965019827 85.59531534946268
69.25446364757859 51.66482067369995
75.77042116409307 88.12661994952306
68.039749567757 94.46358055765967
32.24957404112718 60.07201762714003
44.42435353651446 98.6415732320733
55.4127827221331 59.33544684403014
16.20021665698015 55.02832313097117
60.39329261612467 14.37149634098489
56.4381934697272 82.57479910375636
53.96235438634831 73.03474888670512
72.85106773326189 51.70894331451483
71.55675074882492 26.030871028285894
44.625699103410234 86.70024811119961
17.995989289043514 28.16017299509117
47.58701931426914 89.99014533769855
84.6928732026792 70.32300832797065
95.77831612655994 25.38967296717427
59.96209196205919 7.016999718394246
3.158436396618991 81.76686826076016
93.02062409624921 78.34213731702661
99.45804947685546 40.214346252600386
17.442529119553328 42.26228068403621
65.87588571875378 80.91925558022825
9.660780301218486 30.49303973707498
32.33980999364292 39.72489774819896
5.980279365470653 62.32566626095321
50.62156184756421 27.69711568162654
83.98998725359115 17.462805515297752
48.56473381485149 38.514708902945394
48.45758732440002 64.43884991986049
7.7453649372223765 76.19191599025676
56.099589376626845 50.419764530131104
33.79012344433312 66.14955736532187
63.3244882804693 68.10307404906854
26.449982917001556 6.000481078928721
76.1280493076581 94.1389189991003
35.35681916740152 12.646986565533602
15.367997877932682 73.66881712595521
7.000581450677945 7.8741747290865804
1.7599168587953296 38.59634690426332
70.57189701854779 1.62486531560595
17.7776413376203 30.80368689953856
57.84383954073873 98.53941743784308
0.8538033138360657 13.880972558730843
39.920608577196084 31.076494565672252
67.53529876921642 91.30312938304448
83.64145892366899 96.06175085116368
63.81429493162047 16.273529468518298
62.770357929890054 10.876418684130385
42.39058070817416 67.84679288002442
42.23356375462779 58.78224951962583
15.048132357295763 59.07103476592172
27.504478528982524 6.37537396840655
92.05585571613275 78.1183098540089
57.370347093474706 45.45684182747238
27.206142572914427 56.832602032068436
3.1843979382107035 45.08718694655902
22.501720795506298 39.98550462803503
4.344215251932537 41.539826207319884
59.48416696035581 12.176132165324937
35.52009891879815 44.0214866716325
35.78307557340818 86.01992268462133
73.86355246859888 38.31124741607588
42.64335839271109 97.54347043427296
40.683366805833884 97.25643360392087
45.01862764590587 21.411734373424274
24.676767120648925 61.9155131693514
76.77368454979707 30.79729363894803
60.25206265159788 69.127317040372
76.85852717739459 27.503897825584467
95.35463598031157 38.8360250382322
61.09393324657641 3.3598480779466477
79.13853107830893 45.4556864604138
7.956161148062546 51.23921196711021
63.180433753348055 79.5904702371453
94.9793571292443 37.563026629132956
46.26772752482113 20.64844024927066
41.649233967424216 51.57891296603374
69.08089237941908 91.49772511394912
29.23028721503926 58.5801704441749
63.78666574719851 70.10824527115072
90.19715523012701 27.230587658035876
33.54661474137275 66.99336009478047
89.12109236839466 54.86993239844536
93.0020310129857 86.19309420352894
41.628221533721835 42.12095861189991
91.41653546194483 53.57300475461351
17.92137492444894 44.724347212687675
66.60816044927596 62.534808993900405
49.250381879544804 56.770120525757406
57.303287386713045 4.194166478924766
0.8481870278144399 24.60547895458238
18.571763859157244 65.2216078709716
39.58904495631794 19.04266653834814
27.439496899830672 46.853663029120796
37.15251422639783 23.331701280781747
90.97202903829522 96.9377146991499
18.976207585700756 42.091547923355144
71.837904718457 50.39256181740581
44.23249434511267 73.69976122631105
22.529063704167495 64.91994640919063
2.396038245790244 74.24289959545067
29.65409664362022 72.5219783620965
33.38407463984774 14.621691408072257
6.850873183218376 96.62970165611944
6.997617702701531 40.13832486298534
40.67765616266661 43.76435186165608
35.69273704631688 76.88103446366665
36.2558830376861 61.35709407817656
36.69386309626679 15.333203419751595
16.820540522010162 20.31077501285512
69.46637663610768 83.1771130477686
60.147662546761474 45.80518049485398
63.97342354446942 69.3336120199052
34.49521995922289 83.71258313420671
9.063927497599922 31.56829428517296
11.074916369351385 3.051206428126685
98.75319598860659 12.45785454320849
13.535976905714776 71.02131816408222
91.31198147954387 15.530460016397129
81.57255199454549 86.4592810758951
47.6572059510417 53.67783692287165
74.43575820136206 93.39679593388148
92.20316816603619 65.19005605753927
