970
1 3
52.42225734284327 21.490798976749236
0.3175058431819977 92.78287707718276
52.116675078644214 60.430913495074435
52.129522745063326 85.42365968618113
71.99744017026563 23.65326360223876
40.500350383408865 9.001757955486699
62.06658522323525 20.294583351766725
73.88934868560722 40.15743073777782
63.00589702549924 35.5765503723646
59.9289546528317 38.94907457646066
22.23904245437862 37.894763453037726
72.82728095521895 55.63178022595707
35.126541685863735 53.49760384638442
92.33265217555756 58.57117705008616
31.92672892741564 32.837086590108264
52.933572934539 50.242267562368646
88.36436725278163 5.943604916868583
15.860977329764303 66.58275513841978
48.87778547642539 65.48001078301056
38.50441908778257 53.714894445875075
57.227152674630965 93.52184656003924
75.85686368500724 18.585583822598895
5.812616529896086 35.509344661918995
25.570909066258295 27.928496721241068
95.48589335007829 83.31236292138956
45.718986220208336 45.63906774958673
41.94440144566265 6.029562924879883
74.8883590342029 62.3910958575336
7.1669649439972005 33.85402400589701
51.88014499172346 3.532314416499127
35.29468974917087 18.164612759705555
51.07945621398451 60.84789709757534
30.961676474441656 87.35513888931483
0.15031234719586894 0.2940005334721274
14.853029760031887 57.5643897438852
57.76371474146658 21.77130923549202
27.787930575485497 16.057512124390193
36.4271212370356 14.21472917176876
1.239560511897042 15.45712647712052
5.215963962466086 42.52579224769335
76.73743681259624 32.495582002327964
99.52574807700059 53.722399101740635
61.056256913914275 55.02200287318622
15.903304420691278 23.982376614164092
98.0371432096856 64.58183597076132
11.439230392368337 88.9293975537709
92.84616465125606 2.02403147232737
66.8226611605579 24.104254906669897
49.8647955761802 14.879336053952596
30.18786320302769 35.10472946318872
8.45263075068312 99.69049070358092
49.101129779479244 37.265726843717275
61.77613603938761 69.98619068700687
97.21288983324541 43.86962409456143
25.887563096863865 56.841714349561514
77.73333615488234 85.30933343678915
63.93895293323124 76.85404361105981
25.27689552247754 54.518702740826576
41.44082841417347 83.49782776767202
67.78613843140914 29.171751422996483
20.415071959574128 47.80078414404101
43.0954196475549 86.45712809964287
0.3995362676808112 83.34294747580361
37.82225978700193 93.96738627154129
30.083054493520645 4.650827894977749
26.823073084299722 0.31446069784519803
73.4941358395777 63.32050404072411
79.06719641758431 58.035422078059206
75.43612366263869 75.53549097203867
83.20999693225653 92.1385758027645
65.42188541742166 67.02850684459003
24.48731091568861 98.71577996868479
65.66004616392553 48.581535076892045
68.18750075952727 14.865604395038456
86.58680972898742 29.822507422898692
96.2519799631746 57.42967178796692
11.272220628548535 51.89701182622406
12.83096433726245 18.105706546857682
61.954791748475245 42.89637971349576
49.410342366426384 42.1717446071616
67.00744505004145 35.4997264286947
70.52939454878495 44.12001610430056
46.58654945085012 17.060545275892448
41.54504894267124 32.157355892245846
68.57791994873081 84.32630703157974
32.96326108903005 94.51068942808377
24.316650371285455 59.325161014387874
62.83562512490857 44.42002207730504
16.132405823239537 0.05523463663328343
41.94119497957245 18.10428750007067
60.3711076116926 60.011330976969425
94.98887289937532 21.017987621623636
61.50346785276244 69.38097375011
27.687073084835802 79.31858622153132
43.003296365968204 43.009034797887445
91.50264100967958 25.56658224831083
11.532382999374313 47.35629017835097
5.36633618288227 57.65486313923183
37.272906988341845 46.07901399948635
71.92824977578867 74.66990855625954
22.273797200695377 90.82300263042124
28.35351967951205 38.733055244358724
50.50922695130531 99.62607422894871
86.69719973826699 22.905179567023026
37.3658907891333 44.60682922169206
48.11743360405085 79.49236742025458
91.60829976675437 93.74666641284965
40.94768208858146 74.60111125068327
85.25135866016365 92.2893630788536
70.5696018332886 53.70416315328785
75.95209127900331 88.77528223964373
12.534341298124918 62.4667169100714
34.0383662033745 74.27025675713581
67.94718815082786 93.89810882382854
24.228980531959365 13.220963589491674
56.740023431650386 71.77186349311519
78.9572707374031 86.65472475210834
38.183970935760755 55.48477851227294
81.40152586637458 82.47822570244413
13.664477997374448 70.84909260673531
38.84791285552298 46.47217311277496
35.652640674480196 57.70352733717517
47.980890623160136 49.476963416844974
38.769823345789625 65.50255594677917
16.702896860138328 35.36148021967453
70.3740187335248 38.94317933763865
95.60358656602688 41.790337794477274
27.737236038543323 61.75681830368549
65.61975018379849 43.281141231097344
83.37347545619438 9.044915243813033
26.910191127236317 1.7198403183389166
47.387482563961505 9.964904386412844
37.99737276546653 11.351785296374729
66.08745193145762 57.93028695291471
25.752404168414134 11.48719787364858
42.515446234551256 94.9670897222951
12.21424078152673 95.671326863348
25.74338117220809 56.81276764462848
76.86249839053218 26.19166009477052
78.60510053841743 95.01126335637184
86.69750641468796 75.42179813668987
43.375679834015116 72.56976977881054
89.34446742540733 35.167908081021146
59.85831758472464 29.82900148563916
58.14425228887552 78.84982132464408
99.16955389289119 2.845793444538147
94.79549448947313 10.278819289019436
98.47191063906632 84.83694076526982
0.12010534805710904 39.540929728943965
21.28063499771158 25.126871970101373
76.0336749028362 80.52718579690779
54.67971855121816 86.98156196941093
97.72328082024013 70.86044131048443
63.85381504582133 86.37413811411459
68.38668679777473 59.58376317977332
80.11930843774002 88.93496890538412
22.223038261142957 26.918408018522232
55.50210095764001 53.65593375790703
35.1181866364755 28.567059791366113
73.5510493080859 57.303304922080265
14.384069760237118 4.976739412996456
21.38473801693359 4.370367299866662
82.8596739782613 70.61691063220674
64.03516357982942 12.814013199848828
63.51363100891811 89.05111878443968
20.678064330151514 8.474969927521592
79.36230853174544 0.444247058842806
32.74004468198639 40.388411476031024
45.505976364511994 8.764810135956246
34.41678131002559 11.769312683115341
15.382148023575915 0.11232123827187301
53.40798358676408 94.03471036950842
17.61219364605775 20.36483384760308
32.07791793772539 48.644171074154684
94.45238091555363 0.6762648064406962
36.635533949449695 73.14170198639493
9.264774584605995 72.15583801705651
16.932791643198254 9.963905128061956
93.16578100567361 57.73634432348966
83.31109235918032 99.34643668048619
28.432328049324738 80.43549481550627
81.18020953498863 25.717963044454038
95.31391688664901 36.5540684202875
99.3933746898507 64.36307628619322
44.53272001148487 21.897143835756026
44.239338133102905 78.51090648960295
14.637198107154891 70.8493848053163
30.41085486844772 62.74324961738738
98.00470175503975 35.514425512742534
13.406521281824467 0.33198234868818677
99.81602527389259 74.75521184691789
41.12094588202897 92.95705813293212
82.57214978977639 48.70136181828488
22.44868336149044 49.536668156615264
27.39663024343779 60.54240969695901
95.43575437831197 68.91534619283213
31.61453024883365 53.428248235613275
87.67695025418914 0.9271519324985933
22.137234240293946 41.74694303821158
99.89971524030896 50.41358647193361
16.64344773993236 16.888615859471123
72.08549425265774 51.63019275104674
16.831662989021634 25.4561028521342
99.1760984561432 3.8485581155700777
55.38635892144923 30.360262397435633
95.7153480207197 97.98177872433243
78.1519321730916 37.51791182386932
62.956482141348125 52.41613236064746
42.76118350798372 66.36589628217864
49.95248255212632 26.064999568507897
75.3194145814525 13.527768111648664
79.11754607747012 74.7876874337803
58.785239531765555 77.80178496540258
39.63162700697151 9.062575960266827
46.46950684084632 8.51321472814195
69.11893745876259 54.227229683531334
1.2830996136646178 75.84914242684097
9.150984694466203 48.920181318805355
81.16793159416078 78.56702319731855
64.20293957329774 39.85531024556133
95.5995409778527 88.36324806661047
3.8000045045694097 96.10346543989252
90.30247664288214 37.087258843858436
73.2025479401228 89.7521457368061
55.07035364767114 98.03272466045023
74.3702856517011 24.411038989872935
81.72769785745852 22.61894566170497
74.59570431760876 1.6586689972292623
47.93142322784587 46.28350094288906
74.44586424135005 80.11456982796084
36.708580709174754 13.696124573661915
96.05087210076077 0.5513715065070812
83.82199171705386 53.46718366707921
39.81683881106297 58.53657166760318
96.26235200880846 64.33824009557627
22.590414357642373 7.372811143571489
44.34702527239873 92.55419860520078
15.2797827372682 22.96715806130274
99.40566445392432 65.2596967283245
65.71403630256884 8.695479333086432
14.472824829308717 30.913868318466164
46.514840008470614 67.7680109806879
30.6592676182905 23.508223655211612
95.4839286651304 67.36262223722692
19.737979887259492 75.64487267916998
75.79285545939673 6.1312679843358975
60.58354217005366 40.99621774107709
37.54753676891325 34.52782123803482
94.06719382200023 21.855194034184812
92.07939557660876 43.686602176095704
78.32885730189196 67.4958224299904
8.467031713140894 12.087403923248118
73.52535883134159 59.87009942131858
98.12834859442974 33.91985588212862
15.938434204064178 79.367570115098
51.07067417808284 77.76655009603827
19.702345630064233 25.840347102308936
21.275355843912113 38.86836805083216
44.61315830098651 28.74182499367035
63.715366162633046 34.514883842304236
32.16194967622994 41.36982498449242
20.93502789714645 94.58664413024229
45.32542383109161 69.62640413266914
20.537534046617132 41.60441969171136
10.395047409322133 77.98810394078642
2.759070565205568 34.13761479689201
86.66426956774671 26.059437855137023
91.25618268002125 5.108783914594639
13.48973020589266 51.5650087812076
12.997715417600041 22.999003878361247
8.866318834790277 79.77104261124973
92.78329947255419 95.05681471428329
1.1841887099113935 10.13496786665511
15.75925023385465 9.745924065473499
58.96773989301216 85.74660001436631
16.16841560454938 50.32130257012688
55.1143440576362 18.089906151951208
84.61268632967847 16.959350636570104
87.93157217780374 80.44420350351886
16.098152014275225 99.55183023514427
66.5730927894704 66.48184921848055
70.26181008829317 8.790286512727885
56.22516795120882 45.588094061883844
47.916195186078966 37.89537970913288
61.04925009802158 6.7361495312861175
38.55444684926417 78.71511081279567
68.11570499823401 80.9547711540279
79.46847698834578 86.85635187959211
17.373706469250315 93.86968295619047
14.322196699897427 49.79362822487439
20.19451397277432 69.30622743181804
20.144289202298694 19.935979843422412
4.155939943189169 85.92456649851272
2.75028939813462 71.84751356187074
34.777306147614674 60.08133329898391
1.3127857111641772 83.4417667590117
63.07727496507909 17.62896376277343
90.09700010435189 29.784164154675373
35.77954197847208 89.76435142949182
84.21102325897213 29.88157872148969
4.505669600966122 3.670678010572681
35.094284506928844 14.214051689665519
17.24769112213973 97.94915499028328
50.31690516012808 82.68319126675212
99.44913847742225 14.028256250546267
90.37094281030737 48.78071053977817
97.01229225085757 31.304936122102344
8.639188294048349 66.29175581441562
64.32181615632253 23.29608317345602
47.471450810066365 2.6113778844188307
34.03107538030801 87.03310653480523
26.753984299810817 18.35751889880339
29.88828941442676 13.691277871040253
78.29775731575663 26.709358424961938
74.14247763632159 64.24126535099859
50.885523893971055 95.30938203169666
86.79108918050412 83.69056413777942
86.44627539605243 39.13027954502542
66.10626919824625 95.65231447297111
40.298929015897 92.37704795960104
75.3065621836332 46.33162216539974
76.61179572674557 36.08284463926308
55.4414579463415 49.86712676125955
48.85588915907058 48.05311221186304
77.15798962400396 73.4226638093882
57.295680600961994 85.42993823399902
83.9924136594838 96.27830993437712
17.996857160044467 93.49266398955707
92.45532757261978 3.8647685612770655
68.4951061441523 10.443896796586527
60.653510689233656 21.86594830801889
83.0077446013517 61.87412913594024
46.91944954721849 52.7614840689087
47.90070132073707 92.48332901904031
72.62286729393314 15.284931067162688
75.58430301310457 30.15446561478956
44.738536896949064 7.9997667287411645
16.284764235674466 86.60687757709367
86.75431160813432 6.468180844093618
19.00855867715221 3.6770874014393717
85.78601824517129 80.05823789792585
18.524150451498645 7.475207163025921
43.75257602349372 7.004045335117026
2.5806900311509784 77.28358896957378
80.89855237501453 54.56233705088729
7.677188636227905 57.765632943892406
62.27155546059131 65.83483731327078
5.922049995747569 48.48349121779854
92.04766485105176 68.94064493103711
81.24455012239893 37.70227575477809
17.534029978395594 96.0917192601156
64.71168445494723 68.65604609411801
87.79432242703173 12.50316799172575
27.15060270610006 24.54637943405531
18.32039570881543 57.11549015734416
13.326790943904054 88.41460147645665
50.74762802864037 21.795091727833558
34.48270972395557 82.18768613244924
90.0285052314632 76.05394631096894
38.571687081924225 4.9435948723103085
99.98979382314121 86.53092333038563
94.41818159791072 70.83083041539314
0.5631324908756286 76.01352430474621
79.76327297864782 83.34823226821835
90.95334671304636 68.2574156947026
94.28542860008575 10.639557595991578
13.932178602351343 20.083575190485337
54.76818826134509 27.292540946172682
84.04671615275213 91.97480645255594
52.30984346866543 34.51919261178185
54.20163901013952 40.436424985969175
46.570556724235004 29.323652001378186
10.258291912169115 66.57549688406637
8.184983396294964 90.49733183735837
1.1478035964073374 80.59589001246505
1.7800481199909957 48.16573005986336
42.00301947739582 16.050998422585437
87.22966072993034 5.641238674117965
24.018931107360686 64.35681852346897
32.79729906467062 32.80613080070454
43.715513781519434 68.69135336423152
76.97913372030598 72.02863844370857
34.35235620686959 0.3191931316789187
39.39923452884495 48.191167872691466
40.113454786494664 78.56371418460935
84.6455665416368 75.60515795236837
18.395645590595965 16.48819478055239
37.070973729535204 28.498094346098867
80.99448089497767 26.069503683143225
87.26117811979096 44.697647666977346
79.67362516320118 3.31722167898596
21.349401582226292 0.2350692848823055
57.80197080057625 23.786545688988525
74.73049392992633 33.98061460556969
24.511188881804458 52.83681315182849
29.316049794909382 69.54464513506471
18.21538977393238 31.916784187803614
45.11245743787025 83.86538588481638
10.089321743066781 5.536438128012722
48.04604762214302 24.34411723556078
34.555026190896456 8.32870654848481
85.68324159182698 96.66072905407721
51.91680620396883 65.49531072883936
4.744080034630982 88.33057922307232
49.4144239711372 25.483691055711045
72.35697841011755 31.860456711566098
70.24943083055418 98.04847657165803
45.595732811902565 4.239295399056875
98.05000178117696 20.589836627425374
64.92394873645473 54.484776657483124
8.79882518577646 60.3401268159675
81.0257508093501 41.580721383341704
92.52743377113228 70.16673619283797
25.843229474239248 90.30224598275444
68.80670584933426 13.10876809316246
34.38653363806521 6.423289847954194
36.26062933581478 1.771555417731352
37.14864414495847 72.05952949234869
63.19411976346081 69.87345682705508
4.617955088837911 30.98240270881718
33.02360758065925 16.15665262694872
41.92304193216765 17.052633812193328
2.8838242850695917 80.21948742822434
64.55022487192095 4.039919159951988
91.48893709306758 18.061189496990604
33.64306585711701 39.18119088032246
35.740526642927485 42.793469291121355
50.37956878019409 6.701467922069693
71.88264279177059 20.495960871631567
91.81213796797543 18.650373307130373
97.37611582799326 70.67418255458351
77.09674645232694 49.35341006703826
36.580136310220325 20.10196427438007
20.36737390255652 68.00600068071871
41.66879113183273 12.156613066568145
0.3401147318599085 74.69153641809724
8.537325091102655 15.29195107401451
89.15254913382323 53.85972311021956
17.652336906664058 92.69696049910058
59.72797650093993 44.198413249606425
77.62394203182356 72.1206032728374
90.66032085017292 68.82820505080089
66.01880978676664 97.21977584005073
23.34275034404911 41.45991030999414
52.122359359722424 55.743621172029464
84.32779653610103 83.83934756086833
72.96685247324679 30.52320285227539
19.340687141478853 19.427264275167676
51.7408900585165 70.92953890969382
21.45977603238258 0.703060922349863
25.802374597918188 84.47313675045199
65.43447227722699 5.958078861282767
29.281594453394288 82.66973200795462
34.209200248959505 19.835930255181577
30.724462445490698 98.23264445688442
85.35012501911999 51.80130274354151
45.51595973617712 72.0250098767055
3.6324567954353126 56.13790802351835
17.1266336844355 91.96323882169264
66.39242533406637 32.889225555378076
51.23796578738655 92.4524119524013
46.1592551253581 48.88191669793087
67.13107710291146 73.90068971375055
40.99286169866705 74.17989438255115
84.78685966827291 58.582457486931226
88.36341532435688 66.78011708576435
10.849066144879727 19.0593833214161
33.45613882144338 94.89838870183422
92.1260734294166 73.91840533566581
90.1834917442431 22.00669353480984
11.89687465444389 60.260547514419535
52.12180609724042 88.16860594804261
5.039843898630392 77.2898785329601
79.01234417990526 18.198451586523223
57.07983770911116 82.66099284344438
15.3695441331968 10.139420430737612
9.173872189536114 28.349829482836597
45.11216229804249 68.12253400356605
71.51521115599708 77.5815702467835
92.71473575151683 33.27382110514605
91.0843203018745 93.40269668948213
73.95024220841786 88.42412807386204
97.98727080746315 82.07793887568768
44.56445756573437 53.202075337504226
85.13099514895939 44.09294830987358
73.64655719347269 28.949237468386645
86.3967740350917 82.2652360313437
68.90703998711409 51.02894831240452
3.1055792563033924 38.36489400019987
9.638220331024328 83.82085470787818
96.27016905879731 25.240873714114965
88.8223571019455 65.6538036074696
61.80202930134515 79.22896690148902
53.72574648498707 90.695367603553
15.332309172407331 6.785826038825449
51.87771509280197 89.21619327367199
18.243661974132586 44.130000683165214
94.31204697512905 85.34698101341843
73.0634549403567 35.11043999430312
78.67412076181171 98.00758722099863
75.68991053915096 11.967479815994352
7.6936407282887975 53.49629467892709
14.10507749432901 21.774579109085046
13.73383529105121 46.28202301433544
23.090127711834718 60.61856228333467
31.90829558085504 1.8737368196996895
0.7999230439835303 63.5132224123387
24.748817241958964 28.450565781000936
81.41359864087295 60.86812585543466
37.659412407777594 25.681696848055815
74.77023522044009 37.588967606677
28.09644831262108 67.6802415873786
40.921052683734025 48.91841272017323
43.89419071782974 12.315303700502955
25.880994249309232 84.81926070002955
52.51821276293269 58.658572350789484
31.744142072794858 65.97396173300159
30.836433064428405 52.81475356179379
69.87912164122754 69.4268961493198
42.26258927858802 98.42858043222986
78.10687013656168 49.861727661978605
86.88188512780815 26.85961596068134
3.521866413657393 11.55854140833259
9.295129997034612 47.703903296133745
80.79673882547247 43.40856279096794
78.60995853726591 2.521225933264759
13.531166488297197 14.26445447137985
81.71358574149932 84.15566426610228
33.14408038928258 15.459364291506184
53.557167434214634 41.090269899114595
31.170516201890198 23.361867940221725
80.46193050018037 98.54256560653505
82.73938406299477 33.95807389200638
31.787090862398703 47.49279657069114
59.76152031582336 81.85284430864299
19.142630412750663 15.59201312480627
91.8375662316382 3.944947636649565
33.53028793001383 44.54070392184904
58.358048579719735 61.808865586450715
61.02191983702194 9.656116110182268
96.63818199833294 86.66580258229959
55.45244840789714 31.617785034858947
46.92393820258971 40.69627413236903
14.800858431433017 46.41457125714881
22.42527726873793 61.297647016651304
23.321644131899188 62.81432233669744
11.835770261702239 48.96032361353364
7.442860557682307 57.14623791088618
24.394350884796424 64.69607263499542
14.92212602355698 94.90537436075677
0.13188006953652742 82.91605864315126
16.488897135718705 76.97474068156195
57.21076600865749 8.993331453104236
98.5343265674167 91.41280310661688
44.77190667780735 35.51634327704238
28.00352471018883 37.58512199487871
38.616816684154244 44.59093349994496
14.305315724412782 89.4828878421555
57.57138700285598 2.0525521525947443
8.429869390023438 20.537782911614965
91.59585204184577 11.280657084846801
87.57103664762703 42.168090243812074
45.331141657892715 32.92381304668594
69.56195685021314 88.26288361706216
56.147762367839135 2.0714852121129557
63.217991271491655 79.56576788423445
63.51955998176288 33.94162807788026
79.55115385031833 36.222773300040515
4.214830926534274 85.54523315516604
68.24240957257123 18.740604244441815
99.66124383041206 71.18345208146144
42.87768383561898 63.32142467488464
86.18162793244515 35.231840302505255
67.63669023133978 1.1990399056058365
76.50789434364356 50.81810762364203
58.49801320609407 84.47157800511826
79.58679654394916 65.74715923771333
16.412035490745946 86.106238118141
9.534242942872307 43.26571232470595
79.16301656504483 80.95380831632785
21.851107747257494 25.429968521574576
76.30408303527607 36.586972835335565
38.70640440023092 20.899061670631426
12.180224076532564 60.28168252528716
16.838108558252806 75.77050704452604
66.99089765976505 11.01915428503284
58.55783621734345 32.60167980083306
76.71829788179511 59.811986736684176
32.61324653569919 99.05463899021983
96.75394268205304 93.36414640817392
12.405056360633381 25.434140037514897
49.21156556109638 70.84692720311183
72.39110671025696 92.90546323304696
73.03777604683792 33.899114395208855
92.76792227234355 42.18243729788522
61.08707249992924 46.25748924783623
66.97976630394149 82.45966795370903
17.13996912616109 98.49241588300784
12.51292146278824 39.81903404489704
6.142748883643101 37.61678942056606
93.82880215776723 57.23821257610426
36.648185490505995 13.581850358834568
30.390058655015583 73.70961449908546
91.73628433762231 11.018342792950598
46.4453887970637 19.557191941154507
55.383757704605266 89.35278821650967
98.37398739386931 82.11693526732735
44.74527608030798 65.16815870306264
21.568761915148293 46.10444115681078
41.61910648019047 47.69076874394227
60.10401518167478 20.907453582389767
2.325409559981595 76.22038022051265
17.814286069275532 14.587165259490797
27.845065058435136 65.65351795438691
72.10441906912483 16.401568051293246
27.421786744132227 72.75513675643093
92.32234696945345 39.208697044822195
28.844509611569503 21.694262428256252
51.90415684701555 89.59477048319349
15.752681890916032 42.173366396765566
21.675796725924833 1.6700629006827006
42.37852010777281 81.56130604636449
96.90755258723291 4.932806821381797
76.03497239758173 98.18901953988718
3.464701701167283 62.62555039533333
52.740782935350424 6.398601029803497
37.17800212958016 70.3252155252203
43.69984264254758 97.06447750808651
76.86118278424765 46.830209962923576
91.4996301785943 13.123840643686435
3.808966066967434 41.97478921033251
15.821223887996272 22.805492105152346
70.75366401663243 39.29821444647232
90.99043594354224 84.2740974566111
75.83566202139936 76.03320376811492
78.78538890391185 34.71822980641947
83.6094303231998 35.22744441321854
53.71786330878929 58.5832481901994
62.77596960239127 60.69415438283665
70.55613718569991 13.69598338743252
30.88649015866105 25.31434821108911
88.83080618366621 30.957032588240697
16.10079217088756 97.88277048829855
3.203404135226018 81.96454608343792
7.10201659185008 79.792911379887
6.215829901093373 24.3246597832967
45.897339217485666 14.878580998717972
37.4725128433485 26.779935171886237
98.11419626882363 1.771948011382496
36.30238894726647 62.00426343731118
67.04401377060411 79.89317255647272
72.55219893884811 99.40580889498519
5.706446389380604 99.93056135344519
74.23029631552357 18.172186261306187
32.349369296398514 1.8038759853669317
52.41361799358639 84.4193335096477
37.56405465026131 55.854421418603394
55.834076710136046 46.84219547248958
53.92404213745245 78.50096793092342
90.51509892093077 78.82261157708888
22.08564356495133 44.91351159178152
59.11627308397289 22.20198488516376
32.38616008645714 65.15217236415813
80.51080320132 65.26277623383162
66.49508546720952 36.847256122409355
78.78556775277595 16.48479467454338
34.37989604607068 21.179583405368785
62.260308946785244 16.437799195918814
93.45754008127378 48.15620676670584
63.28894351166028 1.9679865478226866
44.69057236476248 59.33269838422919
64.55681938753384 92.28398420259968
82.76457823285268 21.363318522170903
13.96940806432021 64.73426671841642
50.238854776814534 52.505991041677724
37.36161037932191 55.72427324848923
25.45907655042332 76.06101943495784
17.356170399512383 86.62640108973059
66.03142550939086 61.36342930817156
68.0068680992644 54.672727071613195
9.45044067304961 32.35122220428017
22.99522480325049 33.70300411476599
30.492041364418498 97.89449659577126
52.15652252612164 48.95399720553333
0.07081204495593685 88.80143187313973
20.14177250740432 14.219502450765198
34.623067723645164 67.71515639394978
56.87705363550049 40.74899160830594
96.61514671889793 98.26777217357264
0.01368560592718282 70.38153764024884
74.48479529357206 61.84016132643073
52.33163435195331 20.184572238295463
67.25592642831717 41.891762659164144
63.004529541505526 67.56514046238216
61.96669308207896 86.42966000077735
39.64739025876114 30.97477582116328
95.46590302507003 7.632806551578719
47.271961808695195 20.578735415611703
59.73604927919121 65.21795583491196
62.466624364438616 86.0235150976931
18.032735377955177 35.32222144609196
99.7135515721795 0.7543364798671126
70.35414031958925 30.525355697253808
37.663428971882574 89.99295429952315
82.47706295077674 20.397533982956983
26.32198941561206 23.013230712895826
44.97980364770464 93.28590663583842
44.11664925339542 28.005286394114858
33.317346634700606 37.5927528621129
77.08187124269968 42.91665510109899
11.994663315157528 38.531120674838974
33.686645591592246 35.52124302662711
64.50326096265944 19.964651685412214
47.09596903730369 56.76725300136638
35.94039694208637 57.778021370018706
87.6212058951814 64.08423866623238
46.319724022827316 76.53179390300862
60.66246051678157 66.31336104105581
8.58247586854155 77.15078059863269
20.231739041648833 22.484280566544502
92.43678910135745 71.08527238989575
46.476305859805976 28.624508898969815
39.999057133511954 94.20213295714413
70.93622467584433 73.03109522268416
2.8057522436603533 97.9775340855922
71.58875443731002 81.25767313876237
3.660510614190149 52.07837258583194
40.37308436691727 59.4731972833556
71.56503376162013 24.90618854683506
5.782376803911338 64.39277200678515
97.14452820284214 57.66439980128273
28.562003777182476 32.161212414088155
55.40296834006995 59.112961859895805
75.37962794280868 92.46447238781288
84.97280602948103 38.82890078828891
36.742067065280935 52.044460356644386
24.966594111712848 27.26355968245222
85.3850875737627 3.254637680812711
74.76786822216408 1.6460824662085871
85.33576071658007 9.84872206019789
2.3298012062939577 99.91572709239851
84.69725472350125 34.93256406778362
46.99839342289835 44.64875205369134
15.750929107615708 0.7802026210010693
72.36133090556297 23.070259149079185
72.69024960289426 18.11059670985231
10.507217338189623 44.84332175914476
30.964667578225246 44.09801791200789
76.98344354441546 27.28541086518139
2.9055617231088737 24.449944827312798
86.24125971688092 76.57655720508114
70.67313676961946 70.7291950916672
33.74599445769586 92.53058006779835
15.626579077671021 24.234959656943044
1.806710409446799 1.1172217048952549
67.56086749807409 32.40656552741585
32.380414356015486 86.97036543414889
26.19210502585565 17.819458492052732
75.93010993964194 26.285311569912963
98.94827222687132 8.351777501844637
40.65906466314133 2.07911045372553
65.08400050504983 68.91411306044174
67.189589338324 9.991704659973678
88.59008953122354 90.15585844007184
79.57677865559396 25.509580948237343
18.363577937006582 25.38257636318648
66.12457978913027 89.25743373896033
39.89344935381829 91.10249966688286
90.32870178381272 14.409756983617662
24.531625603781613 89.09007011538196
11.359319272593371 91.78725653529037
74.57606691165208 70.23666504127344
16.043151201988117 97.99679634672862
27.898946760355734 92.46118620472626
42.861240584256954 30.415616550073608
17.122460661503226 76.76197158482496
71.05325780926496 8.140656815287816
90.90347888092924 93.70676646025946
69.07269776315769 9.040526973055641
54.12312669048056 81.7419727217029
19.22206041665955 53.6440222550393
43.72818430272623 84.5165387976452
18.516306769434966 90.32715707425942
43.17669696735518 98.06384119463279
13.051655924540938 76.73502246570905
11.653851794157944 87.59617636971132
30.791654546590983 71.25375015027362
94.78426650379062 55.387397872094255
7.796316364623279 5.190005230785388
87.878172143497 77.86334607681798
64.96898948087753 56.7237968704331
57.21012031357422 30.164814018851338
88.17816463529495 15.419983704713381
16.101358561833013 38.98053545145075
30.23272154324188 32.637077294456574
10.630956975185214 41.55266910062654
66.65408580559762 51.74440770948215
93.48587988445254 5.66560267956111
75.12358728464696 87.57712978407908
53.834109097428005 76.97540529995857
79.03295944146858 54.0577841035774
6.16333642355873 19.498577881078315
1.643944636810124 10.564577321198886
71.84167428992507 30.699899344844784
48.00510170453043 62.15626061138069
59.669492975334414 60.00661672585097
33.12610714389501 27.62135332860065
53.02413308514715 0.6408616573148951
0.9634530746026604 3.0057000564101433
9.438367880696074 64.72150086009883
36.09616398038433 7.930193927547635
85.46405637945863 51.82935047172268
91.23501637725727 48.99704887593117
95.37864681130152 65.63540752747178
13.222725571461602 72.92577796792494
31.336084051577107 75.74062812874666
66.94637588363408 31.777734719848596
75.90781853752331 56.82455081824618
41.17524324167028 14.105977307746564
76.16955192213015 11.421549069484804
43.75009171941009 43.05534843658143
80.08836350282853 14.875394957125243
48.60517181462818 72.16583164400751
0.5894127484788569 69.02067804129486
9.950785441340294 98.95079026968907
79.67857430711169 78.84774774587238
43.32367601345519 58.76679475306042
95.17849818104067 31.1298980071528
26.42760903874819 84.13241251955913
6.613706627946847 0.5973645365243918
7.3254778722835034 69.55197759475425
32.61646743215116 70.05080672135786
51.52984441297732 94.5523530371945
51.8662882075241 43.63674736521257
30.37387220651906 30.43964068306595
17.13025324739943 94.91739998169497
52.55680438065515 20.35213717837987
36.51265239114032 98.6989022503115
59.32037956205154 73.25123525017155
51.71380960432581 69.90218286646386
45.8692352729916 55.660493904784694
21.960449052102415 11.607153821587858
86.77352220619208 91.42188692168709
83.46576975314117 59.56889844929951
42.402347402192994 36.88484424161533
59.51791544219287 58.63428657209049
98.22688460984696 25.853085202619376
0.3296962907008094 50.93001748366808
49.99141242470964 41.14128604336387
6.6466177523103465 64.58388009179015
84.5029197736673 76.60444873103746
16.476578850268233 6.4333902849602165
67.54646886001494 4.4459084676166105
32.461267842942895 59.98759929430175
45.21885895566635 88.94311156568284
85.07830897733871 83.35878819088973
92.16842497318127 95.80596206709164
75.18300487198226 78.2670220871946
40.10909234202244 27.52091228431528
93.11989578373141 34.8392755499886
25.479835388474292 22.98598818078048
42.692787755342465 17.605160568468836
80.27769569274554 72.79448167094868
56.68648401918088 19.836967290337924
59.56864065027585 4.918323845832351
8.788633637873255 4.237948990106255
72.14810774589392 40.36023252849152
77.9182666899759 35.33569528904634
5.818920458984245 77.59222880357943
27.820948949621503 58.28373386415373
34.79340074764345 14.0001455058399
15.014452874453955 23.01782310029077
13.005774327924913 97.58525390834552
78.79398325550038 36.894142625585346
83.93348275003265 97.34264524510692
85.9985125196349 73.67530705105962
32.80061586607977 97.45047879495654
70.54178268757833 32.048489291234226
48.8290206724908 10.384045198133474
37.63005072073846 95.0421990909117
59.969223364212844 29.92225550441132
84.2660892978628 40.92097051582668
6.752543164630476 21.96784676912207
73.3765268088867 38.69909389831192
86.6885803134817 77.6194430836829
46.19095227090813 53.17996578275333
78.89480445282622 33.984251568054155
31.226705321365355 54.531806843038844
59.3456641260899 84.40437281821747
59.767448999993775 85.93681597014195
63.6896479199214 10.891174271911265
25.53168529270382 68.20106716665836
95.60269262773589 46.3613467518315
38.00837420903951 47.08781911811406
27.427749672312874 85.60768492056896
2.6638665270909856 46.07709494149608
33.102729560087376 9.503217334751346
80.61599502793817 40.9103149027519
78.42740384993338 70.34049797092226
29.31003325700634 18.892169391363687
35.68471715945698 98.01194855958204
1.335056853681782 89.9097126230293
54.86646812868994 75.58597386256693
20.280873769416786 9.814509878896317
90.4843689379533 87.02970209251542
62.9942740505274 82.16113409929939
1.674199788708064 94.66197886623185
50.54102602176811 55.74900999940575
6.573008524953616 8.891691081395425
31.035676502381726 15.25078304852343
48.2559838171849 95.36402189613844
95.9740635419643 3.8627762617340355
38.216555916445685 8.826061643767469
97.23279405226779 77.84200488330491
57.441422491049444 16.612704171974713
42.21871638851513 26.831812132527144
71.94566730342001 83.3297775004003
58.775230939830855 1.4043759986744009
65.29754903199425 69.82462820270807
87.54962061628686 68.1933543524126
5.088581296751515 46.01343826237696
91.60414716565926 28.315898982342304
70.52608913330214 93.55849973480585
2.360130439346153 67.98403421807097
13.334909950961848 83.09619467960631
97.67958761586479 12.040324815320025
76.55209740689159 49.20416331039803
10.937591400611812 77.77404048917174
84.09100312774784 96.53805351496622
17.09230451791388 0.28510276105007115
86.71157388705946 75.6137979119619
89.56322283944532 11.321430541366894
6.086733599434768 27.504049402104247
27.652314269893207 72.12327137478216
28.805010398590735 16.95774244756556
54.592007780508325 94.34173659894891
85.72321709652819 8.474914568054427
62.8017865566024 69.79973588382849
29.05326639446497 13.185913254383275
39.30252720310159 49.16304913793115
9.068796235885944 26.35693952342466
48.569655057587944 66.83727585444754
45.93575866342321 58.324226169249904
53.136240355158094 12.1865409631015
18.723821525859673 88.97433055902184
80.64577825669814 85.22711094178364
32.20344646758087 84.03156249690447
25.574131091482432 77.28082252558843
91.65046285978458 9.279529485248862
33.96300406244745 33.49539252253413
85.45505605393011 73.64962551501908
84.90850736438216 8.501574275128675
72.77537629316939 22.80335593806071
31.030109368063343 60.192968318993564
85.66116143276228 54.68286740398882
25.643045221697314 18.306711500218075
45.06364557268414 47.095723848081626
85.45898870075757 97.97300215261582
36.721257924110695 28.914812196451912
14.632127334071265 22.57987333066156
89.9633117549762 24.593746087424172
54.61902403452912 16.477810936343662
29.309711636933812 72.0151165329457
63.07408897023521 14.391832087654777
65.6023309624634 67.2023204419242
27.517020646157576 33.783324449475735
32.46509434965663 32.91810770047541
66.58872534176858 1.7744977550591345
59.548197167128556 28.172997668932954
3.2634586549630473 85.00183018558116
