760
1 3
3.7239638530731423 15.873529065110326
90.75188036679353 4.7079394816015085
81.6609348975743 10.550019905712338
37.01964230219408 31.433017558686082
12.013173486521445 75.88408791521195
23.375372578608577 93.52949679529875
23.057769924053552 40.32067667256918
75.23045859352027 29.585452530341016
80.37761911111392 22.169693437513537
35.89360263973125 24.450262533766363
34.096105230743376 16.43848752517192
27.453106323838195 68.1884316269879
6.3755947255401235 15.058264390705478
98.25805416118321 74.89374801726403
37.67022784818843 23.352299023653234
63.664271393029324 26.190675102593275
65.68304382229961 30.4525623681706
94.61387150730498 2.0617755315225805
14.40440949812427 61.33280701046897
55.25780533312565 73.5831542377785
86.11610250009494 62.2530501339261
10.94697924525454 73.16354962697977
1.6916893002266953 87.44308186251786
63.609399862222226 8.687927471356671
13.823450814921312 51.66041537448791
72.36515567779375 49.93480298028858
50.56509652634209 24.652158224621346
2.7386324396868167 5.117883495459941
88.51382962872101 17.070747702101908
4.554965963612023 14.787959907240932
25.132447905294608 10.5289778576253
72.91020388173546 93.85560525919678
47.21442712673609 13.599234384986737
74.28562023668992 57.61647087942572
15.381072308796773 47.21605775245739
59.71084652431404 41.44801351642224
65.18692038962786 30.527656117008362
27.447129780600665 56.16502207212366
7.48637387602058 42.139981787531376
88.51935025493833 98.18712315396043
7.241550744658509 31.723262785258143
20.21371734924795 27.3834174435827
66.38421096435056 63.5214726653726
24.021496374514918 78.63632861636987
95.30623791892891 9.628317801113528
23.44483844159506 42.576490709642776
65.50848870487404 30.197603813253295
87.66688089235353 9.998399493907018
18.75570303488825 95.76344209779366
91.69258669095031 8.06911771960468
99.16294918735997 65.75831608835566
93.69154306341056 49.707108644357724
57.591432655517494 63.874227086503964
93.9720305991244 71.49526096337404
66.20728899476269 16.325131414509574
44.11061949071762 38.82727713364753
17.41331211313637 24.032170899128346
88.5588432735838 10.930357809976577
76.36033105069504 33.78284014370052
6.944373564016426 81.20095844587432
76.76791964219898 83.41749117067307
46.084534449697 21.066084995590572
3.3874423866122383 10.788601239901286
52.535932766117035 61.02277761304191
89.6082633570867 77.91068709845361
36.610830175999 74.1496853548591
25.64414474171466 53.6644966038663
87.20902083370079 53.859438154122905
63.977961622951064 60.751206295017646
21.615307818526098 39.86869237061488
37.70394012428524 38.04932049070682
51.88985583743264 1.1165585421841095
89.29622838182448 20.621380963984805
79.65829270942413 47.2623593715302
52.83058626733599 50.31307128403151
83.85741493971706 80.80327836909787
75.30209983859856 74.04183638520878
42.1381049941042 37.76999335772495
52.0307352095045 47.861264944516165
74.72625601971255 66.2558373314001
65.97340708753805 31.57244124877647
94.02099993262996 68.4675167025399
81.24464362826475 30.241891837041955
5.7340523461999915 94.47383062869615
52.01385653543775 70.31347106772259
70.27296218202612 92.46777279189493
87.16130204284147 77.99584968497204
76.87927773850211 66.67089100381476
43.69508996981526 88.97270715183052
49.872280727190386 61.965128958778706
65.31066225299524 11.099472798848332
40.222554046791515 93.82504633507598
80.42533746277476 10.359967148994675
75.72424951161378 57.6554848465197
59.55203915431602 22.614107613259126
57.83959242276864 79.97714960787899
37.3870846400149 10.781964624060937
18.47986510992947 80.21466064986467
74.5272290270983 62.77969404924122
80.99893207428721 29.23196405777886
29.73530624729459 61.031833222020595
4.677471234247643 95.05667673466137
54.851489180521185 57.41232131916072
87.17302784035456 94.07401156226614
10.883602183791051 42.35466941245571
7.234665118216244 50.77809500755763
29.48742466682901 36.173270993201115
27.122780194799567 18.38221373710549
75.60235917449263 30.609104164586952
62.439164638096244 11.653050635062812
25.111095115794036 36.12431353029033
29.004956395966364 92.91770356777663
38.48113070149171 23.986169799107504
5.423293522558881 67.1128749157808
34.086317310900306 22.86491230454457
4.735947300047116 28.644593168391097
16.392827778279617 53.42790936575514
18.705702623085617 66.66263867441151
53.57532923902664 69.30867010164177
11.103627903988533 1.1955426213975606
55.34127154890085 90.43742252677505
17.580867388990917 66.94649790649487
20.710650735383762 45.56350145513226
28.82917937717857 28.13371724572493
18.766663594019107 89.61109315044429
50.63445099590731 8.0596643476744
18.942538625341875 1.6911356663958932
71.34432479455195 47.21401082921908
75.62115354897455 45.08769732787077
75.99677108160444 88.36636843603922
54.42953456130073 77.58679186308508
61.55127274065788 15.315369522694988
8.997707967413948 85.22901438821874
81.3032747557753 7.86458836100663
27.0231321827729 27.42782951854652
16.77267579107584 33.31566378034514
66.85005695417931 87.96446361442636
10.369238104106593 59.630835278096626
3.7583273315528354 65.67826556046941
10.160880683236662 79.58585688370978
91.8913325203157 70.1400197549021
82.51450690683843 0.6694255088395495
23.551778382333755 13.983314313946327
80.45360190333541 96.86240250425371
34.478750998349405 62.04195774439347
43.33806202581616 8.841754656342049
82.25687662504883 83.35254018775653
6.235697892491254 63.13126251899981
84.65513369984359 31.17612070671303
79.70799298674014 69.557532172115
59.12021227679871 58.972503631216135
8.666268866341076 48.05557708825221
46.58823769582556 6.246239411578758
67.21032582298348 55.95814643506376
56.888527920372134 35.12135880201872
51.720682889341305 77.55568624043423
35.32607171939313 46.5295414431395
26.79231339276471 75.72430801894501
74.80738637887345 71.447790491857
22.18306804719341 78.01004475034858
66.74975813173845 88.79314153797635
46.802982275068295 15.433645951291464
25.892866874859056 47.385326177577625
54.76037214532494 62.910125770184045
93.86823947044903 7.654207752805031
46.192585594756764 37.909504693564955
31.90212709419353 81.27142689829027
28.1558438203932 1.4471659646258406
6.237195887045344 29.630633715528454
16.27814499901481 51.9498234532394
16.256770038789405 62.33812386341013
99.40035181266622 45.98633767892848
52.09798105888086 48.799571693136244
38.41144175710398 10.443999265826553
49.43169170991948 54.16941487130562
84.5353424158296 97.75395591346519
6.870940552630289 45.593054329571146
44.46439941205003 82.88103059785807
38.55550781900388 74.51426118533632
70.52305730864228 82.56440740013285
62.12990190681804 27.724015481092003
65.64804589919024 41.43930023503661
13.41269079763836 63.969365450351724
42.363794107386 76.46781504563336
88.6478111890357 1.8346196275225601
70.50280454922684 53.867911555580704
90.18526706071204 13.412274506412336
80.39978599249007 53.430517107424926
14.895618248183151 81.03756824953446
56.623059562686876 45.74330246536111
23.610724298396146 53.213685894333665
2.4298473532871956 76.08711537931967
88.77162246572226 11.495863972366195
32.31770935369278 56.961854092815486
26.71790819921347 75.94163205322334
35.334692046403674 93.97812863946073
78.71840924386441 0.7833880719412489
83.37120112933631 56.91993834645255
92.99842293605121 6.452860421294382
35.38785056673264 65.30501636728683
37.72254000568947 23.907762034272295
48.58112342637655 68.39165570197414
88.31342495903489 53.87551033044302
46.9111334719631 74.58153260625546
95.14938437927486 85.18095220832073
11.618138277535728 5.411311470897351
37.078235051328924 71.08102583822497
18.07657338486395 31.055223757063267
11.860679912683004 29.08627506563517
48.81618266005914 9.681003952319145
27.10036871491348 68.4269025865704
70.72131274797823 24.945065018533906
66.8162312491843 9.12626538460306
46.246636674710096 72.93981481545902
51.89762086646213 85.29764076862183
7.034423430913361 12.459600834169438
86.10585049608774 85.63773254918866
89.40611036707458 52.967176004983884
14.817825546690354 28.492185866722863
28.262500740577856 67.05902468516234
64.0469351190911 46.13119482491508
66.67641103254027 85.85826614170249
91.21823759394769 78.03284384028053
48.10050626861504 43.39466903411402
85.66095817866508 87.30460426986085
53.46703362184666 69.32993950960284
65.70644435182234 99.0155249362052
62.83200364363199 12.366498000894243
87.95202552584995 61.71934583573875
74.88426668778978 97.4916037387614
7.0071962105334284 89.51317512220515
23.86640618872058 97.46891327855136
53.62103388246644 52.69617991737312
43.110231796351115 7.326247531208052
32.363655503520896 14.768059507359377
54.77610322212965 68.74099851306386
84.7620493829042 97.09807050715813
43.70607442784373 86.63836443165467
88.38427294019478 38.204497022236914
22.491514333109652 17.7425064688159
37.47994778170693 27.29077715459134
53.98213397249938 72.61452788824647
82.78072462269131 34.95927865518729
36.455314822438645 42.84901795436469
83.65614615622594 10.556220685273775
53.20976400575403 17.522756863283107
91.38241393315157 89.07468309228992
3.9800851441198937 60.51506726575764
43.67473112920204 98.68600047994028
47.804260267541075 1.534413821431424
67.24160805461989 63.25995607707804
58.19916330218513 13.109068849516703
32.066434757767496 60.481235680336745
27.481120389926627 59.81130998696924
82.69318205133985 9.560299169913256
15.40386409931298 61.37384901264258
40.8509726799557 99.41076843917351
20.531920599859244 15.75817744240906
2.560294916136452 18.60074329907637
68.64370852880748 4.681690967690999
74.37174312213631 99.2739928189379
63.833175648117766 33.101550031394034
95.15323689752029 83.45619655447581
52.168286649247754 54.50245298558978
36.68645417161744 66.17901287487302
82.87588547797738 68.15383798669335
73.8420539858357 62.068071748267116
64.18505532977761 18.536350066854457
11.205154125068862 36.86111135000098
78.76874241848881 67.7179171449998
92.64398862962217 47.2582679552072
80.51189821463866 85.26714816351829
30.453914379786085 9.402393271831144
30.80062866804647 43.75618062661572
71.22456478743587 24.820050438464424
32.89764400144517 39.22755854822413
22.146029418250613 99.74241375639781
76.15922673714131 20.3660761969493
54.300683498764826 87.34036170749364
52.19646855440521 54.22130149803086
11.62072883942753 77.01212002297402
36.00548760299696 34.398150050180696
77.29922379887768 16.08735862876598
32.410359973861816 72.67952751881101
67.34300756914064 85.87606237728895
34.890908873001656 31.27229345514053
36.275910678292476 73.35940314675042
55.07662503463602 62.37084402068087
63.02089498577348 61.88233407548211
5.751587660895008 14.246522573609944
51.65971611479967 21.86391593235648
45.85972114779637 29.735000578596082
68.29984459777867 42.92873745532939
41.07717925732233 91.00325794133862
2.6413438700259917 52.75393626850538
4.942959183245388 2.0636901139037267
24.42240969294489 97.62407732876393
52.832433527887716 65.26850259630177
47.54017556937362 61.72874531931627
51.340802088775696 22.936106943219304
81.36282620561468 2.1600132427275653
62.65512550859338 53.90748473029026
94.22021341596454 77.11773034569485
42.621960881439634 83.70433615234334
1.2961092381145178 18.152446965127034
33.906496058719696 53.12883539652984
67.99035068543719 40.896204395001725
15.201719897111122 3.896542497790012
39.38900439613604 14.9913835842977
82.21200374709366 69.9077884551276
28.64178869419749 55.12628778983357
8.450270886086031 3.2099220441
10.740660651949586 98.61187452850406
60.90186869585901 9.982168888288667
89.45789210998004 47.18707299005893
79.44328344413319 75.39127479110543
55.19086342625281 85.24503711347498
88.8951941763239 33.97592981852973
79.7666958477352 23.715256713873067
26.815551883779996 4.758596630376255
64.33372647654659 3.68650405030444
68.43014224998316 61.948159761668805
74.73433219883138 12.571812577873388
53.48517742242744 14.934257097571013
13.447632221743856 60.81880328990859
36.7069080196609 77.72622170363374
98.35140976976487 9.999302751677819
80.05701966906148 87.26757729666433
78.35271129435684 77.5618972430057
13.742751265006238 67.7509137821425
19.566675561914625 43.38512046011331
96.09690285025448 81.02166568007236
37.4055439559992 1.9804480226861987
13.822577815361914 94.06486415443376
40.645628369050925 72.606256093055
96.71531223156768 56.922389046875054
72.20669946819207 4.9123529126442245
69.39215507417256 59.70011885175035
35.44487054334067 96.30612747294289
82.0420927070749 29.50488485560978
24.85811043221233 63.619283439822595
55.938760259384864 35.55502971153199
50.71872356562945 46.59269544209326
0.3917935979397713 66.79997018483252
99.13220349891077 52.85641384293518
28.84674014315316 92.91897075816979
32.179618517221286 79.41428986004375
71.82224740029355 42.55194756107847
5.142136049379564 5.488786541416935
48.98453751703651 2.076487710946351
32.31117307273603 7.809256172051304
65.00046502837218 4.564996183583414
7.763261817808242 10.802069312964457
39.57880764724799 58.7240862019351
59.35095027316726 24.152206177737767
26.725483805683314 47.508168805170634
68.3279720584105 72.96649773357376
58.096407233702216 56.81191784206832
43.14753586161828 83.84755120979
37.215349431451905 64.3822326887274
27.870823962239477 42.106628343785715
35.85345196697991 93.39468526916941
22.684564487277758 14.100276193413297
29.213117242195374 86.26648358695441
6.888100949312359 2.0987307437447145
70.30993434536516 40.456953097806746
93.79480517084203 99.44154615601424
71.24536943693187 17.518250333434903
33.0517573863722 64.08283813353452
77.33501381236991 82.76325422941791
54.04052930015963 77.85211998776778
56.466067881778855 50.1700320662992
26.768189023978927 70.88195465949889
47.06866753249641 41.24534577247418
63.41473990743085 90.57708369843296
79.48746157319763 77.82927524424335
54.93379321328773 69.54565535792776
88.76693197302818 76.20307402126234
34.3555769973416 75.39372916655873
46.57605656836243 94.18185167197774
99.03452988267236 13.081642997598486
8.405283519252338 34.539151743802506
22.94910410665507 61.70803506442806
18.410222810156917 47.02268020000735
42.41721819218491 22.446574789178484
91.68881490868557 65.87966526649305
55.07649059807154 29.392786478642208
69.87879120925567 37.710464542801425
62.03314228477339 83.84331247087549
88.556510309872 22.19276394607663
5.129531934030918 15.33597736599348
43.46478904581366 81.68414577905216
34.81886727808372 64.32820145836683
53.88514715632371 76.97327568880206
78.748155549902 79.74602990299438
24.22484780217504 18.146816416107715
13.156435831101309 81.52737185967011
54.783480340206566 19.159102132731732
53.86948186728866 74.86347458785136
24.9371273844603 96.68046101661147
37.21135353016878 88.00904723576896
4.871766235450048 19.821424120139607
12.936913455287446 22.864995014628555
77.04752528778349 8.64371152131338
52.32753506775993 91.59330352944824
45.05609207084693 8.17992413989661
44.07237093385492 21.57828549934202
82.10132333890496 17.561350629278436
76.80905082880638 1.2033531038633694
99.04954714250567 6.762423074676449
9.95287157792719 53.285757224977345
88.1401624537103 7.385636414168406
56.31649178246849 6.679475608716512
26.027449255539704 20.81765211565434
3.8908339829557104 33.04894900553235
73.4711563545645 97.98811767569666
26.12483244884698 59.08386968804451
72.87702435831474 70.37946917481158
72.1762674721663 34.80523927315981
96.11314802275608 86.95208688505463
39.61368563689525 22.687025666494275
56.78425454345985 24.780714127198557
44.224428870815125 66.7036703003779
47.999040934883254 13.000973785952397
61.34453306625816 46.80477026851826
41.35637744220837 16.071764581701697
69.02560581293966 89.87993469676327
11.003666044586712 44.51201460912291
52.646628953623576 14.672372952803126
52.05977198365452 36.44770819902774
95.18908686333629 31.133033972480973
43.2515837158544 62.45591072769727
92.0235516843011 69.70017809769816
86.10491531842148 53.32404263632409
75.63671762125716 37.68288559551045
17.445944825403515 41.365029682949086
1.2963256107427545 83.88729636866134
97.47304748708368 56.14889465643169
86.31733506218337 67.53037675821973
17.948496352500285 84.30534502921383
20.977494911140603 37.74299120699381
8.206865943594078 44.35542765873217
76.2624045561533 21.24442836047793
76.38918434543352 29.465172730915135
8.90238925772453 92.9562787266166
15.042081395281514 40.482580377401824
75.75289554639552 56.397588961458545
72.31318348888894 19.96615540806488
22.83207847980615 84.61765022479004
31.99904327153613 85.25109642209037
8.955622451327905 17.576987225389807
35.523108828986906 82.63635850334221
32.38328990583452 70.88516767794238
29.020750736573063 86.5611637267405
72.58691310364465 38.16733792791791
69.53386076526118 41.276805025381826
6.796464528834467 42.350058729712025
27.47879947262064 59.479173933007615
9.365833818668023 53.10284986611773
16.193091593382892 32.311711412330645
89.39260915903714 60.5822158864469
99.30182047004878 1.607089239792514
34.61641232014387 64.39636227860233
48.161056004093815 5.706476310180464
46.67733543314312 20.18230832342036
50.43043536973531 63.25579048280825
94.48207684639327 63.38935272016546
12.411804449246876 3.712706413455713
46.08617640458974 13.630659545833268
78.10307555725483 74.38822548017721
5.877248444888172 34.51983939646295
36.03518124100569 61.557623278192565
25.15121215170357 93.04100058823823
43.01242776397751 27.868882438202913
0.37145796311162105 98.86055366145581
27.11886710589708 69.8853660934212
38.79635429149826 69.19453838411229
60.56940916534374 48.052544690100696
49.934942543213154 73.18570995129659
77.98964832816525 36.537445967698126
62.13400621308971 38.636897133976554
91.41944623675829 72.36472672563205
75.4555535790296 18.330280374988895
67.72573826150663 87.5233714658908
40.88610904896528 94.69569695860368
56.99525121169242 84.72895637980629
32.78189876066311 58.90840784243565
8.198877009299089 95.12279491161104
49.50614445630088 68.49622681927472
1.5874178281486406 38.985966564086596
83.51424097541651 20.164669994816585
97.3395044067769 68.4958752026124
72.85538374610849 40.806730115324854
69.22425888800203 3.8399944494168725
29.92163059537656 44.28203747557649
72.90608620739883 30.82163087227969
70.05845164991267 51.846925677834754
5.084724888277292 28.570609255875578
52.58192047298229 79.99562599493078
53.44384840994365 90.71898120330069
2.511363209938877 82.74731224840262
78.1072619705389 6.957615509428328
35.087627848328125 24.19965246738962
48.91311408871255 38.355739232924876
10.244697032003923 6.1763827091984025
4.272579567919865 67.7356414742367
35.82714022326445 34.04137582004585
4.703683034193795 58.25013391261968
88.19747551839718 25.913260319514908
60.55300950185143 93.93393362041881
43.946346026793435 16.361344650507583
6.7593261086159595 93.1472609749149
94.1020033247324 24.57457244277428
2.8357123801902917 80.12439598895821
83.22876584644257 39.44536834104084
9.929858192481111 85.6963567679921
15.009859276654748 9.314880646099821
47.13886773578852 31.13674526087069
9.897013182629877 88.23447414619434
50.30259987230574 90.72615140756906
7.7903066895575135 25.650031522833583
91.69901055849125 89.56750259435952
84.1710800769803 19.445333772563835
26.831037992884422 20.497147732665134
49.449536257409974 47.9439516295189
5.190506842838061 73.75276689815762
90.52169108414176 34.27639801477041
81.07463964241266 5.9618643650266145
69.64770676773983 44.0096661767464
6.0899286165848165 90.37652816779864
27.786659681710525 82.40807973841761
70.06450344503898 42.5164662192038
87.30401151313667 77.62958707595746
36.55941040818376 15.665698000580065
4.235040844431981 2.7645041264455994
73.9302204973802 8.388699478568373
76.40200840517196 71.23992150116625
54.203671181377764 66.62747539832836
47.57039140565793 89.44409613569728
72.40264053626663 94.38172569990853
5.320902664110427 17.89105476598789
43.7327717723081 9.335550484778121
51.424268239982936 34.18107327480033
53.481792555172404 59.31280720839291
45.48523853677686 18.447049408571026
71.46515729212845 35.38108876870765
26.131492965644387 39.81849140138416
93.02116251235711 76.14284388425186
84.48972798517298 33.1108963272079
82.31974616539108 3.664908292908353
70.20741594688806 68.0820186679649
34.800822610877425 31.49356733690667
75.7408156193489 42.68498004378471
51.69539678093891 68.37793544944697
73.45376162743717 53.3227869977088
49.91929509577477 42.92809245947373
26.186464960132817 60.19932422888756
99.01113425535839 51.2782599987597
26.034610041572815 36.485108355530336
56.867687157188726 19.793214037809093
85.13718221229247 25.753837895780364
91.83463442983808 65.08329158041064
72.05464183059422 48.88799334675629
31.731910891721206 77.04973654694092
37.98624258347181 71.47191922919482
60.677774168834645 62.36225710392005
26.95365254669937 12.773288142050788
17.577511445398898 5.613448359597584
88.14004184467161 39.074893227732346
62.835280078929536 47.11509528755402
86.36942938628269 23.607601631534436
99.53902219172903 7.879369544563297
23.870415197722572 93.68094517660288
78.57976802835486 1.575142136802854
50.630076726850625 92.67312867007365
34.80174254727957 57.992905997184096
39.13742023736568 21.256816028279
57.05821113026912 53.8745112962443
32.361000333362156 14.872624336685947
77.94401306611203 77.46366623704874
86.25572044154013 41.05235546738757
16.811232221202268 19.45403572920965
9.992368955165043 98.29926376085434
30.701007367387124 27.048521961066974
9.860747858459472 40.13870731697258
91.03440983372657 72.6069290029294
65.52918444468945 89.43678565936834
29.92129144641551 89.64501294330991
55.85873188262567 35.34917997018417
27.742032972659068 84.2393689313345
71.62426215879034 76.41710586173096
65.13914516202017 91.3835634296988
58.84541373548284 96.0178406049395
99.7281100406197 42.02126112799014
39.97952415642456 64.34649565019453
91.77406094691621 36.96289311373491
8.954651527104819 16.251414490837245
14.606922157682822 24.031486163316895
41.222798680764924 68.46249316015307
77.43553824152691 17.15062504838558
35.139110008585185 81.07386545099098
19.700163921087398 22.944292153974466
26.86375117861608 79.47396367342839
7.269636078841524 42.15682500140816
65.01849770219611 36.74272649486072
77.52625893199188 79.77914143193792
99.42945379243125 44.82062984942141
60.5728675903233 6.890701017018852
61.13903406515788 8.389846637727704
26.81975522769282 0.994951934178756
1.3152010829323268 76.07030926453673
31.139292386674388 15.571205496896901
87.70513938666917 99.14331286180591
29.8962587668947 16.28378672256283
82.98273766385347 0.3797282953174941
44.89889667879752 4.923530316733493
89.80967344497257 4.970449827301526
61.37307472707951 11.246487060770583
20.924725280098677 14.656430971888712
60.14481707283068 55.43842459790667
51.05845999270879 81.5610358117085
86.78089387041967 24.746469247965663
47.892121937336455 6.405875743611089
89.46072144279027 6.419312106381403
43.70094873074375 9.558985573787249
53.090825888188434 77.51562361312092
83.55584776338354 63.0431123269694
95.72193749376157 80.73110921905702
70.49132754314805 49.79262092255689
76.40214174067721 64.62390597645462
74.88572850989064 82.10361021691274
11.579397603866637 76.27140834253711
16.3096731477814 15.087126513819914
43.42610866748746 44.78211423218455
33.78367321556111 22.854272758067285
49.172767165968814 74.19793937984846
91.64697403049662 76.67726764467776
91.37178887723127 38.613640583320795
39.88768433305796 42.6018653524993
26.701514462254572 68.5198781212787
9.332135967233523 60.3021489853385
3.193002698939007 18.008627667468712
79.86762861533659 7.239976267013537
2.947226865430985 50.31827648959284
45.92354619508643 3.1335196594068693
70.41638916367549 35.75736676898917
50.74264945418972 34.85753380976355
8.781963351714882 53.7665338033857
82.55779086892387 40.6520190254825
59.58766121522787 72.66436631727653
14.603500356835086 29.478290047496557
85.0993767037625 68.4563974860348
84.07350453360965 22.10772910586929
33.423254690492676 51.08397755779859
53.77827824839099 30.854372959080155
4.453329321897992 33.26669319417448
64.7189308003255 61.30077492715098
93.50762609814711 32.53577578892395
98.38605554286785 85.22806804615945
5.20910152057843 67.53256567985969
67.06913929639613 92.27812382551444
83.37379204945532 91.44240671565973
64.76572977778095 37.89477650401081
14.006208567901822 49.665623140051494
73.98712837614352 20.204157684247413
50.58064568549396 3.1673971775287413
38.50234040742701 86.9607536324826
7.043567230541448 32.15162773743758
82.0389977381133 0.9116749370959409
53.20051470023648 29.38850266608013
22.4411848290192 82.34491178426664
15.772835986803058 25.729855637412214
56.037512117452934 87.07467902025353
64.310064789614 85.65295859506558
71.99142559469381 38.7737802538294
1.6565586815099564 59.05282319337444
49.96864485267578 25.493912080346792
53.037853677816656 43.28589208387746
54.82209261044431 1.8515839729360328
41.23091581564269 15.161148928799651
28.12880035375056 50.72293101897767
38.50318590440403 25.49193763693298
8.466466775976045 40.97808356756487
27.67617713616022 87.21762441276404
90.62552960229276 23.930259464890845
30.024985038799713 69.60069404935199
97.30174458542176 40.69277450654511
46.94665607824391 98.85498140686144
0.9845999680475837 93.80485507191246
74.99049756248522 46.92560879030581
74.03979849263126 96.90675928239101
4.7848648887806045 52.380337289964565
90.50692343933578 68.90652816107921
98.13629709376063 57.811549924740426
13.218842589984291 70.74993492099284
36.609786297820904 33.92759629472031
16.555355081904956 37.297115948319174
27.513090380288553 56.657864221404594
80.58357957553525 8.62215624205842
78.49981590452555 23.45161314674438
18.376997112329807 91.33084564637268
91.76066287756383 59.27445113654821
9.2998122195735 94.52089505587509
91.55058052354417 96.99589892530507
48.26204216129706 36.37816866058663
11.352751858438136 82.6702260544081
5.07298852812641 72.50680389055387
50.63011438700056 66.56066331485799
67.53690396891415 41.63470698423475
96.12245497093024 59.15138082950187
28.99651492226818 2.002338946045379
14.490444279369875 66.26693115375615
65.70489067436995 94.83862022410064
19.220658413717096 65.54898988444107
40.16376253653906 71.14980744053277
47.43815531555748 40.2122089416064
25.435623874349922 97.6421914778187
46.29762064953069 71.81319823261163
49.30187086610837 68.51284454869825
52.541306048067014 85.02179909077341
86.0527531966322 83.14546301166945
14.29953794803227 77.84655248631344
96.38657690743786 28.13646886121164
50.877558209024045 48.379630489125034
71.28982191447382 55.87546506695382
45.75209037761674 83.85240296521776
27.449896401837968 58.936158845172045
23.512260378814954 49.78049847762731
34.3206725995145 90.41139530313077
39.87415049052352 78.4209956471565
69.37748346896402 75.71716453945936
64.02577673096826 74.35465576569378
89.92562752715499 96.2950406838064
51.85677014638852 2.2689074450644497
65.79833523882048 81.38310537293394
74.86983624484915 57.08325372621543
12.14107299955598 38.189632329455314
25.99685262920952 30.18396986348879
44.23371995326508 80.77132351306126
11.738344214135887 97.61013533976922
98.25802157148414 57.63750547863032
68.47516221443098 97.29348348050158
34.57298672277054 41.82056608735745
52.98730090423127 62.0041029162745
79.54778458874428 77.57060196894948
70.54159246301255 80.89824168976043
77.45715649535686 38.09822972411232
67.9503266638809 52.857404000080166
96.04498557800984 2.940072002715044
52.04770801783063 87.9143112452036
52.288929315810705 15.730434576851149
65.54405815911954 25.61517542817684
81.94562955006148 59.25314665371888
35.39237039658789 57.37127596221529
48.0954346024443 43.34605138777907
57.30802797027983 23.186867208316198
39.76834468763138 44.137084243246896
52.63322170895452 29.68682957371844
33.654263492592015 30.86933291183236
48.605918885594846 64.31419492553454
