240
1 3
9.569751062519337 10.575448047684532
10.81820045379267 50.529807885560054
90.89705752402915 45.38311281758985
35.68037743986938 10.227060780610087
77.62377256355737 5.943552521628037
15.336966748781933 38.872776674560704
80.5706443334328 1.5567601372241446
23.7333784389828 1.435405851744953
83.91118525221886 65.77663546634001
20.178222671119507 86.97240961802164
6.653705282341615 67.71249501448399
17.988991212089587 74.41541292031192
90.14054000916296 85.35321930923952
59.40560108753219 53.81501832656601
57.21808810438378 43.03422606373726
54.54645392650108 17.80749924256726
65.02588168216505 41.19343842500709
13.151014855650489 96.60988862284839
67.85217099000596 10.174996199775288
57.15506950457103 49.79849201551099
26.660546820634345 96.85170035338784
84.39853888755336 13.940738388251471
17.173163552158787 9.884305013360994
40.4196619413419 61.418132696938855
0.0602258518734633 28.51734674783255
7.493800497210157 25.795620345275474
1.329351951257518 73.74991974177803
42.36810829553159 25.076403942391167
14.917363452681798 8.242655794161436
55.912660708058446 3.8812235380811355
65.63921504999416 17.03968214316831
69.29982325943813 80.86602854766693
66.21164402728364 72.52813155444883
90.21140549448539 64.39941349578955
9.97633800639839 92.0193360039415
64.47512833783644 15.338970243028793
47.27975317410342 0.4566444631501687
37.75881072348852 4.640034747575927
33.706713524205554 94.31231298329156
30.509966374975804 21.356156625148447
59.81697007187743 88.98282516391392
58.10435035899189 68.90612188310992
70.54124452822457 81.90879876099635
65.28096980716064 22.88402886328267
26.798585143094567 94.35824944070117
92.73731231243423 48.315851131435835
18.702198334922016 39.8602738949307
10.613218405570034 5.2142785996461605
99.61883549471409 63.35194464096037
89.60882931532734 74.24834243566876
9.869669455611628 10.850207790056853
61.68966258400535 44.38620427781825
78.10169430945739 53.13019209688328
45.04594710115952 60.52054330871621
95.23719611002275 94.99788239662175
4.800850131676415 75.44659709155025
37.97875334413652 71.47886834446726
1.8959802393273328 75.29001534602955
1.8531352431985004 83.87929112965753
32.035016765125675 67.672064354322
75.4230796119802 48.84568127732578
92.11096123704357 58.72500836554062
43.366181013332984 27.83562727061142
32.170575851866445 28.255445362014232
79.17183631996205 88.58460902397995
15.243282667043268 16.409721671324085
55.36805944521559 5.585737228832532
7.589978726280622 49.09187493411089
76.72626756087996 14.550434604008021
60.589916780223696 7.577452318457034
62.1406662363027 70.59257408594976
36.98119547344487 8.984446014909974
1.9846218358162027 21.581846330535637
88.49479058973566 38.27813778044175
10.09871556669344 16.298666904392256
60.91634068907683 62.78420533354985
36.633511806337694 66.05511056546045
97.45886059043126 99.07979881123619
80.04768830667528 16.939247163021886
13.062973406776713 70.15570350014957
38.25096898950042 9.33046423420356
39.12960935148229 56.12282058001832
4.695321092679627 6.456260873344433
21.231453309197292 20.275665459656622
59.89380983029848 12.818894392885483
72.1066414341913 97.68572368742734
20.391931123451435 78.96561298352682
11.23956466755931 1.9693730993986858
45.4309882692389 56.60942599465244
6.4846662038773095 6.252290941427852
46.462993711214274 20.941010127000293
61.913930752311174 13.200203721169125
11.195689109713292 19.538926984710624
25.51656365457271 93.31612516521805
52.25198976826073 59.14350069453504
51.59205130855897 36.0850073235546
89.54472648853952 46.07802108651049
34.30659319250247 37.41230575724557
50.03786470818363 90.51289384850803
66.12194329845948 25.291906021078916
54.69458422569262 63.03710232377553
41.58521769039314 41.32708775990801
76.74602345870586 5.642054796596474
0.8851158420440708 85.06370828275959
3.17815923259237 2.7425144641513244
43.122146703745926 84.16085603933922
82.39533011016213 76.02573906092947
95.31620943148194 35.4582871795263
42.793114094442174 33.46577429350479
48.41885395825294 27.849839651652175
89.86600815611861 68.45039103860107
54.92967965461111 56.19112355973692
65.15885649559345 36.306810695548045
81.67851734807232 24.43209209453936
91.10224102614966 9.625579579236376
61.461107181084174 32.34782739355009
38.07749536104652 90.1710480138777
19.232635733338444 95.8714474131236
96.83790400992723 74.1529908112449
5.740069790672742 4.500485450602376
78.05900729406594 11.331676919497568
45.645234619511555 30.87269892272615
93.35747859778884 61.29783986577655
75.76281566578811 53.69050855582061
38.07307264770128 15.050586244112596
35.37080533297823 95.64551105546961
50.983004953231294 89.90337309113036
33.562158811266805 12.106606135642384
70.16288990769539 63.107754737901736
50.08690351662057 88.57504346475547
79.78476479629141 71.64991137623706
21.536072869706622 84.17748984645999
99.10189210479545 30.921572783620356
59.61065988515954 49.522772485875045
55.11011078346635 12.918470536097605
99.53902156852072 56.64016650032742
95.77309860758308 96.93715244656183
62.988862510604534 86.48527749734927
39.59278565362254 43.588380040959684
60.54482793982028 68.43755840455276
95.03197222659286 75.69083836380005
33.328295990127344 48.560917488478
35.00571649297088 15.063466968842999
62.96830005219678 72.48509718179665
85.24888529634431 9.352875421073659
53.48797498790703 33.0558838667137
79.14320862399047 96.96981596821786
95.9579142098474 84.41468758927775
52.68437429315218 53.349399490094655
41.10909131258826 82.79098858314462
58.91679896299513 33.33296466284619
75.0198511658397 61.246958003476415
72.72931778854834 76.13367701442147
3.8247708815004833 41.92943856588376
47.22182779834681 70.77694681882944
80.99854466643117 46.112447323300266
44.29307157020301 63.1881500946547
54.90182920432856 95.8660897913585
4.795764196840846 78.63582918013317
81.8008917523412 15.52076423708848
24.72252839967237 82.79248003354913
57.14334485745969 0.5982904926647548
13.75567741371353 88.8875563002057
92.32489020614017 56.39646816307364
83.55701324895728 43.40733344577596
47.36339618057477 44.53328998038955
69.14750737603693 38.046523421297465
25.358238214297412 94.3278327646449
13.118932677481743 26.956747175277872
95.87177027786326 69.96410335168892
5.298093063555176 91.05057437786814
33.446768356651276 94.37957493841351
59.913632429563975 4.433050494952795
65.42870406742713 40.96854171496389
95.36782834959077 27.597337566047052
64.66588851785264 46.330026558559645
98.18233217419481 9.797643167214588
55.02369201131858 73.25116547625869
14.307850778576569 43.751541281535445
33.730541623148525 28.84909714206021
28.538139295306706 59.375660892188996
88.28405229363187 57.694403872992694
88.42370733387102 20.975140937092497
84.94589143640331 61.74589834047053
54.65209759578733 91.135582681338
19.926918090545655 95.18356166263216
14.107869137957984 52.34174159958931
64.44448167684375 84.46833115613043
61.002538579054374 48.948540368710816
9.64267280262705 21.03139303201347
34.70886328514684 71.95479605193998
20.44890401209156 70.66223396030486
78.02050145622883 82.25994273280668
57.211439317078415 34.533211606109404
46.417043894356794 98.69714616198036
3.5854064004592123 59.65469870289051
6.491581510505595 61.73724667782954
44.606177969782614 44.997317131742975
7.9959497625621045 89.75976862832226
14.558654624977363 17.905067629658888
37.37345109327654 10.005581266681919
39.797154575702876 15.985166193337097
19.482841505052505 43.293213257427254
59.27859304471714 37.972453794302766
6.180809218485872 33.494981146392156
3.7582991937052723 90.54402419745631
11.77748996640069 22.450012222840463
56.49182454112369 80.67975151070507
51.59274866164844 58.75030964379244
30.105908736589804 99.81101519094968
48.58664196096003 25.789621682104457
70.00323113627078 44.70220478841742
62.79196810917471 65.00709679499693
32.863636288513455 36.93441776248325
53.0685102621475 52.629379327845996
64.48398255820797 24.932376271589995
69.31650378750417 64.35738165947005
59.60325456900839 32.869757621405846
42.144885302065575 48.28002655370505
65.06277756890111 12.821327644458137
45.97937442259965 18.80170925346929
7.1728571747451175 90.16987149167907
66.36997837231915 49.936840041615184
84.39368864954669 56.43421606324792
9.002228705195447 72.92097804291357
95.7342692258787 35.521857259800505
16.961332216910698 99.63911443009061
84.99067039322902 39.494487374961196
66.20464568415323 16.971413646780896
18.98608834703961 36.19829593404549
32.397677332824124 9.909031273801627
92.28718656108559 25.947395337827707
62.10728956680747 79.39557018742518
31.446222939737535 20.919452314498987
62.076232453389515 6.531742765294601
37.340720823641796 24.463287082885678
18.219148079642377 57.30809095656424
15.417539412899162 80.5067350049244
10.80848720715073 59.61459879862336
10.278258066316726 45.21993440190617
