530
1 3
14.054308189474884 87.860671644357
91.11220373230928 41.833525298444954
65.85375494160719 71.45154079554925
94.33685263724783 6.245255793559945
7.081799865412086 93.8668348177037
72.97529433288065 42.7983011186851
80.92513920621055 40.162669067955605
54.92097180309794 79.2617453897998
71.88549985757994 44.8754467486473
48.113635641617215 69.9372513585487
15.49985000841263 87.77314193300319
63.543420131224494 20.319451254127152
0.03660388544246551 31.356346969763017
15.004753039837615 57.463768887816904
20.47735070446377 72.41630142980193
82.5498578195148 16.83701088139946
86.40440821423712 98.08351179037436
7.295757612730025 11.09237445998752
24.53228302389059 85.42628463715315
94.05776442225225 36.97831405405252
15.637651617265114 7.086791755081601
51.12698278891088 41.38832648591673
98.71181564280992 1.05160362716068
77.78366550525726 1.1221288808508811
70.8865137604627 32.24574705205707
35.60030247533496 4.979845412202044
31.536105639274027 39.89117451922415
36.22047227682958 67.0581989860297
85.40028423845112 14.7378537987362
72.80056393928027 43.658570986524566
37.97407532019328 73.418342412628
16.320506155982795 17.026900679102773
30.87464303295917 76.97397146722213
78.87014385793054 73.06222483060535
96.10581669761977 9.78864438235345
71.61393274550274 58.35938539871726
24.65012421292443 6.2200848996684766
97.20794833969173 69.28153986133043
78.69807524794092 46.63327405464508
26.223016302206336 59.664068413744054
23.449452483270903 16.797500730432624
44.72886009342716 15.045568017070554
82.08714186253154 93.52476253144408
79.83317771237539 24.68534675585903
40.79662993509561 9.028783487165848
2.7735005011768843 20.6800285576588
3.768461905608156 91.88647754361232
77.22126687344857 16.944865881293293
48.38831532582895 69.19768085501484
54.482615851589514 46.61160627139505
0.6370025627375542 79.38748128486858
58.105001731576266 28.155420257030748
16.695810995406426 15.165284030222681
46.655487905002644 33.137227455413274
97.8105935060968 78.79231919394336
63.68218117920013 61.41042679187208
39.88139497341303 30.19370894737041
49.08441158973411 93.59622173630642
93.16736912326786 77.214912815634
89.3801049961374 27.060155142111753
50.95390498494361 17.33364648761786
44.45367294221732 15.751004372106948
83.9657026982552 35.25470284211947
85.769324099592 44.661092842318276
67.51216361658709 51.34219039165859
19.375036029387815 60.9241679731015
63.951842280025176 6.79839997667766
25.073007334393015 40.56509492523761
73.21443928048996 18.731331398632033
81.46794622570414 3.5284360418165184
17.39402471273386 37.5394569733021
74.54972245569509 80.18664579996728
2.6396631024742545 46.6570160960887
97.21876226111125 59.982249185890794
16.24537717484509 88.31394074477966
58.233807246894955 81.05428914695412
40.64549396811539 0.5282986351358598
67.46356896957755 65.83099224134578
66.38233576463477 10.804972502501453
31.842054303130894 77.14981252845543
18.495328303954484 64.76848616159265
58.18811725717583 80.84407593239035
1.268595263235417 54.04325514975674
36.32856521875285 54.82619039705501
14.137936678253649 58.426074781496176
81.9216908013171 8.708399519177036
70.21848786811653 78.35151705803256
46.50450716695642 67.77177474837303
56.79483270799499 76.4585366178714
80.85897936591542 98.38662105591649
78.14698008411585 23.78657985971786
94.23835537473056 24.756994011173706
67.14999319171744 18.555768879247193
15.799656246255655 20.507375826231478
95.35755374638497 16.59889046571199
76.54187338305363 61.41038531916338
61.34910738403878 20.95725416873002
14.564812759154577 18.708769628077594
81.57280824263844 88.41590053457328
2.202218699234204 31.4633145674984
54.80922933201893 82.23792630473015
83.53507430701508 90.74632462280067
65.22181990044609 9.575865575892717
98.79496771215778 97.95956727669433
64.75964998508945 10.180142775672296
17.67854963554978 53.196459133149986
39.70628625807582 45.37950660464887
64.03218128193062 29.124525574672756
53.49089979093029 58.09704344744373
15.125376405948376 66.33361397424946
94.16199022794376 19.561654833947962
8.190435250156526 13.115156857599697
71.07506424750653 27.53100620670652
99.6201016795394 84.86767817911878
45.09915102661994 0.8931847043129659
20.68735484106221 28.118568379010654
14.24894993085115 63.56079682815234
63.38719576903349 71.61699749915196
41.331063712151405 62.606009096645735
68.62197115929635 17.019179346261136
46.22317626464447 28.588936344721503
44.89013995598214 99.32197119907616
43.12938915681457 16.569513465342546
64.98071862079283 52.349957163694526
75.27002209225017 72.19222991012708
18.13739713083866 70.46655920799476
30.04696439299279 91.77601073302941
83.09699160102969 99.05513294184385
85.47310570684243 66.5194791654756
50.20955680560286 23.710419699583696
20.170717433456666 47.43378099638
1.7135091485995124 79.5403812549615
0.35298508446477417 97.62927069642451
66.2480440613358 82.87863888360609
93.73630334912453 71.14246287777546
57.83588789472694 79.40258715598752
91.18472430703572 52.395140752180126
44.75267882601677 70.52537628571869
60.45879791342037 13.64983747456401
63.59055013912651 44.14584836080082
10.308349246097714 40.65548184014416
56.39019093581277 51.674474939139635
57.74283194402678 87.45465113015744
40.49967402838595 9.780879589364734
16.88274010693549 63.69171411974348
80.64629550342109 71.8893526290041
44.887091118219026 72.20154220144725
42.8611044774823 32.33013719203088
81.92085046941975 26.755181771478153
18.974523332099015 2.180412422724598
48.25015456330637 99.18090143375333
55.77144549058064 29.450113824156187
73.62951989620422 63.13751822490617
18.84415253998071 98.78191406476324
11.42704893056521 25.481770981054485
63.55021113261981 31.823352169906304
31.772426545003384 37.31333073789664
49.70017792159971 43.79100822364465
90.47612651172207 31.851039277732717
28.87864021150124 7.6850332721884795
68.59098199847186 49.13474701847451
41.38657453575802 79.0185245622525
15.57726205257266 45.37677917766825
2.448268721740132 72.01219609406277
2.204328041080328 25.288669448751723
81.44750530446447 14.752351756781422
34.37897765309119 62.05867985524676
36.1204397205412 40.02168810820803
52.99848372452429 85.45218353496784
19.408865826450228 87.98306617241991
82.37568122292342 75.3310308761799
46.94310052475996 37.38959171813205
38.646382962764214 8.16739846091863
93.3407136660755 50.03502584517698
68.33521134534442 12.155387263276229
37.824196157955825 54.11299707186077
33.70748889598647 71.95223891638591
78.65413739708997 39.28952147590987
0.32211546189413465 77.54304047574401
73.85158068140126 45.943122065068856
45.577200559163835 71.95493956401064
60.801526782980275 73.91875751781683
87.60093125603457 22.444545720767305
83.32297924903571 17.882752693823868
34.81862992508788 81.13903890910386
62.08205384837877 7.546570792182528
83.69573361274287 65.54585675778375
48.40666532420814 24.490244122918583
83.60555085076571 50.25649694174621
93.3330067131634 93.63105670239263
95.16176488893566 36.081741154115065
29.201154968899303 59.54091872321929
39.27417763744325 76.01937638974971
82.23351152572933 71.87123561423263
81.47285105627964 15.901920400523274
53.40711818023607 74.53003814666064
53.23294902272262 28.436295352364183
81.74145726615951 26.17739581978771
1.2055792391263642 8.181897274647643
24.413963807072637 52.5049784909003
51.74628219678456 15.618576274537155
39.60480149407255 94.346748097633
21.59530098707041 78.45446179975507
27.410625953863033 35.406128015879105
17.96122532160791 30.273239029069664
41.284275263914914 40.65399440863124
58.55988447449827 17.428431540654586
66.0081391321666 46.45079756389363
93.58789012489805 17.892502460580808
70.7352682242423 13.832191173660856
56.62276343401713 25.161127447396026
95.92325179357847 39.16255034456735
84.16673553449725 56.281412820962686
0.7287387606444096 11.207358623711738
94.88323526046405 25.639212898846296
86.00900956601517 98.45021826953837
63.71260441036601 21.94238997933602
67.14225142638495 64.95909008235276
21.02498720470376 85.04903171821898
58.54891097328372 38.57279082971055
20.752236518894087 37.63209572115833
48.99535056325026 44.70881384132592
91.2376003204728 81.7126561881568
37.77026538158621 66.25337633095253
68.9644919454773 26.55051727227189
31.444534271568614 69.91444936041728
35.65529040338467 10.068532029591415
90.2354609678354 75.3878056224396
44.53204983268908 2.2667436898321514
26.229528282572257 75.7062102388804
57.6434505496902 94.37583459735454
90.89639315093532 94.57312373846807
57.95202350479358 24.03107836008187
4.3340026064406345 41.467502929542846
55.95266601384898 6.285510678517325
96.01546546286978 16.523281892046683
6.0966464460238345 75.6526944494961
16.306036285715585 31.008986343892154
33.79546578160073 84.13323858817128
58.12208002552624 2.583477239936194
30.971555163057385 98.69739508170996
1.869975068137708 51.09471522925635
71.62269256867492 97.486403468044
37.779019172348825 69.60687711492386
58.66675636982701 49.32314380922629
37.06547127288764 14.688236537948974
87.35820445812085 3.3090391278797426
20.42285516459852 46.44000798829813
65.35735779953198 69.39324569166729
48.474904919680654 7.4691022175597865
57.489578166087796 21.373434553826698
43.00600788982316 1.5373586936201056
22.5404945220707 33.50145604345158
27.083219855160777 70.40238870995539
82.27777737008904 85.89937817833928
78.7252742027275 74.7389373957656
39.850735871352306 91.68338387106178
28.75670676724633 42.970803913291334
58.15649021540295 52.158912398534454
99.32324727805066 53.10120517056125
88.58415463329428 87.0117736618031
67.26250518633108 36.79338450213825
9.593249475799514 75.10186141192172
7.363092402572158 11.6099410120867
28.737618659950172 82.58647258364522
20.547487005749954 51.3448820759085
50.42196188436425 66.59140660550969
42.02630444985769 49.016156523137575
41.66450877980863 93.01220046850145
8.136614848504742 71.14683935313366
48.60628110177729 56.53786952610665
75.69656000947302 96.42169934826799
70.20347772976801 23.90576756153413
96.2469172863935 17.688202232664942
98.79749143589709 92.65887813030866
73.6738451968863 26.614817890401298
58.79481171754995 57.456457850856424
28.45651002070284 25.639331428560673
45.91079221931311 49.34470351610067
89.1518518823562 48.80965925200762
26.13864473840608 72.16457598788317
94.80731594532898 67.22395068730897
95.6536905709477 7.213634400657853
2.087904858816847 53.94311845129758
95.23645599166724 76.56228446420748
59.92647769186243 67.59404778005049
48.11042575850551 75.41559409117633
33.371157196369424 36.18752130076797
3.909011081731717 12.281122148250102
44.09135045597819 80.11447927314465
96.55458755109525 44.839131167867265
65.8932343039778 42.453365873675274
4.968298959763495 37.83872126198495
60.08449527402699 28.3949089337878
68.07547719332683 93.43402944690797
7.721241504683785 29.82068342842461
87.12103654202532 44.86617346406805
16.742148593726892 57.24210263487819
45.592950386083885 59.23517121461148
58.98660017737116 19.925728807896338
55.413305975270276 69.87323122072459
16.15445843835992 87.9653536302883
92.64131639339435 65.80182104692007
38.12534593520353 54.9963231453356
26.448304410937908 83.93209347788309
25.853033526424674 61.04546776417092
48.47886499045193 34.99354992189221
33.041371475857794 8.903814905790753
75.94241286744708 89.50567515777578
72.7726535524095 5.754859969701287
69.54907236454521 60.10507566771501
28.409591551079206 42.99842086781025
71.07193543618178 67.45189331932526
94.12719359116353 48.59474577208689
23.216763353336024 56.94830147405787
70.61660737869502 12.319301983198706
6.710933021896448 5.6756125154104
55.26881811604798 7.508536018568268
52.78048389264007 73.57192681026963
70.90202386831197 83.54344806289866
10.541249624984083 7.906490766396357
2.2723122559761277 65.57076826822212
7.262607563143897 27.33692740273115
52.4208683018456 53.72682910791797
38.32824477353019 17.667782304760404
1.6222280603827022 41.85193096756474
67.73577608562968 76.65061437163494
63.808484342281126 55.30167883852535
33.03445749710343 48.81045575688285
64.10738424327221 93.39632104669715
1.397944370801718 22.327880577933
41.00249006933427 72.10650128407406
52.93510987207715 93.07852873490702
31.795940900481035 40.776605493665485
69.64218976977479 37.77934214935075
25.102011743392794 7.188512023566451
52.32048836155454 22.793379729648187
78.3238183253388 52.678442310922534
93.30015393072004 44.55917275273107
68.01333035786578 50.34774817558005
66.40761648705463 43.939757499362095
35.58939773108054 37.11555542557468
51.21141512668381 90.09550605214329
68.01997758576282 28.006089072150854
69.35173701627899 17.175169135446232
6.843363652948997 3.7151416712355667
13.823618442854402 29.845003376642886
13.517689388237253 30.822079848314377
45.06664536425118 53.52133371741139
25.816737484040473 77.42461995511407
42.68679196898817 33.11487337854675
91.00521331888555 15.782101988091824
23.003677143037038 43.298977228623855
9.69899781593979 20.743289636878103
87.34686986663702 62.60811972310789
24.051224678728865 78.38714794513888
23.627016714434145 43.155589308399
18.800047099903104 66.29358945130139
25.73446216133557 23.64673629863223
13.398222430925788 16.396612245466223
60.59737412110218 83.90117066383458
94.49009907214831 22.208866851529496
35.85868085271515 98.01195767361949
96.01409174281494 0.045389223308500704
55.66349779748019 83.39415864469379
60.09972291275416 2.440770174424034
54.18829366550406 61.20776502538661
46.93580934021211 89.9785455169541
61.527701435065566 89.75080403096385
96.35814337267219 58.22754852402052
67.4497853402664 92.76844483102353
22.139597709489077 35.95032143138015
44.5120400708924 75.0386217688528
85.46406571831619 62.32414627894867
75.7601350265408 48.53417954908083
46.87915167764203 94.94088083770336
39.68109363899512 93.54507159772648
70.03092746504575 97.37135471378184
89.101959354775 51.362151660230104
47.09363083677096 11.161375783173376
51.43503546264336 42.019130644206484
31.195694242097627 11.429644859545673
81.52672424550794 63.82260586398052
99.49197656026116 89.67781121494633
81.49486288687247 53.79305451881822
22.476032616762165 46.496802861674105
47.363996155198706 90.65494774289287
3.7490964247608893 10.523333211798679
95.60095365556833 95.0670383724207
74.60176329132851 3.145550779913986
69.33366965714669 34.64886760861994
60.664096605701445 41.94763081680109
76.57387236355883 51.38962909015223
54.689066377579195 52.39930653829394
69.56485460054762 55.44576362499212
4.9524343437387985 36.620038605273564
37.73413028881134 95.83604700022619
95.55675482930606 33.156106569555476
50.790617187974085 17.627798514530824
75.38779745563002 39.18512361530879
60.2514143738919 92.72070134426318
30.401959356589224 27.920211090691605
33.425833852252836 66.77467827939057
31.598418730741184 43.17002787796043
72.24287251498134 29.948757013876826
89.01338550929697 0.8020587669978374
62.51769773348339 97.91827290443132
19.948744636025538 54.7544094067699
88.39458568245458 64.41102788108597
86.42720834633937 2.499864831640042
87.03743703063012 53.02387369013311
57.9594126188542 71.65895704115901
32.67937214454526 71.07659484807472
52.13994060486024 23.00863066314871
75.64798610706485 87.94509699638706
23.2038343953054 32.64283139821107
69.5098517152354 36.00248710012301
40.05721296624705 39.63924979122786
79.28691414135716 7.878483971354577
46.688332650693276 0.38380915034357255
23.47148270145094 18.10555750581162
47.168990602981495 16.18393168469545
14.59553881463862 89.8384647134456
25.638033436478878 85.11613361183157
36.12307727287081 72.1799812378422
99.16758443598313 50.73042998743303
70.85097679594622 50.81129921536123
61.31730531296551 7.313847909708349
91.64130946295673 99.16064284710058
84.16717948654406 34.568043845267724
80.14216169214873 96.0077971072512
32.116789174918715 51.208929132863766
6.279359500617088 33.04334038511176
46.205364721372376 78.85080835708058
86.15674699864061 32.082005658881066
8.527191342721974 84.97022417509059
89.48761605833191 36.766581412773604
19.508647379070077 2.0717995682259627
42.06259250313003 52.113466827636266
2.3117965355829106 80.4722143432663
8.995488488433656 52.409325933623705
79.89694274474515 30.516900052379214
96.96781083631245 69.72542139236037
94.33047486631747 23.49373525828531
73.99210940550984 50.93707237802414
41.017255901035995 52.980123993303295
15.563598273373502 92.3174072018118
38.56786538615484 71.61173260389573
18.89738127717113 7.690133270171762
13.32635895574079 78.77129379688131
85.43950165104582 20.79427126772917
88.66213918901944 10.96862457566392
65.68741827016864 35.95960934259252
58.07168592214791 73.88688663482006
52.63054100510147 12.062546818185238
28.836397499947886 97.65220264779575
36.023022808992145 27.543223637402935
40.7486937024661 16.775926241457007
11.628791036543795 35.55154156828666
14.484059560757645 25.360598100111886
44.81319309658933 26.141323490476797
97.64058313725606 86.10693650050223
61.45738415812292 46.3883328986481
30.970008145174056 54.28791959584611
19.26249798526034 70.22386249767074
43.07532817341284 27.070019009202984
39.72415666936191 38.833578258524895
84.89948654502948 59.052734451132615
98.22318171712261 27.112443385869422
25.166258843791024 25.405678952040954
88.44651759867436 19.00237194640968
38.30558088925085 79.3385354610248
76.36494396565053 20.247260309236847
31.67206441100834 71.01514551482744
76.33629976382048 1.8369783712928855
17.639931366327378 58.04576503103171
83.76491012763974 28.164126748025286
72.87091865289767 95.214949831673
73.83593239837684 55.5475946764834
21.592364921916296 23.62562876066012
49.882550954454864 25.375191532937503
96.2201267717905 12.349352401651913
93.79868102690277 34.45844103771418
72.2501167516481 40.2340970653035
16.542210111426403 0.9560996482399498
63.704646996214656 21.16824905305137
14.818105575629371 15.571781643882666
90.01543516081934 78.2069071942084
7.113990084025756 59.38374005256883
46.19785147099804 99.3058655880997
19.54923898523999 60.46369650851713
86.94136918496574 76.76695184090936
12.711205563053053 92.45104588552049
7.587664305133557 72.50467442352016
87.23009044724688 15.158921143929028
31.858249066487932 83.7303757586908
48.14560865118236 85.51783520700124
35.40393500097674 44.66366334411318
71.24527023924834 31.379361116913795
59.080949008496674 97.21143215211963
63.91357987772197 51.30890560847274
83.02429300998233 10.845041473471028
29.360476512021073 7.542915414934082
78.31596331526866 61.23073396561149
84.43528341302799 50.02121850992873
40.18702676345845 40.67802653525396
27.463658758164367 63.27388212566407
0.37050469923249896 69.67060212174762
92.11041718877217 61.46304715578496
73.64981618405211 19.206450760795235
67.3278518165063 41.0926443560649
61.097403200178405 24.59578727397942
11.463225141454236 51.91730282175253
29.09966423410384 83.9472831638699
61.16039201243979 6.689857371127794
17.48701366064602 7.674094341734117
44.9026219386589 19.045340456429404
77.11101372708143 77.0680531103198
96.08853799339701 28.678547092716578
13.228025070686588 45.50312856517395
74.44007888499489 36.135483967866875
37.99725653723802 90.66693770251193
7.72205983708969 28.49977338222951
64.65762586305492 15.519030016715774
96.52511676518792 63.02710372947038
54.30762367743471 78.93248376245892
69.87673778229318 22.31600598240613
62.816031055976175 15.1328604670103
22.91938131297433 28.762627797480512
13.384182537707257 1.3627908984297
