670
1 3
18.910361738220804 26.37908196488108
88.3704450669166 10.766269447383948
47.12321479932739 35.099655138880756
74.47628757491702 82.5964554715462
46.550466879972106 36.95706986522567
87.38405024209621 20.085671898372205
11.054352488855933 46.789426700235445
49.21345174351768 24.26452264422323
46.873555271830526 24.642557346061334
15.607805367661642 70.52734414274013
27.73605054193755 87.29883846028127
62.82075475707081 73.68516824867307
85.78311168074866 18.15861284453353
12.875842671861593 13.134792532389007
93.92925332176061 90.6304796664607
81.03819777978774 72.88613472380455
59.77693281508578 5.529747746461711
97.39103388987225 55.2641446032583
23.567347724323717 74.39314640367147
55.23019240134168 5.7944420592205725
42.55804821454643 3.402437978818318
62.5626508925738 44.64274918379694
41.77444296143955 20.768752941010483
83.94808981742894 94.48778473554911
10.539509374493615 39.80744680717019
84.45362173398176 93.77711548315237
34.78192180458159 50.95161532448229
30.972625996192306 23.156094497709546
80.50565415914406 81.28432336764797
51.41679228597922 95.22847710731601
17.36286763977015 15.880653565830304
57.165792758814526 39.13227884078403
55.33285795452954 46.10844119654844
62.794660203161044 14.873783616569924
80.56296009455335 49.53109499490074
78.70218018719682 37.74737112657045
14.151742945418766 72.78050839172401
80.64923688242929 41.21994313669415
58.45474448411594 86.10617863616778
20.492546582496818 25.54457480297574
91.39312242952371 59.37267813300882
80.52986746146287 81.8075898965674
39.0887062136849 66.89200976121244
10.494339957413334 23.588405407926082
13.265585625217447 18.02321666848563
8.681772684452493 14.646762181954355
87.72226179087406 4.536088432121033
25.172036490716486 23.02254707431597
28.109870200040454 20.94063611552961
57.36400748462971 70.22975505684168
16.2936612401108 79.03485711538147
26.958244205804505 49.06699386144766
3.8353425762621907 7.044935373902872
50.396297076753285 87.23913274856388
0.07292708004438264 12.053575761376823
76.02518727209878 53.28270137401287
20.860131822461447 90.2003187708365
40.378546740203625 25.357964654313705
39.475131330406946 40.22519711207426
84.86653381373605 34.13751765399788
52.27898922677294 15.173914279447098
28.704458760071017 69.53661156219142
90.72984506532539 84.69080189735267
16.213495536086754 47.35422614765703
96.05136099624048 89.55470778220311
56.47585470638656 50.61241259409017
87.83112262444315 36.76355404813929
28.02795088561418 40.71189888236535
99.71921459470785 15.729646699096644
22.846778245447563 95.09894963700984
44.93718478944646 67.34906948136219
73.35939296747027 74.86706993727886
0.9839920740186692 36.16992926502354
35.694846137997224 93.65971527969235
87.55594316422655 96.16915409612541
55.03241990047722 49.83692248355318
79.97651879703598 4.862615983996532
8.541294446432147 70.21517393105523
69.47450477345481 96.54884851063919
84.04192287154848 7.867098378984849
50.85168137475691 4.702293038452776
45.37706817754983 37.027519847739754
69.36361304089083 24.58688154961468
7.979644672415032 59.67895698515224
3.420581303978909 31.976761954627353
30.874961892920826 12.870598369368569
29.132283441089335 96.5628518025643
87.81923970525803 5.860647988276213
53.52237049790782 19.442363276323427
75.32043550186938 92.76874311735502
3.3397972525691877 75.34012766350303
53.41417923231191 10.716098882472092
10.474688363928175 23.833206542332942
92.08614964982796 76.04979355899634
24.274719418183132 58.07784158926974
25.4747696547835 37.33562446822698
42.1817572926598 38.421827492280734
34.20791487657122 76.10124315798974
92.55289512270868 28.574414293065907
47.63062798367657 34.76756903801308
4.869948487409492 5.179321989755725
25.947103051841715 85.09940309831656
66.95667735720954 69.87086448557429
64.2072952045004 35.338941583543985
25.218148216414903 82.11073460277665
79.8399695474488 17.651285344834555
96.07418867499203 42.86045312829545
79.67709800519853 70.10725581826267
99.19451435800941 43.28006651357204
73.49878300265338 15.279944512843024
77.6730831580516 28.91467790800959
58.09851666173167 35.91925369230826
99.86370325359775 22.749152670796757
99.03405972093495 1.0247508406483918
35.55800854893336 64.48877966785511
95.12963934435987 52.35079047285651
80.1983088367467 46.05410752512624
95.63886825456707 81.6177173586074
40.898342354863736 85.3290033032698
22.648996071223948 92.8632738921566
91.73591515242678 68.96837601201736
42.081271159975444 96.15591812091829
33.08482970514224 75.36016746605303
12.894188541016028 29.71942767689697
89.6222915956103 99.47634498160791
78.87528108601884 73.70736532997526
89.99702064190296 69.05117480747762
2.1110239671167985 98.28728884659313
80.71121334865812 28.810630616721532
41.27170880749087 39.662845503721414
62.400302327972554 35.99264539104288
80.87034633283743 29.891662309680346
67.58188799684068 68.71177834557601
29.557360769519892 84.82559070915316
36.933251293608315 19.24489557615996
70.82553665168791 34.651761356865805
46.21489381295789 77.19956811522162
2.107206154503438 16.801125397440163
70.01708536598932 26.05876289004545
91.5053754513791 86.05868339590272
63.12294771839579 63.33254810018993
45.797926740672665 50.52385480817247
18.73300719031523 62.89194605171742
27.368640886597607 48.62788800227922
52.58981875276192 1.8598255254936413
91.34236795837442 48.35366168509003
75.34276397981532 61.152278844263485
19.136905509346057 81.39840299857326
20.72973801162121 94.52710807737236
71.82922361240462 98.86503730200387
61.42213249074631 65.98694193313324
59.55818884387023 3.124868055109631
76.98083097351314 46.95918906237817
21.603969899676656 74.80004820843324
99.65476633451931 68.16287733171286
51.94694882852362 13.521012582772096
35.39670504896644 15.433178485316734
73.22739954581263 60.02846374319879
4.298823026800158 90.0609579721963
86.214531622344 47.35430625014385
70.2127232119127 1.5198980599913092
81.07538075267549 56.67444579891318
35.872886658035696 30.899488049428257
49.59427714640326 11.511316279580086
61.19649228212876 92.79002928707128
4.884709558796341 40.65772700691881
20.47225141658986 79.07845251171995
33.04971517610571 1.7015326500332328
95.48701229197323 77.73556063702895
63.12752416059648 51.36851873182431
50.412300832703025 82.23287234247078
49.50459551462174 79.44966779689284
3.8708405806604063 61.037917518169316
95.48705152345201 60.87243942604079
39.51904668887272 2.9995015289034255
79.3765994828997 85.02664717298933
99.50880894119653 57.371208468228765
63.36086520169526 87.40078801682016
71.54665027969361 90.16812410707713
13.339267686576362 2.1753585859320745
35.07094429780506 11.335271263093084
29.790927961228284 99.78511668345298
6.376160309744483 41.612918853606786
91.38508916762653 22.677755298661605
52.10490088434738 99.11790455313904
25.999281912603898 16.953992672835906
10.987713628798911 51.44166079898351
13.884289863284828 84.37112019849853
65.88244890864372 69.62680325785023
17.6558689718445 39.99895732243446
92.46863370994663 56.349111598461946
3.6089119796712144 59.71161230637818
88.48986113888597 3.6851029535959645
55.61488324484818 89.75652301764745
53.71944118803109 81.24106979896766
39.31360631340348 63.37519362418325
88.44423780114032 8.335873067082456
58.798290022876266 68.24489818328259
22.741410929563788 19.620246067084057
94.77020213494657 25.583566441743223
64.91931736291232 44.62038411392244
26.720017410528985 36.258687629499306
46.9403275018472 35.76218442163683
91.33623103359916 10.834163180763134
96.95915007727427 81.79246946197227
8.502419215674717 73.12145116523006
39.64434530980756 2.6964421279273454
37.40801038028883 10.668839224254434
78.79271802254362 40.28450779487693
50.04358626816252 79.01807280095994
67.16837177164476 70.15800812599554
33.97980280565878 16.790518493604445
64.56298584425785 65.19271068795962
95.82803767593163 35.62908641561005
80.29085966466457 32.65421271883102
24.466109525265622 52.14936360213769
0.3136562089641304 19.691191234732862
56.16136590350855 60.046044754751236
79.62259027966037 85.90542242667902
5.3400383818107855 91.26458631463031
74.81198875456549 28.73788567726423
80.8117055861932 89.00740761383781
63.903795337149894 91.31716768486449
47.22074500909103 41.15979185162668
92.14712456034249 78.54960018785408
30.82705380041675 97.2005436967407
58.62626464775029 33.528076975572205
60.275957298950814 31.652617501334014
73.06237125334447 4.317990440105368
75.21546198792879 23.10425699786105
39.591301771494194 68.71847839865681
5.348536593821818 92.80943800595252
46.71959733244253 49.24491913570637
30.871177983103813 5.613036907770108
78.5734194306142 7.006398739162845
2.5598012357570754 87.56350552799546
50.4981687873991 5.872488552235411
40.35730174229562 18.767492030712507
99.52197797643439 72.21056183940962
17.193243733121367 97.3154260667517
1.9080983835819465 93.99317559163482
17.694456006792315 19.31891990485781
65.87239835639862 18.754250054919307
43.89509369998683 13.634011077715602
29.707946336824143 45.52500293556368
77.85950101592046 35.093644150771766
2.870033411065931 61.64172899047009
95.00771405881154 15.759114972857468
95.21501389963221 89.17572997119993
78.3144153144955 83.16184041412559
35.279964640342996 87.10852400118947
45.30308070409647 45.24906555881134
22.064347800868056 86.24690685126882
82.05286512237674 6.841433334204172
9.404164482738576 41.88924649558239
62.63252375208912 23.587569876059966
91.81865180681774 23.165315723097123
75.32279956158034 80.54220725106096
23.446989860201263 85.82230204949033
90.0544918067999 60.27447792419207
18.869347579033224 56.7286495827783
91.97681632922792 80.6211015285466
39.69709300179698 73.1776144232466
68.1776327490064 29.979484874253103
26.43741307334979 0.19152475934849367
82.93247301637028 53.43697182947038
90.5888599679356 78.210528753742
85.09141312291197 43.211770488231394
21.068694535119192 50.816239593325506
96.11686125490475 13.283532871442883
35.153439926329085 66.92122481395333
11.519870707351432 8.334070915605917
15.982245675494466 5.6772916759035175
50.58162248969953 84.75720468049136
51.86428960164034 98.7180220404455
18.47001084000319 22.903333318141208
33.4776223581315 30.800320022096873
71.35265746763568 5.388394080593817
28.243993277707702 61.59485638806104
25.00836055101385 12.008677765483311
61.73441171906422 3.9150913184333946
53.77343480258148 0.06564222423752764
53.409245370188515 71.90361359699267
68.50313624779587 16.322469336845312
87.00237132607683 92.76978014915291
90.42728718742245 34.523194937711345
3.861952287267334 33.83731495323741
40.50218414743014 94.36616353418938
42.090134698404725 73.65792705977789
55.52913294636763 92.84212242737162
78.29671477005587 17.346843397264756
28.394894601196906 41.45310934090225
23.667522003370767 13.521424947690441
82.42240699978325 1.1159502463829352
58.780654335409224 5.641596614108857
77.92642555663288 9.152321100017492
51.30173976162371 91.62186458708686
84.51204005856971 90.95365901741673
76.15492493761711 85.54031354930092
97.31758823530367 10.489226697415965
92.70239469107418 77.16944244072572
33.741627192725886 44.89413100409176
58.818242078728325 73.84613420425413
85.09780486550702 48.17722530394786
60.896623315991796 74.76834323797954
72.05512368868352 19.615828900275446
18.21566539017596 87.59737759088307
3.761566995244814 47.99709791547364
75.04989584063178 35.85746748158811
84.68107484583473 25.4066107302952
12.054132989732413 22.205108644362713
57.7517267404968 54.566060236319515
97.00146874493845 56.04097054757351
82.66277707933796 7.5074435673094575
30.56054865029678 67.8979823172695
9.174356340478319 77.9562830852426
11.810406386196991 68.82952044013902
12.538357468397109 25.296065067686623
77.19418820591362 25.23716029511305
83.93661724509718 27.459407699293248
63.084420870666214 2.1232145154070015
95.13223383898142 79.43414086239838
38.0406852938622 44.672898598229274
77.84252590018059 56.23917680028918
83.09442734171061 49.9146713824798
24.320004935460958 94.41030807642873
98.02316607137595 82.0665458518561
25.315787445353124 2.1929645706299405
71.9240850941579 7.547385993675326
19.258003368739928 37.71167422402905
75.63822808530385 24.48969262417664
78.6368276033134 55.61094106300099
33.60194641969163 65.1745128712857
44.92031655840005 12.528446391730142
10.762841424380731 82.19172780532172
71.20423358415732 49.87336354654417
82.0816117511776 82.7534012003188
59.858018684262326 17.53117862603448
82.99710128808191 50.15267985322791
64.03926661055188 7.8478922544166
27.754194447921797 62.60023289083891
21.09713688398507 75.31566364710662
25.617848608197136 49.92305733339046
83.1492876131414 36.31271830780432
35.193963516129955 43.56357287342896
92.17942527843879 53.55223975303518
63.92309394387776 96.22986688644079
19.90626562330382 26.19009970554076
89.54188184637594 32.1205274591815
74.50408877316339 86.44508381676401
80.27094028890187 51.884619032640764
6.1185749280471935 41.72341641548374
4.258429824798782 34.732653264260385
9.702260782510841 55.67408228915125
29.777206491608844 41.942956998661614
93.2552442246911 68.94469205624883
41.37193932864995 87.59525807038304
46.90431819853664 87.05948387885823
43.205162195155864 1.6635459959770893
20.723388722811144 36.266313969925875
88.7621367166172 29.24463208627135
1.069266179659456 2.7506449423678525
99.90016058969671 73.71251178814214
44.66406346939842 69.06732501391444
79.99072012355923 56.985436760896576
39.73168337460697 49.503851452561356
86.79095434481279 49.836102064205456
40.178911650090335 8.305377986104112
50.06231064108746 5.387807430099301
27.910216138002596 29.601839763679116
99.32856023654561 52.77135964339188
10.180396684153026 16.71625097338818
21.557640848460345 8.38629930575092
61.21555144013442 62.933543296070724
28.021902049132418 9.730984181564883
33.398058148280874 71.8757469068058
68.45116287261213 79.05201915093778
31.14894767344869 12.546435484737417
81.19181222513743 44.21847971020632
94.15907505839012 65.70126205480705
95.16306755250841 65.57658801175643
22.247763309504887 24.359721053796136
60.284265771648734 60.02295683144479
44.148020182434024 55.9161701857833
88.09581339605741 21.191412115598276
98.77856223134485 23.0213131266078
97.24636249372635 31.8394237846231
72.66893015618743 78.06394019957051
99.96607293571893 90.49916897076507
99.80314167368924 96.48399313758527
72.94723927831592 69.24049835858071
52.22701866818629 10.787846907952403
29.94545818161527 27.74369493535216
86.22877779476106 99.5534085454118
63.508643869171436 9.65925951283717
42.021600341170064 58.02808626493319
72.52118911882523 20.482148994815287
65.83012542781293 14.886922991085738
20.83439642119331 25.95175285370448
14.11391578778205 62.12968786607051
11.824930422245728 69.84918449311424
12.566195763224641 87.49893198577728
88.4983621092622 43.52511061086852
80.27277865174844 67.8720841452672
43.11733264322808 23.78109138047373
17.423023919175474 29.32945357295931
50.588832855020804 5.3572875719928525
55.728645533922936 68.44929422161037
95.43513838963287 17.838194240165283
47.89077524048568 54.82012246155647
95.87968842111098 30.501990790548138
51.02173985145373 98.87123256757242
17.94598358775792 62.17056706083453
0.7823046685336621 61.5108089297743
59.84030281664927 53.73406061713997
0.4414410657768375 25.67119863133136
74.80385760109742 43.29267186887529
89.8167277827827 38.5433075630903
81.6869535157895 52.25930075033318
74.26321158208418 26.16292759582215
67.08735897514873 82.59712983800405
39.16286546199939 79.63808609180667
60.11954908590609 8.384544873515786
55.07257617009258 61.48769373250127
24.375193268760718 19.160422432179125
52.06031022689348 49.69080891422186
92.55343068175266 95.36871404134169
67.17328023803222 4.106127586237429
76.52783438509158 45.607522211196596
71.12249216829285 35.021442076355115
25.016481826152372 49.46585212215216
43.014669875180346 81.38684117499866
83.48570539694944 39.07898062771429
68.58941212619479 3.94071751867191
91.29981836996825 46.3556020547425
38.89127884585466 57.767960038069056
42.63325337719903 89.15320276848269
58.33708997158613 46.823442930574075
97.59138929292344 37.368487051443
91.50062280571676 44.383485004934606
6.762797837990919 56.52888841573973
88.81757743286651 63.442430568522255
59.588649263417935 25.63749954731145
16.41979350513243 29.966277260082453
32.45537886984904 72.82454059279435
34.35158558957567 52.28980938602772
93.01317979716038 68.67070176381205
10.194664654422226 45.77562882777626
52.20213943133114 69.73767537501804
89.47641122551158 48.067421262580254
71.32038342033967 19.803532988077023
22.288106575489163 45.92211956849337
91.7804603490565 37.45367958431929
76.62795740422112 84.04035242462191
68.52943715975198 64.48916749852415
81.69588389231225 99.22426020230233
76.52298486589592 85.929841428441
68.60069305605458 21.44677392246397
46.961674386601345 93.50591640933476
45.51678962057479 14.796789017221656
24.71058957342416 16.528607934778773
60.80857381879223 4.771020709931606
8.423429804685977 0.058566472513543744
83.22635836862335 89.13956873402623
14.93688478900619 53.536795826869856
76.39447982295991 24.979065383522748
62.541174123698596 58.59920894473125
21.14144669325848 50.876078029262416
74.88619255857432 85.08698017926292
95.49275581666348 1.091761551731807
79.65436877402949 27.796970535406594
26.261442529786617 4.3382041696503615
50.32334293085184 89.62681620805857
84.61861001299442 51.47080922819853
11.16999344091476 17.561933227118498
62.261000747441855 70.15540348974476
15.504918562888026 74.64405389284042
91.41086573239158 62.50421421786518
96.79254708562294 78.18111733267597
1.2918710409801415 16.698685346836783
70.48041892224433 52.611002906617045
1.4497514566723657 89.23517631076332
7.465306173182906 0.8717943312276821
24.75768779885037 62.10962263986015
60.22281491611916 19.11697243938586
94.54773278453888 58.27668773483623
51.97846029178699 64.68732880677268
51.41369296865146 60.01916047881508
90.65775548430581 54.16241049191717
11.736373104870879 64.24146274612679
29.293836279530883 17.759457101688536
93.41876892223297 48.05695757525152
37.19042921609468 16.78424579675113
47.51421640083804 17.269995511431603
9.127470699377604 33.11648221643178
39.94374654530246 40.31205049346758
15.240798307148706 29.767905111619108
77.2703437860885 63.07949277243763
66.0034568852435 25.98832166934253
89.91313484520785 65.95652245836845
88.00481899409843 62.93700125600632
42.284477880028895 92.73684890838658
78.73701295021517 82.82083825040641
10.52417828972061 16.34538625336326
10.336817662319309 89.60132181430114
83.48028639975172 86.37654302756678
2.8952162398978576 25.29158361845831
27.641031830860776 63.601618882749975
84.39477053604058 95.73725861346765
52.793553418492124 44.525616316100994
79.5208917284623 72.78616719308513
75.09342281201685 4.16396739685978
8.335548132881154 81.93565672716683
99.03087961713695 87.09480549401233
48.69892830252749 41.078595660269414
90.35921547590027 45.498938917803656
20.874109780445906 24.514093478003595
6.528100812210114 60.94066420379691
83.62366986741885 58.70774663819112
20.31140769951434 6.214779873896981
85.80912942612193 80.25867924414385
30.051545027542993 94.02867411889837
53.927593441618036 22.532241801029016
3.3785828880505075 32.34229876007249
70.16276924574841 59.24719336224567
49.459035811358106 57.284602737730154
80.0224121129413 53.78957384166727
96.22921615658686 52.80262757227043
21.466439035009333 72.77281702233198
66.77903190572121 64.86494206272744
36.493589352450954 41.29161959924457
99.38692604135713 36.704544132475924
13.310823571617746 73.4380029621344
47.43663396292488 68.65503212175625
34.17816148505117 64.25747377528673
31.9429301058608 95.32775642375736
49.09652858636851 54.37767900218744
29.597101069167064 73.94223137452971
99.46186610310659 98.29822933858878
7.822887340836404 14.037419587367083
45.85518656918739 51.56234358340153
22.229636676683896 82.7220409037037
94.51353639043793 90.29515700488969
52.789977022306125 33.46059622805511
55.904430890447586 86.66821052831838
55.138811669080724 27.03399800293258
21.014738653598265 2.8996390464885557
11.655398123672423 92.28967731259878
26.612963675877378 55.069699723825074
95.86956645541365 1.9954413111223257
26.72170853047553 24.08033568940844
22.63299839850732 71.65073875439938
45.58867199746606 36.20723275677453
14.584249104507041 40.884218044846676
17.76943676899403 25.55630427735438
66.5605561256502 55.654846982658746
46.62918609608284 35.55889140508841
28.38793526744061 52.953068906725484
74.80304527369019 89.00586198865537
15.030594733537406 29.2899351004394
25.293992696799663 30.360262148281425
98.41773464723389 22.735934439565185
98.2257186272534 59.8414295546958
3.452807230164834 4.8627474717921615
59.31714368332046 31.79759020929991
25.554415107977803 23.659842421757737
84.82276088227346 43.47882029071843
9.28980937720505 20.69077113640152
61.515211357337485 68.89983754260642
58.791053535358 86.39134512607758
80.7404867101927 36.77552100514001
65.36923970519044 79.32960902833568
81.3213023648756 80.57617010781
52.453428944013766 55.744753438525784
70.01113060461928 2.4126579283663796
73.89243983052363 43.25439769552726
33.9821072233979 20.040763327073364
34.2363376349236 21.431511751641064
61.37037963725638 29.46116892019881
12.763513526372193 80.29035560158049
88.21725107828388 37.944923366549354
1.5827527215238613 43.34828078508033
47.023868464649475 93.05588299911618
75.91720465784555 93.97430746617898
66.27929970191771 10.75327490344864
54.46970612157238 9.25644664149512
15.237560054293308 0.23245176720667615
12.408721790841337 44.9378266514169
39.082346687212976 69.15920118362466
31.454753745468533 37.7577788830149
53.896259130865644 60.75303667285359
85.18219240013964 65.76238848975487
8.915020005011009 11.108207452671293
7.764605933459712 76.46973620960686
43.59502250652374 10.129023076545884
31.26118343513089 7.725464392027748
81.46078223891142 2.8206382392405915
29.72759942788945 31.93605649411253
59.571268975774046 15.903327601226858
86.14814775598151 66.93267018804447
58.74783391000804 76.24805933983862
83.17322964643343 31.79079006526868
92.5867466383921 56.844679894783326
0.6054706284041922 70.53233874485973
52.142411814160084 79.24873039965578
83.86963249956634 49.97184268525001
10.797845625856507 96.35519615924166
11.58453442749179 96.13004949710901
67.01169620745296 32.6369888893004
70.87813131886149 58.355740006185556
10.623172255066482 18.293997664716155
46.163202635397305 43.90343514910051
57.25199833422634 31.11528452440129
85.1458354782067 61.64654299070351
42.47282571632047 1.2444642092145353
27.834693557541822 19.88045987177145
53.20776187688849 78.76125970874656
84.08882089957635 80.65440692882176
13.400880865285657 40.41617831312898
21.651604598589856 99.65648411744678
84.6471936101122 22.508368802127055
0.30565245531322116 28.265804298101305
69.44659279897746 79.39173321614206
31.85873863498705 26.750644617029383
27.700621403462566 36.94858800014249
71.97746840365222 21.79163800214885
84.74113633714211 35.22557006503955
6.73680763618143 72.29756248810321
2.3165945852316794 33.70190030328368
33.28801132094203 13.312516472243274
97.67654504849726 98.8287319009463
48.67456774442245 78.31060818679416
11.879368616280605 24.383843678764762
19.668825706986226 42.36907087556649
34.746944717707386 62.33683726958894
83.24789653726323 22.903028872709097
16.776661478716925 36.718608409476026
53.881989174987254 12.517252117831678
59.39331107203374 57.3480426547889
73.63893344969281 90.37137778743644
19.3199847458178 74.7338128884276
11.130847342458171 27.086179496546503
82.93550253252147 48.92823519155274
86.64049517233497 69.95409793506259
94.32768467063184 99.21593693163882
16.92802157849904 60.47026548278329
28.041044427727634 37.93443459386574
76.21816595242711 71.08793347675635
18.148096628449608 5.132989812067046
82.35643960717309 86.34095124815717
48.873611285473096 85.25063427986812
96.86585409903297 97.05604065744187
17.714281859703384 84.62612308729192
74.66799560725319 85.04091270083198
86.2682084286024 8.348682101427496
33.05840960262767 93.21537872288768
44.28861538556781 56.81135825229067
77.654591163804 21.57197159174491
86.33501854734445 88.86079876598372
42.69307470526411 19.392471019595003
43.422449848982666 1.0822651505128178
99.65595938355318 79.83697397512834
86.45439855593038 0.3218400163545576
22.88437219310513 32.995892761539224
19.566234415879393 20.422103089654932
46.54887547346165 50.64908179355512
1.7994263180604486 48.977784514249144
61.690657099391785 72.8595259165394
75.47381119194168 3.1650148317347693
25.662799149990857 30.549307230602917
