530
1 3
30.627788973455793 43.26461103819608
52.14962607493503 20.257278157992143
1.7947245579040372 3.5828362178079054
57.72818945327904 80.44992622789877
59.09353805485915 58.02894423444689
38.02491753129937 70.38990629438263
57.35804238027702 80.2993916516062
26.486202446347875 30.53975382634897
31.290865330606078 89.51894306546792
4.50473837488532 80.61982166376593
73.24095273985512 30.1354665940599
8.756832425384387 67.30926280028646
52.78319473514301 82.62888730152056
58.500159493753266 64.14508015547185
63.51891183107872 76.7042692435773
83.9550288853386 43.19397181846638
22.632908785773907 4.61027265759717
97.71171156133937 58.7123975066328
12.373139579243997 38.0195290082179
80.84168801311384 26.141524759807822
9.592104176279047 29.995858106598327
16.393550822692315 11.3305928083685
0.3516799723608077 40.56613379926202
98.27452847118097 30.280367116695217
94.2227172158473 85.09619844065264
38.38714835238268 36.419506756869914
50.205496479893874 58.929509257861376
10.961117263044095 73.03995289893261
94.79828378732111 43.85044996770095
83.88425915112465 22.404844213089838
58.271168742721315 17.368884363913285
11.107582295215401 75.44000766072672
16.55370026876477 17.672247954470066
74.99048368545789 54.20559525357189
51.44567483781961 49.387107210585725
99.31609971844715 44.47865209650303
16.82604661022311 78.14773796477768
21.20479114184961 99.34041090991916
78.06520358427369 33.715350249541444
47.42133580218621 44.028194121496476
61.148491290637466 51.098153439939686
31.242877427960657 85.3555105662051
61.543810592922995 79.37102117391363
40.609196881455745 79.08207259514992
6.117090357201205 61.204228483795674
32.491665241557534 8.837482978589684
85.73530590679927 17.35825803299771
86.95451481307362 81.26143776117844
50.25911827343681 77.28266147007272
31.45401394267091 45.682903187987264
39.25634390641306 65.67478063569894
77.67823645791051 86.84679048975303
56.22227100518313 68.9481778635184
7.342106747060861 39.89712935265668
88.03483513393446 93.46902708684095
92.38049571007343 62.337152650728655
48.08652469891259 57.38757163643422
93.13149429915129 69.36572470568834
51.41759321272421 49.920474495747435
78.63325250790261 17.38005136798646
74.49882878211444 46.5896671444207
77.37407480015612 40.9973419952657
91.18890273963645 36.937322701801946
37.14929789668393 97.39923440463876
4.838097116175 49.72664105354414
37.866570403110856 15.180258467859819
26.294286999090467 81.17160332362701
12.191351005966666 47.10659128119259
64.21952336827405 29.001629175330024
95.80221305575682 98.8886277887115
81.75588938307486 29.48738088776817
77.0168321855877 92.28529716090048
13.956043844344856 30.3098937920266
36.44340193188893 92.0313972929804
7.97886541728563 73.69003529529112
25.103539889099725 58.79393691082091
64.79598573719142 53.10382566013754
28.95566896865183 50.84374523006261
88.17422438798013 90.46731222391729
12.67738917599206 47.2029771205593
31.86438914910612 87.24815568182845
27.225658473550208 41.392880160390355
1.5403284240791182 47.41712798698479
27.83108699838337 22.901640203024986
77.82210083571823 1.2099101008634428
49.23528004546232 4.893281961548879
35.775382161055845 52.48283602492647
33.72407406658577 65.74876810971604
34.25089690652923 34.07723573956354
40.737767575781135 92.9007791130498
0.17261203942524617 8.110792659468968
93.81742871624772 49.730486797058404
11.15364955197753 1.2727341169443074
1.6690471172434274 78.52602000557394
21.565545200218452 22.300476157114346
98.64800673332141 25.349685764136076
54.18468255080213 36.61265284559592
93.06028951511416 54.531565306767725
28.792141399463222 11.570392990649815
40.322856484088376 5.995057235609735
44.89213831342911 87.5532090394831
19.241987018536456 14.586822558543533
33.01660024686588 24.759116797125635
41.271518232404716 81.164732564063
31.44653184283941 60.54900748854388
78.60423623892703 7.081754129916473
93.91232327283856 93.72499926526015
98.21106023942848 22.032545031201977
65.7372894897021 51.382066933496226
97.74447796424866 29.340298386834828
59.63014606437278 90.26769996598674
42.14739093966686 96.63102017285262
75.58350980920707 13.293750222550527
74.92625475459849 74.04421508810984
57.74459885515428 70.40170279400031
58.51879203782848 67.64020341811919
49.69707692595324 1.901175949570555
95.51451147886556 26.50977986808467
78.89089395880289 21.111752321689604
5.575597599755477 16.069260868605717
37.71737282072567 83.08195120742636
27.354514914634677 99.36653414184778
71.7745006986516 2.687632755515934
56.72549344943696 77.41848572642314
98.60625560817286 86.77671490801437
1.7353653848035888 58.40292335260324
13.512778495269373 97.53766815614262
30.481806143832557 81.36223875222734
29.18660269916802 63.04709770342096
69.48025191493896 87.73997868841124
65.23640494453869 55.1703230018171
40.7034662373523 27.750124522799634
63.68287720264654 46.057065078426106
42.76453869594612 96.70720083399196
86.76982232733835 31.243418710142755
5.972509604990162 33.639011875515614
20.80139853898246 67.59336854923892
68.15214712846051 51.930055677420526
46.05005857221913 81.03126552821485
82.02253132905484 98.37537313276621
14.215099505725458 82.25481820928853
76.2097846794277 21.125980551798417
11.465422072332366 69.20782975569078
30.30069750557185 4.246106718255738
73.22908448872683 71.04975305674517
6.799004104409723 40.37647397672512
17.50945170626117 24.157629805449442
16.18549385010999 73.63128670840217
25.33794237053033 4.482998126021576
4.516914997650945 66.17383062639213
24.25793693236391 28.79410645387257
97.71478369403302 66.77484907767295
72.98911702337814 35.17579845960288
65.41752141096957 25.075423517068394
65.16469331531339 58.7781558566042
31.31396553187029 86.48525874197412
90.24129912617036 51.45814467177872
4.09955514794611 96.66051945451093
87.73180358756225 64.66826618295771
55.55982592644484 29.897933736142956
74.05235362748171 76.71384584422375
57.91738576181611 72.22289265968327
37.017506871516346 4.676905745144122
79.69136065584786 81.66940423215614
73.53623243083345 2.135738718736202
57.52217301619509 42.27854221700076
71.55852033030688 48.30558421104894
9.010885773996357 28.714161558186824
93.25651031719121 1.1401832818057622
0.6825213871926472 47.15485136752437
66.5347529425794 34.72142321562792
80.33687854634574 18.02864284865613
93.4743359838581 44.947427257396775
11.334219681697899 43.60551608353607
87.12547855152945 57.44972663331236
40.91370339360581 44.51155442685475
97.48077682583043 12.491473566520384
33.253497081574366 82.70461188664085
32.82831706596156 72.72042073613805
95.73885241327879 50.34341415018149
84.94667509368968 95.79603753107241
70.39279749805812 67.57859647701943
68.6494495862775 73.6792532633838
87.34733519011557 4.600935924032257
82.88128983862852 87.3683445839701
31.562903149456577 33.10148109028164
87.66459301773493 98.60870956523968
87.11693709720598 45.934276274120236
56.33483818892066 92.64851119782548
16.847944689778018 62.329336287387946
4.123414604612674 84.32025256352375
52.03438110757468 10.48320137655443
49.939952096148275 46.605083494726095
63.48759786578342 14.823167686070725
23.146314343795638 9.826126994783802
61.847829517665986 2.3322918991871333
89.63472279406533 81.32796693071052
10.043996970600366 49.59924221722154
82.9895053275645 22.53227906218729
35.56450713918235 13.663583384693357
9.721993404006103 23.59834241839669
78.9731260660837 32.29872239758205
2.104437426249528 15.809859503175927
95.7934086845255 45.836594522104
28.79835407800069 91.11186646118085
82.48776435844198 90.2489429217042
39.35906409687073 17.248224550276724
11.573494832298348 24.406311386280333
54.59048565171747 73.29016062410328
23.895386213351323 89.53348407731312
82.22785343759959 19.519290637819186
54.81533392693838 83.6431009227317
79.64223840125395 59.92398243976711
73.83554860438495 30.644814100451168
7.458762675809227 60.808267230460885
82.90976868124595 66.5825549604162
79.02407208604363 54.08846206632927
24.978832347915713 12.439575195641627
89.92088775733727 15.428790383098633
28.096500018230476 40.453945291377934
58.72826599865475 69.1787382997015
65.18299374339414 26.21843291233974
54.505896313895555 15.491396774277622
65.90173310130663 72.95334601241632
65.42079440437327 6.380951445246041
69.2043396282452 39.72104152609144
56.203681042427924 78.62580797371473
48.41546415226088 98.66901304476727
74.33076934150584 24.713187903474033
94.31021301679263 70.86933416830247
21.068721877674346 27.26832985102272
19.72003801143685 0.9000292158420908
27.496257683810764 2.0035729290898807
94.55864843649037 39.69492383957005
27.017591674061702 59.199228024934136
22.65039432171678 54.44650298590612
3.3825511864330027 46.545409534200324
74.57485783139303 50.09959558920731
8.76725756364456 16.341776836806176
24.2175848978299 27.09469178321111
50.183947411708395 58.99380480541942
3.677925320558928 0.45885920621786536
1.8616671955610453 33.295907821689276
10.002652962163738 48.84442351953167
13.309769639307234 1.714084033845653
31.049917789221993 3.199774657656973
35.51096881750531 25.166796879527432
45.188058198027825 2.250635090376907
19.16112318274088 16.905426837066706
85.07890232880166 53.347463996650156
44.69243908362734 51.654980572836415
90.31282062157268 63.65150841775002
50.64028790434134 37.92249641716528
99.55831059370162 49.062361490302855
1.324498311208533 66.96217809910985
77.71639508903314 57.0367746360954
11.196165406849001 85.40286799334072
67.8127438918334 66.92098761284247
58.85642979489385 9.671954891496725
3.8713135617142846 86.24778942259461
37.996600389189794 68.23215178516098
49.935312133303114 67.09778146627066
80.753933461884 41.66924511409618
90.14793414642439 64.9997172461221
97.22639305560261 15.973722992017624
56.02442139974295 62.468891254537965
25.352717114503463 71.13102468908468
27.475105632802 31.218993394463656
74.32140907991722 90.41013697474779
72.20870308654203 19.010930909351508
53.854489468655544 93.35099509631716
58.540384992722764 67.3288969643705
43.07667192127067 8.93485140180581
23.29098677235777 17.37153420613442
16.752811438723782 23.86057158022039
89.22028710973962 29.70709608049329
43.967723442977594 55.227638578450524
17.817959220131428 46.58150776999395
25.1828004902096 21.648135649470703
28.37019998783692 52.55043482998714
57.21329753465201 27.228015621702472
93.12840702085028 5.698401875199965
45.223371075882255 83.52024751604692
87.07641091592049 15.031814655049391
86.99887108971814 95.44077901639537
39.609779845118595 2.259992124262711
78.3254265478524 9.763041851185129
14.749731224927798 73.17216840086213
42.570587197167285 20.531761502224132
29.185634079402377 50.19263415246198
95.70561637610298 44.07150550858454
73.13905167395218 13.501501785202308
66.01285654116873 41.74957551203664
13.673151747764445 81.46179354536159
97.24530826938329 41.46777574983736
92.14296022077353 99.21168321787076
3.481057814754296 74.87102019587202
17.33382165228454 47.107636453679504
31.205646094210458 74.46971106003926
99.69599561786764 3.572465681858872
15.772188907919249 45.291550931107395
65.86166944058847 33.737759625786445
59.76878774040044 52.9082776340438
0.03328973341945041 46.43741539739905
48.29601726198987 74.58837490694556
76.95883531759658 27.550432279434144
87.87078183471588 21.53649689594466
1.0422255009080228 6.620499944927372
25.853374851166233 99.52850474001522
26.199944506243654 82.7614406230158
97.93211518713998 83.15744610903988
81.13535296510075 40.215622976674204
67.06457174050009 87.16967784076625
77.84286479904436 3.0473035835062223
13.037394713666096 11.932944596396222
19.27627494153359 1.265040841705689
0.5168158561348113 20.674352340062143
14.008797846824672 58.770655769051736
99.46696170633275 53.55666506150736
62.97968694574374 98.64525837062195
65.06338208251601 20.04548449968302
58.64442491064692 72.79713247969471
77.93354673875645 90.05155448418837
25.1793054214652 66.4721428347067
41.92535863512741 55.27889281433005
40.24064218777434 4.31057602290863
33.77003605850464 12.751683651543777
5.104075622977411 27.968452785069786
86.52035022386615 99.02573931626173
7.017465409368406 15.133537453186353
41.19228961643919 57.639668984940926
34.51872367890747 73.26885436011057
77.12080786578579 23.64065002310425
28.069780986461403 96.36116121914577
55.88363179987115 6.609110192568179
84.62120977119827 28.811873024380617
62.99284204280325 29.154335243728504
59.806979698539074 94.44795795352101
33.54398998148513 17.925108973946458
81.1763646205825 19.26617087014979
42.50064839326831 13.477655734953764
64.2182924136385 7.221140463262277
62.26319363975081 33.23845836784143
24.760063049571702 43.73871281149331
96.95939151871542 37.48543316751953
57.89394258236311 74.11416042078397
1.787096222482143 73.21783145905398
10.074475367542512 29.693430304725844
77.99488225250037 49.51505051888594
39.13864040276427 29.29837005309899
70.59830423281062 86.92767584268486
14.082674678429164 83.08148791381032
56.29426109861837 83.13617320229191
79.11581921783572 64.06804208050445
25.529211021207885 45.22961428206982
65.53773237321505 28.910852674362886
88.54584680519449 67.24682986343966
48.061877020590636 8.890558021130035
81.73697879218543 95.6667908604518
7.4424404436537195 35.611922407288056
64.86687935322351 66.27953733966518
9.472584542319185 60.38020766942953
74.52038547477358 25.900666387462977
93.54261670742959 48.76328518068864
48.590673639120666 29.70003295276953
87.57032030646874 13.983447738735787
63.958410178989396 6.068518584729565
88.88931559094999 17.737172713826066
72.51160751785449 79.19962758569163
82.59519281791412 75.74398067996542
67.54450196909802 36.35134736740868
5.373456300155066 42.06087814178423
84.50734422152631 27.06827446811124
7.987656273039723 94.24672364881688
44.03576807619012 72.80312683644993
89.83499472095582 87.60394630414862
96.56931623267626 9.217171232581123
70.62100997312328 91.1869835805998
71.81621592860085 87.95153562506553
15.39102192575963 76.7073333084908
51.11915277152739 15.823057934252871
54.08006422113212 12.215013493719674
77.25485957905688 81.70738132109211
72.21723289382145 63.36696114712783
29.970903223230707 83.64332745724448
40.862023806582414 49.57138006572735
76.3822670191497 27.357104671322176
41.80817040907079 31.038486796553187
11.698004087163415 24.474527412447735
34.565346636371984 8.764330859866497
27.361053735029483 97.71334796982538
43.41013521823231 72.03485767219703
34.39652587759354 11.557032718867033
13.76934866625139 65.70647378377205
57.47146720654725 24.70395099023337
96.35960126637669 82.1921450310781
19.816044343261762 28.003668584283623
79.27875832491354 46.69053335574029
30.9558108655559 68.56881209883024
66.7985307975174 16.776174331383476
71.3529560509592 74.24112219726959
36.697007246610426 97.80036919889741
29.444181505220524 22.89064488995438
14.953872072815976 43.73571168137025
93.26890041511327 93.37054031657527
78.1009532845209 94.9409820755669
88.74892959558227 23.29620525237455
83.97986065842922 54.05484972774255
93.20110683348533 49.38054823690303
19.895764106871482 88.74274736762531
88.14267255955832 14.73572892305901
16.769110241787132 48.35897084485481
65.9872890639245 34.35885097556843
39.5385492716988 43.95961690946355
13.620505610941835 99.95140055487927
27.224380822234107 24.856311035502276
44.499760410390856 83.59816950932088
87.3442372523991 55.85770728092303
30.597543726595177 9.880188778808607
15.139152082034336 73.50478046613145
3.276053161561965 15.688055155280644
82.82740813172825 48.9176923295948
91.72572019715429 93.01594711704378
11.077192523108103 72.66112501469617
51.203569172045896 97.41378943720068
74.1340437785477 47.61565900865479
81.73115347726603 27.635891616762585
48.48857865299474 46.07338238794618
44.68693792111811 54.94051050837372
0.08742806212465037 87.91300434934834
37.069857985216224 99.59714052434433
61.37875988826398 31.58577601478536
88.96845584457533 16.723667181260282
51.07180689168314 16.63226533652644
34.6587915712786 31.763273882051468
75.37273324862078 46.05093819336354
76.60220538144785 41.64639260993794
3.757499190747682 8.4087435896792
1.9792751475298687 6.1509266355088466
81.63961901138225 55.47930058126378
87.47569970828208 54.10490339313403
56.41120651758895 93.14472172920823
17.39617572357004 30.660998679983244
25.907639693642913 82.2122637845236
5.11450810464571 84.2538212309309
82.88973561325452 88.31335501337674
65.77953384107207 2.964088978904722
13.184493398783648 88.4938941868891
41.54541689978264 5.039029233073133
25.45154703920691 22.534024360188788
21.681071599060896 74.26720900666545
6.563684273507575 16.179386284307064
59.78572849320385 69.26715202975645
22.11336768683023 18.71262133912399
48.30133225980238 43.74421842155818
12.396674538555308 65.17361311571541
2.503213654381864 54.298588032317795
96.57468175024928 37.734990807443516
87.58188473130775 90.94276856763285
82.1654105731655 46.26625478154802
74.72768659720428 30.61979518208242
83.88075420147645 95.89716382937752
17.227991046420122 36.3011038371313
36.06643513255581 35.259254995591306
79.73749260080767 95.63450843778448
56.781321163810915 24.328203070900024
66.39553579279027 60.10949735268723
30.1719684163537 76.83387516537188
45.939794899807 3.2972245339106587
72.05679154294802 40.089798373983875
49.690743896509446 21.452032890626647
28.349808867938584 84.0704105401774
90.49296288199251 58.190026699365305
54.117060619131195 65.49020776616135
40.407285607684344 39.22041281032607
63.29550759520832 77.07656505259727
68.19638285212764 2.4202872392500296
73.05537072208585 57.5380710225516
21.568123561176876 95.95685663202312
41.403731764779295 23.376006888185017
49.39172559171128 2.3320735267650994
50.58139980798473 99.38107587994753
96.5407642162351 74.5817764612011
29.187945917072078 62.61042140021325
37.47079629878676 99.13910628268758
86.9272696881867 85.66764950135683
71.18759363008134 88.51428382092661
63.787084257879975 84.3585335939037
73.90608194525907 10.936899682424194
58.36116638018791 49.87654708420936
53.589846987458614 65.47693240226423
7.058315099786827 19.88004020956058
97.50141375487227 1.4678127339633695
38.49030873010688 52.51849946388547
70.75489208265091 40.02588251033406
89.45306701749658 6.197818399728483
48.24251895930893 30.997713436823204
48.78531085176965 19.971215260079855
1.0364475072872192 4.8005535915910835
86.57288073784153 79.95626890501244
39.30211848503254 15.849807201054823
90.51829694733186 87.9557619141123
97.49526925364245 35.22684697341316
26.358444841010375 45.40927332631297
39.25181807585143 33.955432835276824
44.760528511017526 85.38548191707048
69.09313319174866 86.9649225791516
95.84536430514983 55.07544544356695
31.216389242852284 11.196161170801888
27.172409720119006 53.515067338458564
50.70112111735781 19.58496250159825
64.12318294819602 38.74982724808662
54.47315094177387 87.38368154941311
78.67626151833775 71.53290464535233
93.1175106004094 60.18321758727079
56.10500358226518 6.645478231222546
23.205147732178276 44.10601631982816
46.96304848291095 67.47732648144891
85.63238479445798 35.31259285604711
13.08837698594074 50.09726025091783
86.95251198291109 44.60804612547289
73.05621359686829 71.78072696880389
61.47785266067467 36.7895718339192
22.04931594160888 38.0641564937823
8.749134712942208 69.41063365728493
58.435896576357216 25.69006277861059
99.13120064394792 61.0935594334546
29.754159006228264 28.442424821739042
86.11121665375417 0.4665029638775575
41.985152557633086 77.85508884209212
