220
1 3
67.24991395118394 64.7731869627971
51.73635152236431 91.98781041434958
38.74694669787022 61.18667796560038
64.1757437148575 34.22277768424466
93.79285832282429 61.28154001119355
13.97541439320127 75.69920043357652
31.35160707227136 27.19578399143785
54.5267467631269 86.39866048795102
81.68179054391011 61.11687257263796
47.4885558685717 34.98824545602632
2.3441795820510425 43.964350575932265
4.262459671299346 76.77577626395538
14.254816799649038 88.91860258297002
43.369943211978935 87.63266326546521
83.82456499213615 40.549034967615924
14.925318991874793 36.13059002492393
17.435051694883597 3.179041956901374
49.48457353824842 38.88692831623845
63.40302324349727 17.308633291062737
34.61015329092796 24.258026250613906
39.070965565101105 3.5719673449384537
71.90970437919732 48.4477715486463
93.34871230499493 42.461717845970014
92.58167016352144 29.44911034632578
35.29010953401595 11.714799264109455
82.95912149445688 48.55769540143109
61.15084180225041 14.716842598818358
64.5208908414439 44.12979660586534
55.577745019216216 66.69258806728133
57.15175367506562 56.6321361440903
53.57794620210377 85.68414645839772
11.895030491975088 33.473795071658195
58.5685343626628 5.390884238101856
33.304395355084004 90.94029458858728
5.157990446476446 13.783982347012081
26.356958948335716 95.01556295798517
97.00963986971738 60.782537589215835
95.54166408610382 66.85848098607397
89.20063261695392 96.35335800602394
39.48054544834301 28.294783549602933
8.085110575585187 34.114279535021154
42.62660287670186 11.309489154650842
70.34023416744203 96.53198729317553
91.97583313019439 75.78118853994627
90.42385061112144 32.83799917344486
33.49273098000296 82.08294080680902
62.288160764322555 4.480296194372557
42.18749754932283 9.29586924871677
94.59826635238595 38.34029601937621
55.809432862913624 97.67842420883659
30.284977032118967 22.321861470993976
4.355694875419491 18.209707834773493
4.755041676359029 43.0856296068018
48.49918831097506 58.80351540683111
41.504830575809734 12.769378395907417
1.9990219609500537 11.844544372974198
33.531459376564655 29.010903864396486
65.56921091814394 66.1506689066378
27.99250338146171 96.74112953254111
54.92337712687303 40.59560924191445
6.421592076188998 32.66335055606899
27.229514596098415 59.78801584603997
39.16390966491661 85.45974311451386
5.092685868823454 83.14827070264023
80.80695485781446 92.01191927623131
63.14839392562739 83.21991890001452
44.05099098860716 73.30308340558094
34.1284160822718 51.01556467142056
66.37052764146306 10.635821372892472
86.64982764037563 98.06150035369292
59.81709581518149 28.99299715254098
18.87980970733645 46.87292544748072
99.72771410029621 57.8207115139433
37.6530410020248 14.238110662646463
19.756384712722742 67.0018781446156
69.07840184281886 29.365665892026648
23.363465601505684 69.68254696612284
13.695819862842962 39.51030664454515
45.41634661488625 55.50038222612032
97.99418726214739 81.86278481274474
98.90858092714532 28.28673212220032
34.9228960078167 5.8390972070385905
87.80870261520595 89.6351066830129
62.70577566245963 52.847557468644446
75.97210736743445 89.02697142586786
18.40349186193173 23.930285911178895
24.13932456771257 83.33339416753832
77.54709744704999 54.174447502137355
66.87587223878377 62.424542560947586
52.104521092706804 7.706381320459643
68.73581806767031 8.527778037594725
14.216232891677262 16.8028079412492
21.082891942324444 62.96348340461515
23.994113448367482 46.960552815353054
58.31804388231281 95.77345337494545
33.52988415871163 9.620827784286611
14.285476717021982 41.3220018554169
57.59182915095429 27.206047638620824
93.9451888221863 63.53770073952696
92.93589950872257 80.4997295780151
81.70122595738545 43.488633632944506
50.268744794311296 83.92264656239105
86.11423938983893 61.717064663888046
46.78817001085363 11.595131013815084
90.85306876214678 92.49015710722222
5.406520550930494 95.94868766628548
76.28487755271236 15.041665257917769
18.76169496976694 43.43123448470077
89.11837745368953 61.540230671962284
72.1654803526878 80.24163911992564
33.54522056202218 92.9380364754658
50.363101432525006 2.4450600660334
78.9514100407153 78.5043815693498
52.67290614214151 20.89651706594029
37.76150213919942 86.58703234777074
38.01538677842213 69.23656729032786
97.70555736257745 2.421975524368869
24.650046532738568 7.337140101150519
21.271636069152944 40.4425137190491
64.29547328160272 74.32484058183653
16.308903425079578 2.847715914559057
82.16907560931239 36.75709294320448
15.04042349113952 46.42120121026308
99.30430254937721 39.39594191222808
47.68581428387726 65.8917006548065
81.63064161160433 14.302102986425114
70.5881200900856 12.202254066874364
43.82115178460897 94.13742599453158
26.575009226257173 35.58428692887714
57.7070528391221 44.27873882560529
52.850806196344855 21.19482827004109
76.48676920414601 96.00180468844766
43.10680727173397 5.110783632881399
59.676229145512714 80.71380236312218
53.9968419976576 69.14823825016722
26.490756861631247 47.35448199300971
80.48076757099135 52.083625146740495
56.51353532686629 26.78608260460682
6.594559512041509 2.5742616881336167
55.614851305690905 9.36710519680377
67.96745009938698 36.416010456375524
97.57614325416866 67.86424063446425
25.38709954480416 13.29590346626488
10.469217262372354 53.62720599684214
44.54401818067413 29.985893583352752
35.215128622081004 68.24070755535772
86.28161230097271 23.416430476173076
25.943066034976624 79.47687468005198
20.637252519982873 73.4907030940357
19.495993174150293 0.3942829116977631
15.732792713019705 48.33952937684964
35.44874287481281 78.51351384787102
13.738557654030803 38.65834602792022
92.33998392508029 90.38285655893648
2.5281598558306584 16.799367278947862
19.818887146302334 99.2618959930951
89.66343800676793 52.26056886921402
20.865957733993913 10.435604101118168
44.401570745494354 16.29902910228531
32.81351294405825 74.52134794788043
63.74800057815384 75.66400222896013
97.45947353491857 43.80851919884541
29.743423396385648 12.072241138176508
41.58938260351621 67.88600438743562
35.66973085141263 28.00508301457598
44.19823976932857 93.85946965710193
43.6535614978208 12.77500893094976
70.92839350223743 14.054009607787998
61.82466246379421 86.91302777629954
3.7919361359087134 53.4624287198616
17.142314160522254 53.47910926036261
45.79717700819528 62.14174730758619
79.18177575445533 39.473617993678545
84.04868319204274 63.58370133561051
78.35488194596319 55.168812198185854
92.29944403927395 2.065655756406226
70.08660264732904 25.393090772509865
23.713274024063136 46.23023404406852
32.93145477211592 86.64668742618571
47.486247551048066 5.8173649481568335
83.26991625988076 96.05516601228834
34.77847794661528 39.88254693717042
26.08418188202124 50.19152408034569
5.206082089218755 24.80915869215632
5.7897964022341375 75.98818076586917
95.99800953823643 0.4381039582159518
77.74115956609171 28.233963873381906
10.721860483740087 72.6199101442271
77.34721310864614 15.50118818447148
98.36890545301091 29.531213521769615
4.329002290491135 47.76987456685147
79.53241676623945 62.928958101285204
58.76505917432229 11.80789114897236
18.373352083676252 13.174850191782772
34.128803334703136 72.07665606893092
70.66419221291677 46.23122449043826
19.876058819782607 79.14689039811431
39.32624250283292 28.914639473919745
5.6347832686003185 66.47147764341281
87.58155757810346 29.162395004343324
40.97421695364527 46.44986278529319
70.56322412094498 24.70876492152192
46.885950902986686 36.31833897394539
64.27685246413071 73.94297518519122
3.0777865139085314 83.85259074434062
80.89277650562777 98.0367813735419
80.42937605016638 85.79858124450885
77.6271487707615 50.18345679848431
55.22852901969551 53.01435907232157
33.677332240136316 14.879861237371173
17.522303612648173 47.40312706227938
12.026714814599693 87.07277193376841
18.90871535369709 80.2034244836551
8.18936417205791 60.0053693453918
43.51503761911517 94.91008135626682
64.54106902941813 18.89667784598266
18.37250097706513 8.279124239147361
32.59463285168738 71.47806877143543
13.9236475995393 86.09701791997853
46.67914488372909 18.50188307143352
