180
1 3
99.2477851051359 69.96319964069866
0.9656015160976139 93.64560773822177
87.78628589380261 12.85473068813281
77.99310146096752 68.11281595835364
17.43166039078645 48.689452762229536
41.10745778221141 12.667539348716005
66.79280101506961 8.162534810426703
88.70305508613632 98.76196390465265
0.07986511560120757 82.23075803754993
74.46343695379807 86.20620049149461
12.274090278757722 9.887066669209732
87.64853082755147 92.20792806887144
23.96188381474782 57.45586722245517
85.63668278057503 54.26314286071978
29.640424753696305 98.33610684343634
59.54065475314205 74.85345544484174
81.70558498853688 19.538255306187114
33.55981184700971 58.297716223636755
88.91965166728355 36.76035710416707
87.88354359401234 18.43892110697545
39.8110614334779 72.285954495882
80.10759401295518 42.81304687312293
19.32505522779724 73.90847809296358
9.095212795010465 30.704600261371297
1.902900806644947 27.29022724667447
48.78790058179998 85.30144295874425
89.81806420918592 54.39501307733296
90.09233910200302 35.16322572752546
30.714261543178445 87.59906494588058
4.649868176305949 81.56050592459165
92.02983511008406 44.27489694552824
96.54885260088915 97.71031692213448
24.26423841176344 55.017165143250836
49.59515008934567 13.345099088783474
40.41093367729525 89.55734251728484
86.18457981073418 4.367815406639219
6.55758164646052 60.28136882894523
36.61442785946451 7.437771084890077
64.39786394219576 62.95785819838091
14.785366609090044 31.54176509372246
58.47394732988565 13.366126769820962
0.2146560445660528 86.12031473711698
84.79916300479206 84.921994500887
16.299459450320008 98.83688531689128
9.262784009387026 12.262074365862796
0.7020591860652958 41.16179065751311
54.17125095958648 32.16498193696333
90.69992453233505 53.81650547828028
70.66894059700452 64.73349582752279
68.52151535631637 30.24402426302395
15.481808745996783 66.42845884329655
40.70502358548047 4.790032677419642
6.0296952957077155 54.72794935043588
19.822723616531746 53.2756644980497
23.776361916308055 94.47026206341698
59.573319646004386 67.49237721451031
39.60597871431288 51.38820468019352
39.40524968020056 55.797323856239785
18.524674559501797 98.83173953906149
40.80316481256845 92.83732706046163
14.635631060847665 36.09966676227978
15.767067377243581 72.59801855215512
92.5545314544998 30.052853439726302
26.776448569119225 78.79416089695364
71.72735321935828 8.469232330994103
66.29335734758213 51.16814763511983
34.84529455632617 82.41997609699614
70.75852683153101 76.29520595608102
88.98480908243324 75.28516595076779
35.08828586367887 8.714709241458628
18.294935763796303 32.022468450282425
98.72895325395943 25.317515036515648
29.25359170109534 50.57824790177323
18.58228507144206 93.38731499693169
80.94587324302411 15.930766094166394
23.904579429418547 96.72221496955133
56.685139718833845 88.39542837337349
22.93029154801878 76.20364763948375
8.612014412948433 15.047594235678519
16.501157278287913 24.348195531853833
82.16078745075508 62.73124693692309
58.79342498143711 74.16961754215943
8.99873154364068 93.21782659105644
38.998298634922904 61.62784796494745
73.67015449035557 17.465112221445068
15.302169578287362 9.5981297069617
53.99750951248266 40.45088524263629
50.671282959076215 25.608254145277918
49.68180452164324 40.55378112447099
47.43525510766102 34.355874260579554
63.81552060450959 78.16784204934726
17.366022898458546 88.43691776942633
26.73823275705778 3.1968210523600105
55.625418019675045 25.863174758367236
18.73001229026039 72.12719683471305
80.97511483452946 9.50411214403002
36.84100511510362 22.59616986128774
15.375665192922416 65.81997376780298
81.66667037238761 48.42108292458587
54.074140698765284 28.075476248852517
65.02208768008917 98.29479517749873
2.987841078494502 44.672523056759836
57.87926338493505 88.01277198011925
50.980650422763404 46.001874304544835
51.50658244380326 6.582373597836111
14.860428907128732 44.25687391941771
82.34387195709563 11.964132051562594
42.70494649333152 30.682378230634132
11.28082397251433 35.096324053237524
40.053739537272605 24.307222638374128
90.39388878322737 44.06631313408562
95.07877238926552 79.61433957980701
56.79314133043971 5.0451838446352815
26.057572229212568 5.386877418841007
20.969773464098516 4.38415323762682
2.3094541862801243 73.61425244460659
48.90290797249675 74.72605676642637
98.24177462065424 9.45746883424996
1.5034204649649663 75.27432602615647
98.06043231217858 85.85091525506866
78.20780368204494 12.607901851740966
23.39603086779265 13.544251900681603
41.820387230103485 0.9218271125510658
15.82830546119045 87.05259021953327
76.38831070195363 65.09819460357056
78.59564772953556 34.67645848842245
48.20029178151961 27.6974846061796
85.98492324114466 1.3577787671134045
79.54061777258055 84.31290197680588
17.184121633557247 85.78272555556279
93.00019146529624 36.94841678787941
57.11643804144742 15.009870496997934
51.63858629232316 77.09235039176986
60.931532933433076 57.04037913145932
77.92794345050224 37.87577232633057
83.59794030555676 8.289998993049075
42.55067565777257 65.35396291758224
2.2800462110688535 64.2921376733753
18.14289506060924 73.69568113190282
72.89704746107813 62.987433463928454
2.6722417687974787 49.55163038144952
74.77720006230373 87.7348280090595
79.50103306697451 42.201195297122474
88.86478477243614 96.90673480181127
82.35951878466257 84.72844021257846
36.6540203930223 6.0735868544492755
66.70696289331981 73.11972265811235
8.04948847433442 70.13340568696378
30.976548103981784 58.94256370338346
88.21855885374164 34.452896325336305
18.324516009468205 34.46045222076517
95.08045487796643 61.9958288156061
36.799527234672965 43.69688130675098
81.74323027947523 68.93248731074448
56.47804788472553 45.54789146273435
42.30563903601778 35.29747361524442
96.03402814768111 32.80012205823499
14.15926587731926 5.570845050045192
63.90053838385021 71.61165528413545
4.132027356890933 37.04120082089304
96.4553309156459 28.06941108722294
78.66990679956109 93.43633920076337
70.16696485979459 48.59429410003047
16.266858067248478 68.89810500042029
66.51081897409028 72.6088334270633
47.72382917377862 90.96331518132901
95.85424456471243 52.228797411424296
46.77536800792972 83.70611742579901
98.03121388616056 97.73596063617013
44.293394069344515 50.63936150160433
31.702475692804622 0.4676584669988548
96.52615957204662 30.550345957099047
92.68132344464195 41.92922453377843
96.96892317438761 11.659116814866689
4.247877908362718 52.19166938229436
85.7496382775317 49.50247211372989
59.68495853879572 41.62912628450248
4.120497637216625 43.48368103769644
47.74306368653545 75.94084201299374
50.10236569960511 92.07547183238059
