330
1 3
96.73873069624435 37.18116345115359
85.20124008590916 72.84341565164787
65.95801922024711 85.5599141992009
86.57879734829493 58.46906345763412
16.309485408136325 54.057860231235225
71.66489391018409 21.409800459719897
38.94027183158541 47.65884355981218
52.551977710786126 17.659600934396003
67.59333017504238 94.92215193691385
40.50098660648547 16.171702856405943
25.777764501773426 50.17586469886102
31.19986929619558 89.41490860427268
7.488169437116254 38.17697003510854
5.066334441081 37.71787636560258
60.794814141188105 18.89009656062024
45.92046553439402 11.255363907660222
75.45860275795644 56.63763185446806
66.87263785378035 60.06576636719687
50.88848019700227 82.42406476132625
46.24659238488205 14.108447782342548
32.15109543829193 20.652148673092306
87.07382534086139 75.66314199851085
92.30184785406949 4.605660772986742
51.82117319347421 10.356900589728824
13.663160623817205 5.870926543222699
99.78478820333696 42.80774060089776
77.58144374974405 10.256231365172908
13.49782657284273 37.25667159313242
10.725335325005524 16.235806783369135
78.38717331599206 85.05373173296991
20.705800537358353 77.00386878481598
98.56064818214203 61.58944209528219
61.91554303334614 76.62466100031322
68.89201577637093 53.27796135946685
56.623311403677604 68.0483912441157
66.65892290940117 8.58569308145276
58.33208538474861 91.72419342689608
51.31235251735784 79.43272082062289
25.855587480729447 32.63950729090619
60.701530109736915 73.80207639983848
97.49377576793053 19.274368840698774
83.90442203276136 64.94085632922784
35.63895165796316 48.46185806522103
66.51798878967409 12.01575870600131
23.561902948006196 93.9604994089253
4.064299154767714 96.91617273553102
77.21591847794566 45.96467359375611
67.85475369619334 94.74076577694154
11.500638065238489 9.881261200796265
58.852919237047516 98.22335412430274
90.43488076339278 28.75148416115625
6.766699216108507 33.53433054556796
31.874082232206604 49.16509990572657
0.05611964609233411 26.99187023673286
24.99834712676443 46.195178036365505
12.836682630956652 14.665327559245345
43.41629130995857 90.45426341906595
98.58400880805003 66.2608387903306
8.620545113723521 1.9148869466099283
7.3695752783865975 41.19054356344416
60.41322082579692 92.55541914552816
93.81327782002249 73.75176863677864
48.17055792788574 32.25630243615907
4.928980838642416 12.678763971903106
22.03476918622147 17.532811354862552
23.921161915935805 67.69495522929728
38.07701799693382 45.52880352455744
97.06294444247835 16.873229293678182
96.68906698452224 40.786528911769636
52.45476517839833 36.52670957584512
60.39513281880773 58.824064632929705
38.30846357384421 61.3980734913818
84.93000845875007 25.694240863540397
40.96667259280926 44.22290465519747
54.20972550873551 99.53883431878904
80.70279861053852 90.16041211350696
50.18986883974759 86.83037351250769
59.791391918565175 42.38134060544378
57.132243170629174 50.61649444801193
40.10275837577537 22.678018464668547
92.27707955523428 3.839160787511098
99.44796053440088 51.14069043705416
74.98678587218556 84.55841568301814
24.70480867173006 7.8703267204140115
73.65518251210061 59.561591693283745
92.51114369481522 1.7804621092148976
93.09076641873372 69.7530780974579
81.11109608618617 93.29796057720412
56.10363174895052 40.32412807371419
1.0623789368097603 39.52423327829324
45.50568366572267 81.71766663985463
47.00299932535681 90.20077185652127
86.83923252726575 69.44829592645503
53.3240924789586 25.329341764949987
60.23082047209441 63.86052091677319
1.8326981920394392 78.16738585649978
63.998517574029925 63.87371497662413
7.385499842459953 1.261810740009528
7.485461073719368 66.26230110086968
51.88250626168225 51.715183259565634
74.20023988794607 49.803755937046866
6.056041469821549 87.39082058498244
67.997002562826 79.02043683821643
88.06148784463011 0.9248297231291058
8.879594488221777 78.15123556296449
69.66524493566675 33.49539363055965
52.9423015311619 86.16193718053482
51.004411918118464 15.739870085865281
40.26550742576502 3.874419078147384
55.47043757316268 38.33275367878102
58.74966488795741 63.7492696229921
92.15916615118284 1.2745943811206084
73.76398394079902 19.038301837900008
48.952413293246266 62.75669232427408
45.26982207130865 27.023916269501157
44.58828533264414 60.23648830316435
40.98177325965197 91.03830595257183
58.14415994277018 87.77003765531724
31.47639423930382 2.0383829806772225
39.11551913204345 10.481303959608601
80.71946319653178 72.32094149857187
4.04048723315682 96.93768883169204
42.615720788271226 50.578839656765375
98.73571932571636 30.240569313939414
94.62189050281975 48.93068921563979
64.88310768046193 13.342335474795263
18.185223636317094 67.51267010843891
0.9497408795613227 47.37375731026903
66.56346208078902 70.98842405744014
62.820696015821945 65.94494813346499
51.17293431445336 30.34211491148444
83.45342469695947 94.54556657847498
18.86838049202202 52.34622079821749
86.25647251558519 77.70877685517053
12.362889289459677 54.045132127245246
93.06537736397627 76.27248861266334
39.94235517765296 9.745282009135735
99.78801278412006 92.06069284070952
81.70258306474814 54.39713933996293
97.4884126027473 4.125237245595681
72.37011470733523 65.39945270982382
38.328980026365045 22.358778807630443
1.3721660177265838 0.04352442729551598
3.057599171130332 7.272665217504204
85.31258478518005 8.562138241775807
75.35018681584012 17.392232584583024
72.7176505822983 8.917033577998312
17.127569529859787 75.37633562785986
75.3531092137384 25.573448950714763
25.072437450356034 6.975089036372939
47.72895000597253 2.795355294225965
25.94612254801025 46.686938349095364
34.70336394707909 88.79898948003088
6.658895947271026 99.03297343499946
80.10705197368728 61.53443088500767
73.6346116068453 7.313097766949639
39.34392802836359 61.12746834042129
53.211424572268015 1.2356690061695597
87.1625493396281 13.737100270870805
82.99158703962115 38.25076363238453
74.27234525783226 3.5470094639228122
88.06270251252188 88.16647705937481
53.87431900642865 90.14210203877025
12.607879360234065 77.127266846712
57.48516341522698 15.251945136261913
5.215491534263239 40.995298507076974
25.14856695326937 3.3267159739761354
18.01577559795382 4.881503924498287
92.61897994567441 22.87127487534675
72.77285923056613 12.613689914726777
65.26571344014384 85.33087835862516
53.89220086796045 36.49231246129947
21.346998912959215 62.937637140045744
59.44780433810006 15.366414925219619
56.07064154887842 67.88549650017686
10.490826797510188 92.63091246466182
28.608668255716108 26.010698464122207
30.47130828571556 21.756237526204146
13.482635749428628 85.10271967671554
10.14960661339417 26.591376261630995
26.74125250020205 71.82491102386528
65.10645567760484 24.4808058151615
78.0897206240679 1.6815572194529116
41.34017605665987 40.71067413162452
44.28806788042583 79.33947922516876
50.69707438193678 55.487299473325116
57.853873193029706 95.09810761762867
23.5921291823745 40.35997875445021
0.07723791484617326 34.5731900224101
45.34271456742298 15.834732023984133
48.01244157950231 75.14488129930155
40.72981477479611 37.85079921490948
4.199034704742455 25.06897290697665
43.723531436676865 6.145578653805406
57.769500012838826 78.51765055443667
68.1075697086973 37.44705821842571
79.84914043649 58.61409841184289
60.55571214250281 33.06976648964783
91.54985355073681 61.1363602369956
75.10449227448686 51.177514936798005
47.1247414382159 4.125190331418982
91.20100319640643 62.58094727012769
57.98305486752891 66.50419249065465
15.337507141209471 4.837772632426418
14.453027566236475 75.41670443925798
98.62946395353785 29.508071551080704
72.72272362079076 28.74856662766707
72.3366568033682 75.91758805469372
59.467449433214334 58.01655652879123
4.8218680009132875 94.8668985082029
3.160059416757277 73.64676403540219
17.037603608884243 22.373649966925193
7.995938321579166 5.239218736752482
8.28459419673977 9.87185643930757
44.897449516797906 54.59239463814423
27.88096982464925 46.1444121720036
53.535790319741714 88.99119318638861
92.0909816421722 44.965185233911356
7.773196604504418 30.918549660247365
89.82225162808813 42.586817676547085
84.60191376388246 75.77682311700575
75.51580359572559 48.84593075928257
63.46079609887154 93.88945856231486
50.583948250863656 1.973756913098934
75.35699144794023 49.15399547939796
76.66819358832132 65.10166551408685
4.781951960525177 28.30800547656662
73.40074785469028 69.94479785293453
94.93327061718462 77.18658943626524
3.905532103672571 84.83338647846772
47.945833603770474 92.2142981650812
65.35835081095934 89.44063606443598
28.850058506116593 93.59026008426376
72.09476892374225 7.669230787431491
35.15346739952881 34.83734937088179
4.939620286441149 70.57001854651239
62.93926902704825 77.5791107961382
16.05902772503136 56.9720842022021
66.5672305567995 93.2409489481081
7.9586827812960115 89.04807332825942
74.03189430772828 16.55778763777478
60.30159863564313 98.11646626015724
92.3177074261603 43.71270061066159
8.019514613008006 20.02255688070578
33.74148836070028 14.874992657259556
58.26956675116093 77.92799809340892
56.129806829350535 16.632811743644393
76.51833564881112 66.74300103659046
50.26734183350048 13.58812600881354
30.63488360774713 8.509360383081631
71.7471117984065 99.74224220250152
71.18294968828074 96.72427252866515
82.96993488795314 5.151697455150206
41.14383562226098 82.44111204812332
19.914112796063364 65.75844877113039
6.659645146540494 85.56292553764848
64.92693041863346 90.90749014995083
67.11479036034973 69.66614064680734
10.977899120681144 58.218552330137996
99.90097909291282 37.10025352141211
65.10528861390013 81.87183482912575
14.801201237100138 45.16202622156804
23.807290902804912 66.4071051530631
87.40754669784539 16.284292073686736
57.450113601360385 33.77020656426364
41.34289086484837 30.976559476208344
82.64666483637866 75.89835521655755
42.838427770060214 26.155174168519622
36.8470542943822 65.44616886532522
93.85772318233411 86.41038966194965
36.365045655326924 37.626333812861375
93.91047862558753 81.25827675500797
0.5163430248183776 19.16951158860243
13.823098596568673 53.19306777351645
91.79557410984187 57.17829811493984
92.60545582741774 69.46206680322022
65.95369530496708 76.93992810138428
24.021933604924016 80.5694150307489
20.13097698851356 4.7473796435373306
36.168217817693325 31.04251310469943
41.456541481240514 90.41311139212407
94.16683895695223 9.132886919929994
48.34452125998367 28.387533349596296
92.7902419839889 13.814908049576257
84.033633366577 15.840685214458205
14.074845332406106 45.45686374545803
57.730458897598865 31.564801781737085
43.843705507031046 99.24448315428971
19.63375872559807 95.68307780960197
45.51818923966382 65.47168581446716
72.09855990224285 41.80164508534594
18.665480217121576 41.202149035737825
0.867408387194013 67.3305084632648
60.980482328537214 8.383960898872278
61.44803294717454 71.53782843577387
7.513713603255656 37.24563840626165
95.96781632998884 63.05825235759017
2.5041788721962943 72.42072381035116
78.70872827748711 8.125428221196351
13.958069910785653 51.523507024229346
64.24296975824217 31.794832187627662
80.56311347192081 86.13964054897114
82.95980620131846 89.04757797811943
11.75234273558754 36.801926426281995
22.01256389771109 57.743909805235404
59.3626585773835 78.89243698173367
36.285341455004996 97.99174324765588
72.98200260710198 95.99187975278069
9.489083565349187 22.7542052222637
8.497840172592298 17.16783111057092
56.27525299086593 49.964193251140784
33.30290928598944 32.374833013308766
21.006336080877475 16.144502091980463
33.04691094989363 65.74995699198982
11.164435602184763 17.848157520407494
45.7605150677952 76.72357808596071
35.012111282515356 44.8097801668905
10.732435804254647 62.98732924955453
3.267045633742449 8.745274935721703
68.2287681750207 96.33563120022527
81.52636538305202 27.480446710937436
21.49879784486137 19.19591399334719
50.07396169021836 66.15025748165806
57.52640112192415 6.633814276258643
45.627789138319045 6.789383011401906
61.61798429542444 6.668951584173266
71.13571844110793 95.28866881813425
82.46908866069967 66.49344265031385
35.10782855161268 90.86452244630834
54.60328986802387 66.95575603551016
