160
1 3
16.64047198541332 72.57938519042301
66.89787494411983 75.8307336491963
41.54425505992172 94.71467476504498
49.080449087750246 19.404823714156795
32.88414140781275 81.11843308534885
80.68223582214338 7.580562552356351
59.05666474531679 37.78250296361541
73.90916212289002 24.22693626097736
77.41921374403478 19.284881557346957
56.77575278303162 55.086852761181234
62.57187920404661 81.72301679160765
63.997219973764594 93.34503809531027
4.508191535068629 59.513520234277536
59.59736219164164 22.133243942917
95.37536859521876 47.20891360735451
15.827925436065415 38.93260905573928
73.47239445234948 13.244500702205041
80.42040137208899 70.76060102359753
56.163736004092655 39.5019039670043
71.30898914720609 80.68509696130855
36.04565872798082 85.3391274848045
33.08693984678437 60.74744293688561
1.3788346735639445 29.41407338896651
97.17054745925044 14.122177657270418
67.69358043085043 5.694177600135775
92.13508685680038 13.231477177103844
36.00948916242987 1.0903992254114536
71.81117575797515 45.720930439058314
99.64682575379109 40.89525321265404
14.767358042519273 87.38459603004323
50.85124720092653 23.6489390691619
94.47151977630597 31.814226918136246
79.96159500341787 67.83102563636092
31.028799587466093 29.34913782901598
86.07501603049568 9.684369938255411
94.01139417703823 8.201816096895609
78.01442839503576 85.60098074516098
58.175461033248375 26.93022225929336
61.6323910188578 61.2172802186711
49.447664050478664 75.52259736138988
42.802910740744316 44.254746760105256
92.44719718286727 30.57905087447008
92.79674382336327 94.32845392705443
29.116491513772957 39.3638208677753
44.32873226579608 2.710024592907634
86.53389274255431 14.079232841028745
96.32738351100134 53.4602053532838
93.76253073550318 90.2583502881026
18.655572280584277 42.06382851392232
66.02404843103591 78.18476349507377
29.552736180396266 41.676898816160815
5.556296011342909 21.1345355593066
33.10060832689701 96.66066233401804
82.60727838166204 32.791226811002836
91.0297125585469 80.23698147754676
10.07917036968835 48.68248807691684
44.07443498589705 37.357704140712315
77.8417724136365 97.95461226454387
79.55516007348989 75.93535358542279
5.519507348394614 13.210838072614672
79.50027769702746 41.184247959188866
56.72012992420896 42.91351799248173
45.26338709291375 30.056760741210574
99.93381797586966 79.22892371880756
78.93608044081387 67.11106678343121
75.82208835506363 5.4651426246351775
49.11204662646247 82.06245720367424
47.80609276773073 40.795490200075136
0.996531855030458 79.24768746282392
56.69905916836857 94.16105401236557
81.4968653205762 88.1284983927469
45.57935348194624 58.53118211234485
8.198791575217768 6.2605561647987695
28.265397011602268 94.56897724931682
61.0724397344675 85.7871483017508
31.881893274598205 8.21199713347247
38.82923753768486 37.13988974459876
95.535357224576 85.34499593836802
57.336353369484414 38.04355318070236
44.09896114346217 9.77989580073142
64.72574302136597 18.366397894571396
23.17967981721376 0.4253249802739667
23.29663005169158 97.08711411560238
32.20869344341399 45.48396181430967
82.3214164723379 57.56535393700841
90.21100288808528 90.56779704786652
12.958795777789266 65.09510025722601
27.016876507317235 48.55537459575028
62.72936513491558 29.100734376564176
38.14125252445617 83.21118673392205
91.34168152072584 13.551456917702055
77.69269538893495 67.41022271131239
14.063110460114881 21.29792290913577
44.96513205814525 13.906270949845624
31.098545327675865 16.502133955195198
34.62999979102004 25.763982363784898
7.169399005761368 62.74128411237925
79.5161393431839 85.58986785953908
89.42328542061368 71.2033323627592
8.742460348118875 22.99428446284515
46.995349299367575 7.35855286296756
27.783152134624057 83.5866304670873
98.19393253541877 26.640652507718656
92.06851504431579 50.00829538049174
19.549875617350686 14.41807701045068
68.26211784981223 59.45232863852758
9.647329290750273 44.14930213415773
97.85534714910251 6.310185894671383
12.517656632412955 61.56571413451522
98.26514019807323 5.889197468230645
44.96904789435294 59.41137711856186
3.805713935162114 82.98031069827039
6.846713271445659 22.250097630617425
89.7352449047184 20.990198764612877
22.318088785591694 26.918347699740973
52.13571710258329 57.39070393808192
99.24478353686122 31.121166062785278
78.48491017152364 56.02448216565723
38.76251163211375 82.13861207502555
5.009438109995301 43.44403637697341
41.959306305794875 71.30264674530191
41.84502323490229 1.2528868804857929
65.90006823986488 76.08594996227696
15.053421143326418 82.67201614254631
51.215408379916695 52.86010271426014
5.002557405724128 0.04054497079042374
19.687613947106698 7.611296835268022
68.39562518046489 64.86817585327029
28.19446491540529 91.05222214678157
22.261812170598503 56.591045482511724
23.019421961554308 60.488654194384935
23.602240779220928 30.749682323969928
63.338214106370216 85.04604667167301
3.705299129419437 69.57522207895633
18.782089850763306 80.07526374950929
45.435637694544575 46.949793438093465
56.662636992362295 38.36341654297768
19.529078879000238 58.11890552815364
8.251358724090263 18.813502741111066
26.67887244523812 53.12839687740314
95.66981339456608 65.12914301100639
79.0991193386165 32.35806784438273
36.815181349973635 55.55617460948821
51.80887175165003 44.957856323554466
77.39278014287461 6.276544476659196
2.800113850381236 98.67763244505659
24.081391746554146 56.86820259800729
90.04996385205351 28.296138976115316
85.07674476052843 47.488643366560936
68.70695844324972 57.226703270603416
12.978177636850251 64.38923264137738
84.6033901243461 39.96400030542655
85.11534434627497 68.18954154174104
19.132944066956735 19.452956978249514
65.9977644709667 73.02347718400144
20.110301780732343 80.04931317478857
61.400567145415906 79.60058626418112
14.713518366839274 33.912258795020534
13.730426158428077 63.470839706968405
64.29895304018937 19.879542189367694
