100
1 3
77.58741657251961 49.95861869925553
87.85979805325074 10.798528877869963
16.43852131844703 69.69437909060427
77.87643440060225 29.606401850673603
49.588272864171756 38.36752976435622
15.380943397564106 84.69797342003768
10.221007288756233 40.898494728099834
71.04851864602225 60.763852527272434
69.7550522226474 33.163976155051266
38.66669931710127 55.48427818875077
8.722110721566189 45.03269057837227
16.248618888780687 49.45079626261848
28.425566572161465 85.31525235640001
3.545901387596384 36.3630463034847
43.74667106456642 73.89997313936702
71.51571610755755 40.924950674738334
69.35496873621236 46.78503115814221
91.77865246621883 93.9870107546034
99.52086743154456 78.74014266443933
68.30679083709286 90.51783573030275
16.666071015405937 95.85711674563457
2.118652034765778 33.540982434373426
44.17612754861433 94.89662702808882
90.05587417735426 16.944061875399875
12.50018691818282 32.258825033142145
20.655685431013637 24.74369534929055
23.181444749366786 8.39918243491713
0.836661409698003 32.9853859660165
86.49330618947928 58.80757004586232
11.553469987562348 84.39593254148147
58.5679230519661 84.0663610397643
6.544953020757016 76.00235797550899
24.448927102145788 55.10238260531886
82.23112594271515 55.16770375379658
97.34695147420807 67.89478858486903
73.1834096072593 24.95582934068512
85.1405244467741 13.403002346471137
9.276704602035512 73.12311417394277
95.78142423306033 93.06780578906417
63.693574639419694 46.798242777018515
78.75281005647174 30.967990065296668
72.72086565566048 3.721999542596355
13.952604542579806 52.0388835714739
39.51187669593366 34.06088906003253
81.6636037059671 78.52624893101112
67.23048007080203 27.977265020527575
56.22185140296341 78.18890192131458
99.24749870576031 29.01663307721394
9.840709223337086 41.09760887907845
11.077779624660522 71.23750945306293
31.73943818158893 66.33114905485695
67.3634707397756 77.51662464005216
60.82843265370694 23.17363700560464
4.247839797704422 31.38183158405603
14.537138099103153 54.98325308404366
55.27121636500563 90.31494195993346
55.739674001233766 93.96621817497837
55.232087132156195 93.91915234608237
50.407434808603945 8.014864529016563
49.78644443414317 35.98588569774201
62.17580141389041 59.17871440085967
32.680729631231344 23.060630277741147
25.65541809977652 0.687630556083052
59.50683109225592 91.9237549135512
74.63397893906321 46.960860349830114
47.92637251432548 64.1221060437479
14.483527790561634 64.58839841809862
62.3277000943951 85.47270010335215
46.70380344876786 21.964299232260487
20.574565203010266 53.611419213704245
11.843632397176297 59.7963415728223
69.96562455411856 79.35204571645495
13.50584372215138 52.71550368189559
50.19622548316456 27.191135186437343
25.324984182278754 74.61728639007504
62.28549895446278 82.97247493092969
48.37461220846488 12.901767733845816
85.85671077753578 74.35887532806585
16.852925831330424 48.972285287310946
51.59691461710685 81.03105488304749
93.0006583605004 31.38214901902503
22.24881911980421 68.05213491929194
26.78834575216009 23.137937385512288
54.2143795700665 24.874571861088256
20.148388078926626 77.26393076464603
96.05437606790366 18.896589466782075
22.203737012985236 92.41064053334023
64.64208745018524 86.41745291179734
19.392503698776853 9.515162347310667
82.97692280824374 61.26641984128107
79.70238646946677 64.07424665333818
30.49493851683094 9.658030174832287
32.069019233536686 20.718771281021866
69.05071243125668 40.910724873235615
69.98987154259957 30.718689581974235
93.42731609365602 43.55686490617234
78.01634682521426 70.29865252670969
58.30214239393254 53.19546216593834
20.57520812678215 91.85123702576115
40.775143353124356 22.111993926465413
