80
1 3
83.03319825122229 95.52761539702306
37.80644623780134 16.200991223401928
97.1308702082088 87.56693679695884
50.244112202240096 16.023944736126694
34.83651734573792 18.94626604989067
34.9955864602286 15.385617763602877
15.155954070183775 57.41886293172378
94.45058901182337 96.00544999678233
26.633976492694632 39.528089122789154
87.92876715598499 13.573327218078447
59.27735777848917 86.82630347642757
53.22029313772334 51.23904389476479
75.56113645248432 26.85235125565235
84.53821616686841 81.74179369553475
91.11061902868927 32.765672761966115
68.29345542514427 38.56115563140434
41.533187511059346 51.94762078187547
46.843548674650414 67.80374732919732
12.339984442401386 89.72518382170503
76.8262094727793 28.451197263685234
60.435362798841986 35.57940502657071
8.594573513162196 82.93725587646202
62.64580310659584 16.49176184249812
80.49606904514732 44.883680537930616
92.20683397815436 25.86657984700995
2.122788994726932 55.64913839086083
40.33022030822659 66.96124094252372
70.8211848656264 0.6814856534746561
73.68341967773755 17.690464388231455
26.63491384473251 99.65958824200871
80.8548211824796 71.88563400267239
66.79098268894268 79.62215567331299
72.17343095219964 59.2655057234422
3.087489549968714 99.9864448388175
83.15681614264474 73.42412785608208
89.72988483348132 9.404358498790423
7.5583986040002715 85.14634606021288
40.11243250281504 43.102010175231364
4.900454608613969 25.686186005332722
19.012262149862757 41.63736992553264
23.684105779886245 82.19811324704158
76.66208405743127 14.934203690196203
95.09666296623922 31.722246073122882
94.77641128109227 13.040560615534268
48.08156021202834 50.41515301518531
76.19618140677733 19.615402982862395
46.11203458662367 19.932366995647065
25.714791408265782 98.4993978417229
23.496144456161396 56.203672150332
41.575860819128586 15.096142689616832
67.22544124989153 62.92165441992423
49.80947505397071 1.694414175009773
80.02586545350962 34.05683446369543
45.94165372045285 96.97539848796578
15.089222450926165 18.984410554579377
53.899056100800166 89.33458548567505
23.656231801150618 26.68121519605906
44.27229679899967 10.209428408092226
48.33070466090938 72.57721000888573
56.004227223191386 46.31363477080082
32.81391067872643 29.63140546930003
90.58299807274828 20.15000212454876
0.525610194476811 48.68369274076589
0.016987491029318846 57.43196746442716
66.57725196816227 93.59642871845453
65.41559085434142 44.63154605752258
34.247351373746724 90.72633816549617
40.579078469412956 22.042380276182925
30.905287244568736 47.141964995371644
83.9074877315627 15.57846383625774
88.9366064568658 40.14382392185274
57.69624454278342 21.882707974372217
30.592163336604127 4.80033388708585
22.892538563884933 38.990068654644226
54.628723519313716 33.11007477286958
81.6422313198137 23.79320292721787
86.93441053021 21.123186534482908
1.9359863119963183 70.27709787956016
91.00345248916864 78.0502896948349
32.12189249827293 1.0934952353585103
