20
1 3
6.6646287061581155 69.71416089372573
55.14200671190761 0.013763364774388442
2.5710765812690717 21.19988098680212
45.92522470031315 4.237996666317634
46.75622240691975 61.15637215476082
8.090873151163503 31.95338334467801
50.253817664427444 44.654226341389716
95.4913155131081 59.57633903530359
6.100493177042177 98.69316172959404
25.784706593223827 47.56415570464843
28.630607100709817 17.6178289485456
82.54224829298596 77.40912453727876
42.6802837015527 55.88972150920357
0.6798044016951943 88.31737599770729
27.268976819227063 42.906422421947774
75.56378075156114 26.90665786029982
50.28437559740537 92.25905119401942
25.742028303073926 63.86080588982823
44.1193925155573 99.90698805138203
41.49198098376681 36.72853528036857
