30
1 3
11.7812044924009 82.04997929331444
66.72823033181076 78.61996083717742
40.220288994341516 93.1338706637312
6.965085835649654 32.608441908362316
44.35615125555523 24.320825709434637
99.63785971909257 83.84917122660389
55.20143561735673 27.859189667266193
4.968106261910354 51.52258326759569
40.81609660749852 23.173412118876936
88.48056353630089 66.5277404381784
45.72051788317029 25.675843040924697
31.444931218236526 52.36274787029067
93.13897516336283 19.470115665815158
20.607716739316693 40.23725276139185
9.593078293843593 66.55004979653816
10.063181118713738 43.32756265730624
76.63278256884468 19.661035666589367
3.7312038245489454 66.61313205782574
13.34159522327052 17.72747504787098
69.24017776894257 42.42415390767722
72.5035540470226 71.06841850526
9.132334236045313 90.52304342364852
41.65668707469514 11.879338264800987
18.811770524308624 61.98910234608266
96.82561867761179 18.404236621363303
54.55821598455333 59.895828522750946
59.25633095515992 16.734250683179198
85.0428331775595 44.32834752348329
69.30696503493282 83.07620435453573
58.18515690391513 73.96083038700607
