40
1 3
26.8771906707288 19.15113484103388
59.19420948969587 77.12173271766949
22.831591260029093 11.231685915549239
61.625122668293386 34.48359971575348
53.69705407706389 8.151813870421897
88.00152421828406 63.85522544884628
9.106258759457454 12.661919949812695
83.86431529090291 25.300794042443677
29.551829546550067 60.323029277682096
19.459805752754388 78.08482058570962
19.0562331436559 28.761307652208234
25.295003771608915 45.49625325055504
12.540330821505098 30.091927530204376
82.98500855902715 76.81512471397728
74.29524945446117 7.856863901390687
24.961935184379946 24.83406613597643
85.73201359172936 71.80136905394005
40.91340034035571 57.824929838443076
83.01001895786983 53.183173438219185
12.517148586261296 9.478563861339007
14.688617073221533 20.958871429215222
41.480462330822256 70.17188809852027
12.853917789541391 94.92904961500214
90.36480007742014 34.90247747188499
16.037928766938837 88.5538654336262
10.478461435397612 94.1578681423178
83.63270372598575 87.5723190954308
8.96796145228902 70.60586302854892
18.112713327192665 64.90344943579119
52.66845155559301 46.45189723170151
67.71419827613335 68.08055172163394
4.111498176945916 2.0244486578059107
8.773087903851007 24.446264255773166
89.59696537085225 85.97970318202603
75.66781920027015 62.57170341819636
63.788031287412124 18.823100319216014
38.66029638393091 23.336808456920878
42.107013931757024 45.8813618395395
60.714927608143874 53.86619268285504
89.82416924924269 50.62892758438669
