50
1 3
55.34687629940229 39.3521921702654
87.23243802928557 58.12668953387667
75.90890592872299 54.87981890177282
99.46136599069008 87.3431173681736
56.315267455747374 1.5764415208923355
52.14082664649153 15.014975409810983
62.65630237397486 69.7423057803999
49.671681041350354 65.94026983222577
69.66173571322709 15.202554155689096
52.25064524224889 36.73873206287222
28.934302371192146 94.395193795281
28.8614854637812 86.36814848305887
63.02386436418681 82.50782770697744
50.92732639883013 59.863574414301034
9.476554585389696 35.686100226369376
25.5603881477926 82.99599583493251
3.8065745908908655 81.12610811794426
95.65277719127181 42.74094665999686
57.24724968460022 47.53166484171096
77.00757488184868 48.383133028113654
38.02829982250087 58.99611780969818
43.667970559477574 48.51900578222694
89.04230450563774 41.31804370586407
33.48277344928472 14.346900878168434
63.2046662192403 40.74760540281264
10.088875498864947 78.12791339649085
95.01452951369407 77.89490737487156
10.236350309350195 8.578839895939282
10.127488873722346 26.3668907896919
20.732719082493567 26.62205493667664
68.51088012596942 89.75341600242714
32.540149485288985 23.17145722180227
91.28431881762754 83.83834001905177
3.567636625436932 91.7564399381851
18.850373978883983 15.643910036983243
78.81972629001315 14.708761424847117
79.66247317342973 52.84075026869195
44.43860800975259 51.286341053673425
11.61500554403272 11.012252420016067
10.251558150785511 15.557424732486446
57.44212804959383 2.3501898525344567
48.17226883482646 76.8267714623138
31.31487190453308 60.59856809668267
1.9692395254534478 30.971458110249618
19.13461296596788 68.84292677490578
67.81288706727584 43.526866740499905
24.11209646493171 15.893166703119576
77.61189515904412 94.14036090398758
14.820660181470657 23.36874374942046
43.30552176876028 14.888009564454464
