90
1 3
67.86775938598912 39.175243098187586
52.70568979679193 91.80146306940884
96.26331110577962 94.3987044678684
57.75829098419296 35.39821406445254
62.34761395595514 60.093628247930454
66.92511379611528 58.99465442598946
41.60720511462599 19.719889951541635
78.78396155539969 84.27869004125141
7.5113867000726975 89.38576316105984
29.25542509099255 36.63994366853305
92.16366938509144 57.308939166177964
28.488605487369245 14.068583307009842
19.707995049853455 98.040440448723
49.84442897851835 29.281583705909142
1.7882282214067624 54.50803363162127
53.14155075419884 27.5436818755737
5.329597000817254 7.289957117369483
99.51193540033267 3.163893467880463
64.15304779536135 47.04622670634071
80.9308397770811 39.558200882329245
18.763291615509093 76.05132117095268
91.53309692103942 13.243998447520088
93.8630678896883 7.256757740021458
97.23853602576445 81.77031876122565
6.2026560566414535 88.83854321712614
22.49624271882964 25.85548184541715
12.772538970878532 71.96590739429105
92.38925776712452 7.7278168554448134
22.49780953799427 56.36542817350758
4.141011335892886 97.45254181045165
52.10395045857999 13.020393084109427
11.41793381101117 69.07021267817153
13.460869465667557 68.68928541751696
32.20231877014867 85.05901417673034
94.91884227336689 59.180477933536956
76.02013798418416 69.02174297222692
88.68918200998392 47.49319316276295
95.1012783789943 79.54312305732256
25.147164202975645 2.1970327758972896
80.75579147596336 89.09894138336148
99.38496194405266 84.1955873821891
75.9504478370163 7.575256739625802
8.023775504481257 39.35984715276197
76.42666903312787 52.033625491275416
94.09257568574706 27.46011029000932
10.848784368151287 0.4921049521419363
40.866978370882244 98.37946072012791
18.666271267109114 13.164599674000833
47.50096592361535 45.17584497844045
67.66948377943743 53.832822906403635
54.43059473608252 27.147732022787487
82.98208601741956 33.09541962937364
47.74547625405585 10.772382030684735
63.505213461503885 63.36738105518383
89.98461336016041 68.4643156015742
68.64026478090726 30.522940850363867
21.38996540078846 92.05796016053036
41.17287605250035 31.890586066722037
36.5608749094706 7.946243615867843
48.56801312923204 83.71717492081987
86.40109799230925 55.69589101220798
11.732416755078656 70.28130606106176
35.820580131022986 61.234734162572394
61.589013986929416 28.95829378122654
33.01929734077251 44.83739541247456
19.493305088151104 29.29213525861547
64.43873469202892 78.78543190181159
96.01034648609712 69.8824377610542
96.57346495443574 54.77384763122941
90.70193905380499 53.59572902133314
75.57340354557229 19.392328510935798
22.425689138892267 36.96116864634249
97.98562020863606 33.35087290226875
25.569386462309218 57.61572878438979
23.295363363892374 90.83096251460398
16.49063355131666 71.04776088001697
7.651167049791341 12.99175651393709
95.02271559847537 41.17478645840211
50.295010395982274 99.13509428400211
61.983249631851734 54.27336359205754
88.79666409085249 55.132962362509154
50.77590891267367 91.48712177672896
27.811019983029972 11.9913197850545
13.424631191684266 35.73577040733309
56.172924433039825 76.82037686373144
38.42262761838118 53.20798205377664
8.605997353263128 36.99052462327672
33.84586265354357 71.71338511964882
44.84320452775326 42.8074311524193
71.21211627248418 77.58934899594605
