70
1 3
32.99036398732791 92.92575040410907
7.766428475611287 59.51479711735501
88.01448959506892 73.6235579763167
86.76276723205183 62.53935394582597
19.9652854731837 47.48988887119692
85.53860668359636 85.14508723621704
38.50205822349355 45.23300972031639
95.23015169017084 6.317641204437763
71.1810999884922 74.30209578320479
89.01563730787537 4.828501659428697
43.82141963356814 92.82633330527264
52.58910156316499 70.30557808422118
67.73312824113403 24.734823474316194
78.23987117180971 17.698060809602833
23.114191517646777 77.84892546688036
4.218922651781543 44.92165716779017
74.1793725622944 56.24005749879113
32.99205441903206 41.75630072817358
59.783585993225195 78.11664800255902
69.15360071027554 7.604256998963943
27.057606868993254 70.82734581230471
71.38486771920314 5.8611900753521295
20.239542454037117 37.64209139416368
30.84293226752115 10.47846220812476
21.625865256812695 18.27805518882981
51.50777401919762 4.270509232271369
88.39111834548115 85.42588270997584
47.02912705511799 38.437000536531094
75.1976029432327 85.33586007204444
89.66732377316444 11.068575203913333
30.011476738810416 7.34272447953197
53.42310708922673 7.9673886574230135
2.515129614301248 29.118323130063462
19.55547086179761 47.84553839639671
52.992780420045825 50.410983641903215
97.32324665298711 42.09430358523143
66.1384456798999 65.74171892497955
41.34382769178628 86.35849686262308
80.35212386350989 61.31559243083549
12.99280879565412 71.020869644431
1.5409744352432586 24.33781809202604
1.7531605676645245 31.03601529528457
34.58302430370512 14.325037529705087
40.73372488764586 84.24779595430391
41.366806016496184 47.03497270804817
74.46852264439289 4.177960356770094
84.41210355800013 28.58341683478425
35.69513179778965 18.19939506141526
54.547501889340325 35.19867281158435
91.4232861595361 81.8418212550514
9.970389328358099 76.48199671524777
35.91269802782635 83.28827790474804
29.030741846137452 24.37725288490975
57.25691965041801 65.8713430670904
26.021251602754127 87.54706257158303
29.689625762857098 87.04958949269881
34.56881830172354 4.058759266280054
49.40568474524161 35.323962587445145
71.83115502511244 7.702556221229084
38.225736104874855 27.945051827759325
41.61374795102479 9.308045940599996
12.271358164219205 69.17728938660501
60.670430815274436 18.132276346282296
18.521556796272364 8.64261454303763
93.89765601210493 74.47991800428775
95.1687391706458 80.12362239143063
50.60089562578516 60.33992305231146
6.6941475457591215 64.7141174596465
25.726969294777604 30.055978491058077
32.96509512592498 80.01846423179335
