100
1 3
64.86555338899258 25.367492069852915
79.73831214828128 6.550012240830272
5.215281689610207 31.601782573719817
21.5879691723146 3.972155593692084
83.44827629857437 47.463430036337925
6.043455523983665 67.89141956741432
73.01195472182678 45.734530261850345
8.218805584275856 70.54986480927879
52.983553587860264 48.77497698689983
58.734272920743 98.76547405541622
37.73193970848372 91.15594122913491
18.6377224828159 73.52302462921017
39.6275951020407 73.8090368418573
22.23410660491747 69.1537586313155
6.727988857925649 63.9165968920681
62.35124338304843 34.420998184346004
26.186604517398383 53.666626648024554
31.22282879218887 89.72171279152461
74.60112909977006 11.722685025518453
68.02247253245892 52.837392130180326
77.99297533208389 74.3395423223775
39.05850693584696 61.72756014561189
74.71494990738204 6.4568840819734685
27.801685524168175 6.172182385536185
96.52730167040143 97.62001561580654
29.365276270376484 16.893771159976502
42.46217823031275 77.50305889460287
30.93570341907188 32.55524693914356
66.3208966789291 23.200882935529755
0.515369285397349 43.280901398275496
17.73595759991633 73.38536329380499
69.0948690037754 45.06326801958021
16.75000145673269 71.03278258935342
65.69539809055414 45.49318108031963
31.345476863588885 4.904480923665844
78.32232665350034 54.151677867400224
81.65948257513132 36.50512387349363
15.386980851279253 76.86592880994976
24.954375645003 45.90969541139391
28.271432473005476 48.46374896910677
7.051123832167083 88.04618992801467
65.72174528194239 60.44851259548813
48.096587739856304 92.964562196154
94.85534589188751 13.953994565625273
27.51968091819663 95.98902346878103
14.393193833210894 30.97651857483774
53.237184386803115 83.7700621263718
77.41695613859072 11.468836735585963
49.40367452577301 81.1697173504359
96.50233442205625 55.253313594819645
43.5181673347931 38.81101645363354
42.44390793180515 75.13550576563614
80.85719952423409 71.83008795889774
59.792891095516865 55.993049029484496
95.77833914291043 73.50233874940592
18.57600539443547 52.89038687180012
49.52168469273044 81.33823892385563
6.384965357733918 7.3026916764132865
66.42315826160947 47.08394681480868
52.48242470707461 30.704577887186947
34.395441744935965 53.884142487173435
1.6072637258450984 95.87447659704809
79.50921300543843 91.27845645471548
63.745262434110586 31.363736809576093
55.25957187295991 82.01251655168514
60.26670173956972 62.421491717182434
99.33217981273764 97.57150017693203
33.9925811693399 31.154818348295166
26.578607248752895 72.7870431426665
44.578544656719444 29.109709090917725
62.226489935763915 19.070640062105127
20.80480488451457 55.476945272740366
78.71707494455933 98.67449906672101
40.27117753804368 8.028302910936546
82.18427348414382 99.15699025746348
28.946053558551977 72.8819474335715
19.824801323134977 90.84421839332192
43.045081866340325 40.78260115325838
58.87012717239526 18.07631044304232
26.12189516730654 78.68244015994101
67.50582833142 37.36946002729906
20.341714764580043 43.96921238091889
4.20114815056587 83.59970164182462
21.39879938311562 28.8141463679205
72.58938686012752 65.45256799691242
30.329617065776905 41.407199425992026
71.44761764684225 65.91514059508934
74.84154832117089 36.98192449501057
66.32163318690783 53.43784045551021
66.91213921213621 34.63783998416539
47.647354175537224 98.67060782288286
89.6192134203027 35.720346364730446
25.535659597887637 37.00292854091691
68.21846086220606 20.507850389552296
56.465315494704505 90.21236583962381
35.814256699313106 62.954013362300046
50.24354212477302 48.029333297502475
44.329137622249014 32.840004834140245
28.58230738625498 52.73265211554201
17.725049347885324 31.097999316047552
