90
1 3
71.95180838845911 36.30646804199353
45.53089274045843 62.16576983639277
33.38498589775563 81.98542020328227
73.97580656032838 55.808666489134296
3.6486568639856776 67.51410359132848
62.83793891351799 92.71113750406764
4.9357797221476485 45.3553795541787
73.67226135310936 89.02462049219615
5.362460832176219 95.91070533021131
83.15934971594892 44.09723027010759
7.1477133095058765 57.00261394969684
52.2903802649477 2.707106338389198
26.35264083646438 73.3100636860434
78.75725115607679 78.17898545388215
2.331224507588625 73.51526072434336
77.40825174040971 32.96547581346046
10.905746131288453 60.24738993149372
3.050719494820786 24.506145669525647
35.93684612970884 67.21791364721929
27.430239946182766 36.02101318770323
57.767821496278906 0.971744987092027
85.85022861549194 18.118919289925817
37.97032930087474 51.76699638746947
13.26647733176156 57.311436577690685
0.8543966227285926 30.99738659719753
88.43111691949663 28.025953517338387
73.67908756865708 74.41452426370347
12.690567702821065 45.662727284132856
94.95158801543579 25.596851592157343
27.357023946546754 81.8761910637401
58.11786018317162 32.55477741567465
20.15987217836035 63.76682701566105
81.61949992292881 18.670768094933088
22.523804537773007 27.143697570727944
78.9634183010298 94.17746338421517
16.487774624030127 59.5367380425593
59.9372470445481 96.27232405160633
9.136202200925169 34.664036751854475
23.543115297686356 86.74553132480452
37.650547968112605 54.59776682344477
52.92931040742879 56.993944897476936
30.25743450758891 3.2846273154599537
70.60109873306521 40.863976487931254
52.06505015619236 85.70718812434002
5.770686260700875 76.27523061550096
42.41679664127949 58.325584776727645
4.5152681689541785 28.816841220266998
49.672521825388216 53.44359021478671
42.92782054399198 6.443311644717009
82.95987976283055 15.321961276551455
4.542736885979837 8.17493810553145
29.99973249378234 40.013905712843226
61.686441524709366 38.779259351601866
98.004190659079 13.369321698327585
79.97652061961655 39.17846207216049
62.201412402684156 54.43637909331673
41.05769646682984 80.36147067419171
56.98214200884883 18.664541856912642
15.521068110787507 83.83408841429704
67.01957669099541 1.3967627059934706
17.80405997718386 54.321455625534654
91.38739524505841 53.41428618385271
42.455671140636575 86.51785840714146
3.6939135561772085 0.8543812771213188
14.992578855008155 45.03124363081756
23.885558617255008 80.71886094420285
89.81611473388989 94.87482849492596
63.65852343564888 39.74768468664749
58.4228455277511 60.24037475241288
4.421196840024333 7.559123039832927
0.6462849458212183 81.66804844295328
84.0173665277294 98.06177947382434
16.27836390761088 5.133521455627488
62.93483130285846 87.98241309915815
33.889490767879636 18.78990876302582
78.94947479493777 53.629303854288636
63.38402430537382 98.72915352800607
25.921217351217997 53.84684765589134
18.069908530937752 21.12641472275689
55.073495163796096 77.96206786641216
15.791580696956453 54.96922745848305
87.27685550853917 51.71758428114251
20.160301053617815 59.84550988837047
76.40451647502131 8.161678954595253
96.55367443347207 32.20718568346679
11.072640370796627 2.916183508666559
33.88576766426896 59.627733310869566
67.58107886531748 13.358625079298147
80.44469470372857 19.100776218332104
88.6781729919496 35.56262717626313
