30
1 3
96.33515129857105 56.59417989126825
63.3318528766899 47.23885415088309
17.69041498034223 52.654921628961546
42.257276168881596 50.050104641564296
27.99320762619184 74.96275017579596
26.58058500123195 10.069692795886432
46.86087761450679 10.744969285844563
45.125043672252986 18.05088200830902
66.23873685022288 56.988475518205185
79.89086536687822 86.87458349660426
68.78279978314423 46.7743867817302
35.15293523853211 75.65930789521495
48.61882718184625 73.10821178741693
27.54972615763458 13.008737886837075
24.050692785957818 97.38835564748712
4.376749353715992 95.1060513711582
32.055218490913305 42.79121166587607
28.151204383841577 99.30323226841824
16.16112037998292 18.090279263533283
51.94206510362611 13.518506319224578
88.0253158302295 64.9930624869981
11.756003416623773 71.46248028984488
44.100766628214316 61.03672946558822
57.351126310049324 82.71666829561582
24.290669222145844 50.976754853553594
34.4434087581555 80.88675129964554
56.797391040333544 62.56254162131765
24.875637173435237 86.32839923254406
77.19636483991037 3.0738283133311173
83.27972141650018 46.12021968570274
