50
1 3
9.182843336353908 69.21804244284925
96.67914752292903 73.09065734429876
17.70565820914518 46.6409170653179
49.796081224403956 50.94726666967493
96.33923817523036 79.8022649659379
26.22836827156265 58.76593254450877
82.9931023868677 36.62719387199507
9.722579385643026 35.14170859172647
45.72683182606691 37.79580586463893
19.403223494795817 45.581241371955514
34.01823403748323 43.96815613858389
70.13605834127354 29.269978885567816
0.4755780581999325 89.91605503532982
84.16075445113196 81.38868116868876
64.29933073646461 33.805740566211774
39.66164619800458 21.039486172505995
11.878406398166241 60.743200492493884
71.24417584757995 7.467689310419434
99.95145020020637 68.21100737885482
23.784541836546968 69.14936899101565
65.50283261988822 4.259756766047329
30.70266357565743 51.66315945990376
87.55897480756096 94.0128326238198
93.6336557551315 22.650826265915214
42.68796045242118 35.803725138472856
46.01644376173706 43.30884883625483
47.9135441303046 92.19638567767659
42.4451680333845 50.2292937124099
71.79250623908746 87.60609003086672
30.921287145866284 59.88306818303142
32.3558943659624 3.272406397009653
58.58962442116644 39.76999941096795
41.558105171879546 8.168459557336405
45.80008541364806 39.1316775488382
60.54205730160467 31.104750656424173
59.42193752961424 89.74825836962492
94.87259782563355 3.8542680413696795
14.285968774058254 6.289500454860519
57.04261981950553 33.557840144118735
22.846230839835833 50.689878553814616
60.86167752387479 54.77934565874214
92.21039483715307 13.592411657313242
32.82033527517096 3.278664496076411
99.29242342170906 49.14917808987455
12.43229356242701 59.87834724154908
50.443719775741734 37.79732601125148
62.973877809317315 68.72444808298937
12.368046113726816 12.410149951240212
36.41470504826978 11.340410064451234
30.66349018254202 20.593923950113037
