30
1 3
96.31506877854454 12.452669825104001
42.723277231954484 81.74615163996826
8.488830151227077 12.076368055579568
99.17415516948421 88.24656247378537
24.32697227714 39.784173114295896
72.44240896625539 21.680351797054232
10.089983944608715 91.94416144333285
25.16384012606192 67.78392428609665
46.476207270783206 47.65564387846648
33.80447605993182 0.2646494523638854
84.7969067078705 17.164961145445858
36.24030768079118 44.06745532415049
19.841700394761517 47.70265560643634
48.37441100851021 72.57752599947815
40.351378263907066 53.8635370246398
47.57912778460016 16.100871188596223
29.9944946516437 74.60750983870534
1.5778100928118155 70.89373676114639
10.758484038805927 52.06760971536881
4.148815445885834 90.41716196396392
78.87925462244002 96.81029598732098
32.54431830346534 44.247453141178084
69.90403868075367 83.73172893156418
91.19773158949742 52.55224790371691
77.7120480527997 18.51457946213482
87.3280323890356 64.21480355555191
39.423038014084085 82.91554578568253
70.54465703542701 24.524741675401174
10.944608848470661 24.448595423718444
80.53608732161868 48.047356560826195
