90
1 3
36.62504453164115 22.238819691426226
94.1717698965243 60.95360484888283
68.21524833887823 46.72313616703463
4.158295800748801 32.48340965979064
68.35157675856367 7.052860032093067
29.26863766265018 5.083126887041622
0.44834227290735384 95.01667833248587
20.457405768178248 27.785963731753238
61.6528107662337 58.159259476968
91.94624534117098 65.11930276137454
86.22249585384219 79.40490614339444
39.56552040993109 85.62405428444862
64.79748444971034 44.121597846056915
13.804739528639098 56.56990907315902
24.930399808875304 15.878054439277367
86.28983813336548 13.270955556277041
3.826518554839109 20.069289144115142
44.01327339192533 76.86481831851779
9.848615662538984 64.38816171946425
85.94593980318179 57.164817216442884
72.43262897440452 99.64195297772078
73.40906939522294 71.81573187783906
74.18286555552957 57.62304642124474
80.43858627622413 26.771030997885823
48.56476379982402 38.95132319748258
77.4521088027313 1.0277644631429217
35.434497222420134 32.99087096160049
89.14515343392613 35.196870708282525
38.08967918425141 84.91681976841659
41.34740447169503 52.629225310634034
93.30339389225388 87.88407745982877
56.43840384443932 16.659556082742853
7.441824404200226 53.5607585125643
69.40028259009499 17.209662835041307
12.896773257716877 22.014213841757304
75.21867901222782 10.630548783562134
84.53174880006387 37.78239156104326
80.0784351847604 21.7444622325772
70.036904211464 80.7242743274259
49.69261724596763 79.0691239516905
28.065171347114436 71.74501603929994
70.73020033860887 23.747265456433464
92.54294900526165 6.3808429086494645
71.84317862006253 39.30744056664701
68.32797919716218 32.17135150490886
1.8567253351817081 78.00965502818396
88.63346390658766 48.59331937741138
66.76813476000174 73.9422680636926
6.742197392254323 58.83400566944446
31.830131124529725 89.0579880033052
0.7713334196646437 87.05636917846637
46.66714728419383 75.829683045823
63.298354530848044 71.00473440330389
54.48778029935583 9.190069887689756
83.28405328395054 65.23457015259663
2.68513418396652 86.36286710075363
56.932142036603615 92.59847414705776
63.48022098980244 54.9537441318634
63.72940403284568 45.47270911204602
66.03006210641755 17.233072812361726
47.08964726956808 0.18943367778165854
29.621828850003595 75.37446795997846
53.580792354631754 88.80436335419742
15.163943749462172 82.81726331607419
98.74716824298717 30.001014813969018
14.448333235683508 4.262469599908747
32.25708777326681 13.403118026202021
9.037111589489655 36.19973898452595
25.380898249925888 53.23718247764147
17.028853273023415 48.75644366907126
88.08224407097325 83.36552982264989
50.740829064018534 15.052217719548612
13.087636722320696 5.414511712408898
47.680052381115075 6.991295349461324
66.12073824361251 7.16893500611846
26.280071612227495 90.21746768856731
31.361212387104697 95.84658775087836
43.164703725274144 21.433254037667115
61.95657274650832 70.1884228041585
42.63235622863546 90.25818013610609
8.937925620916332 60.99667298435758
54.97081394651606 30.032989776700568
91.99991212973447 22.433414687158294
70.76377841533714 42.625655740015425
66.9657836365032 90.74047891152266
83.09789662249165 50.03138711302941
2.2435487052337777 69.6500253221586
4.236336532983209 79.82872432279045
29.722710349778005 16.444630266200488
79.23555472172335 99.29239959675849
