60
1 3
9.354135431533583 7.1871313582122065
68.43083392623595 22.926252981113503
42.06636216159294 97.533639781499
85.6361795715726 77.10199475084474
41.46259506637091 13.004763398525787
23.74847110078051 20.438925630659565
26.66896876345488 21.213045447762347
87.36028372350084 75.30080927255776
25.31791269537973 63.909893802445296
62.827847649084134 24.513406496526756
76.85440209283188 16.08257052665185
2.0594765508169077 6.994332969330586
43.215827641636274 33.1491345836318
80.33955787374023 49.50083374742722
60.07737083458895 75.97968578946008
35.031908452535696 58.17996382520918
57.370250453632735 16.30953569546987
37.351012174954 23.358248277622206
77.37270174025252 51.234749228168084
55.9187079938386 25.2789467072271
99.35759885214735 57.05964459525341
39.23099421568097 23.63532352184423
29.250718701763923 65.82444300683399
92.63149583612935 95.00287946576604
78.62335928774425 80.33625424943438
6.104698425528454 89.79267399518224
38.38892420898128 64.39947534541605
15.278913932583936 45.37219553024032
43.5178949402627 84.80925809120201
75.93351354597925 43.48752627084396
91.6528779036938 4.709821538282566
5.421668385942824 42.24075724808169
16.05735879284147 6.5913690134480785
41.458814434165525 70.80845523247913
63.37193767899336 18.33680581602892
39.08298987047769 74.74825030262069
16.354698672089118 45.6680127121454
61.10775321418696 40.23653730363221
60.86352265465822 21.2559032722603
41.88410290796891 89.7147229830686
3.0920136646366947 48.11520000244751
62.704830555361355 80.4737573028804
36.84211854852266 62.40092229549992
26.11886286744236 74.44607817576785
44.071797992344905 66.82315631364936
63.12157499368638 81.47090101596505
69.44081470978512 57.52355370088824
69.98101313733275 23.399123074838514
72.20109820017551 18.79958926965417
20.041065958354267 26.74109914996152
10.066935108127861 12.183770818173322
66.3810526166022 25.247130449388067
97.32018376702692 76.78354580042182
89.18505364300565 60.38839019042352
70.53699403727494 52.071922316841146
35.66582932604756 74.37903851256844
45.520157489322074 16.99846706256467
64.73762602265347 91.00200048860465
25.1841871055823 94.06074575479009
61.99530918080116 58.860637046176166
