70
1 3
61.53839125255849 26.913613075801802
28.89983939518601 79.7636840496849
3.0288840776375503 58.182148843683976
94.66677051942101 89.62887440031776
96.38068448745594 79.71785606369635
52.025261198337745 83.80625246184219
20.96606947592672 20.167548641857458
36.77753938924118 1.3301220718542561
7.871570163913688 80.08422462636582
26.299867136954425 49.12917783367752
5.181899948829294 41.01173561757789
21.87072232245548 27.173257485439507
7.810550882732037 87.58463987572343
36.77811435729519 66.54841969628413
19.27014897688504 27.54912233522695
31.115840863399626 49.486378676240065
13.755483105507427 2.549081430206823
44.872570619765085 62.22862935455187
85.23401235610324 45.355040932284574
10.190375627459304 67.55999268791255
65.56223909764145 58.580212502067994
86.73218649823542 96.99005904452933
82.18483187565614 60.147570923030315
57.2227113616061 51.646545415060174
98.0019539100474 25.672060761480896
56.24511641462555 74.4564954675522
89.17869419983245 16.08928177485607
8.55285254881144 82.68673272630042
98.57021237359265 53.19442539611692
3.863167744063012 93.24197463805952
54.06416755910448 47.16528075106427
27.528382681565322 86.59018725862235
90.09501037031906 48.47590828011501
60.698055843885435 36.32779645578219
61.519178318222245 32.0685923014516
76.8615546620833 99.24494326116651
87.81275899821934 51.398276326001735
98.31291655744711 10.271412080926456
46.54751247673301 88.57093984651594
9.058478078696709 12.495905755858704
62.54392976849683 81.23549298104966
40.87420152882459 3.7091015016169404
28.31087149326974 14.556919939204205
9.92130309175565 62.03405219811049
65.79215931926359 27.87166386633615
74.58211953480658 47.36039590216949
1.192455462530817 59.23140080940221
39.54469131719169 76.37150077018615
7.672577983995987 9.018682449112836
54.37216258768438 75.93277337391386
56.2010016669654 61.4618504583762
40.97311499053489 22.60020969867298
42.48868322940091 11.0517747672632
37.68928357954788 43.72053319573788
71.66402184436107 68.0376626156042
1.5117283891754374 3.7725883282748285
85.2558435904708 75.14547945198437
44.4105558040403 87.36026079512197
66.50071758983988 47.67513631469802
0.043595083726910566 91.222348510296
59.87547104111351 49.49104417898329
45.661121582749466 66.1231557962292
40.157760124597374 34.83624065871085
93.58010565513332 6.567312034088224
60.01071408438037 41.74491285794786
89.40733512509863 20.75684494787342
11.518015710595876 56.12481651427548
73.03374133386724 76.9190857209538
67.84113507137464 57.06987933951244
70.65534770309152 83.60021461893447
