70
1 3
98.72128789106512 31.087587188891817
48.804089577925595 75.21941056582999
36.2067913120004 83.80840576072085
49.11478303880035 75.4488824699675
84.90589213454336 20.915462191722646
58.17122667905756 41.103218127007054
31.913159457322248 74.16816161725919
80.40510035611051 88.55909504402584
75.1414310564417 78.16860652306413
66.4454944432566 7.619786039743182
59.9199157329938 52.54052717035014
88.13209838704891 72.99102073899047
62.671392439697435 62.675657691689125
18.32634385294545 46.730156555422255
69.19275827265243 93.93620039874943
28.10655698732374 87.95155754064372
62.10413387959126 31.93453767665242
73.38630546636158 29.352244941148165
97.23344801532237 78.17936349231327
42.810703438045316 48.17404709832884
4.730462857697337 77.64538236078391
76.97931771005737 9.649372211820474
33.61868174367781 49.55700604397366
71.24017064310664 66.68034353815437
46.172753926257236 53.27649181504868
92.25150542147063 30.83562599250229
39.77875680587726 24.80135431717865
49.8044689097106 8.499346083448621
97.1396919212697 60.87978113628476
78.94974046563699 28.054451725888562
80.64879459766794 79.77930674534655
83.46628082732839 69.53505301288484
18.54345630266929 8.935258083977772
92.17255111054112 69.08615506353921
74.65961725471139 80.76539219954697
93.17711451854342 23.022255730988928
1.4399564664965725 14.25436836923577
60.58894872247864 61.96487076686665
97.4624964720703 59.6369719037759
55.83042477390081 49.77960717414145
77.21130746758706 97.63787911974926
47.15149359100632 40.03187443670107
88.4069551723278 70.63772352206279
54.58969870040886 43.704891649133096
30.7171748109061 61.60469076132162
83.27759522779601 73.64405458502112
82.58584106730002 70.57682929731625
98.89279143253151 36.835279001357634
21.110832333260674 75.1567781271796
50.01506657491299 71.23981496500362
13.484742242424552 13.61253577097392
20.641173630458233 65.56117309761254
84.08456313743149 54.07049929246075
36.71739607147515 97.91365318056057
55.85751788148021 18.371692359416357
6.8272032521884185 96.13237167426942
85.98044416739616 82.08868809146101
38.4912452899244 15.615455838891235
27.07013535516838 92.98790499811356
37.41703335612314 56.67671166347363
64.793813752606 52.55543525156148
22.282786428521796 45.322535768165736
55.518494382748344 79.08759242508681
4.3227788303842996 88.26023349237462
79.25923558816383 33.48126174300854
66.89033370031025 29.21191409792636
1.8961449977825895 82.29178804339345
28.15112239312352 65.83162158787106
94.69643824204906 67.5506726027837
7.152501806222977 29.659546709127092
