80
1 3
62.27008742819746 85.28543419902535
28.57176866648079 65.26207747420953
53.43516887471429 8.291322999764073
22.043403495760238 14.507638060272022
3.959764182058434 50.23813674701187
33.239202063824294 85.28215585327585
62.211815952091754 72.2339743547735
19.715332236898718 35.29657534413728
3.021745660863262 84.87993782488472
98.82286661552682 28.577803798323952
21.213093324465724 29.40402506220561
72.00540897812078 97.60648765959112
37.65317686658398 47.78353566073106
67.1844221480944 4.9407399739564095
2.461910653662991 55.38605579131284
17.296737289135233 24.995848364552977
35.68964219980224 79.81213037092093
18.47549569724485 72.72269304440044
9.327360822692675 90.3744180079904
66.19521646676934 64.35638737624893
83.48930003810729 69.45918113014935
68.07240361440019 76.92432954152038
94.97753120901362 71.45769072266435
66.68910373700328 86.20451660404727
88.72308402740019 41.506614974237465
29.536612140934835 23.135158490112985
13.553680524967726 63.05680769094082
37.37001147193575 76.67621684204917
8.536485993619024 82.7567933114092
44.18695082325712 28.257939599105164
33.717945193210966 51.40411760815311
23.52735252541367 87.19426825646808
87.60131538736078 31.558119860049594
24.420396781982888 99.6106790517113
20.6255480848202 15.238002185617262
76.27182513594977 99.25401675860583
71.52219228414953 52.25426263703168
7.835562763988957 37.23008570471889
7.449777318407413 47.87624033060105
10.681275253404475 21.424342608908418
28.006791691618638 70.75642885818819
45.8559074952958 60.17512299537265
63.34526774922446 42.82796306661692
88.36977074333423 94.6532129711172
37.64944295262937 53.32465731279594
93.89615792093002 60.88192119020768
36.97888161545837 46.14593399655642
51.65015982864569 10.397881411229282
61.93807368680761 10.76288598643822
92.4805472224543 82.83115096037498
75.83427729595246 99.87523773335792
56.85337705299987 44.214538260177136
8.844532229583525 46.040007474680266
32.76388448712715 18.984401141729723
65.67519396308528 53.64590358893404
64.42161225794187 20.271773215725286
70.07928168177553 87.22267728507104
86.42062550680012 32.03444234521511
55.963239012999686 8.012654377278206
39.56437484404349 74.35287249016984
58.19565710308796 80.15894102394341
53.03098040882042 48.25492312755348
78.83744256218803 46.30634529091904
48.759969901429436 93.04619863463282
31.277895416852196 93.99994770357341
85.19383347242588 77.81791057208711
82.17033508454747 81.66038956709261
86.29237427990388 13.05135189140283
32.79231673822445 34.555340439865965
39.77518737662311 99.95282050171559
38.539378573081116 45.002684905067134
88.68571149457037 83.46141077499347
3.6075559170148264 99.13292504654268
70.36024514200727 99.60384705940851
75.84856286409274 6.195147785683486
49.699664284906355 27.682098271608435
44.170949708092365 30.992809425061463
71.6142911062526 27.75195311060019
86.54788491002003 83.21282511618622
38.24039903002448 28.22065412940058
