50
1 3
62.82818797094134 62.068375295559704
9.74477492621537 26.60352907163144
59.314662000892994 96.12393757149229
92.53908404681874 65.18155109681871
93.19807512894585 34.186026662622446
7.987952881704263 50.536462704222515
1.2410830197471023 43.51062180724681
50.23852413294292 64.23995176801938
65.99362017779471 55.69179873123049
88.41975792634872 5.001422497025287
27.68344184079352 57.37035675396993
83.25308903622317 64.33061293905034
87.13870311794093 92.05169068493481
50.75805335768595 35.597420686114376
5.608669122689691 70.33699811360901
44.66474109813055 19.94884569523474
18.048159537876863 20.48280336163173
21.855937245369827 58.16704816685026
19.846234850207843 85.95061369351859
99.92781159941708 45.5183597766778
41.185165093287154 99.86219961620037
91.93028218730423 70.65837413541641
31.691876417958387 7.976524468510227
84.25947577134811 64.9300194013386
46.36300908363617 48.303612958242766
74.47686017293495 77.43793068490237
29.703214776571652 40.90467378914353
28.556985657296472 82.77235559425505
27.47980808252506 62.184811774825
55.52948201061814 60.51906547747483
87.8423802790506 35.0435050852822
70.05143917389314 68.9228109649394
75.00997957304487 78.3680621426353
99.49689883532014 42.0752421573898
2.918668444012029 91.1735171472642
59.847288245117 28.690070296263983
33.89416408759678 4.417312683347219
6.10777349169862 76.62357574499153
44.15398025910289 72.62125572688498
10.504982597317447 94.05567576180822
63.735430422182525 87.62535308965522
86.234001754158 25.396611297171525
72.76060850764526 7.036050803201399
13.155949517962618 55.92370453883038
78.81485462756264 25.15798069811006
2.719668550510579 2.63334119727634
11.18311446232141 2.2537608714342294
43.44969738414874 96.75062439838536
81.84221210034504 45.165799319324165
30.20047335362539 64.3004450357633
