70
1 3
15.067205194896193 54.118358170256386
37.09932645438909 14.554362791533727
2.090945513167508 28.059206861651063
72.65887399551441 0.5721353273635543
41.24971450506227 70.63825335935906
48.12871473396525 12.066475681519794
26.85435739248725 98.62699679923857
55.820762207620824 83.52336894398755
89.00332792196141 43.64629692447672
84.77341283336426 85.7654769051607
77.82021424834645 91.8665342886311
54.809998296924945 86.45731961303842
40.752606099283064 85.25956028625366
72.6890768446337 62.90459747994181
81.66442988221657 60.5394356366904
8.075085740862175 87.4930911897413
61.61540063778042 57.21156217908585
83.2540436726981 24.836481491640818
40.41165646216716 27.666413691695247
39.19999730236996 24.255935196275935
93.90263319605208 48.12472065323312
48.84451958292977 98.4788198960325
47.78371570148408 88.65712175234776
78.04752773919388 74.82530098125338
47.594790648040444 1.3456989899273797
41.15235047581225 33.59900056378886
18.211472901537174 42.47831191990099
62.189356299552465 56.571369831084326
19.616581817188038 48.2819873712474
52.62336723397591 72.56625636076674
87.89409740578769 25.388573106132164
36.497564685246566 17.164480041939267
65.12700401559593 75.8890745751736
44.881382407333994 26.485804936006762
57.52119777269493 51.03272561680177
14.437765891060096 98.441070186895
42.880054564032186 42.057990244746875
38.05795418051703 18.41108372931255
70.16108266075116 13.949877032794756
31.710464171876396 72.30749097926743
53.78511332472582 80.42111254980935
85.1502739806001 66.53190425369789
72.52020460213822 25.71829805393062
98.7910804131296 86.3077442144044
22.08424841858232 9.43742290447027
70.7085718720095 66.35395816302483
23.70323628333555 94.88930827107778
55.3392839223362 86.67707281283327
24.88225198482663 81.32490874214587
42.91650255141211 83.00785084611293
75.11446930744272 4.089074429695239
23.619504835674586 86.27776489221861
23.473256233929884 52.910218643913986
38.68543425878676 28.105000805547075
11.360989152121537 16.600710399831307
20.43097994220071 31.307919161548735
51.34580388180805 81.8801712753183
0.3494505132080272 90.43369235380216
6.256487818622047 8.158328776570345
31.41035939892749 12.44326691941251
33.14070633054882 47.227553579127715
26.779279672339463 52.35272469316512
91.94929485217924 96.7731231312255
77.76373629535213 45.1809475962953
82.98122160383801 95.26290075154706
76.6140229548402 1.042743097409149
98.89286282479412 97.26920192744373
96.89265105634983 24.68859319425196
62.359923249866746 13.015701184187378
10.634593432328376 96.6327788654963
