30
1 3
23.263897621064046 32.89264176911004
12.881825485468145 96.68970620929123
16.734561500857016 3.191508338644655
39.165229534281856 38.39122352808737
59.27207099841964 41.75081212979506
64.57081537830054 3.9106504904438344
86.20766600926129 56.14946647750432
4.4008339195380275 30.775898002738124
87.07218483281542 10.57030168097599
54.99191334954321 15.529227026325799
5.73825933047214 12.827439727308176
44.565588940677344 31.366581867884435
81.85334117249955 68.81560956907742
90.59578391132152 76.40580239567325
54.20195400054266 25.631444619799915
5.61145018120357 38.97203480304068
11.833714688010977 89.8049306038875
85.05565588908152 75.44811345722373
78.92754864879927 60.65294740653435
94.02210460028866 38.83214443647227
62.365338997218146 23.60878609842736
32.45261434744471 98.70603620367801
16.72326882673467 67.49800987528758
54.72479034532605 41.33834354848454
39.97219440991246 6.974263144054738
24.22967022525637 58.021773352768214
29.776105263201337 49.92928076872545
53.661235933940254 96.70122946619102
91.07348951900747 27.56882887117207
91.51191323582226 27.01672687573897
