60
1 3
70.66306663779163 91.63828110823951
75.70555277926888 80.93091485251533
37.52351688358901 20.41394162092196
89.82029081183131 56.09266346308004
59.426109520232174 4.439349296590156
65.04234431076894 68.96812655854947
11.994142598380563 33.829284092130216
88.3081366282979 46.99637560166718
31.426165685066376 41.56669307828975
42.50421217807532 10.757161629967428
29.339154834002578 77.04123213435037
55.19349516941261 11.827263291319046
76.34974523720201 81.84242552563359
23.879914357966992 6.059977969575248
57.63382444608289 19.569680166468938
1.84204051870831 89.0079130273747
11.340492055624507 27.942873397642366
85.65044703508025 18.65388589868544
65.28666019628133 11.92312064159713
36.190840651255506 31.714023404040482
77.15551661487984 61.602253548056154
10.60265346968814 28.106855882339566
29.093135826255413 36.028925090571164
55.45471320764577 62.56694841970622
71.93665295154015 7.710913614356474
99.99922048385174 88.08164492950313
92.03972272499425 76.90935500866385
66.77968859945489 9.075569265364747
65.21117672616793 25.60979899713891
45.130597985761554 16.934879615808775
80.65670456612114 49.28007378257937
51.76836849248239 81.75947494855409
44.86181782311236 40.516052678894575
76.18565774073056 76.78191227561923
91.41508491597567 44.34620864102836
18.337803751180303 84.90429657706675
9.5015954240242 41.08743684424727
99.48530130328979 9.368899993665526
38.12740922449833 77.57978360647641
14.902403929604802 77.06664767793094
0.27447156230659964 58.37264455974105
23.8284048906108 90.60661781864086
78.30016312396948 16.81292307158482
24.378410893035852 6.450108139868771
67.08519387557033 64.83904581697342
60.92214185031375 3.732256190891725
32.28486494217264 87.324292982942
40.804024304514506 82.40252146386236
24.320913030093184 19.820607132785906
81.4513408870589 59.575350636685556
77.13720682312915 91.62329255116879
84.34562402258254 49.02665231709011
57.50566544051991 96.44568451368778
86.46306821699929 56.80313730307305
7.956388067219677 57.060879918642414
19.805729312130783 96.94567198630646
5.401910347762517 38.25875014709843
36.65371024699326 18.527441956561063
36.2902713209651 11.228589152706835
66.7790446182678 73.50135713243392
