30
1 3
50.7206369860951 28.7467754784301
12.07899174019953 91.2288979925922
47.771562141346145 46.972789987649335
50.17378504480623 93.76398428905914
51.38548974531485 60.03404367287555
15.069447081140819 11.308699925654931
29.105300719366078 75.80603173145705
29.041280850546936 54.42388882836482
45.41911033954942 7.817143236341195
1.8111671945399088 87.23504549715673
51.84327587897122 43.55881433090521
20.270583370531536 84.86670423997724
28.43915875619265 85.472717334931
40.567954663507045 45.55886795887212
39.497877421154826 1.2725051813640809
18.727268385123907 52.45451207239531
49.91309627186544 49.80344425392638
45.82543126304173 1.4391072189486875
15.624213157181588 67.21470605858806
84.18326767493632 1.2974221868123692
51.657839847883544 17.50612230827404
32.40899885292641 72.91207933037198
20.727213564161808 4.992989450783059
41.28335806924077 11.381540974239757
55.44113745113797 37.802558423231325
39.386273356458965 29.66384803638986
92.51072250771047 97.30399499498594
30.718306494192205 57.929218983221986
38.85310131270232 27.938532106602686
86.27367646557198 52.508933567529056
